#!ascii label  , from subject sub.01.dh.02 vox2ras=TkReg
1560
67802  -34.436  -28.312  42.259 0.0000000000
77987  -49.200  -18.770  37.833 0.0000000000
71367  -42.478  -24.389  40.149 0.0000000000
50633  -9.299  -42.341  60.874 0.0000000000
66559  -34.628  -28.897  47.059 0.0000000000
51823  -24.045  -41.332  61.790 0.0000000000
54152  -32.961  -39.437  62.340 0.0000000000
58065  -39.283  -35.661  55.823 0.0000000000
63933  -39.556  -30.428  53.825 0.0000000000
53085  -18.061  -39.519  54.907 0.0000000000
55419  -20.439  -37.737  61.033 0.0000000000
56835  -21.124  -37.588  54.651 0.0000000000
51916  -29.792  -40.453  56.081 0.0000000000
54267  -35.296  -39.364  56.553 0.0000000000
70027  -36.114  -25.577  49.652 0.0000000000
70061  -39.824  -26.101  47.354 0.0000000000
75829  -46.036  -21.337  39.419 0.0000000000
68981  -38.650  -27.065  41.474 0.0000000000
78031  -45.709  -17.697  33.528 0.0000000000
48233  -6.014  -44.268  60.021 0.0000000000
67615  -35.989  -26.596  52.899 0.0000000000
68894  -31.918  -27.380  45.351 0.0000000000
53063  -24.263  -40.653  55.466 0.0000000000
50602  -28.107  -41.560  62.199 0.0000000000
71290  -41.953  -24.698  45.237 0.0000000000
81317  -54.260  -14.817  31.644 0.0000000000
56874  -37.331  -36.308  53.679 0.0000000000
60325  -38.036  -33.453  52.209 0.0000000000
55538  -19.928  -38.165  55.200 0.0000000000
54315  -33.667  -38.979  53.391 0.0000000000
55571  -35.855  -38.230  53.844 0.0000000000
55524  -37.772  -38.192  56.527 0.0000000000
68880  -35.043  -26.695  46.477 0.0000000000
70043  -37.901  -25.969  48.907 0.0000000000
67724  -37.412  -27.620  45.275 0.0000000000
76926  -47.879  -20.138  39.155 0.0000000000
77953  -46.734  -19.082  41.714 0.0000000000
78970  -50.335  -17.263  37.633 0.0000000000
50723  -7.523  -42.656  56.476 0.0000000000
49431  -7.638  -43.022  60.568 0.0000000000
65320  -37.595  -29.066  50.323 0.0000000000
66478  -38.410  -27.776  52.569 0.0000000000
66506  -35.423  -28.090  49.753 0.0000000000
68827  -33.484  -26.794  48.730 0.0000000000
66539  -33.147  -28.112  46.884 0.0000000000
54167  -21.764  -39.755  60.742 0.0000000000
51748  -21.953  -41.006  64.244 0.0000000000
49388  -23.350  -42.643  63.421 0.0000000000
49389  -25.930  -42.785  63.108 0.0000000000
54326  -23.017  -38.732  52.226 0.0000000000
53138  -25.690  -40.405  52.358 0.0000000000
51864  -31.469  -41.116  59.216 0.0000000000
50696  -28.840  -42.020  58.434 0.0000000000
51804  -30.337  -40.918  62.428 0.0000000000
50548  -29.959  -41.648  64.800 0.0000000000
53021  -13.282  -40.420  57.794 0.0000000000
54165  -14.758  -37.919  61.392 0.0000000000
56657  -14.689  -36.860  64.325 0.0000000000
70170  -40.568  -25.630  40.696 0.0000000000
70120  -39.970  -25.482  43.298 0.0000000000
72470  -40.930  -23.934  42.811 0.0000000000
81329  -56.005  -15.141  30.247 0.0000000000
51762  -9.126  -41.300  64.281 0.0000000000
60243  -39.391  -33.677  58.681 0.0000000000
62611  -39.867  -31.697  57.800 0.0000000000
61401  -39.633  -32.399  55.030 0.0000000000
62684  -38.258  -31.555  51.335 0.0000000000
54224  -17.048  -38.417  58.882 0.0000000000
55418  -18.962  -37.596  61.306 0.0000000000
55473  -19.635  -37.901  58.549 0.0000000000
56744  -20.928  -37.772  58.775 0.0000000000
55459  -22.509  -38.532  58.198 0.0000000000
53140  -27.681  -39.865  52.607 0.0000000000
53118  -30.514  -39.799  53.582 0.0000000000
53046  -32.511  -40.142  56.313 0.0000000000
53004  -33.973  -39.660  59.528 0.0000000000
55464  -36.238  -37.676  59.403 0.0000000000
56737  -38.506  -36.025  58.808 0.0000000000
53082  -15.242  -40.012  54.499 0.0000000000
71160  -36.581  -24.739  53.266 0.0000000000
73399  -39.664  -22.839  55.739 0.0000000000
71194  -38.173  -24.609  51.808 0.0000000000
72375  -40.126  -23.980  50.764 0.0000000000
73633  -44.219  -22.883  40.333 0.0000000000
75776  -42.257  -21.340  42.937 0.0000000000
76884  -44.291  -20.049  41.770 0.0000000000
43414  -3.131  -46.984  64.806 0.0000000000
67831  -36.477  -28.067  41.535 0.0000000000
69029  -38.118  -26.768  38.363 0.0000000000
71438  -42.468  -24.123  37.752 0.0000000000
73686  -43.455  -22.673  36.619 0.0000000000
74756  -44.794  -21.672  36.126 0.0000000000
76956  -46.731  -19.800  35.627 0.0000000000
78008  -47.940  -18.302  35.580 0.0000000000
78015  -44.689  -18.850  33.969 0.0000000000
50553  -7.341  -42.422  64.202 0.0000000000
49363  -5.467  -43.301  65.278 0.0000000000
47007  -4.260  -45.139  65.082 0.0000000000
69881  -39.630  -25.455  58.660 0.0000000000
66453  -40.088  -28.385  56.669 0.0000000000
68761  -39.269  -26.718  55.869 0.0000000000
69945  -37.389  -25.232  54.686 0.0000000000
69985  -35.528  -25.711  51.477 0.0000000000
70055  -33.772  -26.126  47.371 0.0000000000
67747  -33.152  -27.696  43.861 0.0000000000
54116  -20.309  -38.551  64.929 0.0000000000
54281  -22.824  -39.140  55.416 0.0000000000
53013  -24.432  -40.046  58.968 0.0000000000
51913  -27.350  -41.379  55.702 0.0000000000
50693  -25.599  -41.874  58.782 0.0000000000
52970  -25.759  -40.483  61.658 0.0000000000
51728  -27.710  -41.754  64.412 0.0000000000
50705  -9.665  -42.069  57.376 0.0000000000
51875  -11.263  -41.515  57.698 0.0000000000
51838  -11.005  -41.076  60.472 0.0000000000
67781  -39.101  -27.199  44.133 0.0000000000
70083  -40.780  -26.042  46.100 0.0000000000
71243  -43.463  -24.210  48.219 0.0000000000
72452  -42.905  -23.139  44.263 0.0000000000
80107  -48.587  -16.483  35.088 0.0000000000
83403  -49.423  -14.496  34.169 0.0000000000
83407  -53.339  -13.889  34.540 0.0000000000
80148  -50.982  -16.209  32.422 0.0000000000
82372  -55.163  -14.345  33.539 0.0000000000
56903  -36.704  -36.701  52.472 0.0000000000
59223  -37.286  -35.228  51.829 0.0000000000
58155  -36.328  -35.989  50.222 0.0000000000
55595  -35.200  -38.331  52.616 0.0000000000
56902  -36.278  -37.397  52.623 0.0000000000
56873  -36.783  -37.106  53.494 0.0000000000
67749  -35.131  -27.927  44.100 0.0000000000
67723  -36.441  -27.634  45.183 0.0000000000
67750  -36.129  -27.974  44.291 0.0000000000
76927  -48.484  -19.523  39.035 0.0000000000
76915  -48.053  -19.375  39.981 0.0000000000
77956  -49.315  -18.321  41.139 0.0000000000
78944  -50.388  -17.730  39.875 0.0000000000
77988  -49.707  -18.006  37.734 0.0000000000
50682  -8.805  -42.388  58.902 0.0000000000
49465  -7.532  -42.817  58.647 0.0000000000
50632  -8.534  -42.630  60.868 0.0000000000
65338  -36.129  -29.101  48.927 0.0000000000
66507  -36.195  -28.151  49.840 0.0000000000
66516  -35.217  -28.388  49.094 0.0000000000
67661  -34.077  -27.946  48.469 0.0000000000
66540  -33.673  -28.322  47.123 0.0000000000
55378  -16.945  -37.239  63.240 0.0000000000
51822  -22.824  -41.289  61.376 0.0000000000
50598  -22.702  -41.579  62.538 0.0000000000
50599  -23.532  -42.132  62.568 0.0000000000
48203  -24.381  -43.311  62.924 0.0000000000
50600  -24.736  -42.057  62.227 0.0000000000
52988  -32.627  -40.214  60.881 0.0000000000
51847  -31.125  -41.036  60.387 0.0000000000
54150  -31.729  -40.127  62.127 0.0000000000
52916  -31.251  -40.353  63.602 0.0000000000
54204  -16.080  -38.179  59.836 0.0000000000
55432  -15.217  -37.827  61.420 0.0000000000
55394  -15.351  -37.614  62.748 0.0000000000
71090  -40.208  -24.365  58.611 0.0000000000
71365  -41.214  -25.206  40.703 0.0000000000
71346  -41.186  -24.708  41.401 0.0000000000
72485  -41.736  -23.707  41.791 0.0000000000
59152  -39.649  -34.485  57.640 0.0000000000
60288  -39.766  -33.187  56.040 0.0000000000
59195  -39.593  -34.217  54.992 0.0000000000
61438  -38.262  -32.469  51.749 0.0000000000
61454  -37.524  -32.151  50.209 0.0000000000
62700  -37.474  -31.374  49.915 0.0000000000
54261  -17.157  -39.010  56.700 0.0000000000
54225  -18.212  -38.409  58.463 0.0000000000
54279  -18.622  -38.915  56.022 0.0000000000
56808  -20.384  -37.799  55.182 0.0000000000
56785  -20.332  -37.790  55.987 0.0000000000
56787  -21.136  -37.440  56.968 0.0000000000
55474  -21.493  -37.899  58.269 0.0000000000
55496  -22.115  -37.987  57.093 0.0000000000
53163  -29.302  -39.757  51.716 0.0000000000
54284  -34.522  -39.538  55.675 0.0000000000
53095  -32.668  -39.522  55.086 0.0000000000
53071  -33.805  -39.797  56.013 0.0000000000
53029  -33.634  -40.236  57.639 0.0000000000
53030  -34.711  -39.610  57.675 0.0000000000
54230  -35.033  -39.068  58.936 0.0000000000
54250  -35.736  -39.105  57.787 0.0000000000
56794  -38.865  -36.649  56.219 0.0000000000
56773  -38.631  -36.967  57.391 0.0000000000
58035  -38.926  -35.915  57.732 0.0000000000
59137  -39.086  -34.660  58.699 0.0000000000
53084  -17.143  -39.551  54.738 0.0000000000
71191  -36.052  -24.949  52.011 0.0000000000
72346  -37.399  -24.302  52.770 0.0000000000
71215  -36.896  -24.844  50.994 0.0000000000
70060  -38.478  -26.209  47.953 0.0000000000
71226  -38.982  -25.112  50.153 0.0000000000
71239  -39.366  -25.005  49.454 0.0000000000
72393  -40.408  -23.939  50.063 0.0000000000
70045  -40.383  -25.155  48.157 0.0000000000
74727  -45.036  -22.361  39.880 0.0000000000
75810  -44.194  -21.488  40.928 0.0000000000
76899  -45.026  -20.015  40.948 0.0000000000
76869  -47.546  -19.152  43.496 0.0000000000
72549  -42.672  -23.618  37.394 0.0000000000
73685  -42.450  -22.681  36.550 0.0000000000
74770  -44.003  -21.426  35.373 0.0000000000
75868  -44.159  -20.746  35.044 0.0000000000
75853  -46.246  -20.881  36.060 0.0000000000
76954  -44.907  -19.956  34.959 0.0000000000
76969  -45.275  -19.179  34.523 0.0000000000
48249  -5.962  -44.204  58.918 0.0000000000
47093  -5.527  -44.827  60.499 0.0000000000
52881  -9.186  -40.953  66.045 0.0000000000
50554  -8.149  -41.862  64.644 0.0000000000
51707  -8.293  -41.573  66.525 0.0000000000
50520  -6.483  -42.481  66.827 0.0000000000
49338  -5.658  -42.836  66.957 0.0000000000
48153  -4.618  -44.187  65.275 0.0000000000
48139  -4.980  -43.988  66.680 0.0000000000
45758  -4.608  -45.071  66.438 0.0000000000
63901  -39.929  -30.368  55.382 0.0000000000
63884  -40.024  -30.567  57.593 0.0000000000
65274  -39.923  -29.418  54.976 0.0000000000
67617  -37.730  -27.141  52.772 0.0000000000
67594  -39.347  -27.266  54.934 0.0000000000
68774  -37.606  -26.286  54.239 0.0000000000
68745  -38.254  -25.812  55.718 0.0000000000
68773  -36.795  -26.239  53.761 0.0000000000
69974  -35.946  -25.782  53.274 0.0000000000
68798  -35.521  -26.406  51.964 0.0000000000
70053  -33.368  -27.091  47.270 0.0000000000
70038  -33.622  -26.524  48.016 0.0000000000
70077  -33.361  -26.809  46.413 0.0000000000
68896  -33.898  -27.164  45.383 0.0000000000
68913  -32.846  -27.492  44.414 0.0000000000
56679  -19.859  -37.252  61.906 0.0000000000
56663  -19.770  -37.341  62.747 0.0000000000
54148  -20.313  -37.969  62.994 0.0000000000
54298  -23.441  -39.615  53.774 0.0000000000
54312  -22.950  -38.944  53.344 0.0000000000
54282  -23.359  -39.816  54.907 0.0000000000
54248  -23.437  -39.563  57.495 0.0000000000
53042  -24.079  -40.234  56.833 0.0000000000
53065  -29.072  -40.474  54.838 0.0000000000
53089  -27.652  -40.517  53.995 0.0000000000
51915  -28.859  -40.906  56.081 0.0000000000
50644  -28.732  -42.316  60.889 0.0000000000
50695  -27.656  -42.443  58.441 0.0000000000
49437  -27.244  -42.144  60.870 0.0000000000
51845  -26.417  -40.877  60.755 0.0000000000
52972  -27.048  -40.826  62.018 0.0000000000
52912  -26.960  -40.925  63.952 0.0000000000
52914  -28.167  -41.221  63.955 0.0000000000
55423  -35.857  -37.365  61.985 0.0000000000
51876  -12.197  -41.190  58.099 0.0000000000
51860  -12.457  -40.795  59.175 0.0000000000
51859  -11.229  -41.283  59.103 0.0000000000
56633  -14.048  -36.436  65.752 0.0000000000
67853  -37.183  -27.709  40.935 0.0000000000
67805  -37.495  -27.814  42.778 0.0000000000
68962  -38.752  -27.055  42.462 0.0000000000
70107  -41.070  -25.070  44.435 0.0000000000
70095  -40.782  -25.779  44.889 0.0000000000
70084  -41.571  -25.249  46.110 0.0000000000
71260  -41.956  -24.732  47.264 0.0000000000
71278  -42.124  -24.885  46.131 0.0000000000
75756  -42.784  -20.969  43.987 0.0000000000
74653  -42.425  -21.669  43.955 0.0000000000
73562  -43.460  -22.252  44.210 0.0000000000
78017  -46.575  -17.710  34.656 0.0000000000
78996  -48.073  -17.164  35.219 0.0000000000
79005  -47.039  -17.114  34.534 0.0000000000
81288  -48.683  -15.715  33.701 0.0000000000
82378  -49.438  -14.950  33.697 0.0000000000
83405  -51.362  -14.397  34.654 0.0000000000
82367  -50.628  -14.540  33.702 0.0000000000
80173  -51.370  -16.736  30.776 0.0000000000
80172  -50.554  -16.912  31.137 0.0000000000
81315  -52.111  -16.109  31.793 0.0000000000
82382  -53.234  -14.238  33.068 0.0000000000
82391  -54.456  -14.239  32.364 0.0000000000
82393  -55.637  -14.793  31.642 0.0000000000
80177  -56.611  -16.534  30.830 0.0000000000
58084  -38.894  -35.559  54.664 0.0000000000
59194  -39.364  -34.301  54.267 0.0000000000
58117  -37.509  -35.107  52.455 0.0000000000
59238  -37.235  -34.685  51.155 0.0000000000
54295  -18.718  -39.054  55.175 0.0000000000
54330  -33.893  -38.709  52.034 0.0000000000
54301  -34.937  -38.938  54.231 0.0000000000
54285  -35.672  -39.005  55.494 0.0000000000
54269  -37.082  -38.551  56.423 0.0000000000
55547  -36.989  -37.961  54.896 0.0000000000
56817  -38.144  -36.904  55.077 0.0000000000
70057  -35.339  -25.901  47.857 0.0000000000
70042  -36.759  -25.780  48.794 0.0000000000
68858  -36.455  -26.253  47.291 0.0000000000
68882  -37.301  -26.818  46.682 0.0000000000
68883  -38.308  -26.926  46.583 0.0000000000
75830  -46.727  -20.934  39.381 0.0000000000
76900  -46.179  -19.914  41.066 0.0000000000
76901  -47.027  -19.511  40.857 0.0000000000
77944  -48.239  -18.686  42.340 0.0000000000
80074  -51.407  -16.063  37.950 0.0000000000
49445  -6.973  -43.154  59.082 0.0000000000
49416  -7.036  -43.151  61.325 0.0000000000
65312  -38.829  -29.935  52.031 0.0000000000
66480  -39.318  -28.835  53.491 0.0000000000
66489  -38.173  -28.134  51.790 0.0000000000
67636  -36.829  -27.468  51.207 0.0000000000
67635  -35.938  -27.211  51.111 0.0000000000
67634  -34.873  -27.086  51.151 0.0000000000
67652  -34.232  -27.570  49.264 0.0000000000
67659  -33.294  -27.549  47.793 0.0000000000
68876  -32.532  -27.431  46.301 0.0000000000
54166  -21.293  -38.988  61.198 0.0000000000
52931  -20.868  -39.282  63.311 0.0000000000
51797  -21.714  -40.498  62.305 0.0000000000
50579  -22.656  -41.851  63.644 0.0000000000
47038  -25.090  -44.527  64.434 0.0000000000
53136  -24.023  -39.698  52.276 0.0000000000
51969  -24.999  -41.156  53.920 0.0000000000
51897  -30.945  -41.104  57.098 0.0000000000
50717  -29.175  -41.376  57.350 0.0000000000
50671  -30.614  -41.583  59.402 0.0000000000
50623  -29.967  -41.830  60.884 0.0000000000
51828  -29.569  -41.511  62.049 0.0000000000
51778  -29.013  -41.216  63.605 0.0000000000
51754  -30.058  -40.743  63.973 0.0000000000
53036  -13.980  -40.239  56.226 0.0000000000
53022  -13.854  -40.113  57.348 0.0000000000
54163  -13.209  -38.930  61.003 0.0000000000
54146  -13.016  -38.328  62.231 0.0000000000
55393  -14.420  -37.667  62.874 0.0000000000
68982  -39.326  -26.388  40.991 0.0000000000
68963  -39.252  -26.492  42.048 0.0000000000
70149  -39.719  -25.801  41.815 0.0000000000
71315  -40.646  -24.500  43.254 0.0000000000
71303  -41.660  -24.320  44.185 0.0000000000
79037  -45.027  -17.648  31.905 0.0000000000
80142  -46.767  -17.181  32.968 0.0000000000
79038  -46.262  -17.388  32.324 0.0000000000
80175  -53.407  -16.418  30.283 0.0000000000
81328  -55.094  -15.231  30.433 0.0000000000
80176  -54.290  -16.114  30.146 0.0000000000
80190  -55.460  -15.880  29.108 0.0000000000
51812  -10.027  -41.186  62.091 0.0000000000
50593  -9.565  -41.485  62.432 0.0000000000
63875  -39.636  -31.654  59.350 0.0000000000
61362  -39.684  -32.686  57.861 0.0000000000
61388  -39.781  -32.151  56.096 0.0000000000
62640  -39.680  -31.256  54.668 0.0000000000
60316  -39.207  -33.513  53.625 0.0000000000
61426  -38.898  -31.945  53.281 0.0000000000
63948  -38.903  -30.638  52.439 0.0000000000
63959  -38.140  -30.615  51.017 0.0000000000
65348  -36.449  -29.623  48.623 0.0000000000
54205  -16.837  -38.282  59.654 0.0000000000
55417  -18.251  -37.700  61.449 0.0000000000
55454  -17.855  -38.106  60.125 0.0000000000
55437  -19.250  -37.660  60.486 0.0000000000
56709  -19.934  -37.545  60.173 0.0000000000
55515  -19.737  -38.143  56.452 0.0000000000
56742  -20.148  -37.648  57.977 0.0000000000
56711  -20.634  -37.831  60.069 0.0000000000
54206  -21.325  -38.324  59.652 0.0000000000
54183  -22.199  -39.468  60.075 0.0000000000
54184  -23.406  -39.819  59.862 0.0000000000
53141  -28.791  -39.842  52.808 0.0000000000
53092  -30.068  -39.908  54.407 0.0000000000
53144  -31.900  -39.479  52.971 0.0000000000
53068  -31.298  -39.907  55.364 0.0000000000
53045  -31.566  -40.269  56.312 0.0000000000
51898  -31.834  -40.731  57.266 0.0000000000
51866  -33.220  -40.326  59.396 0.0000000000
52989  -33.443  -39.878  60.202 0.0000000000
54170  -33.785  -39.081  61.862 0.0000000000
54189  -34.849  -38.625  60.430 0.0000000000
55442  -35.685  -37.961  60.382 0.0000000000
56717  -36.114  -37.386  60.357 0.0000000000
55504  -37.491  -38.055  57.592 0.0000000000
56735  -36.970  -37.088  59.527 0.0000000000
57990  -37.449  -36.378  60.394 0.0000000000
59123  -38.205  -35.487  60.302 0.0000000000
53038  -15.597  -39.320  56.609 0.0000000000
72293  -37.828  -24.483  55.229 0.0000000000
72319  -38.211  -23.974  54.498 0.0000000000
73423  -39.260  -23.442  54.385 0.0000000000
73439  -39.856  -23.091  52.799 0.0000000000
71225  -38.022  -25.229  50.413 0.0000000000
71195  -38.988  -24.562  51.580 0.0000000000
72504  -43.310  -23.622  40.314 0.0000000000
73607  -42.183  -23.137  41.796 0.0000000000
73609  -43.415  -22.321  41.339 0.0000000000
75778  -43.378  -21.004  42.251 0.0000000000
76841  -44.404  -20.034  43.943 0.0000000000
76885  -45.427  -19.403  42.135 0.0000000000
76853  -45.408  -19.192  44.281 0.0000000000
66635  -34.334  -28.753  40.967 0.0000000000
67803  -35.530  -28.397  42.159 0.0000000000
67851  -35.683  -28.480  40.206 0.0000000000
67871  -36.525  -28.084  39.720 0.0000000000
67872  -37.385  -27.739  39.983 0.0000000000
68998  -38.375  -27.232  40.149 0.0000000000
69017  -39.499  -26.435  39.131 0.0000000000
70207  -40.612  -25.649  38.814 0.0000000000
70208  -41.249  -25.319  38.853 0.0000000000
71390  -42.476  -24.659  39.369 0.0000000000
72525  -43.394  -23.995  39.237 0.0000000000
73660  -44.529  -23.103  38.921 0.0000000000
73661  -45.132  -22.677  38.567 0.0000000000
74754  -42.738  -22.110  35.970 0.0000000000
73687  -44.471  -22.407  36.790 0.0000000000
74743  -45.989  -21.983  37.479 0.0000000000
74744  -46.707  -21.438  37.342 0.0000000000
75846  -47.576  -20.572  37.424 0.0000000000
76942  -47.895  -19.803  36.663 0.0000000000
77996  -48.950  -18.577  36.550 0.0000000000
76957  -47.514  -19.127  35.769 0.0000000000
78016  -45.737  -18.253  34.329 0.0000000000
78030  -45.000  -18.222  33.361 0.0000000000
79018  -44.400  -17.923  32.586 0.0000000000
50591  -8.313  -42.348  62.326 0.0000000000
49400  -7.656  -42.770  62.221 0.0000000000
49399  -6.792  -43.182  62.573 0.0000000000
51706  -7.671  -42.038  66.533 0.0000000000
49353  -6.493  -42.715  65.243 0.0000000000
48180  -5.931  -43.662  63.628 0.0000000000
48195  -5.143  -44.704  63.035 0.0000000000
47045  -3.974  -45.495  63.404 0.0000000000
47044  -3.462  -45.779  63.752 0.0000000000
45789  -3.479  -45.831  64.812 0.0000000000
71088  -39.228  -24.870  58.363 0.0000000000
66441  -40.107  -28.410  57.782 0.0000000000
66470  -39.654  -28.513  54.448 0.0000000000
67579  -39.802  -27.400  56.168 0.0000000000
68733  -39.007  -26.082  57.322 0.0000000000
68732  -38.559  -25.585  56.704 0.0000000000
71108  -38.458  -24.712  56.576 0.0000000000
71136  -37.207  -24.896  54.450 0.0000000000
71190  -35.787  -25.371  52.182 0.0000000000
70009  -35.624  -25.639  50.631 0.0000000000
68814  -34.378  -26.542  49.920 0.0000000000
70025  -34.259  -25.906  49.186 0.0000000000
70040  -34.760  -25.825  48.536 0.0000000000
70079  -34.348  -26.245  46.877 0.0000000000
67721  -34.502  -27.478  44.770 0.0000000000
67775  -33.841  -27.916  42.975 0.0000000000
65376  -33.386  -29.060  45.721 0.0000000000
66568  -32.169  -28.847  45.581 0.0000000000
67717  -31.403  -28.005  45.290 0.0000000000
68911  -31.542  -27.776  44.533 0.0000000000
68929  -31.889  -27.962  43.274 0.0000000000
67773  -32.255  -28.125  42.711 0.0000000000
67800  -32.626  -28.430  42.076 0.0000000000
66634  -33.470  -28.735  41.186 0.0000000000
52910  -20.943  -39.591  64.188 0.0000000000
55588  -21.383  -37.707  54.043 0.0000000000
55590  -22.362  -38.613  53.972 0.0000000000
55540  -22.164  -38.377  55.554 0.0000000000
55497  -22.426  -38.439  56.759 0.0000000000
54228  -23.699  -39.477  58.532 0.0000000000
54185  -24.083  -40.046  60.087 0.0000000000
53139  -26.749  -40.297  52.431 0.0000000000
51953  -26.217  -41.352  54.326 0.0000000000
51933  -25.429  -41.402  55.613 0.0000000000
50716  -28.065  -41.916  57.417 0.0000000000
50715  -26.933  -42.132  57.462 0.0000000000
51912  -25.262  -41.478  56.965 0.0000000000
51878  -25.251  -41.144  59.053 0.0000000000
53002  -25.427  -40.424  60.134 0.0000000000
52969  -24.771  -40.607  61.615 0.0000000000
51775  -26.196  -41.342  63.387 0.0000000000
50562  -26.910  -42.043  63.785 0.0000000000
50704  -8.772  -42.236  57.746 0.0000000000
50657  -9.693  -42.206  59.751 0.0000000000
51908  -11.744  -41.410  55.952 0.0000000000
51906  -10.150  -41.816  55.310 0.0000000000
50706  -10.513  -41.835  57.094 0.0000000000
50658  -10.298  -41.814  59.089 0.0000000000
51837  -10.175  -41.627  60.959 0.0000000000
52947  -11.287  -40.200  62.458 0.0000000000
55364  -13.578  -37.046  64.491 0.0000000000
67778  -36.831  -28.013  43.512 0.0000000000
67752  -38.031  -27.624  44.544 0.0000000000
68884  -39.326  -26.655  46.415 0.0000000000
70105  -39.788  -26.052  43.948 0.0000000000
68903  -40.192  -26.376  45.281 0.0000000000
70082  -40.025  -26.396  46.491 0.0000000000
70046  -41.016  -24.929  47.945 0.0000000000
73575  -41.869  -22.588  43.116 0.0000000000
72450  -41.947  -23.478  43.731 0.0000000000
71304  -42.459  -24.070  44.472 0.0000000000
77997  -49.692  -17.681  36.907 0.0000000000
78984  -50.154  -16.900  36.508 0.0000000000
80109  -50.230  -15.819  35.881 0.0000000000
81272  -47.850  -16.255  33.781 0.0000000000
81274  -49.027  -15.307  34.571 0.0000000000
82326  -51.321  -14.882  36.189 0.0000000000
82341  -52.153  -14.481  36.188 0.0000000000
83385  -53.478  -14.058  35.673 0.0000000000
80147  -50.216  -16.223  32.652 0.0000000000
82381  -51.521  -15.116  33.188 0.0000000000
83424  -53.777  -13.801  33.797 0.0000000000
81320  -56.347  -15.864  31.386 0.0000000000
56926  -36.108  -37.036  51.468 0.0000000000
56927  -36.762  -36.438  51.852 0.0000000000
55629  -35.530  -37.814  51.462 0.0000000000
67776  -34.833  -27.975  43.096 0.0000000000
67777  -35.840  -28.022  43.279 0.0000000000
77976  -48.980  -18.771  38.916 0.0000000000
77964  -48.748  -18.791  40.027 0.0000000000
77965  -49.540  -18.259  39.976 0.0000000000
77977  -49.689  -18.168  38.834 0.0000000000
50656  -8.724  -42.521  59.971 0.0000000000
65346  -35.342  -29.051  47.731 0.0000000000
66528  -35.643  -28.782  48.766 0.0000000000
66542  -34.796  -28.785  47.642 0.0000000000
66526  -34.420  -28.366  48.095 0.0000000000
66541  -34.228  -28.531  47.417 0.0000000000
55396  -17.221  -37.572  62.461 0.0000000000
52968  -23.585  -40.814  60.884 0.0000000000
50619  -23.144  -41.629  61.980 0.0000000000
51799  -24.350  -41.704  62.098 0.0000000000
54168  -32.679  -39.912  61.438 0.0000000000
52974  -32.083  -40.253  61.475 0.0000000000
54151  -32.274  -39.872  62.040 0.0000000000
54133  -32.776  -39.346  63.009 0.0000000000
55395  -16.283  -37.571  62.610 0.0000000000
71366  -41.840  -24.796  40.415 0.0000000000
71347  -41.698  -24.301  41.194 0.0000000000
72502  -41.987  -23.996  41.096 0.0000000000
58050  -39.656  -35.149  56.700 0.0000000000
59168  -39.837  -34.215  56.507 0.0000000000
59180  -39.486  -34.811  55.186 0.0000000000
60349  -37.270  -33.169  50.136 0.0000000000
61455  -37.876  -32.486  50.852 0.0000000000
54262  -18.207  -38.878  56.736 0.0000000000
53062  -18.184  -39.267  55.730 0.0000000000
56834  -20.622  -37.682  54.726 0.0000000000
56809  -20.717  -37.620  55.512 0.0000000000
56810  -21.142  -37.586  55.957 0.0000000000
55516  -21.614  -37.772  56.567 0.0000000000
54266  -34.730  -39.597  56.437 0.0000000000
53048  -34.241  -39.829  56.684 0.0000000000
53031  -35.142  -39.414  57.216 0.0000000000
58049  -39.165  -35.973  56.873 0.0000000000
58036  -39.394  -35.381  57.403 0.0000000000
53061  -17.393  -39.302  55.742 0.0000000000
71214  -36.149  -25.018  51.225 0.0000000000
71192  -36.620  -24.700  51.791 0.0000000000
70010  -36.454  -25.241  50.469 0.0000000000
70044  -39.160  -25.510  48.755 0.0000000000
71240  -39.967  -24.674  48.985 0.0000000000
74728  -45.566  -21.969  39.363 0.0000000000
74712  -45.086  -21.670  40.104 0.0000000000
75812  -45.657  -20.835  40.056 0.0000000000
75781  -47.358  -19.908  43.400 0.0000000000
73684  -41.358  -22.802  36.552 0.0000000000
75869  -44.874  -20.353  35.205 0.0000000000
75885  -44.300  -20.295  34.849 0.0000000000
76968  -44.457  -19.734  34.574 0.0000000000
47110  -5.539  -44.821  59.454 0.0000000000
48222  -5.915  -44.291  61.058 0.0000000000
52880  -8.727  -41.227  66.512 0.0000000000
52855  -9.302  -40.595  67.345 0.0000000000
49344  -5.252  -43.468  66.544 0.0000000000
48140  -5.252  -44.155  66.969 0.0000000000
63916  -39.786  -30.323  54.500 0.0000000000
65286  -39.644  -29.554  54.102 0.0000000000
67616  -36.498  -26.631  53.144 0.0000000000
67606  -37.232  -26.580  53.619 0.0000000000
67605  -36.789  -26.491  53.532 0.0000000000
68788  -36.299  -26.309  53.472 0.0000000000
68787  -35.914  -26.325  53.084 0.0000000000
67626  -35.809  -26.662  52.269 0.0000000000
68857  -33.053  -27.215  46.529 0.0000000000
70054  -33.416  -26.840  46.968 0.0000000000
68877  -32.911  -27.070  46.091 0.0000000000
68895  -32.969  -27.282  45.069 0.0000000000
56694  -20.093  -37.402  61.146 0.0000000000
55399  -20.244  -37.604  62.177 0.0000000000
54149  -20.650  -38.553  62.598 0.0000000000
53086  -24.116  -40.250  54.158 0.0000000000
51911  -24.662  -40.991  56.351 0.0000000000
51937  -29.209  -40.600  55.452 0.0000000000
51936  -28.520  -40.922  55.110 0.0000000000
50621  -28.562  -41.880  61.741 0.0000000000
49438  -27.993  -42.456  60.733 0.0000000000
50620  -27.524  -41.685  61.641 0.0000000000
50643  -26.830  -41.422  60.987 0.0000000000
51801  -27.536  -41.214  62.388 0.0000000000
52935  -27.467  -41.031  63.287 0.0000000000
51777  -28.030  -41.196  63.174 0.0000000000
56700  -36.307  -37.018  61.334 0.0000000000
54145  -12.388  -39.065  61.741 0.0000000000
67854  -37.911  -27.525  41.161 0.0000000000
67833  -38.104  -27.516  42.110 0.0000000000
70096  -41.328  -25.194  45.173 0.0000000000
74655  -43.858  -21.340  44.160 0.0000000000
74654  -43.060  -21.481  44.237 0.0000000000
79004  -46.416  -17.318  33.916 0.0000000000
81302  -49.158  -15.666  33.366 0.0000000000
82379  -49.936  -14.927  33.462 0.0000000000
81303  -50.003  -15.536  33.075 0.0000000000
81316  -52.955  -15.805  31.555 0.0000000000
80162  -52.074  -16.383  31.315 0.0000000000
81307  -53.989  -14.320  32.334 0.0000000000
82392  -55.049  -14.482  31.951 0.0000000000
81318  -55.010  -14.706  31.287 0.0000000000
58083  -37.962  -35.897  54.103 0.0000000000
59193  -38.540  -35.051  53.664 0.0000000000
58101  -37.595  -35.536  53.190 0.0000000000
58156  -36.873  -35.195  50.274 0.0000000000
54316  -34.617  -38.680  52.985 0.0000000000
55570  -35.294  -38.423  53.335 0.0000000000
54302  -36.055  -38.400  54.701 0.0000000000
55572  -36.624  -37.839  54.246 0.0000000000
56843  -37.555  -36.904  54.397 0.0000000000
56844  -38.235  -36.320  54.727 0.0000000000
70081  -35.737  -26.080  47.387 0.0000000000
68881  -36.170  -26.452  46.844 0.0000000000
68899  -36.814  -27.179  45.987 0.0000000000
68860  -37.840  -26.631  47.359 0.0000000000
68900  -37.804  -27.233  45.939 0.0000000000
75831  -47.415  -20.542  39.261 0.0000000000
76913  -46.756  -20.198  40.302 0.0000000000
76914  -47.398  -20.034  39.970 0.0000000000
77931  -49.231  -18.647  43.082 0.0000000000
78956  -51.117  -16.672  38.561 0.0000000000
78957  -51.723  -15.943  38.772 0.0000000000
78971  -50.856  -16.641  37.423 0.0000000000
49446  -7.561  -42.909  59.636 0.0000000000
49464  -7.006  -43.132  58.073 0.0000000000
49430  -7.020  -43.229  60.132 0.0000000000
65311  -38.434  -29.585  51.409 0.0000000000
66490  -38.761  -29.125  52.083 0.0000000000
66499  -38.015  -28.892  50.949 0.0000000000
66497  -36.532  -27.790  50.536 0.0000000000
67645  -35.787  -27.700  50.280 0.0000000000
67644  -34.965  -27.540  50.262 0.0000000000
67675  -33.324  -28.067  47.578 0.0000000000
67674  -33.118  -27.703  47.429 0.0000000000
68856  -33.155  -27.375  46.928 0.0000000000
67698  -32.740  -27.829  46.623 0.0000000000
52951  -21.220  -39.587  62.374 0.0000000000
50580  -23.093  -42.274  63.352 0.0000000000
49387  -23.029  -42.398  63.848 0.0000000000
48204  -24.887  -43.476  63.031 0.0000000000
47057  -24.647  -44.207  63.948 0.0000000000
48188  -25.418  -43.708  63.476 0.0000000000
53137  -24.768  -39.967  52.346 0.0000000000
53111  -24.185  -39.851  53.130 0.0000000000
53112  -24.945  -40.672  53.338 0.0000000000
51880  -31.133  -41.273  58.067 0.0000000000
50698  -30.847  -41.459  58.739 0.0000000000
52956  -31.133  -40.356  62.044 0.0000000000
50646  -30.263  -41.723  60.331 0.0000000000
51829  -30.464  -41.279  61.382 0.0000000000
50622  -29.502  -41.918  61.285 0.0000000000
51779  -30.223  -40.810  63.261 0.0000000000
52893  -31.546  -40.427  64.111 0.0000000000
53037  -14.723  -39.830  56.449 0.0000000000
53012  -14.642  -39.253  58.133 0.0000000000
54179  -14.165  -38.712  60.389 0.0000000000
54164  -14.054  -38.163  61.502 0.0000000000
55377  -15.989  -37.311  63.433 0.0000000000
56658  -15.661  -36.846  64.205 0.0000000000
68983  -39.923  -26.090  40.568 0.0000000000
70169  -39.969  -25.821  41.133 0.0000000000
72484  -41.143  -24.012  42.189 0.0000000000
71330  -40.688  -24.565  42.294 0.0000000000
71316  -41.164  -24.273  43.667 0.0000000000
72461  -41.376  -23.639  43.347 0.0000000000
80186  -51.489  -16.813  29.770 0.0000000000
80187  -52.611  -16.840  29.566 0.0000000000
80188  -53.772  -16.756  29.481 0.0000000000
51764  -10.324  -40.582  63.696 0.0000000000
54083  -9.529  -39.536  66.919 0.0000000000
61348  -39.413  -33.019  59.077 0.0000000000
61349  -39.529  -32.993  58.476 0.0000000000
61376  -39.862  -32.421  56.954 0.0000000000
62629  -39.801  -31.336  55.729 0.0000000000
62639  -39.367  -32.021  54.269 0.0000000000
59210  -38.933  -34.199  53.334 0.0000000000
60315  -38.840  -33.369  52.929 0.0000000000
61425  -38.755  -32.442  52.695 0.0000000000
62669  -38.614  -31.542  52.140 0.0000000000
62670  -38.857  -31.409  52.950 0.0000000000
63947  -38.569  -30.665  51.701 0.0000000000
63972  -37.392  -30.473  49.639 0.0000000000
55470  -17.332  -38.258  59.647 0.0000000000
55471  -18.019  -38.253  59.328 0.0000000000
54226  -18.801  -38.322  58.304 0.0000000000
55472  -18.933  -38.205  58.936 0.0000000000
55456  -19.499  -37.846  59.548 0.0000000000
54280  -19.249  -38.575  55.677 0.0000000000
56764  -20.642  -37.499  57.440 0.0000000000
56763  -20.211  -37.663  56.980 0.0000000000
56743  -20.573  -37.646  58.395 0.0000000000
56727  -20.444  -37.731  59.391 0.0000000000
55439  -21.004  -38.027  60.002 0.0000000000
55457  -21.280  -38.123  59.158 0.0000000000
55458  -21.980  -38.435  58.580 0.0000000000
54208  -22.887  -39.040  59.038 0.0000000000
53142  -29.929  -39.839  52.671 0.0000000000
53117  -29.558  -39.913  53.601 0.0000000000
54329  -32.626  -39.173  52.462 0.0000000000
54314  -32.544  -39.361  53.798 0.0000000000
53070  -33.111  -39.777  55.684 0.0000000000
53094  -32.002  -39.721  54.640 0.0000000000
53069  -32.196  -39.895  55.570 0.0000000000
53027  -32.159  -40.417  56.709 0.0000000000
51883  -33.527  -40.308  58.619 0.0000000000
51900  -33.208  -40.496  58.178 0.0000000000
51867  -33.751  -40.047  59.180 0.0000000000
52990  -33.970  -39.452  60.055 0.0000000000
54188  -34.125  -39.132  60.745 0.0000000000
54210  -34.355  -39.210  59.726 0.0000000000
55482  -35.845  -38.313  59.122 0.0000000000
55481  -35.383  -38.491  59.593 0.0000000000
55463  -35.856  -37.931  59.819 0.0000000000
56734  -36.246  -37.473  59.760 0.0000000000
54287  -37.406  -38.337  55.905 0.0000000000
54252  -37.336  -38.441  56.967 0.0000000000
56754  -38.495  -36.403  58.351 0.0000000000
56753  -37.793  -37.295  58.420 0.0000000000
56736  -38.091  -36.467  59.103 0.0000000000
58005  -37.251  -36.597  60.055 0.0000000000
58006  -37.948  -36.121  59.942 0.0000000000
57991  -37.856  -35.929  60.607 0.0000000000
58007  -38.508  -35.605  59.174 0.0000000000
59138  -39.487  -34.088  58.295 0.0000000000
60242  -39.085  -33.854  59.365 0.0000000000
53059  -15.467  -39.741  55.561 0.0000000000
54243  -16.544  -38.779  57.772 0.0000000000
72305  -37.577  -24.428  54.558 0.0000000000
72306  -38.301  -24.034  55.409 0.0000000000
72318  -37.242  -24.348  53.837 0.0000000000
71174  -37.613  -24.445  52.268 0.0000000000
72330  -37.756  -24.130  53.467 0.0000000000
72331  -38.817  -23.786  53.709 0.0000000000
73424  -39.670  -23.031  53.843 0.0000000000
72348  -39.133  -23.774  52.759 0.0000000000
70028  -37.226  -25.497  49.886 0.0000000000
71218  -39.405  -24.549  50.881 0.0000000000
72362  -39.664  -23.866  51.794 0.0000000000
72363  -40.332  -23.383  51.312 0.0000000000
72377  -41.453  -23.247  50.283 0.0000000000
73631  -43.149  -23.333  40.937 0.0000000000
73632  -43.690  -22.840  40.825 0.0000000000
75794  -44.315  -20.532  41.226 0.0000000000
76883  -43.729  -20.514  42.025 0.0000000000
76866  -43.577  -20.330  42.796 0.0000000000
76851  -43.914  -20.072  43.573 0.0000000000
76886  -46.154  -19.238  41.853 0.0000000000
77942  -46.323  -18.865  42.559 0.0000000000
77915  -45.758  -18.901  43.940 0.0000000000
44587  -3.027  -46.527  64.497 0.0000000000
44601  -2.696  -47.301  63.120 0.0000000000
43423  -2.912  -47.230  64.114 0.0000000000
67887  -36.594  -27.901  38.962 0.0000000000
69015  -37.663  -27.477  38.969 0.0000000000
69016  -38.850  -26.693  38.857 0.0000000000
70206  -39.621  -26.092  38.624 0.0000000000
71411  -40.065  -25.394  38.264 0.0000000000
70193  -41.219  -25.464  39.540 0.0000000000
71412  -40.720  -25.048  38.321 0.0000000000
71413  -41.641  -24.866  38.476 0.0000000000
71414  -42.401  -24.568  38.375 0.0000000000
71391  -42.909  -24.537  38.822 0.0000000000
71415  -43.050  -24.346  38.322 0.0000000000
73670  -43.065  -23.194  37.099 0.0000000000
72551  -43.693  -23.470  38.092 0.0000000000
73671  -44.102  -23.022  37.776 0.0000000000
74755  -43.772  -22.070  35.952 0.0000000000
73688  -45.327  -22.118  36.857 0.0000000000
73672  -45.214  -22.512  37.607 0.0000000000
74736  -46.561  -21.604  38.316 0.0000000000
74757  -45.931  -21.562  36.535 0.0000000000
75871  -46.483  -20.429  35.841 0.0000000000
75845  -47.107  -20.869  37.009 0.0000000000
75854  -46.992  -20.459  36.318 0.0000000000
75855  -47.415  -20.457  36.830 0.0000000000
76941  -47.198  -20.025  36.198 0.0000000000
78006  -45.983  -19.112  34.937 0.0000000000
47092  -5.047  -45.317  59.957 0.0000000000
51787  -9.229  -41.356  63.575 0.0000000000
50592  -8.974  -41.802  62.766 0.0000000000
50575  -8.642  -41.610  63.832 0.0000000000
50537  -7.988  -41.853  65.369 0.0000000000
50574  -7.967  -42.267  63.332 0.0000000000
50573  -7.340  -42.595  63.563 0.0000000000
49382  -7.305  -42.754  63.068 0.0000000000
49381  -6.750  -42.984  63.632 0.0000000000
52865  -8.123  -41.762  66.986 0.0000000000
49346  -5.875  -42.861  66.061 0.0000000000
50528  -6.597  -42.517  66.209 0.0000000000
49364  -5.986  -43.204  64.865 0.0000000000
49380  -6.231  -43.225  64.224 0.0000000000
48167  -5.824  -43.506  64.339 0.0000000000
48196  -5.590  -44.287  62.645 0.0000000000
48179  -5.274  -44.349  63.594 0.0000000000
48152  -4.466  -44.616  65.252 0.0000000000
47025  -4.474  -44.828  64.380 0.0000000000
47024  -3.728  -45.522  64.276 0.0000000000
45771  -4.027  -45.657  65.410 0.0000000000
45759  -5.139  -45.132  66.627 0.0000000000
69882  -40.075  -25.709  58.964 0.0000000000
71068  -39.683  -24.881  58.862 0.0000000000
71067  -39.430  -25.101  58.623 0.0000000000
63876  -39.902  -30.947  58.774 0.0000000000
65252  -40.050  -29.440  57.181 0.0000000000
65238  -40.092  -29.508  58.416 0.0000000000
67619  -39.036  -28.167  53.289 0.0000000000
67608  -39.216  -27.789  53.840 0.0000000000
67593  -38.786  -26.844  54.744 0.0000000000
67565  -39.888  -27.455  57.279 0.0000000000
68747  -39.420  -26.696  56.815 0.0000000000
68734  -39.558  -26.664  57.785 0.0000000000
68746  -38.805  -26.217  56.308 0.0000000000
69946  -37.808  -25.558  55.125 0.0000000000
69931  -38.112  -25.156  55.874 0.0000000000
69916  -38.549  -25.048  56.932 0.0000000000
69930  -37.746  -24.933  55.400 0.0000000000
71121  -37.623  -24.818  55.128 0.0000000000
69944  -36.965  -25.122  54.235 0.0000000000
69986  -35.641  -25.842  52.224 0.0000000000
71158  -35.804  -25.489  52.981 0.0000000000
69996  -35.650  -25.722  51.534 0.0000000000
67643  -34.327  -26.888  50.075 0.0000000000
67633  -34.687  -26.771  50.684 0.0000000000
68813  -33.894  -26.657  49.446 0.0000000000
70024  -33.674  -26.228  48.931 0.0000000000
70039  -33.942  -25.889  48.292 0.0000000000
70056  -34.507  -25.923  47.676 0.0000000000
67720  -33.616  -27.443  44.589 0.0000000000
67748  -34.179  -27.679  43.891 0.0000000000
66569  -32.883  -28.799  45.814 0.0000000000
66580  -31.636  -29.172  45.063 0.0000000000
67745  -31.185  -28.376  44.491 0.0000000000
68893  -31.424  -27.829  44.926 0.0000000000
67772  -31.009  -28.307  43.982 0.0000000000
68943  -31.245  -27.857  42.927 0.0000000000
68944  -31.703  -28.079  42.627 0.0000000000
67829  -32.985  -28.571  41.677 0.0000000000
55398  -18.698  -37.573  61.816 0.0000000000
55397  -18.248  -37.546  62.311 0.0000000000
56678  -19.249  -37.454  62.178 0.0000000000
55381  -19.999  -37.661  63.355 0.0000000000
51772  -21.430  -40.196  63.460 0.0000000000
51747  -21.387  -40.279  64.697 0.0000000000
54297  -22.844  -39.170  54.401 0.0000000000
55565  -22.489  -38.663  54.962 0.0000000000
55541  -22.505  -38.694  55.674 0.0000000000
55518  -22.349  -38.503  56.130 0.0000000000
54264  -22.655  -38.892  56.241 0.0000000000
53025  -24.245  -40.010  57.968 0.0000000000
54209  -24.040  -39.769  59.558 0.0000000000
53114  -27.255  -40.391  53.257 0.0000000000
51954  -27.279  -41.185  54.440 0.0000000000
53088  -27.032  -41.016  53.735 0.0000000000
51934  -26.787  -41.415  55.286 0.0000000000
50756  -26.552  -41.467  55.974 0.0000000000
50694  -26.517  -42.268  58.552 0.0000000000
50714  -25.934  -41.845  57.719 0.0000000000
51894  -25.074  -41.450  58.095 0.0000000000
52986  -26.412  -40.590  61.146 0.0000000000
51844  -25.927  -40.611  60.405 0.0000000000
52985  -25.939  -40.462  60.900 0.0000000000
52984  -24.843  -40.311  60.523 0.0000000000
52952  -25.315  -40.846  62.487 0.0000000000
52953  -25.845  -40.654  62.521 0.0000000000
51751  -27.590  -41.445  64.204 0.0000000000
51750  -27.125  -41.484  64.083 0.0000000000
50544  -27.336  -41.872  64.212 0.0000000000
51753  -29.041  -41.207  64.186 0.0000000000
51730  -29.063  -41.497  64.644 0.0000000000
55421  -34.366  -38.669  62.171 0.0000000000
50683  -9.606  -42.110  58.505 0.0000000000
51892  -13.632  -40.546  56.755 0.0000000000
51909  -12.632  -41.134  56.126 0.0000000000
51891  -13.050  -40.860  57.218 0.0000000000
51890  -12.009  -41.283  56.971 0.0000000000
51889  -11.183  -41.636  56.662 0.0000000000
51907  -10.840  -41.737  55.742 0.0000000000
50727  -10.620  -41.842  56.422 0.0000000000
51858  -10.507  -41.634  59.893 0.0000000000
51813  -10.893  -40.828  61.653 0.0000000000
55375  -13.847  -37.322  63.813 0.0000000000
55391  -12.964  -38.039  62.837 0.0000000000
74475  -40.221  -22.210  57.036 0.0000000000
67804  -36.586  -28.054  42.521 0.0000000000
67780  -38.684  -27.358  43.818 0.0000000000
67779  -37.739  -27.696  43.686 0.0000000000
67753  -38.874  -27.218  44.707 0.0000000000
68901  -38.755  -27.065  45.674 0.0000000000
68914  -39.180  -26.939  45.151 0.0000000000
70133  -39.557  -25.886  42.653 0.0000000000
70119  -39.504  -26.117  43.318 0.0000000000
68885  -40.005  -26.508  45.979 0.0000000000
70062  -41.114  -25.298  47.211 0.0000000000
71242  -42.435  -24.345  48.273 0.0000000000
72413  -42.943  -23.922  49.051 0.0000000000
73589  -42.489  -22.282  42.212 0.0000000000
73588  -42.084  -22.641  42.362 0.0000000000
74676  -42.152  -21.806  43.007 0.0000000000
73561  -42.644  -22.343  44.197 0.0000000000
73560  -42.212  -22.547  43.663 0.0000000000
72451  -42.331  -23.322  44.024 0.0000000000
78009  -48.709  -17.808  35.720 0.0000000000
80106  -48.107  -16.668  35.027 0.0000000000
78997  -49.012  -17.121  35.518 0.0000000000
80108  -49.593  -16.375  35.615 0.0000000000
80092  -50.155  -16.327  36.096 0.0000000000
80129  -47.287  -16.838  33.319 0.0000000000
82348  -48.935  -14.974  34.037 0.0000000000
81273  -48.638  -15.555  34.132 0.0000000000
82350  -49.612  -14.885  34.688 0.0000000000
82338  -50.052  -14.951  35.035 0.0000000000
82351  -50.155  -14.781  34.894 0.0000000000
82340  -51.586  -14.582  35.892 0.0000000000
83394  -51.133  -14.498  35.201 0.0000000000
83422  -51.530  -14.334  34.058 0.0000000000
83406  -52.440  -14.251  34.629 0.0000000000
83396  -53.095  -14.076  35.246 0.0000000000
82330  -53.941  -13.935  35.682 0.0000000000
80161  -51.373  -16.474  31.731 0.0000000000
80160  -50.367  -16.757  31.955 0.0000000000
80159  -49.753  -16.692  32.315 0.0000000000
81304  -50.880  -15.589  32.898 0.0000000000
82383  -53.920  -13.987  32.948 0.0000000000
82370  -53.317  -14.072  33.453 0.0000000000
83425  -54.454  -13.793  33.828 0.0000000000
82352  -54.687  -14.117  34.274 0.0000000000
82353  -55.143  -14.455  34.048 0.0000000000
82400  -55.699  -14.858  30.894 0.0000000000
58100  -36.978  -36.232  53.084 0.0000000000
58116  -37.086  -35.877  52.312 0.0000000000
58137  -36.849  -35.922  51.216 0.0000000000
55611  -34.357  -38.440  51.180 0.0000000000
55612  -34.978  -38.385  51.796 0.0000000000
55613  -35.726  -37.891  52.148 0.0000000000
55596  -35.932  -38.048  53.001 0.0000000000
55597  -36.343  -37.792  53.531 0.0000000000
67722  -35.458  -27.543  44.980 0.0000000000
68898  -35.778  -27.126  45.869 0.0000000000
78934  -50.140  -17.769  41.044 0.0000000000
78935  -50.988  -17.242  40.872 0.0000000000
78955  -50.405  -17.490  38.727 0.0000000000
50703  -8.079  -42.521  58.187 0.0000000000
49479  -7.537  -42.788  57.651 0.0000000000
50681  -8.105  -42.621  59.255 0.0000000000
50655  -8.111  -42.745  60.185 0.0000000000
50631  -8.125  -42.860  60.892 0.0000000000
66518  -36.496  -28.826  49.447 0.0000000000
66508  -36.937  -28.510  50.060 0.0000000000
66517  -35.842  -28.534  49.299 0.0000000000
67653  -34.811  -28.016  49.494 0.0000000000
66515  -34.623  -28.152  48.804 0.0000000000
66525  -33.805  -28.164  47.858 0.0000000000
56659  -16.679  -36.898  64.096 0.0000000000
52967  -22.366  -40.451  60.709 0.0000000000
51821  -22.077  -40.754  61.514 0.0000000000
50618  -22.726  -41.414  61.981 0.0000000000
48186  -23.729  -43.355  63.606 0.0000000000
48202  -23.943  -43.111  62.956 0.0000000000
50601  -25.340  -42.067  62.482 0.0000000000
51848  -32.042  -40.710  60.154 0.0000000000
52987  -31.814  -40.524  60.873 0.0000000000
52973  -31.326  -40.505  61.318 0.0000000000
52938  -31.063  -40.343  62.828 0.0000000000
54117  -31.726  -40.016  63.029 0.0000000000
54118  -32.104  -39.757  63.351 0.0000000000
54180  -15.068  -38.000  60.673 0.0000000000
55413  -14.774  -37.803  62.011 0.0000000000
55414  -15.667  -37.727  61.946 0.0000000000
70171  -41.102  -25.483  40.200 0.0000000000
60275  -39.832  -33.416  57.181 0.0000000000
60302  -39.642  -33.568  55.009 0.0000000000
60337  -37.806  -33.223  51.336 0.0000000000
62701  -37.856  -31.471  50.605 0.0000000000
54244  -17.663  -38.692  57.700 0.0000000000
54245  -18.779  -38.425  57.585 0.0000000000
56786  -20.686  -37.524  56.485 0.0000000000
56765  -21.074  -37.551  57.883 0.0000000000
55495  -21.596  -37.724  57.451 0.0000000000
55475  -22.055  -38.122  57.852 0.0000000000
54300  -33.456  -39.237  54.800 0.0000000000
54283  -33.735  -39.602  55.534 0.0000000000
53047  -33.336  -40.043  56.559 0.0000000000
53028  -32.710  -40.399  57.040 0.0000000000
53015  -34.243  -39.745  58.648 0.0000000000
54229  -34.384  -39.396  59.206 0.0000000000
54249  -35.057  -39.318  58.196 0.0000000000
54231  -35.699  -38.762  58.628 0.0000000000
55502  -36.097  -38.489  58.529 0.0000000000
55525  -38.438  -37.530  56.354 0.0000000000
55505  -38.182  -37.762  57.145 0.0000000000
58020  -38.762  -35.612  58.458 0.0000000000
59151  -39.146  -35.196  57.979 0.0000000000
53060  -16.431  -39.373  55.767 0.0000000000
54278  -16.886  -39.165  56.132 0.0000000000
71172  -36.568  -24.643  52.567 0.0000000000
72329  -37.026  -24.376  53.118 0.0000000000
72345  -36.972  -24.400  52.692 0.0000000000
71173  -37.045  -24.454  52.288 0.0000000000
71193  -37.320  -24.620  51.689 0.0000000000
70029  -38.387  -25.533  49.634 0.0000000000
70030  -38.981  -25.331  49.505 0.0000000000
71227  -39.768  -24.432  49.920 0.0000000000
71228  -40.437  -24.213  49.439 0.0000000000
72411  -41.538  -23.959  49.364 0.0000000000
73651  -44.597  -22.982  39.837 0.0000000000
74711  -44.472  -22.179  40.522 0.0000000000
75811  -44.614  -20.963  40.732 0.0000000000
76898  -44.527  -20.332  41.123 0.0000000000
77943  -47.292  -18.742  42.488 0.0000000000
77929  -46.950  -18.801  43.353 0.0000000000
82320  -53.108  -14.462  37.380 0.0000000000
70222  -38.496  -26.054  37.821 0.0000000000
72548  -41.795  -23.486  37.243 0.0000000000
73668  -41.772  -23.116  36.946 0.0000000000
73669  -42.181  -23.124  36.989 0.0000000000
74771  -44.631  -21.027  35.541 0.0000000000
75852  -45.396  -21.008  35.815 0.0000000000
75870  -45.888  -20.445  35.503 0.0000000000
76955  -45.446  -19.821  35.013 0.0000000000
47076  -4.958  -45.290  60.997 0.0000000000
51720  -8.680  -41.451  65.662 0.0000000000
51739  -8.374  -41.646  65.368 0.0000000000
51719  -8.183  -41.663  65.978 0.0000000000
50521  -6.990  -42.399  66.976 0.0000000000
50519  -5.990  -42.676  66.534 0.0000000000
49351  -5.447  -43.160  65.787 0.0000000000
48166  -5.190  -43.954  64.603 0.0000000000
48145  -5.076  -43.364  65.902 0.0000000000
48144  -4.680  -43.867  66.020 0.0000000000
46995  -4.348  -44.869  65.762 0.0000000000
46996  -4.553  -44.615  66.315 0.0000000000
46989  -4.971  -44.568  66.718 0.0000000000
62621  -39.966  -31.432  56.769 0.0000000000
63893  -39.973  -30.421  56.451 0.0000000000
65264  -40.116  -29.401  56.026 0.0000000000
67618  -38.656  -27.645  53.182 0.0000000000
67607  -38.397  -26.861  54.106 0.0000000000
68760  -38.585  -26.498  55.178 0.0000000000
68759  -37.953  -25.998  54.884 0.0000000000
68758  -37.394  -25.797  54.415 0.0000000000
69960  -36.882  -25.722  54.003 0.0000000000
69959  -36.631  -25.417  53.865 0.0000000000
68772  -36.304  -26.012  53.646 0.0000000000
68786  -35.566  -26.027  52.760 0.0000000000
68797  -35.368  -26.308  51.446 0.0000000000
68841  -33.489  -27.007  48.067 0.0000000000
70078  -33.710  -26.532  46.612 0.0000000000
68878  -33.468  -26.891  45.959 0.0000000000
67719  -33.119  -27.450  44.493 0.0000000000
56693  -19.634  -37.421  61.214 0.0000000000
54129  -20.331  -38.381  63.822 0.0000000000
50560  -22.382  -41.719  64.970 0.0000000000
51726  -21.816  -40.901  65.488 0.0000000000
54313  -23.522  -39.359  52.763 0.0000000000
54265  -23.209  -39.692  56.237 0.0000000000
53115  -28.041  -39.903  53.543 0.0000000000
53090  -28.453  -40.327  54.316 0.0000000000
51955  -27.934  -40.834  54.559 0.0000000000
51914  -28.048  -41.342  55.807 0.0000000000
50669  -28.411  -42.593  59.727 0.0000000000
49453  -27.470  -42.531  60.211 0.0000000000
49452  -26.765  -42.261  60.209 0.0000000000
50667  -26.174  -41.850  59.718 0.0000000000
50642  -26.441  -41.500  60.421 0.0000000000
51825  -26.582  -40.697  61.259 0.0000000000
52971  -26.564  -40.604  61.688 0.0000000000
52954  -26.569  -40.690  62.526 0.0000000000
52955  -27.114  -40.828  62.493 0.0000000000
52913  -27.507  -41.124  63.854 0.0000000000
51861  -12.992  -40.389  58.878 0.0000000000
51877  -12.902  -40.652  58.261 0.0000000000
51839  -11.843  -40.662  60.169 0.0000000000
51814  -11.501  -40.571  61.028 0.0000000000
52963  -11.531  -40.236  61.683 0.0000000000
56646  -15.289  -36.516  65.016 0.0000000000
56645  -14.418  -36.665  65.082 0.0000000000
67832  -37.303  -27.809  41.832 0.0000000000
67806  -38.255  -27.393  43.016 0.0000000000
68945  -38.850  -27.055  43.247 0.0000000000
70106  -40.468  -25.352  44.047 0.0000000000
70063  -41.689  -25.016  46.691 0.0000000000
71261  -43.113  -24.529  47.274 0.0000000000
75766  -42.699  -20.777  43.500 0.0000000000
75765  -42.231  -21.196  43.286 0.0000000000
74666  -42.380  -21.211  43.723 0.0000000000
72462  -43.437  -23.094  43.975 0.0000000000
78995  -47.260  -17.611  35.059 0.0000000000
79006  -47.458  -17.020  34.932 0.0000000000
80117  -47.833  -16.467  34.623 0.0000000000
81289  -49.118  -15.222  33.735 0.0000000000
83420  -49.635  -14.418  34.059 0.0000000000
83421  -50.484  -14.406  34.063 0.0000000000
82366  -49.812  -14.547  33.789 0.0000000000
81305  -51.963  -15.644  32.469 0.0000000000
81306  -53.219  -14.696  32.512 0.0000000000
82384  -54.798  -14.059  32.979 0.0000000000
82385  -55.439  -14.608  32.612 0.0000000000
81338  -56.303  -15.677  29.592 0.0000000000
81330  -56.417  -15.704  30.461 0.0000000000
59209  -38.090  -34.442  52.856 0.0000000000
59224  -37.573  -34.461  52.029 0.0000000000
59239  -37.578  -33.914  51.536 0.0000000000
60336  -37.401  -33.746  50.882 0.0000000000
55562  -19.909  -38.321  54.006 0.0000000000
58076  -20.536  -37.741  54.325 0.0000000000
58077  -20.795  -37.598  54.220 0.0000000000
54346  -32.729  -38.975  51.216 0.0000000000
54268  -36.264  -38.934  56.483 0.0000000000
54286  -36.762  -38.450  55.477 0.0000000000
55548  -37.756  -37.786  55.339 0.0000000000
56842  -37.041  -37.356  54.178 0.0000000000
55573  -37.218  -37.593  54.586 0.0000000000
56818  -38.698  -36.397  55.328 0.0000000000
70041  -35.708  -25.737  48.668 0.0000000000
70059  -37.364  -26.087  47.980 0.0000000000
68859  -36.902  -26.369  47.315 0.0000000000
68861  -38.759  -26.537  47.151 0.0000000000
75813  -46.326  -20.446  40.170 0.0000000000
76902  -47.641  -19.239  40.671 0.0000000000
77954  -47.529  -18.883  41.543 0.0000000000
77930  -47.932  -18.990  42.982 0.0000000000
78936  -51.696  -16.649  40.584 0.0000000000
80075  -51.909  -15.447  38.280 0.0000000000
48263  -6.455  -43.478  57.438 0.0000000000
48250  -6.472  -43.621  58.449 0.0000000000
48234  -6.535  -43.716  59.538 0.0000000000
48223  -6.495  -43.745  60.656 0.0000000000
65299  -39.144  -29.620  52.718 0.0000000000
65300  -39.452  -29.803  53.431 0.0000000000
66479  -38.832  -28.456  52.709 0.0000000000
66498  -37.398  -28.140  50.879 0.0000000000
67628  -37.512  -27.432  52.026 0.0000000000
67627  -36.767  -27.136  52.052 0.0000000000
67651  -33.743  -27.036  49.301 0.0000000000
67660  -33.512  -27.527  48.250 0.0000000000
68840  -33.350  -27.320  47.624 0.0000000000
55400  -20.649  -38.162  61.535 0.0000000000
51773  -22.070  -41.081  63.048 0.0000000000
47056  -24.003  -44.029  64.053 0.0000000000
54327  -23.535  -39.305  51.786 0.0000000000
53087  -24.614  -40.947  54.353 0.0000000000
51896  -30.042  -41.061  56.941 0.0000000000
51895  -29.342  -40.947  56.644 0.0000000000
50718  -29.931  -41.399  57.518 0.0000000000
50697  -30.093  -41.645  58.290 0.0000000000
50670  -29.662  -42.078  59.422 0.0000000000
50645  -29.465  -42.171  60.437 0.0000000000
51827  -28.914  -41.485  62.334 0.0000000000
51802  -28.497  -41.341  62.717 0.0000000000
51803  -29.446  -41.269  62.795 0.0000000000
51731  -30.062  -40.936  64.575 0.0000000000
52892  -30.835  -40.664  64.147 0.0000000000
50549  -30.526  -41.172  64.636 0.0000000000
53011  -14.095  -39.545  58.441 0.0000000000
53010  -13.370  -40.139  58.323 0.0000000000
54147  -13.649  -38.067  62.201 0.0000000000
55376  -14.989  -37.285  63.562 0.0000000000
70134  -40.134  -25.230  42.497 0.0000000000
70150  -40.400  -25.313  41.653 0.0000000000
71302  -40.993  -24.689  43.920 0.0000000000
79019  -45.432  -17.706  32.804 0.0000000000
79020  -46.197  -17.345  33.148 0.0000000000
80174  -52.465  -16.538  30.619 0.0000000000
81326  -53.210  -16.152  30.845 0.0000000000
81327  -53.915  -15.743  30.831 0.0000000000
81336  -55.352  -15.628  29.580 0.0000000000
80189  -54.851  -16.152  29.433 0.0000000000
50611  -9.515  -41.841  61.831 0.0000000000
51763  -9.697  -41.003  63.964 0.0000000000
52868  -9.509  -39.971  66.442 0.0000000000
62601  -39.599  -32.170  58.704 0.0000000000
62655  -39.621  -30.865  54.161 0.0000000000
60301  -39.410  -33.141  54.280 0.0000000000
61412  -38.963  -32.779  53.034 0.0000000000
61400  -39.388  -32.525  54.276 0.0000000000
62654  -39.276  -31.386  53.737 0.0000000000
63932  -39.221  -30.560  53.171 0.0000000000
65321  -37.990  -29.768  50.658 0.0000000000
63973  -37.795  -30.600  50.300 0.0000000000
65331  -37.679  -29.857  50.047 0.0000000000
65330  -37.133  -29.459  49.613 0.0000000000
65339  -36.626  -29.435  49.109 0.0000000000
65347  -35.923  -29.285  48.154 0.0000000000
55416  -17.454  -37.799  61.675 0.0000000000
55436  -18.460  -37.827  60.697 0.0000000000
55455  -18.720  -38.043  59.898 0.0000000000
54263  -19.003  -38.525  56.592 0.0000000000
55494  -19.635  -38.016  57.555 0.0000000000
56726  -20.050  -37.720  58.985 0.0000000000
56710  -20.381  -37.704  60.275 0.0000000000
55438  -20.607  -37.862  60.394 0.0000000000
55420  -20.857  -38.176  60.702 0.0000000000
54182  -21.380  -38.583  60.148 0.0000000000
54207  -21.789  -38.693  59.377 0.0000000000
52982  -23.125  -40.221  60.267 0.0000000000
52983  -24.003  -40.328  60.489 0.0000000000
53116  -28.808  -39.947  53.750 0.0000000000
53091  -29.254  -40.061  54.371 0.0000000000
53043  -30.101  -40.004  55.625 0.0000000000
53143  -31.037  -39.700  52.647 0.0000000000
53119  -31.499  -39.643  53.686 0.0000000000
54299  -32.653  -39.390  54.599 0.0000000000
53093  -30.973  -39.803  54.479 0.0000000000
53044  -30.620  -39.983  55.938 0.0000000000
51917  -30.706  -40.610  56.490 0.0000000000
51918  -31.282  -40.716  56.749 0.0000000000
51881  -32.069  -40.852  58.391 0.0000000000
51899  -32.743  -40.642  57.840 0.0000000000
51882  -32.870  -40.598  58.630 0.0000000000
51865  -32.405  -40.691  59.317 0.0000000000
51849  -32.762  -40.398  60.027 0.0000000000
54186  -32.819  -39.917  61.187 0.0000000000
54169  -33.142  -39.529  61.610 0.0000000000
55440  -34.549  -38.627  61.517 0.0000000000
54211  -34.789  -38.751  59.919 0.0000000000
55441  -35.230  -38.342  60.866 0.0000000000
56699  -35.726  -37.674  61.008 0.0000000000
54251  -36.789  -38.632  57.241 0.0000000000
55503  -36.641  -38.362  58.102 0.0000000000
55483  -36.498  -37.826  58.823 0.0000000000
56772  -38.089  -37.582  57.685 0.0000000000
56752  -37.053  -37.486  58.794 0.0000000000
56718  -36.854  -36.691  60.488 0.0000000000
56702  -37.557  -36.160  60.998 0.0000000000
59124  -38.507  -34.827  59.828 0.0000000000
59110  -38.476  -34.384  60.312 0.0000000000
53058  -14.555  -39.981  55.388 0.0000000000
53024  -15.380  -39.169  57.222 0.0000000000
54259  -15.625  -39.034  57.092 0.0000000000
72307  -38.560  -23.883  55.985 0.0000000000
72320  -38.824  -23.766  54.439 0.0000000000
73412  -39.774  -22.786  54.810 0.0000000000
70011  -36.956  -25.109  50.449 0.0000000000
71224  -37.344  -25.078  50.547 0.0000000000
71217  -38.539  -24.860  50.993 0.0000000000
72361  -38.872  -24.279  52.180 0.0000000000
72376  -40.780  -23.388  50.613 0.0000000000
72503  -42.609  -23.851  40.769 0.0000000000
73608  -42.806  -22.784  41.598 0.0000000000
74691  -42.793  -22.028  42.167 0.0000000000
74710  -43.822  -21.913  41.123 0.0000000000
75777  -42.667  -20.940  42.835 0.0000000000
76865  -42.979  -20.540  43.158 0.0000000000
75757  -43.636  -20.635  44.072 0.0000000000
74667  -44.473  -21.412  43.883 0.0000000000
76868  -45.189  -18.991  42.842 0.0000000000
77928  -46.072  -18.825  43.379 0.0000000000
77927  -45.303  -18.883  43.407 0.0000000000
76867  -44.532  -19.290  43.011 0.0000000000
76852  -44.706  -19.301  43.931 0.0000000000
44615  -2.844  -46.813  62.623 0.0000000000
66609  -34.109  -28.512  41.593 0.0000000000
66610  -34.810  -28.596  41.592 0.0000000000
66611  -35.313  -28.575  41.487 0.0000000000
67830  -35.781  -28.415  41.164 0.0000000000
67852  -36.495  -28.050  40.587 0.0000000000
67873  -37.723  -27.570  40.546 0.0000000000
68997  -37.828  -27.515  39.676 0.0000000000
68999  -39.574  -26.455  39.844 0.0000000000
69000  -40.142  -26.080  40.185 0.0000000000
70191  -39.805  -26.283  39.291 0.0000000000
70192  -40.382  -25.964  39.635 0.0000000000
71389  -41.748  -25.099  39.337 0.0000000000
72524  -42.867  -24.118  39.974 0.0000000000
72505  -43.920  -23.322  40.003 0.0000000000
71439  -43.084  -24.032  37.789 0.0000000000
72537  -43.871  -23.452  38.614 0.0000000000
72526  -44.049  -23.335  39.334 0.0000000000
73652  -45.040  -22.682  39.334 0.0000000000
74753  -41.920  -22.162  36.091 0.0000000000
74735  -45.845  -22.149  38.387 0.0000000000
75838  -47.002  -21.227  38.565 0.0000000000
75839  -47.430  -20.800  38.450 0.0000000000
74758  -46.634  -21.094  36.613 0.0000000000
74745  -47.210  -21.033  37.640 0.0000000000
76933  -48.075  -20.140  38.099 0.0000000000
76934  -48.718  -19.513  37.936 0.0000000000
76943  -48.782  -19.253  37.191 0.0000000000
77995  -48.105  -18.999  36.087 0.0000000000
78007  -46.787  -18.539  35.173 0.0000000000
50610  -8.808  -42.323  61.726 0.0000000000
50609  -8.215  -42.651  61.568 0.0000000000
49417  -7.787  -42.959  61.322 0.0000000000
48212  -6.219  -43.763  61.836 0.0000000000
52866  -8.585  -41.301  66.865 0.0000000000
50536  -7.293  -42.273  65.427 0.0000000000
51705  -6.987  -42.393  66.630 0.0000000000
50535  -6.588  -42.577  65.643 0.0000000000
49365  -6.671  -42.784  64.608 0.0000000000
48197  -6.198  -43.654  62.773 0.0000000000
48211  -5.716  -44.353  61.825 0.0000000000
47062  -5.435  -44.693  62.089 0.0000000000
47026  -4.928  -44.514  64.041 0.0000000000
47046  -4.770  -44.868  63.488 0.0000000000
45806  -3.173  -45.983  63.911 0.0000000000
44572  -3.585  -46.308  65.169 0.0000000000
45772  -4.265  -45.397  65.925 0.0000000000
44562  -3.907  -45.885  65.600 0.0000000000
71069  -40.067  -25.066  58.894 0.0000000000
71089  -39.637  -24.534  58.527 0.0000000000
63864  -39.714  -31.030  59.630 0.0000000000
66463  -39.943  -28.363  55.516 0.0000000000
67548  -39.966  -27.459  58.242 0.0000000000
68718  -39.765  -26.584  58.526 0.0000000000
68717  -39.338  -26.147  57.959 0.0000000000
69917  -38.906  -25.339  57.734 0.0000000000
71109  -38.797  -24.547  57.489 0.0000000000
71122  -38.108  -24.628  55.819 0.0000000000
71148  -36.847  -24.805  53.912 0.0000000000
71159  -36.167  -25.320  53.270 0.0000000000
71171  -36.054  -25.069  52.699 0.0000000000
71213  -35.841  -25.348  51.551 0.0000000000
67625  -35.536  -26.997  51.924 0.0000000000
68806  -35.176  -26.562  51.339 0.0000000000
70007  -34.106  -26.288  49.518 0.0000000000
70008  -34.743  -26.161  50.053 0.0000000000
70026  -35.143  -25.827  49.473 0.0000000000
70080  -35.164  -26.213  47.201 0.0000000000
68879  -34.179  -26.751  46.172 0.0000000000
68897  -34.798  -27.100  45.608 0.0000000000
65377  -34.000  -29.154  46.008 0.0000000000
66557  -33.426  -28.570  46.317 0.0000000000
66556  -32.683  -28.345  46.205 0.0000000000
66567  -31.508  -28.610  45.223 0.0000000000
67718  -31.963  -28.062  45.943 0.0000000000
68928  -31.325  -28.071  43.755 0.0000000000
68912  -32.258  -27.682  44.210 0.0000000000
67746  -32.498  -27.857  43.373 0.0000000000
67799  -31.882  -28.431  42.046 0.0000000000
67774  -32.966  -27.992  42.823 0.0000000000
67801  -33.483  -28.293  42.056 0.0000000000
55380  -18.364  -37.428  62.953 0.0000000000
56651  -19.595  -37.494  63.620 0.0000000000
52930  -20.614  -39.007  63.868 0.0000000000
58094  -21.206  -37.525  53.797 0.0000000000
55539  -21.664  -37.936  55.475 0.0000000000
55517  -22.038  -38.171  56.296 0.0000000000
55476  -22.486  -38.436  57.532 0.0000000000
54247  -22.780  -38.986  57.097 0.0000000000
54227  -23.008  -38.902  58.009 0.0000000000
53113  -26.225  -40.908  53.219 0.0000000000
51970  -25.511  -41.173  53.795 0.0000000000
51952  -25.233  -41.301  54.476 0.0000000000
53064  -24.808  -41.167  54.972 0.0000000000
50737  -28.905  -41.080  56.710 0.0000000000
50736  -28.409  -41.416  56.611 0.0000000000
50735  -27.319  -41.625  56.417 0.0000000000
50757  -26.992  -41.400  55.858 0.0000000000
50734  -26.246  -41.617  56.692 0.0000000000
51893  -24.591  -40.842  57.470 0.0000000000
53026  -24.732  -40.644  58.519 0.0000000000
51862  -25.796  -40.952  59.879 0.0000000000
53014  -25.079  -40.514  59.390 0.0000000000
53001  -24.754  -40.201  59.730 0.0000000000
51824  -24.772  -40.924  62.125 0.0000000000
51774  -25.652  -41.258  62.909 0.0000000000
50582  -25.886  -41.924  62.911 0.0000000000
52911  -26.562  -41.174  63.753 0.0000000000
50561  -26.345  -41.785  63.399 0.0000000000
50583  -26.342  -42.259  63.371 0.0000000000
52915  -28.696  -41.050  63.810 0.0000000000
51752  -28.177  -41.491  64.350 0.0000000000
51729  -28.158  -41.956  64.760 0.0000000000
50724  -7.930  -42.459  56.888 0.0000000000
50726  -9.902  -42.020  56.133 0.0000000000
50684  -10.431  -41.791  58.157 0.0000000000
51789  -10.573  -40.668  62.740 0.0000000000
56644  -13.612  -36.829  65.108 0.0000000000
67751  -37.105  -27.839  44.436 0.0000000000
67725  -38.209  -27.460  45.263 0.0000000000
68946  -39.139  -26.525  42.917 0.0000000000
68931  -39.280  -26.841  43.743 0.0000000000
68915  -39.551  -26.674  44.657 0.0000000000
68902  -39.510  -26.729  45.536 0.0000000000
71241  -41.192  -24.433  48.599 0.0000000000
71259  -41.328  -24.841  47.773 0.0000000000
72412  -42.088  -23.996  49.178 0.0000000000
72486  -42.266  -23.507  41.435 0.0000000000
72471  -41.396  -23.340  42.594 0.0000000000
74665  -42.269  -21.771  43.543 0.0000000000
71291  -42.712  -24.534  45.251 0.0000000000
71279  -42.891  -24.787  46.234 0.0000000000
78983  -49.358  -17.558  36.159 0.0000000000
78985  -50.736  -16.504  36.845 0.0000000000
80081  -51.173  -16.171  37.101 0.0000000000
80094  -51.226  -15.716  36.745 0.0000000000
80115  -46.739  -17.089  33.712 0.0000000000
80116  -47.070  -16.865  33.909 0.0000000000
81263  -49.121  -15.756  35.015 0.0000000000
81264  -49.846  -15.384  35.272 0.0000000000
81251  -50.873  -15.407  36.134 0.0000000000
81252  -51.526  -15.186  36.791 0.0000000000
82327  -51.970  -14.663  36.692 0.0000000000
82328  -52.670  -14.355  36.500 0.0000000000
83384  -52.993  -14.225  35.920 0.0000000000
82329  -53.488  -14.319  36.408 0.0000000000
81254  -53.993  -14.303  36.026 0.0000000000
80146  -49.386  -16.340  32.743 0.0000000000
82380  -50.720  -14.951  33.358 0.0000000000
82368  -51.720  -14.581  33.619 0.0000000000
81290  -52.379  -14.807  33.108 0.0000000000
82369  -52.737  -14.346  33.402 0.0000000000
83423  -52.727  -14.162  33.935 0.0000000000
83408  -54.076  -13.702  34.450 0.0000000000
82399  -55.355  -14.689  31.211 0.0000000000
46990  -5.641  -44.487  67.103 0.0000000000
47008  -4.487  -44.620  65.004 0.0000000000
47077  -5.447  -44.816  61.480 0.0000000000
48129  -5.502  -43.876  67.284 0.0000000000
48143  -4.464  -44.529  65.512 0.0000000000
48154  -4.989  -43.581  65.495 0.0000000000
48165  -4.644  -44.393  64.855 0.0000000000
48181  -6.437  -43.387  63.161 0.0000000000
48187  -24.484  -43.799  63.410 0.0000000000
49345  -5.510  -43.072  66.211 0.0000000000
49352  -6.051  -42.913  65.617 0.0000000000
49390  -26.356  -43.051  63.622 0.0000000000
49406  -23.706  -42.808  62.994 0.0000000000
49407  -24.190  -42.790  62.519 0.0000000000
49408  -25.201  -42.877  62.564 0.0000000000
49422  -27.892  -42.164  61.299 0.0000000000
49423  -28.293  -42.243  61.192 0.0000000000
49436  -26.687  -41.873  60.589 0.0000000000
49451  -26.464  -41.886  60.249 0.0000000000
50527  -5.946  -42.741  66.290 0.0000000000
50529  -7.309  -42.253  66.091 0.0000000000
50581  -25.332  -41.617  62.575 0.0000000000
50603  -28.514  -41.532  62.258 0.0000000000
50666  -25.620  -41.468  59.414 0.0000000000
50668  -27.108  -42.512  59.449 0.0000000000
51696  -7.178  -42.335  66.802 0.0000000000
51718  -7.610  -42.048  66.040 0.0000000000
51727  -27.467  -41.765  64.285 0.0000000000
51749  -26.617  -41.453  63.762 0.0000000000
51776  -27.509  -41.030  62.887 0.0000000000
51788  -9.759  -41.137  63.037 0.0000000000
51798  -22.319  -41.119  62.110 0.0000000000
51800  -24.970  -41.261  62.399 0.0000000000
51826  -26.896  -40.993  61.483 0.0000000000
51846  -26.743  -41.029  61.056 0.0000000000
51863  -26.190  -41.259  60.208 0.0000000000
51879  -30.435  -41.356  57.561 0.0000000000
51932  -24.733  -41.062  55.786 0.0000000000
51935  -27.663  -41.231  55.128 0.0000000000
52932  -25.488  -41.010  62.792 0.0000000000
52933  -26.060  -40.965  63.198 0.0000000000
52934  -26.711  -40.872  63.275 0.0000000000
52936  -28.338  -41.213  63.748 0.0000000000
52937  -28.805  -41.230  63.942 0.0000000000
52957  -31.707  -40.217  61.837 0.0000000000
52966  -21.592  -40.064  61.397 0.0000000000
53003  -33.614  -39.998  59.604 0.0000000000
53016  -34.753  -39.437  58.365 0.0000000000
53041  -18.234  -39.091  56.191 0.0000000000
53049  -34.828  -39.580  56.898 0.0000000000
53066  -29.681  -40.124  55.166 0.0000000000
53067  -30.454  -39.925  55.169 0.0000000000
54130  -20.596  -38.770  63.400 0.0000000000
54131  -31.731  -40.066  62.484 0.0000000000
54187  -33.106  -39.712  61.038 0.0000000000
54246  -19.331  -38.281  57.061 0.0000000000
54303  -36.605  -38.157  54.828 0.0000000000
54331  -34.682  -38.560  52.362 0.0000000000
55392  -13.516  -37.869  62.805 0.0000000000
55412  -14.069  -37.911  62.274 0.0000000000
55453  -16.961  -38.175  60.262 0.0000000000
55462  -35.323  -38.368  60.172 0.0000000000
55484  -37.084  -37.803  58.368 0.0000000000
55493  -19.211  -38.185  58.199 0.0000000000
55549  -38.462  -37.107  55.621 0.0000000000
56656  -14.025  -36.951  64.554 0.0000000000
56677  -18.779  -37.474  62.855 0.0000000000
56716  -35.711  -37.816  60.666 0.0000000000
56728  -20.754  -37.840  59.622 0.0000000000
56862  -21.065  -37.506  53.434 0.0000000000
56872  -36.339  -37.582  53.159 0.0000000000
57973  -37.876  -35.778  60.942 0.0000000000
58066  -39.686  -34.826  55.940 0.0000000000
58078  -21.302  -37.520  54.035 0.0000000000
58092  -20.511  -37.757  53.890 0.0000000000
58093  -20.851  -37.535  53.764 0.0000000000
59181  -39.729  -34.147  55.592 0.0000000000
60259  -39.646  -33.542  58.043 0.0000000000
61413  -39.093  -32.559  53.575 0.0000000000
66488  -37.356  -27.587  51.573 0.0000000000
66527  -35.141  -28.656  48.324 0.0000000000
67642  -33.961  -26.848  49.593 0.0000000000
67744  -30.789  -28.457  44.067 0.0000000000
67754  -39.255  -27.025  44.313 0.0000000000
67888  -37.088  -27.895  39.374 0.0000000000
68775  -38.104  -26.389  54.626 0.0000000000
68799  -35.659  -26.312  52.568 0.0000000000
68805  -34.778  -26.528  50.745 0.0000000000
68916  -40.166  -26.051  44.557 0.0000000000
68927  -30.973  -28.084  43.558 0.0000000000
68930  -38.986  -27.142  43.578 0.0000000000
69880  -39.500  -25.318  58.732 0.0000000000
69898  -39.386  -25.362  58.482 0.0000000000
69899  -39.603  -25.876  58.591 0.0000000000
69973  -35.650  -25.646  52.910 0.0000000000
69995  -35.285  -26.099  50.913 0.0000000000
70037  -33.478  -26.930  47.590 0.0000000000
70058  -36.309  -25.973  47.725 0.0000000000
70205  -39.005  -26.302  38.406 0.0000000000
71135  -36.823  -25.110  54.136 0.0000000000
71147  -36.677  -25.119  53.944 0.0000000000
71170  -35.771  -25.456  52.756 0.0000000000
71216  -37.700  -24.838  51.055 0.0000000000
72294  -38.362  -24.178  55.947 0.0000000000
72295  -38.764  -23.795  56.532 0.0000000000
72332  -39.384  -23.441  53.289 0.0000000000
72347  -38.233  -24.203  52.731 0.0000000000
72460  -40.935  -23.990  43.150 0.0000000000
72536  -43.465  -23.864  38.273 0.0000000000
72550  -43.382  -23.581  37.697 0.0000000000
73410  -38.605  -23.855  55.334 0.0000000000
74652  -42.338  -21.935  43.785 0.0000000000
74677  -42.433  -21.755  42.611 0.0000000000
74678  -42.909  -21.494  42.374 0.0000000000
74692  -43.305  -21.776  41.765 0.0000000000
74729  -46.163  -21.611  38.964 0.0000000000
74737  -47.043  -21.290  38.055 0.0000000000
75767  -43.190  -20.500  43.764 0.0000000000
75793  -43.879  -20.959  41.399 0.0000000000
76850  -43.237  -20.417  43.398 0.0000000000
77913  -44.899  -19.027  43.921 0.0000000000
77914  -45.144  -18.932  43.936 0.0000000000
77926  -44.877  -18.990  43.675 0.0000000000
77941  -45.660  -18.907  42.871 0.0000000000
78998  -49.551  -17.028  35.903 0.0000000000
80082  -51.560  -15.579  37.425 0.0000000000
80093  -50.671  -16.148  36.440 0.0000000000
80118  -48.634  -15.914  34.622 0.0000000000
80128  -46.752  -17.108  33.453 0.0000000000
81265  -50.381  -15.345  35.667 0.0000000000
81275  -49.349  -15.290  34.899 0.0000000000
81291  -52.892  -14.444  33.005 0.0000000000
81319  -56.112  -15.170  31.121 0.0000000000
82339  -50.630  -14.852  35.388 0.0000000000
82349  -49.099  -14.741  34.162 0.0000000000
82364  -48.890  -15.198  33.941 0.0000000000
82365  -49.175  -14.791  33.928 0.0000000000
82371  -54.786  -13.963  33.602 0.0000000000
83383  -52.712  -14.340  36.023 0.0000000000
83393  -50.681  -14.577  35.048 0.0000000000
83395  -52.280  -14.378  35.583 0.0000000000
83397  -53.703  -13.788  35.127 0.0000000000
83402  -49.130  -14.428  34.089 0.0000000000
83404  -50.328  -14.585  34.621 0.0000000000
83419  -49.244  -14.314  33.998 0.0000000000
83433  -54.390  -13.871  33.418 0.0000000000
83434  -54.646  -13.913  33.462 0.0000000000
