#!ascii label  , from subject sub.01.dh.02 vox2ras=TkReg
1255
103516  -50.865  7.342  22.766 0.0000000000
117645  -42.505  26.065  18.553 0.0000000000
106689  -41.382  11.837  23.471 0.0000000000
108871  -48.137  14.620  19.217 0.0000000000
114849  -46.520  22.744  13.600 0.0000000000
114134  -47.088  21.053  20.076 0.0000000000
111836  -47.366  18.248  15.858 0.0000000000
108883  -43.466  14.493  18.739 0.0000000000
99844  -45.814  3.570  32.516 0.0000000000
102593  -48.356  6.306  30.515 0.0000000000
116214  -36.867  23.956  13.811 0.0000000000
116983  -40.868  25.038  10.570 0.0000000000
115581  -45.871  23.746  7.958 0.0000000000
104420  -47.240  8.162  23.397 0.0000000000
112595  -41.552  19.739  20.324 0.0000000000
108830  -47.309  14.634  23.332 0.0000000000
105271  -49.532  9.282  17.246 0.0000000000
106017  -46.495  10.351  12.076 0.0000000000
105283  -42.024  9.999  14.942 0.0000000000
103569  -49.802  7.172  19.598 0.0000000000
113483  -47.992  19.957  11.283 0.0000000000
112655  -48.019  19.984  14.197 0.0000000000
111119  -47.484  17.917  12.926 0.0000000000
111876  -45.245  18.773  14.016 0.0000000000
100815  -48.315  5.222  32.681 0.0000000000
101703  -46.000  5.444  32.986 0.0000000000
116191  -34.205  24.913  15.585 0.0000000000
116241  -43.626  24.568  10.005 0.0000000000
102663  -44.317  6.808  25.547 0.0000000000
105214  -43.759  9.681  23.535 0.0000000000
116888  -39.578  25.702  19.455 0.0000000000
116139  -42.367  24.862  21.063 0.0000000000
111798  -48.547  18.369  20.343 0.0000000000
111767  -47.923  18.802  22.750 0.0000000000
108850  -49.270  15.074  21.499 0.0000000000
107484  -48.184  12.266  19.947 0.0000000000
107518  -49.612  12.546  17.570 0.0000000000
105292  -49.007  9.739  14.312 0.0000000000
106755  -47.340  11.727  16.798 0.0000000000
108256  -42.199  13.577  15.378 0.0000000000
116921  -45.243  25.610  16.055 0.0000000000
116171  -44.418  24.722  19.254 0.0000000000
114152  -45.454  21.668  16.448 0.0000000000
113424  -47.904  19.831  18.009 0.0000000000
111032  -46.746  17.043  18.872 0.0000000000
108869  -45.553  14.629  18.878 0.0000000000
111054  -45.360  17.271  17.328 0.0000000000
111815  -42.362  18.313  17.139 0.0000000000
100837  -47.884  4.274  29.306 0.0000000000
101765  -50.211  5.719  28.801 0.0000000000
103477  -50.994  7.382  26.849 0.0000000000
116174  -33.736  24.881  18.475 0.0000000000
115488  -36.591  23.000  17.707 0.0000000000
115512  -39.909  23.422  15.968 0.0000000000
116936  -42.629  25.628  14.343 0.0000000000
116230  -43.744  24.591  12.970 0.0000000000
114219  -45.394  21.216  10.673 0.0000000000
112734  -47.021  18.997  8.624 0.0000000000
114257  -46.420  21.461  5.806 0.0000000000
101761  -44.663  5.615  28.871 0.0000000000
103473  -48.172  7.198  26.334 0.0000000000
104422  -49.935  8.561  23.635 0.0000000000
109559  -41.593  15.858  22.088 0.0000000000
114108  -44.893  22.177  21.349 0.0000000000
110285  -44.881  16.664  21.477 0.0000000000
108163  -44.116  13.390  22.904 0.0000000000
106700  -45.948  11.684  22.462 0.0000000000
105239  -48.866  9.215  20.928 0.0000000000
104462  -51.746  8.083  19.992 0.0000000000
103619  -49.452  6.867  15.991 0.0000000000
104543  -46.902  8.255  12.466 0.0000000000
104573  -43.875  9.003  11.267 0.0000000000
106764  -44.572  11.678  15.947 0.0000000000
106806  -43.880  11.394  12.465 0.0000000000
105307  -40.859  8.908  12.030 0.0000000000
102680  -50.820  6.898  23.918 0.0000000000
102687  -50.118  6.825  23.241 0.0000000000
103528  -50.064  7.130  21.357 0.0000000000
111157  -48.012  17.952  9.735 0.0000000000
111131  -48.068  18.191  11.589 0.0000000000
111143  -47.507  17.730  10.758 0.0000000000
111902  -46.314  18.237  11.713 0.0000000000
105907  -42.592  10.995  23.691 0.0000000000
116890  -41.300  26.155  19.278 0.0000000000
110299  -48.410  16.849  20.020 0.0000000000
111020  -49.168  16.687  21.327 0.0000000000
109577  -49.353  15.098  20.093 0.0000000000
108203  -49.516  13.687  19.589 0.0000000000
108216  -49.398  13.844  18.193 0.0000000000
107517  -48.994  13.018  16.838 0.0000000000
108215  -48.343  13.665  18.179 0.0000000000
115513  -45.961  23.703  14.813 0.0000000000
115503  -45.353  23.719  15.718 0.0000000000
114831  -46.382  22.704  14.710 0.0000000000
111854  -47.776  18.498  15.330 0.0000000000
112622  -47.713  19.727  15.682 0.0000000000
111819  -47.679  18.739  17.089 0.0000000000
111809  -47.814  18.743  18.130 0.0000000000
111056  -46.655  17.906  17.229 0.0000000000
111040  -46.303  17.343  17.987 0.0000000000
111073  -46.239  17.746  16.465 0.0000000000
111850  -43.931  18.860  15.526 0.0000000000
101723  -48.545  5.967  31.653 0.0000000000
100829  -49.224  5.349  31.300 0.0000000000
102595  -49.506  6.443  30.039 0.0000000000
102643  -50.810  6.514  27.846 0.0000000000
103447  -49.564  7.362  28.272 0.0000000000
115518  -35.220  23.902  14.481 0.0000000000
115497  -35.500  23.265  16.409 0.0000000000
115508  -36.507  22.870  15.654 0.0000000000
115490  -38.528  23.026  17.451 0.0000000000
115521  -38.104  23.410  14.859 0.0000000000
116972  -39.771  25.100  11.529 0.0000000000
116945  -40.484  25.052  13.248 0.0000000000
116961  -41.644  25.344  12.450 0.0000000000
116948  -43.718  25.291  13.421 0.0000000000
116962  -42.556  25.265  12.386 0.0000000000
116243  -44.934  24.510  9.016 0.0000000000
115555  -44.047  23.615  10.564 0.0000000000
114229  -45.248  21.740  9.408 0.0000000000
113493  -45.882  20.546  9.874 0.0000000000
113514  -46.108  21.014  7.671 0.0000000000
113523  -46.428  20.597  6.810 0.0000000000
114921  -46.241  22.642  7.088 0.0000000000
102598  -39.942  6.047  29.782 0.0000000000
101728  -40.577  5.906  31.277 0.0000000000
101742  -41.895  5.665  29.880 0.0000000000
101731  -44.056  5.379  30.884 0.0000000000
101760  -43.499  5.634  28.680 0.0000000000
103499  -46.151  7.427  24.643 0.0000000000
102665  -46.550  6.830  26.109 0.0000000000
103500  -47.103  7.454  24.822 0.0000000000
104411  -49.056  8.005  25.267 0.0000000000
104421  -48.607  8.149  23.920 0.0000000000
112594  -40.520  19.896  20.476 0.0000000000
111011  -40.216  17.214  21.584 0.0000000000
111779  -41.968  17.887  21.064 0.0000000000
114802  -45.430  22.663  19.823 0.0000000000
115464  -45.415  23.473  21.176 0.0000000000
114110  -46.236  21.901  21.480 0.0000000000
110272  -47.652  16.657  22.848 0.0000000000
111018  -46.608  18.177  21.938 0.0000000000
109551  -46.371  15.595  22.838 0.0000000000
109562  -44.462  15.771  21.762 0.0000000000
108828  -45.348  14.076  23.219 0.0000000000
107446  -44.831  12.537  23.325 0.0000000000
107448  -46.561  13.135  23.075 0.0000000000
105958  -48.577  10.576  18.209 0.0000000000
105940  -47.635  10.769  20.127 0.0000000000
105257  -49.488  9.199  19.180 0.0000000000
104460  -50.141  8.777  20.241 0.0000000000
104480  -50.296  8.537  18.236 0.0000000000
103605  -51.257  7.056  17.655 0.0000000000
104507  -50.500  8.050  15.934 0.0000000000
105312  -47.878  9.515  11.950 0.0000000000
103671  -48.216  8.208  12.131 0.0000000000
104588  -46.951  8.798  10.689 0.0000000000
104557  -45.462  9.170  11.604 0.0000000000
106041  -45.104  10.062  10.322 0.0000000000
108867  -44.189  14.404  18.883 0.0000000000
107497  -44.936  12.480  18.428 0.0000000000
107513  -43.472  12.712  17.112 0.0000000000
107535  -42.220  12.325  14.866 0.0000000000
107555  -43.450  12.190  13.649 0.0000000000
105291  -42.681  10.481  13.270 0.0000000000
105309  -42.235  9.789  11.816 0.0000000000
105289  -41.222  9.274  13.068 0.0000000000
104538  -40.666  8.775  12.595 0.0000000000
100865  -50.861  4.576  25.938 0.0000000000
103567  -47.630  7.588  19.267 0.0000000000
114194  -47.460  21.302  12.563 0.0000000000
114180  -47.621  21.282  13.306 0.0000000000
113461  -48.184  20.288  12.933 0.0000000000
111878  -48.344  18.732  13.343 0.0000000000
111108  -47.366  17.953  13.873 0.0000000000
111097  -46.512  18.139  14.978 0.0000000000
111877  -46.116  18.457  13.804 0.0000000000
99825  -47.403  4.302  32.853 0.0000000000
100784  -47.031  4.505  34.965 0.0000000000
101721  -47.025  5.689  31.781 0.0000000000
116954  -34.535  25.175  12.607 0.0000000000
116985  -42.510  25.010  10.315 0.0000000000
117003  -45.614  25.514  8.078 0.0000000000
116253  -46.101  24.720  7.316 0.0000000000
102651  -42.626  6.597  26.338 0.0000000000
103505  -43.619  8.168  23.976 0.0000000000
104418  -45.140  8.750  23.268 0.0000000000
114793  -41.828  22.803  20.574 0.0000000000
113411  -48.124  19.990  20.250 0.0000000000
113389  -47.532  20.705  21.712 0.0000000000
111768  -48.330  18.521  22.326 0.0000000000
110273  -48.471  16.514  22.676 0.0000000000
108845  -48.420  14.859  22.713 0.0000000000
108174  -47.966  13.543  21.630 0.0000000000
108186  -48.853  13.734  20.679 0.0000000000
107501  -49.043  12.244  18.778 0.0000000000
106758  -49.401  11.566  17.462 0.0000000000
105284  -49.727  9.336  15.330 0.0000000000
106780  -49.428  11.069  15.898 0.0000000000
105988  -48.556  10.998  15.131 0.0000000000
105997  -47.234  10.415  14.326 0.0000000000
108231  -42.328  13.715  17.156 0.0000000000
108146  -39.515  13.684  23.283 0.0000000000
117655  -43.688  26.015  17.273 0.0000000000
117647  -44.160  26.303  19.103 0.0000000000
116914  -44.577  25.366  17.784 0.0000000000
114815  -44.510  22.615  17.556 0.0000000000
114140  -46.113  21.269  18.531 0.0000000000
113437  -46.794  20.957  15.168 0.0000000000
113422  -46.744  20.541  16.804 0.0000000000
113416  -47.469  20.331  18.563 0.0000000000
112604  -48.335  19.237  19.740 0.0000000000
111034  -48.412  17.714  19.925 0.0000000000
110298  -47.520  16.477  19.558 0.0000000000
108870  -46.773  14.630  19.085 0.0000000000
110297  -46.523  16.136  19.059 0.0000000000
110310  -45.245  16.201  18.284 0.0000000000
110309  -44.435  16.173  18.346 0.0000000000
111834  -45.147  17.919  16.236 0.0000000000
111070  -44.275  17.695  17.221 0.0000000000
100822  -48.148  4.454  31.530 0.0000000000
100838  -48.862  4.697  29.717 0.0000000000
100861  -50.614  4.420  26.813 0.0000000000
100862  -51.143  5.166  26.987 0.0000000000
102668  -51.301  6.468  25.642 0.0000000000
103502  -51.350  7.416  24.922 0.0000000000
116883  -34.983  25.109  19.937 0.0000000000
115475  -35.002  23.959  18.149 0.0000000000
116152  -36.874  25.076  19.605 0.0000000000
116166  -38.391  24.564  18.895 0.0000000000
115481  -40.267  24.198  18.206 0.0000000000
116178  -41.986  24.709  17.580 0.0000000000
116227  -37.242  24.625  13.009 0.0000000000
116216  -39.156  24.456  13.719 0.0000000000
116205  -41.122  24.697  14.649 0.0000000000
116918  -42.791  25.171  16.367 0.0000000000
117668  -44.100  26.038  15.024 0.0000000000
116206  -44.847  25.151  14.296 0.0000000000
115531  -45.038  23.506  13.638 0.0000000000
116237  -43.483  24.392  10.778 0.0000000000
114873  -44.567  22.458  12.256 0.0000000000
114192  -46.354  21.657  12.481 0.0000000000
113481  -47.134  20.516  11.106 0.0000000000
112705  -47.389  19.438  10.047 0.0000000000
111966  -46.653  17.700  7.329 0.0000000000
112753  -46.299  19.700  6.311 0.0000000000
115611  -46.465  23.575  5.877 0.0000000000
101732  -45.173  5.476  30.855 0.0000000000
101746  -46.367  5.724  29.837 0.0000000000
102637  -44.429  6.035  27.265 0.0000000000
102639  -46.314  6.204  27.541 0.0000000000
102641  -48.056  6.561  27.740 0.0000000000
103475  -49.591  7.788  26.922 0.0000000000
104401  -50.596  8.340  25.510 0.0000000000
104424  -51.518  8.221  23.092 0.0000000000
108160  -41.527  14.010  22.652 0.0000000000
116876  -43.947  25.626  20.950 0.0000000000
115462  -43.405  23.453  21.139 0.0000000000
113401  -43.527  20.657  20.398 0.0000000000
112583  -46.119  20.022  21.468 0.0000000000
112598  -44.738  19.488  20.719 0.0000000000
111794  -42.971  18.348  20.744 0.0000000000
110283  -42.749  16.576  21.525 0.0000000000
108841  -43.240  14.238  22.442 0.0000000000
108149  -42.734  12.994  22.950 0.0000000000
106692  -44.046  11.673  23.476 0.0000000000
105910  -44.917  10.740  23.041 0.0000000000
105221  -45.971  9.807  22.479 0.0000000000
106713  -46.791  11.802  21.428 0.0000000000
105237  -47.140  10.240  21.317 0.0000000000
104428  -47.661  8.683  22.651 0.0000000000
104444  -49.347  8.771  21.794 0.0000000000
104431  -50.998  8.587  22.277 0.0000000000
103530  -51.537  7.720  21.426 0.0000000000
102721  -50.960  6.481  19.202 0.0000000000
103587  -49.717  7.053  18.482 0.0000000000
103617  -47.798  7.976  16.388 0.0000000000
103646  -49.506  7.859  14.292 0.0000000000
103644  -48.167  7.824  14.279 0.0000000000
104505  -47.130  8.207  15.598 0.0000000000
104528  -45.759  8.775  13.696 0.0000000000
104540  -43.962  8.793  12.897 0.0000000000
107498  -46.176  12.719  18.339 0.0000000000
105965  -45.862  10.855  16.634 0.0000000000
106798  -45.520  11.298  13.419 0.0000000000
107536  -43.377  13.046  15.078 0.0000000000
107556  -44.083  12.426  13.700 0.0000000000
106819  -44.987  11.045  11.583 0.0000000000
106039  -43.417  10.096  10.557 0.0000000000
105322  -42.216  9.322  11.307 0.0000000000
102688  -50.547  6.927  23.484 0.0000000000
103515  -50.120  7.113  22.326 0.0000000000
103529  -50.848  7.284  21.446 0.0000000000
111156  -47.490  17.348  9.650 0.0000000000
111155  -46.895  17.235  9.864 0.0000000000
105900  -42.048  10.281  23.823 0.0000000000
105906  -41.719  11.049  23.671 0.0000000000
117635  -41.359  26.495  19.623 0.0000000000
117636  -42.566  26.893  19.632 0.0000000000
109576  -48.691  15.724  19.903 0.0000000000
109566  -49.185  15.952  20.351 0.0000000000
108872  -49.100  14.742  19.463 0.0000000000
108887  -48.961  14.356  18.698 0.0000000000
108886  -48.454  14.244  18.684 0.0000000000
115525  -46.412  23.313  14.192 0.0000000000
115514  -46.421  23.121  14.432 0.0000000000
114836  -46.757  22.589  14.195 0.0000000000
112623  -47.975  19.071  16.268 0.0000000000
111837  -47.622  18.579  16.236 0.0000000000
111818  -47.261  18.305  16.703 0.0000000000
111074  -46.853  17.989  16.208 0.0000000000
99845  -46.750  3.926  32.232 0.0000000000
102584  -48.292  6.154  31.165 0.0000000000
102586  -49.263  6.295  30.787 0.0000000000
102594  -48.948  6.593  30.307 0.0000000000
103442  -49.706  7.169  29.084 0.0000000000
102603  -49.204  6.984  29.355 0.0000000000
115529  -35.997  23.797  14.092 0.0000000000
115519  -36.107  23.427  14.694 0.0000000000
115530  -36.521  23.618  14.270 0.0000000000
115509  -37.628  22.926  15.391 0.0000000000
116202  -37.662  23.772  14.244 0.0000000000
116982  -39.917  25.198  10.536 0.0000000000
116973  -40.758  25.068  11.520 0.0000000000
116960  -40.648  25.139  12.455 0.0000000000
116974  -41.676  25.109  11.468 0.0000000000
115567  -45.291  23.739  8.844 0.0000000000
114908  -45.445  22.780  8.543 0.0000000000
114238  -45.707  21.785  8.194 0.0000000000
114920  -45.869  22.687  7.727 0.0000000000
114246  -46.176  21.860  7.414 0.0000000000
115596  -46.021  23.216  7.422 0.0000000000
102615  -40.092  6.254  28.619 0.0000000000
102616  -41.013  6.276  28.379 0.0000000000
102599  -40.874  5.960  29.291 0.0000000000
102600  -41.563  5.882  28.896 0.0000000000
101759  -42.391  5.701  28.898 0.0000000000
103508  -46.674  7.775  24.012 0.0000000000
103509  -47.584  7.785  24.205 0.0000000000
113399  -41.307  20.797  20.288 0.0000000000
111792  -40.745  18.917  20.684 0.0000000000
111793  -41.797  18.703  20.622 0.0000000000
114133  -46.246  21.851  19.874 0.0000000000
114798  -46.082  22.477  20.472 0.0000000000
114127  -46.596  22.100  20.955 0.0000000000
109537  -47.695  15.395  23.239 0.0000000000
109552  -47.102  15.963  22.960 0.0000000000
109536  -46.930  15.240  23.286 0.0000000000
109535  -45.980  14.804  23.126 0.0000000000
108829  -46.347  14.326  23.403 0.0000000000
108153  -46.766  13.694  23.315 0.0000000000
105270  -49.092  9.764  17.633 0.0000000000
105256  -48.633  9.694  19.072 0.0000000000
105263  -49.585  9.149  18.300 0.0000000000
104470  -50.293  8.637  19.243 0.0000000000
104491  -50.340  8.442  17.228 0.0000000000
106029  -47.119  9.773  11.506 0.0000000000
105325  -47.702  9.317  11.073 0.0000000000
106043  -46.920  9.562  10.825 0.0000000000
104587  -46.439  9.057  10.811 0.0000000000
106042  -46.042  9.842  10.629 0.0000000000
108211  -43.523  13.490  18.556 0.0000000000
105984  -42.424  11.302  14.732 0.0000000000
105995  -42.835  11.042  13.986 0.0000000000
105994  -42.410  10.625  14.562 0.0000000000
105290  -42.209  9.928  13.636 0.0000000000
105282  -41.263  9.380  14.228 0.0000000000
101778  -50.771  5.339  25.390 0.0000000000
103547  -47.887  7.318  20.292 0.0000000000
103568  -48.776  7.358  19.385 0.0000000000
113470  -47.803  20.619  11.924 0.0000000000
114195  -47.892  20.788  12.614 0.0000000000
113471  -48.232  20.162  11.991 0.0000000000
111120  -48.049  18.204  12.617 0.0000000000
111890  -48.440  18.742  12.354 0.0000000000
111109  -47.991  18.125  13.609 0.0000000000
111107  -46.746  18.154  14.189 0.0000000000
111118  -46.808  18.046  13.296 0.0000000000
111901  -45.575  18.581  11.935 0.0000000000
100767  -46.778  4.711  36.157 0.0000000000
101705  -47.691  5.663  32.542 0.0000000000
101704  -46.928  5.552  32.801 0.0000000000
116943  -34.000  25.022  13.186 0.0000000000
117002  -44.910  25.801  8.379 0.0000000000
117715  -45.303  26.287  7.901 0.0000000000
118378  -44.484  27.391  7.055 0.0000000000
105212  -43.097  9.596  23.787 0.0000000000
103504  -43.131  8.469  24.068 0.0000000000
104416  -43.403  8.928  23.786 0.0000000000
103506  -44.583  7.906  23.874 0.0000000000
104417  -44.141  8.838  23.526 0.0000000000
116887  -38.384  25.986  19.669 0.0000000000
115461  -42.625  23.723  20.893 0.0000000000
112600  -48.459  19.236  20.865 0.0000000000
112585  -48.420  19.316  21.881 0.0000000000
111785  -48.676  18.197  21.452 0.0000000000
110289  -49.178  16.366  21.556 0.0000000000
110288  -48.881  16.710  22.062 0.0000000000
109564  -49.168  15.703  21.813 0.0000000000
109554  -48.762  15.675  22.482 0.0000000000
108846  -48.969  15.199  22.157 0.0000000000
108175  -48.472  14.172  21.785 0.0000000000
108856  -49.015  14.492  21.332 0.0000000000
108217  -49.766  13.542  18.630 0.0000000000
107486  -49.679  13.170  19.041 0.0000000000
107502  -49.591  12.692  18.428 0.0000000000
106745  -49.520  12.179  17.909 0.0000000000
106769  -49.491  11.322  16.616 0.0000000000
107529  -49.486  12.209  16.856 0.0000000000
106756  -48.166  12.154  16.568 0.0000000000
106768  -48.928  12.052  15.916 0.0000000000
105987  -47.963  10.903  15.214 0.0000000000
105986  -46.995  10.559  15.134 0.0000000000
117663  -44.743  26.159  16.359 0.0000000000
117656  -44.367  26.099  17.822 0.0000000000
116920  -44.787  25.511  16.918 0.0000000000
114822  -45.226  22.682  15.997 0.0000000000
115502  -44.644  23.478  16.676 0.0000000000
114151  -44.887  21.946  17.300 0.0000000000
114144  -44.892  22.087  18.177 0.0000000000
114146  -46.079  21.002  17.295 0.0000000000
113449  -47.870  20.453  13.914 0.0000000000
114169  -47.092  21.508  14.321 0.0000000000
113438  -47.270  20.534  15.035 0.0000000000
113430  -47.766  19.717  16.858 0.0000000000
113429  -47.281  20.190  16.245 0.0000000000
113423  -47.395  20.228  17.410 0.0000000000
113417  -48.012  19.902  19.137 0.0000000000
112609  -48.090  19.260  18.626 0.0000000000
111803  -47.568  18.230  18.575 0.0000000000
111033  -47.643  17.561  19.310 0.0000000000
109575  -47.295  15.470  19.361 0.0000000000
110328  -45.785  17.064  17.731 0.0000000000
110311  -45.977  16.597  18.321 0.0000000000
110327  -45.300  16.792  17.892 0.0000000000
111865  -45.696  18.308  14.858 0.0000000000
111852  -45.584  18.021  15.709 0.0000000000
111851  -44.906  18.328  15.608 0.0000000000
111832  -43.022  18.713  16.279 0.0000000000
111833  -44.207  18.204  16.550 0.0000000000
100814  -48.071  4.594  32.552 0.0000000000
99846  -47.541  4.208  31.992 0.0000000000
100823  -48.757  4.891  31.954 0.0000000000
100839  -49.446  5.300  30.221 0.0000000000
100848  -49.701  5.203  28.764 0.0000000000
100855  -50.533  5.195  27.709 0.0000000000
100856  -51.006  5.468  27.328 0.0000000000
103462  -50.950  6.947  27.490 0.0000000000
102658  -51.327  6.559  26.502 0.0000000000
103492  -51.333  7.361  25.858 0.0000000000
116899  -33.177  25.131  18.768 0.0000000000
116881  -32.664  24.979  19.218 0.0000000000
116161  -33.679  24.853  19.178 0.0000000000
116149  -34.404  24.834  19.761 0.0000000000
116162  -34.472  24.613  18.859 0.0000000000
116182  -34.403  24.697  16.695 0.0000000000
115498  -36.361  22.822  16.823 0.0000000000
115487  -35.642  23.319  17.466 0.0000000000
115476  -35.955  23.635  18.419 0.0000000000
116163  -35.450  24.424  18.947 0.0000000000
115477  -36.978  23.599  18.498 0.0000000000
116165  -37.419  24.410  19.027 0.0000000000
115478  -37.991  23.667  18.432 0.0000000000
115500  -39.405  23.110  16.686 0.0000000000
115491  -39.576  23.471  17.633 0.0000000000
115501  -40.187  23.496  16.940 0.0000000000
116176  -40.676  24.293  18.054 0.0000000000
116192  -40.686  23.857  16.257 0.0000000000
116229  -39.042  24.858  12.957 0.0000000000
116946  -41.559  25.407  13.466 0.0000000000
116218  -41.061  25.074  13.942 0.0000000000
116935  -41.826  25.234  14.459 0.0000000000
116194  -42.262  24.817  15.795 0.0000000000
116927  -42.646  25.312  15.308 0.0000000000
116919  -43.398  25.593  16.139 0.0000000000
116928  -43.436  25.791  15.156 0.0000000000
116949  -44.302  25.291  13.920 0.0000000000
116220  -44.528  24.783  13.815 0.0000000000
116221  -45.326  24.095  14.101 0.0000000000
116231  -44.200  23.963  13.242 0.0000000000
116986  -43.172  24.837  10.125 0.0000000000
116976  -43.042  24.772  11.098 0.0000000000
114218  -44.718  21.989  10.419 0.0000000000
114885  -44.320  22.585  11.116 0.0000000000
114205  -44.877  21.724  11.523 0.0000000000
114191  -45.428  21.895  12.514 0.0000000000
114206  -45.833  21.276  11.727 0.0000000000
114207  -46.723  21.112  11.771 0.0000000000
113480  -46.310  20.697  10.940 0.0000000000
113506  -46.416  19.817  9.170 0.0000000000
112718  -47.111  19.393  9.571 0.0000000000
111922  -47.681  18.498  9.273 0.0000000000
111937  -47.188  18.543  8.442 0.0000000000
111953  -46.880  18.475  8.000 0.0000000000
113531  -46.314  20.530  5.814 0.0000000000
111974  -46.073  19.425  5.938 0.0000000000
113543  -46.242  20.873  5.229 0.0000000000
116263  -46.312  24.703  6.488 0.0000000000
101718  -43.895  5.354  32.028 0.0000000000
101744  -44.304  5.481  29.808 0.0000000000
101745  -45.383  5.603  29.842 0.0000000000
101733  -46.217  5.546  30.827 0.0000000000
101762  -45.642  5.762  28.920 0.0000000000
102662  -43.372  6.851  25.771 0.0000000000
102652  -43.815  6.474  26.476 0.0000000000
102653  -44.887  6.369  26.449 0.0000000000
102666  -47.160  6.817  26.381 0.0000000000
102654  -45.897  6.488  26.650 0.0000000000
102655  -46.809  6.550  26.832 0.0000000000
102640  -47.211  6.350  27.594 0.0000000000
102657  -48.346  6.873  27.255 0.0000000000
102642  -48.696  6.989  27.742 0.0000000000
103474  -48.696  7.346  26.873 0.0000000000
104412  -49.833  8.409  24.834 0.0000000000
104413  -50.757  8.504  24.480 0.0000000000
104414  -51.398  8.171  24.179 0.0000000000
104423  -50.934  8.639  23.391 0.0000000000
110281  -40.853  16.667  21.900 0.0000000000
108838  -40.486  14.772  22.787 0.0000000000
116891  -44.339  25.590  19.601 0.0000000000
117638  -44.080  26.207  20.030 0.0000000000
116155  -44.516  24.828  20.167 0.0000000000
114777  -44.912  22.670  21.486 0.0000000000
115445  -44.794  23.637  21.461 0.0000000000
114796  -44.395  22.569  21.306 0.0000000000
114795  -43.815  22.700  21.136 0.0000000000
114125  -44.428  21.822  21.013 0.0000000000
112572  -47.834  19.678  22.693 0.0000000000
113388  -46.825  20.734  21.841 0.0000000000
112584  -46.856  19.636  21.981 0.0000000000
111016  -45.306  17.391  21.362 0.0000000000
111797  -45.488  18.792  21.135 0.0000000000
111781  -44.697  18.265  20.923 0.0000000000
111795  -44.148  18.550  20.772 0.0000000000
111015  -44.349  17.635  21.109 0.0000000000
111014  -43.166  17.500  21.097 0.0000000000
110284  -43.814  16.630  21.409 0.0000000000
108842  -44.506  14.020  22.780 0.0000000000
109549  -43.972  14.877  22.074 0.0000000000
108162  -43.477  13.507  22.764 0.0000000000
108161  -42.477  13.714  22.662 0.0000000000
108150  -43.668  12.955  23.060 0.0000000000
106691  -43.208  11.696  23.562 0.0000000000
107445  -43.906  12.423  23.353 0.0000000000
106694  -45.438  11.673  22.876 0.0000000000
106693  -44.851  11.682  23.266 0.0000000000
105911  -45.529  10.752  22.587 0.0000000000
105216  -45.261  9.800  22.842 0.0000000000
105917  -46.079  10.746  22.093 0.0000000000
107472  -48.132  12.722  20.467 0.0000000000
107464  -47.380  12.702  21.503 0.0000000000
106722  -47.692  11.745  20.255 0.0000000000
105247  -48.060  9.880  20.139 0.0000000000
105238  -47.839  9.821  20.933 0.0000000000
105223  -47.839  9.374  21.873 0.0000000000
105224  -48.573  9.108  21.620 0.0000000000
104429  -48.908  8.568  22.525 0.0000000000
104461  -51.138  8.452  20.147 0.0000000000
104446  -51.066  8.553  21.178 0.0000000000
104447  -51.741  8.154  20.881 0.0000000000
104432  -51.523  8.178  21.951 0.0000000000
104448  -51.946  7.922  20.460 0.0000000000
103551  -51.456  7.223  20.395 0.0000000000
103571  -51.638  7.193  19.604 0.0000000000
102758  -50.540  6.848  16.458 0.0000000000
102734  -50.129  6.664  17.609 0.0000000000
102746  -50.088  6.553  16.704 0.0000000000
103603  -49.281  7.040  17.191 0.0000000000
103618  -48.651  7.422  16.195 0.0000000000
105293  -49.603  9.202  14.601 0.0000000000
104532  -49.879  8.597  14.734 0.0000000000
104546  -49.108  8.633  13.498 0.0000000000
104544  -47.588  8.012  12.482 0.0000000000
103657  -48.159  7.933  13.289 0.0000000000
104530  -47.496  8.086  13.386 0.0000000000
104518  -47.361  8.163  14.458 0.0000000000
104517  -46.429  8.430  14.675 0.0000000000
104574  -44.677  9.195  11.236 0.0000000000
104541  -45.062  9.078  12.714 0.0000000000
104556  -44.367  9.086  11.882 0.0000000000
104539  -42.987  8.369  13.045 0.0000000000
104555  -43.235  8.710  12.028 0.0000000000
108214  -47.001  13.370  18.433 0.0000000000
108199  -46.195  13.774  18.777 0.0000000000
106753  -44.850  11.565  16.964 0.0000000000
106741  -45.467  11.863  17.836 0.0000000000
106765  -45.321  11.095  16.410 0.0000000000
106777  -45.210  11.132  15.508 0.0000000000
106776  -44.637  11.910  14.971 0.0000000000
108245  -42.241  13.764  16.062 0.0000000000
108257  -42.767  13.453  15.488 0.0000000000
106796  -43.526  11.541  13.070 0.0000000000
107563  -44.050  11.992  12.991 0.0000000000
106797  -44.686  11.825  13.127 0.0000000000
106818  -44.254  11.000  11.712 0.0000000000
106026  -44.608  10.620  10.900 0.0000000000
106025  -43.661  10.557  11.238 0.0000000000
105308  -41.471  9.330  11.846 0.0000000000
104571  -41.613  8.494  11.687 0.0000000000
102674  -50.801  6.209  24.793 0.0000000000
102679  -50.204  6.507  23.929 0.0000000000
102686  -49.270  6.847  22.995 0.0000000000
111915  -48.198  18.633  10.464 0.0000000000
111903  -48.412  18.712  11.379 0.0000000000
111144  -48.053  18.049  10.590 0.0000000000
111130  -47.499  17.920  11.858 0.0000000000
111129  -46.858  18.017  12.247 0.0000000000
111142  -46.638  17.945  10.958 0.0000000000
105211  -42.388  9.543  23.934 0.0000000000
105901  -42.824  10.269  23.747 0.0000000000
116889  -40.720  26.009  19.421 0.0000000000
117624  -42.802  26.788  20.674 0.0000000000
111027  -48.922  17.258  20.737 0.0000000000
110294  -49.048  16.340  20.478 0.0000000000
109567  -49.420  15.743  20.802 0.0000000000
108857  -49.379  14.680  20.631 0.0000000000
108873  -49.436  14.437  19.805 0.0000000000
108888  -49.589  14.203  19.005 0.0000000000
108234  -49.635  13.232  17.827 0.0000000000
108248  -49.435  12.893  17.118 0.0000000000
108233  -49.089  13.337  17.355 0.0000000000
108232  -48.559  13.259  17.517 0.0000000000
107515  -47.623  12.351  17.256 0.0000000000
116195  -45.427  24.795  15.452 0.0000000000
116187  -45.058  24.680  16.345 0.0000000000
114830  -45.848  22.788  15.310 0.0000000000
114158  -45.697  22.175  15.680 0.0000000000
112639  -48.099  19.208  15.071 0.0000000000
112638  -47.885  19.904  14.648 0.0000000000
112613  -47.957  19.234  17.498 0.0000000000
111808  -47.302  18.348  17.693 0.0000000000
111041  -46.972  17.813  18.343 0.0000000000
111055  -45.997  17.439  17.197 0.0000000000
111864  -44.716  18.763  14.797 0.0000000000
100826  -47.395  4.226  30.240 0.0000000000
100816  -48.536  5.518  32.239 0.0000000000
100824  -48.788  5.444  31.970 0.0000000000
101724  -49.084  5.911  31.448 0.0000000000
101736  -49.582  5.920  30.670 0.0000000000
101749  -49.961  6.013  29.542 0.0000000000
101766  -50.565  5.905  28.274 0.0000000000
102605  -50.264  6.528  29.077 0.0000000000
103449  -50.385  7.039  28.512 0.0000000000
103476  -50.288  7.767  27.109 0.0000000000
116910  -33.358  25.462  17.787 0.0000000000
115506  -34.640  24.052  15.137 0.0000000000
115496  -34.733  23.955  16.058 0.0000000000
115507  -35.391  23.471  15.378 0.0000000000
114827  -36.907  22.625  16.431 0.0000000000
114814  -37.727  22.724  17.212 0.0000000000
114829  -38.053  22.774  15.973 0.0000000000
115510  -38.468  23.055  15.545 0.0000000000
115523  -39.569  23.483  15.429 0.0000000000
116944  -39.720  24.812  13.253 0.0000000000
116947  -42.634  25.570  13.394 0.0000000000
116963  -43.147  24.910  12.194 0.0000000000
116242  -44.168  24.419  9.643 0.0000000000
116238  -43.801  24.218  10.345 0.0000000000
115566  -44.612  23.683  9.553 0.0000000000
114228  -44.776  22.338  9.787 0.0000000000
113505  -45.764  20.711  8.677 0.0000000000
113515  -46.265  19.985  8.023 0.0000000000
113522  -46.376  21.291  7.138 0.0000000000
114247  -46.419  21.733  6.720 0.0000000000
102632  -39.322  6.632  27.777 0.0000000000
102614  -39.177  6.489  28.951 0.0000000000
102597  -39.114  6.506  29.923 0.0000000000
101740  -40.207  5.970  30.626 0.0000000000
101730  -42.865  5.302  30.955 0.0000000000
101743  -43.147  5.479  29.829 0.0000000000
103498  -45.143  7.231  24.706 0.0000000000
102664  -45.498  6.820  25.619 0.0000000000
103487  -45.815  7.159  25.083 0.0000000000
103488  -46.444  7.146  25.354 0.0000000000
103489  -47.505  7.170  25.828 0.0000000000
103490  -48.587  7.590  25.922 0.0000000000
103501  -48.103  7.695  24.995 0.0000000000
111777  -39.962  18.184  21.073 0.0000000000
111778  -40.985  17.990  21.027 0.0000000000
111012  -41.325  17.279  21.500 0.0000000000
114801  -44.771  23.192  19.395 0.0000000000
115463  -44.962  24.181  20.846 0.0000000000
115472  -45.363  23.490  20.546 0.0000000000
114778  -45.632  22.744  21.335 0.0000000000
114109  -45.313  21.974  21.383 0.0000000000
111002  -47.310  17.938  22.397 0.0000000000
110271  -46.736  16.615  22.490 0.0000000000
110286  -45.896  16.794  21.802 0.0000000000
109550  -45.283  15.079  22.547 0.0000000000
108843  -45.195  14.391  22.920 0.0000000000
108827  -44.889  13.762  23.083 0.0000000000
108152  -45.647  13.438  23.419 0.0000000000
107447  -45.881  12.621  23.242 0.0000000000
107451  -45.952  12.218  22.807 0.0000000000
106732  -48.468  11.714  19.021 0.0000000000
106731  -48.052  11.722  19.665 0.0000000000
105949  -47.907  10.793  19.465 0.0000000000
105255  -48.169  10.000  19.462 0.0000000000
105248  -48.727  9.473  20.007 0.0000000000
105240  -49.438  9.062  20.504 0.0000000000
105249  -49.295  9.227  19.825 0.0000000000
104471  -51.113  8.250  19.181 0.0000000000
103589  -51.554  6.970  18.646 0.0000000000
104481  -51.010  7.991  18.169 0.0000000000
104492  -50.860  7.632  17.142 0.0000000000
102769  -50.461  7.012  15.794 0.0000000000
105313  -48.485  9.240  12.542 0.0000000000
105314  -48.847  8.922  13.138 0.0000000000
105326  -48.324  9.014  11.596 0.0000000000
104577  -47.728  8.160  11.312 0.0000000000
104559  -47.225  8.169  11.708 0.0000000000
104542  -46.094  8.794  12.529 0.0000000000
105311  -45.937  9.138  11.250 0.0000000000
105323  -45.304  9.252  11.148 0.0000000000
105331  -44.689  9.225  10.952 0.0000000000
108198  -45.098  13.838  18.941 0.0000000000
107482  -45.479  13.167  18.750 0.0000000000
108212  -44.483  13.213  18.766 0.0000000000
107496  -43.860  12.727  18.145 0.0000000000
107526  -44.029  12.262  16.497 0.0000000000
107544  -42.117  13.051  14.973 0.0000000000
108263  -42.770  13.290  14.875 0.0000000000
107545  -42.621  12.621  14.560 0.0000000000
106795  -43.136  11.661  13.603 0.0000000000
106004  -43.150  10.866  12.919 0.0000000000
106014  -42.950  10.366  11.920 0.0000000000
105300  -42.467  10.168  12.620 0.0000000000
105299  -41.735  9.619  12.477 0.0000000000
105298  -41.129  9.196  12.323 0.0000000000
104524  -40.533  8.769  13.532 0.0000000000
99926  -50.570  4.059  26.264 0.0000000000
114850  -47.142  21.919  13.123 0.0000000000
114837  -47.040  22.044  13.683 0.0000000000
113460  -47.918  20.754  13.284 0.0000000000
113450  -48.215  19.967  13.482 0.0000000000
112681  -48.476  19.484  12.143 0.0000000000
112669  -48.381  19.467  13.047 0.0000000000
112656  -48.235  19.553  14.023 0.0000000000
111867  -48.203  18.616  14.340 0.0000000000
111099  -47.743  18.150  14.485 0.0000000000
111087  -47.450  18.218  15.040 0.0000000000
111086  -47.051  18.124  15.395 0.0000000000
111098  -47.181  18.119  14.658 0.0000000000
111866  -46.295  18.279  14.479 0.0000000000
111889  -46.210  18.349  12.668 0.0000000000
111888  -45.363  18.710  12.989 0.0000000000
99824  -46.787  4.007  33.457 0.0000000000
99803  -46.526  4.055  34.496 0.0000000000
100800  -47.041  4.334  34.239 0.0000000000
100801  -47.553  4.784  33.796 0.0000000000
101657  -47.184  5.246  35.486 0.0000000000
101671  -47.273  5.195  34.564 0.0000000000
100802  -47.916  5.228  33.239 0.0000000000
101688  -48.045  5.504  32.918 0.0000000000
101722  -47.861  5.893  31.617 0.0000000000
101735  -47.795  6.053  30.696 0.0000000000
116210  -33.731  25.032  14.356 0.0000000000
116211  -34.144  24.640  13.867 0.0000000000
116212  -35.014  24.327  13.784 0.0000000000
116225  -35.277  24.651  13.081 0.0000000000
116984  -41.725  25.041  10.461 0.0000000000
116993  -43.621  25.114  9.259 0.0000000000
116994  -44.498  25.152  8.864 0.0000000000
116995  -45.150  25.161  8.574 0.0000000000
116247  -45.924  24.728  7.872 0.0000000000
115582  -46.052  24.258  7.559 0.0000000000
117004  -45.922  25.273  7.629 0.0000000000
117723  -45.698  26.394  7.101 0.0000000000
103496  -42.753  7.957  24.503 0.0000000000
103497  -43.948  7.354  24.718 0.0000000000
103507  -45.657  7.824  23.892 0.0000000000
104419  -46.192  8.397  23.344 0.0000000000
114122  -41.050  21.833  20.344 0.0000000000
114123  -42.103  21.766  20.422 0.0000000000
113404  -47.610  20.643  20.690 0.0000000000
114128  -47.115  21.425  20.850 0.0000000000
113405  -48.122  20.062  21.327 0.0000000000
113390  -48.112  20.060  22.211 0.0000000000
111019  -48.986  17.067  21.525 0.0000000000
111004  -48.592  17.452  22.163 0.0000000000
111003  -48.108  17.685  22.682 0.0000000000
109553  -48.279  15.583  23.016 0.0000000000
108831  -47.978  14.993  23.225 0.0000000000
108165  -47.663  13.883  22.631 0.0000000000
108166  -48.376  14.431  22.326 0.0000000000
108185  -48.069  13.222  21.056 0.0000000000
107473  -48.804  13.146  20.142 0.0000000000
108202  -49.112  13.333  19.970 0.0000000000
107485  -48.924  12.700  19.494 0.0000000000
106744  -48.977  11.678  18.257 0.0000000000
106757  -48.940  11.153  17.835 0.0000000000
105968  -49.253  10.501  17.100 0.0000000000
105278  -49.802  9.062  16.204 0.0000000000
105978  -49.407  10.260  16.411 0.0000000000
105989  -49.464  10.129  15.672 0.0000000000
106789  -49.254  10.820  15.312 0.0000000000
107538  -49.131  12.051  15.990 0.0000000000
106779  -49.014  11.491  15.501 0.0000000000
106009  -48.400  10.031  13.973 0.0000000000
106008  -47.620  10.190  13.580 0.0000000000
106007  -46.586  10.552  13.219 0.0000000000
108210  -42.594  13.857  18.171 0.0000000000
108901  -41.882  14.292  17.571 0.0000000000
108230  -41.761  14.137  16.655 0.0000000000
108923  -41.677  13.952  15.688 0.0000000000
108261  -41.922  13.240  15.136 0.0000000000
107534  -41.719  12.753  15.298 0.0000000000
106774  -42.097  11.878  15.122 0.0000000000
105983  -42.130  11.021  15.386 0.0000000000
117646  -43.524  26.563  18.696 0.0000000000
116904  -44.444  25.539  18.639 0.0000000000
116179  -44.429  24.637  18.281 0.0000000000
115493  -44.300  23.608  17.889 0.0000000000
115482  -44.463  23.762  18.926 0.0000000000
114807  -44.726  22.654  18.771 0.0000000000
114139  -45.352  22.028  18.968 0.0000000000
113409  -46.853  20.866  19.148 0.0000000000
114159  -46.348  21.641  15.234 0.0000000000
114153  -46.144  20.919  16.228 0.0000000000
113428  -46.699  20.667  15.718 0.0000000000
113415  -46.801  20.666  17.969 0.0000000000
113410  -47.565  20.478  19.658 0.0000000000
111804  -48.109  18.471  19.248 0.0000000000
109574  -46.081  15.296  18.962 0.0000000000
109592  -45.788  15.898  18.651 0.0000000000
109573  -45.581  15.070  18.818 0.0000000000
109591  -45.116  15.330  18.613 0.0000000000
109590  -43.950  15.410  18.660 0.0000000000
111085  -46.430  17.947  15.731 0.0000000000
111835  -45.585  17.836  16.118 0.0000000000
111071  -44.874  17.629  16.929 0.0000000000
111053  -44.608  17.133  17.687 0.0000000000
99863  -47.572  4.276  31.436 0.0000000000
100827  -48.158  4.443  30.496 0.0000000000
100828  -48.853  4.800  30.937 0.0000000000
100854  -49.780  4.426  27.512 0.0000000000
100860  -50.085  4.086  26.948 0.0000000000
100866  -51.197  4.966  26.381 0.0000000000
101779  -51.202  5.467  25.797 0.0000000000
101773  -51.224  5.851  27.010 0.0000000000
101775  -51.305  5.712  26.378 0.0000000000
102667  -51.083  6.037  25.285 0.0000000000
102675  -51.183  6.757  24.819 0.0000000000
102681  -51.069  6.859  24.370 0.0000000000
103511  -51.331  7.456  23.913 0.0000000000
116175  -34.231  24.629  17.753 0.0000000000
115486  -34.838  23.885  17.101 0.0000000000
116151  -35.915  25.031  19.505 0.0000000000
116885  -36.321  25.486  20.075 0.0000000000
116886  -37.329  25.952  20.070 0.0000000000
116153  -37.836  25.284  19.387 0.0000000000
116154  -38.709  25.320  19.229 0.0000000000
115479  -38.978  23.854  18.349 0.0000000000
116167  -39.381  24.776  18.846 0.0000000000
116900  -39.927  25.151  18.990 0.0000000000
116901  -40.488  25.378  18.983 0.0000000000
116170  -41.614  24.960  18.231 0.0000000000
116903  -42.100  25.326  18.186 0.0000000000
116215  -37.973  24.304  13.723 0.0000000000
116203  -38.686  23.853  14.385 0.0000000000
116204  -40.067  23.898  14.921 0.0000000000
116217  -40.282  24.687  13.937 0.0000000000
116193  -41.418  24.404  15.721 0.0000000000
116185  -42.192  24.661  16.627 0.0000000000
116913  -43.175  25.583  16.973 0.0000000000
117662  -44.064  25.988  15.861 0.0000000000
117669  -44.676  26.064  15.299 0.0000000000
116937  -43.640  25.770  14.357 0.0000000000
117677  -44.425  25.960  14.881 0.0000000000
116939  -45.076  25.484  14.761 0.0000000000
116207  -45.277  24.873  14.568 0.0000000000
115524  -45.890  23.836  14.247 0.0000000000
115532  -45.874  23.499  13.824 0.0000000000
116975  -42.453  25.012  11.331 0.0000000000
116234  -43.461  24.421  11.813 0.0000000000
115554  -43.753  24.057  10.759 0.0000000000
115545  -44.062  23.257  11.777 0.0000000000
115538  -43.829  23.874  12.377 0.0000000000
115539  -44.380  23.235  12.841 0.0000000000
114860  -45.189  22.717  13.184 0.0000000000
114862  -46.766  22.018  12.929 0.0000000000
114193  -47.027  21.511  12.394 0.0000000000
114208  -47.340  20.919  11.857 0.0000000000
113482  -47.644  20.319  11.291 0.0000000000
113494  -46.858  19.894  10.209 0.0000000000
112706  -47.888  19.268  10.370 0.0000000000
111923  -47.851  18.481  9.596 0.0000000000
111168  -47.604  17.510  8.994 0.0000000000
112746  -46.504  19.295  7.419 0.0000000000
111965  -46.359  18.348  6.915 0.0000000000
115597  -46.201  23.699  7.002 0.0000000000
114935  -46.453  22.596  6.276 0.0000000000
101702  -44.943  5.406  33.118 0.0000000000
101719  -45.031  5.367  31.949 0.0000000000
101720  -46.105  5.390  31.870 0.0000000000
101734  -47.118  5.753  30.784 0.0000000000
101748  -47.880  6.149  30.037 0.0000000000
102636  -43.314  5.985  27.404 0.0000000000
101768  -44.178  5.709  28.018 0.0000000000
101769  -45.033  5.777  28.057 0.0000000000
102638  -45.400  6.095  27.331 0.0000000000
101770  -45.878  5.939  28.130 0.0000000000
101763  -46.617  5.929  28.847 0.0000000000
102620  -47.534  6.284  28.643 0.0000000000
102602  -48.311  6.455  29.579 0.0000000000
102622  -49.118  7.176  28.424 0.0000000000
103459  -49.259  7.398  27.671 0.0000000000
104388  -50.051  8.080  26.646 0.0000000000
104399  -49.175  7.923  25.884 0.0000000000
104400  -49.753  8.211  26.012 0.0000000000
104390  -51.071  7.984  26.011 0.0000000000
104402  -51.231  8.081  25.180 0.0000000000
103517  -51.466  7.727  22.751 0.0000000000
108826  -39.818  14.364  23.047 0.0000000000
108147  -40.614  13.723  22.942 0.0000000000
107442  -41.023  12.656  23.175 0.0000000000
117637  -43.582  26.829  19.828 0.0000000000
116875  -43.095  25.786  21.074 0.0000000000
116141  -44.397  24.923  20.906 0.0000000000
116140  -43.657  24.528  21.242 0.0000000000
114794  -42.841  22.704  20.755 0.0000000000
114124  -43.204  21.748  20.570 0.0000000000
113400  -42.395  20.716  20.244 0.0000000000
114111  -46.936  21.496  21.497 0.0000000000
113387  -45.858  21.068  21.378 0.0000000000
111783  -46.115  18.858  21.555 0.0000000000
113403  -45.328  20.290  21.046 0.0000000000
113402  -44.519  20.503  20.683 0.0000000000
112597  -43.776  19.496  20.473 0.0000000000
112596  -42.667  19.579  20.338 0.0000000000
111013  -42.240  17.262  21.362 0.0000000000
109560  -42.317  15.817  21.860 0.0000000000
109561  -43.340  15.761  21.741 0.0000000000
109547  -41.838  15.224  22.184 0.0000000000
108840  -42.178  14.459  22.368 0.0000000000
108148  -41.722  13.217  22.869 0.0000000000
107443  -42.027  12.456  23.236 0.0000000000
106690  -42.322  11.735  23.533 0.0000000000
105908  -43.367  10.935  23.637 0.0000000000
105909  -44.112  10.686  23.428 0.0000000000
105215  -44.512  9.746  23.210 0.0000000000
104426  -45.809  9.097  22.879 0.0000000000
104427  -46.589  8.910  22.727 0.0000000000
107453  -47.411  13.249  22.094 0.0000000000
107463  -46.749  12.289  21.844 0.0000000000
106701  -46.384  11.726  21.961 0.0000000000
105932  -47.275  10.887  20.676 0.0000000000
105931  -46.896  11.120  21.088 0.0000000000
105918  -46.539  10.861  21.550 0.0000000000
105222  -46.772  9.719  22.009 0.0000000000
104430  -50.116  8.676  22.525 0.0000000000
104445  -50.058  8.757  21.377 0.0000000000
103550  -50.738  6.938  20.561 0.0000000000
102736  -51.241  6.584  18.720 0.0000000000
102735  -50.669  6.589  18.363 0.0000000000
103586  -48.501  7.450  18.260 0.0000000000
103602  -48.216  7.678  17.205 0.0000000000
105285  -50.091  8.674  15.583 0.0000000000
104519  -50.220  8.313  15.161 0.0000000000
103633  -49.651  7.171  15.133 0.0000000000
103658  -48.687  8.091  13.188 0.0000000000
103645  -48.862  7.563  14.169 0.0000000000
103632  -48.810  7.268  15.130 0.0000000000
103631  -48.046  7.849  15.336 0.0000000000
104490  -46.873  8.236  16.819 0.0000000000
104504  -46.117  8.276  15.856 0.0000000000
104516  -45.403  8.569  14.902 0.0000000000
104527  -44.673  8.790  13.888 0.0000000000
108200  -47.441  14.026  18.807 0.0000000000
107499  -47.478  12.761  17.756 0.0000000000
106743  -47.254  12.246  17.338 0.0000000000
106742  -46.625  12.050  17.587 0.0000000000
105966  -46.401  10.949  16.603 0.0000000000
105985  -45.984  10.580  15.229 0.0000000000
105996  -46.182  10.699  14.163 0.0000000000
106809  -45.932  10.915  12.644 0.0000000000
107495  -42.961  13.158  17.712 0.0000000000
107546  -43.384  12.752  14.382 0.0000000000
107547  -44.047  12.558  14.558 0.0000000000
106786  -44.731  11.982  14.014 0.0000000000
106808  -45.248  11.323  12.432 0.0000000000
106016  -45.743  10.730  11.745 0.0000000000
106027  -45.498  10.476  10.919 0.0000000000
106040  -44.201  10.144  10.471 0.0000000000
105346  -43.638  9.403  10.298 0.0000000000
106024  -42.783  10.044  11.111 0.0000000000
106038  -42.898  9.728  10.694 0.0000000000
104572  -42.890  8.939  11.252 0.0000000000
99940  -50.453  3.888  25.795 0.0000000000
100768  -47.220  5.071  35.938 0.0000000000
100785  -47.328  4.927  35.255 0.0000000000
100821  -47.636  4.330  30.986 0.0000000000
100849  -50.265  5.480  28.391 0.0000000000
101706  -48.299  5.673  32.294 0.0000000000
101707  -48.662  5.691  31.955 0.0000000000
101747  -47.247  5.906  29.838 0.0000000000
101750  -50.338  6.155  28.875 0.0000000000
101764  -47.236  6.063  29.200 0.0000000000
101771  -46.372  6.008  28.154 0.0000000000
101772  -50.923  5.877  27.576 0.0000000000
102585  -48.790  6.318  31.070 0.0000000000
102601  -47.621  6.188  29.473 0.0000000000
102604  -49.935  6.834  29.329 0.0000000000
102619  -46.795  6.088  28.139 0.0000000000
102621  -48.518  6.714  28.583 0.0000000000
102623  -50.305  6.921  28.884 0.0000000000
102624  -50.525  6.626  28.521 0.0000000000
102644  -51.144  6.534  27.242 0.0000000000
102656  -47.779  6.772  26.806 0.0000000000
102670  -44.566  7.057  25.027 0.0000000000
102671  -44.882  6.938  25.207 0.0000000000
102708  -51.191  6.695  19.869 0.0000000000
102709  -51.498  6.913  19.790 0.0000000000
102722  -51.411  6.747  19.302 0.0000000000
102747  -50.771  6.651  17.372 0.0000000000
102748  -51.204  6.657  18.121 0.0000000000
102757  -50.142  6.708  15.842 0.0000000000
102768  -50.217  7.004  15.432 0.0000000000
103441  -49.534  7.232  28.780 0.0000000000
103448  -50.024  7.266  28.620 0.0000000000
103460  -49.882  7.559  27.778 0.0000000000
103461  -50.507  7.167  27.860 0.0000000000
103491  -49.181  7.798  26.320 0.0000000000
103510  -51.188  7.413  23.341 0.0000000000
103531  -51.890  7.869  20.807 0.0000000000
103552  -51.813  7.703  20.521 0.0000000000
103570  -50.543  6.777  19.805 0.0000000000
103572  -51.741  7.509  20.069 0.0000000000
103588  -50.395  6.788  19.087 0.0000000000
103604  -50.909  7.061  16.936 0.0000000000
103620  -50.640  7.330  16.233 0.0000000000
103634  -50.260  7.553  15.265 0.0000000000
103647  -49.953  8.146  14.688 0.0000000000
103659  -49.184  8.272  13.645 0.0000000000
103670  -48.056  7.970  12.413 0.0000000000
103682  -47.948  7.996  11.814 0.0000000000
103683  -48.022  8.143  11.621 0.0000000000
104389  -50.516  8.090  26.398 0.0000000000
104410  -42.790  8.865  24.042 0.0000000000
104463  -51.840  7.742  20.034 0.0000000000
104472  -51.563  7.633  19.208 0.0000000000
104473  -51.735  7.530  19.765 0.0000000000
104482  -51.301  7.411  18.071 0.0000000000
104493  -51.190  7.353  17.623 0.0000000000
104506  -50.393  8.329  16.473 0.0000000000
104529  -46.687  8.392  13.511 0.0000000000
104531  -49.533  8.525  14.171 0.0000000000
104545  -48.852  8.448  13.214 0.0000000000
104558  -46.418  8.738  11.506 0.0000000000
104560  -47.682  8.009  11.897 0.0000000000
104561  -48.534  8.615  12.531 0.0000000000
104562  -48.822  8.643  13.117 0.0000000000
104575  -46.426  8.876  10.963 0.0000000000
104576  -47.055  8.423  11.031 0.0000000000
104578  -48.198  8.414  11.480 0.0000000000
104584  -43.114  8.883  10.811 0.0000000000
104585  -43.935  8.878  10.832 0.0000000000
104586  -44.176  9.130  10.810 0.0000000000
104589  -47.559  8.526  10.765 0.0000000000
104590  -47.929  8.408  10.998 0.0000000000
104597  -43.504  9.124  10.455 0.0000000000
104598  -43.770  9.055  10.435 0.0000000000
104599  -44.016  9.047  10.539 0.0000000000
105262  -48.895  9.698  18.287 0.0000000000
105279  -50.220  8.516  16.012 0.0000000000
105294  -49.974  8.842  15.053 0.0000000000
105301  -48.675  9.442  13.459 0.0000000000
105302  -49.219  9.102  13.820 0.0000000000
105310  -45.677  9.232  11.167 0.0000000000
105324  -45.931  9.149  11.052 0.0000000000
105330  -42.850  9.366  10.806 0.0000000000
105332  -45.553  9.400  10.852 0.0000000000
105333  -46.607  9.261  10.733 0.0000000000
105334  -47.376  9.032  10.616 0.0000000000
105335  -47.988  8.768  10.894 0.0000000000
105345  -43.121  9.431  10.446 0.0000000000
105347  -44.163  9.284  10.511 0.0000000000
105348  -44.649  9.369  10.736 0.0000000000
105902  -43.418  10.244  23.617 0.0000000000
105950  -48.253  10.733  18.804 0.0000000000
105967  -48.919  10.559  17.654 0.0000000000
105975  -45.885  10.673  16.105 0.0000000000
105976  -46.876  10.787  16.032 0.0000000000
105977  -47.592  11.025  15.718 0.0000000000
105998  -48.138  10.503  14.543 0.0000000000
105999  -48.898  10.662  14.837 0.0000000000
106000  -49.355  10.028  14.994 0.0000000000
106005  -43.549  11.174  12.653 0.0000000000
106006  -46.047  10.886  13.471 0.0000000000
106015  -43.529  10.859  12.163 0.0000000000
106018  -47.290  9.986  12.510 0.0000000000
106019  -48.079  9.736  12.971 0.0000000000
106028  -46.357  10.193  11.138 0.0000000000
106053  -42.850  9.872  10.432 0.0000000000
106054  -43.100  10.039  10.327 0.0000000000
106055  -44.158  10.005  10.234 0.0000000000
106056  -44.566  9.640  10.482 0.0000000000
106714  -47.308  11.864  20.873 0.0000000000
106754  -45.981  11.223  17.164 0.0000000000
106766  -47.555  11.319  16.134 0.0000000000
106767  -48.295  11.749  15.984 0.0000000000
106775  -42.475  11.885  14.536 0.0000000000
106778  -48.509  11.323  15.453 0.0000000000
106785  -42.769  11.933  14.079 0.0000000000
106787  -45.320  11.250  14.516 0.0000000000
106788  -49.101  11.075  15.182 0.0000000000
106799  -46.011  10.956  13.167 0.0000000000
106807  -44.510  11.467  12.370 0.0000000000
106817  -43.849  10.936  11.878 0.0000000000
107444  -42.985  12.379  23.338 0.0000000000
107452  -46.666  12.728  22.496 0.0000000000
107483  -46.027  13.228  18.628 0.0000000000
107500  -48.252  13.099  17.635 0.0000000000
107514  -44.366  12.166  17.553 0.0000000000
107516  -48.359  12.669  17.067 0.0000000000
107527  -48.496  12.334  16.479 0.0000000000
107528  -49.039  12.514  16.438 0.0000000000
107539  -49.331  11.869  16.171 0.0000000000
107554  -42.962  12.182  13.921 0.0000000000
107562  -43.756  11.819  13.054 0.0000000000
108151  -44.642  13.308  23.180 0.0000000000
108154  -47.437  14.181  23.206 0.0000000000
108159  -40.972  14.312  22.740 0.0000000000
108164  -46.912  13.394  22.938 0.0000000000
108187  -49.417  14.155  20.165 0.0000000000
108197  -44.220  13.952  18.924 0.0000000000
108201  -48.133  14.159  18.731 0.0000000000
108213  -46.335  13.273  18.564 0.0000000000
108244  -41.737  14.101  16.134 0.0000000000
108247  -49.233  12.982  16.928 0.0000000000
108255  -41.625  13.542  15.397 0.0000000000
108262  -42.048  13.262  14.759 0.0000000000
108844  -47.801  14.515  23.098 0.0000000000
108849  -48.825  14.704  22.014 0.0000000000
108868  -44.724  14.390  18.872 0.0000000000
108884  -44.392  14.797  18.795 0.0000000000
108885  -44.944  14.768  18.750 0.0000000000
109534  -45.491  14.552  23.004 0.0000000000
109548  -42.800  15.044  22.088 0.0000000000
109563  -45.343  16.005  21.923 0.0000000000
110257  -47.519  15.830  23.115 0.0000000000
110258  -47.977  16.014  23.130 0.0000000000
110270  -45.945  16.011  22.361 0.0000000000
110274  -48.932  16.188  22.157 0.0000000000
110282  -41.732  16.523  21.778 0.0000000000
110287  -46.552  17.458  22.041 0.0000000000
110295  -49.275  16.550  21.013 0.0000000000
111017  -46.008  17.795  21.578 0.0000000000
111025  -43.220  17.938  20.906 0.0000000000
111026  -43.557  17.990  20.921 0.0000000000
111028  -49.137  16.880  21.161 0.0000000000
111052  -43.710  17.529  17.684 0.0000000000
111072  -45.595  17.647  16.592 0.0000000000
111084  -45.919  17.804  15.982 0.0000000000
111096  -46.040  17.990  15.445 0.0000000000
111169  -47.854  17.999  9.268 0.0000000000
111766  -47.444  19.193  22.428 0.0000000000
111780  -42.567  17.739  21.052 0.0000000000
111782  -45.304  18.193  21.144 0.0000000000
111784  -46.901  18.788  22.097 0.0000000000
111796  -45.004  18.755  20.854 0.0000000000
111817  -43.893  17.909  17.169 0.0000000000
111853  -47.421  18.247  15.388 0.0000000000
111913  -45.958  18.253  11.194 0.0000000000
111914  -46.344  18.127  11.295 0.0000000000
111938  -47.517  18.253  8.765 0.0000000000
111939  -47.763  18.213  9.224 0.0000000000
112571  -47.426  20.018  22.301 0.0000000000
112573  -48.169  19.457  22.564 0.0000000000
112599  -45.483  19.373  21.102 0.0000000000
112693  -48.309  19.393  11.243 0.0000000000
112704  -47.153  19.518  9.959 0.0000000000
112719  -47.565  18.849  9.441 0.0000000000
112720  -47.801  18.845  9.808 0.0000000000
112735  -47.420  18.675  8.932 0.0000000000
113377  -47.430  20.460  22.155 0.0000000000
113378  -47.771  20.175  22.372 0.0000000000
113379  -48.061  19.976  22.686 0.0000000000
113495  -47.509  19.893  10.654 0.0000000000
113496  -47.797  19.864  10.907 0.0000000000
114126  -45.112  21.167  21.080 0.0000000000
114132  -45.684  22.176  19.570 0.0000000000
114138  -44.963  22.220  18.643 0.0000000000
114145  -45.408  21.562  17.790 0.0000000000
114160  -46.884  21.144  14.889 0.0000000000
114168  -46.657  22.135  14.553 0.0000000000
114181  -47.937  20.832  13.024 0.0000000000
114776  -44.407  23.048  21.447 0.0000000000
114779  -46.168  22.560  21.100 0.0000000000
114797  -45.785  22.996  20.802 0.0000000000
114803  -45.949  22.354  20.078 0.0000000000
114808  -45.142  22.416  19.205 0.0000000000
114812  -36.745  22.749  17.183 0.0000000000
114813  -37.145  22.716  17.284 0.0000000000
114818  -36.902  22.640  16.895 0.0000000000
114819  -37.360  22.614  16.755 0.0000000000
114820  -37.982  22.689  16.633 0.0000000000
114821  -44.796  22.403  16.707 0.0000000000
114828  -37.421  22.646  16.109 0.0000000000
114847  -45.356  23.094  13.485 0.0000000000
114848  -45.735  23.023  13.487 0.0000000000
114861  -46.060  22.359  13.078 0.0000000000
114863  -47.138  21.730  12.761 0.0000000000
114896  -44.451  22.822  10.088 0.0000000000
114897  -44.926  22.862  9.333 0.0000000000
115444  -44.083  23.590  21.365 0.0000000000
115446  -45.250  23.193  21.469 0.0000000000
115471  -44.848  23.850  19.876 0.0000000000
115480  -39.814  24.077  18.303 0.0000000000
115489  -37.510  23.013  17.836 0.0000000000
115492  -40.264  23.854  17.771 0.0000000000
115499  -38.652  22.849  16.327 0.0000000000
115511  -39.209  23.163  15.805 0.0000000000
115517  -34.649  24.162  14.644 0.0000000000
115520  -37.090  23.352  14.558 0.0000000000
115522  -39.043  23.434  15.110 0.0000000000
115528  -35.512  24.053  13.983 0.0000000000
115533  -46.270  23.421  13.948 0.0000000000
115544  -43.718  23.932  11.350 0.0000000000
116124  -44.295  24.050  21.383 0.0000000000
116125  -44.483  24.323  21.272 0.0000000000
116150  -35.092  24.923  19.537 0.0000000000
116164  -36.416  24.341  19.061 0.0000000000
116168  -40.232  24.672  18.579 0.0000000000
116169  -40.988  24.873  18.469 0.0000000000
116177  -41.295  24.449  17.784 0.0000000000
116183  -40.783  24.012  17.277 0.0000000000
116184  -41.445  24.273  16.871 0.0000000000
116186  -44.601  24.598  17.289 0.0000000000
116199  -34.205  24.539  14.698 0.0000000000
116200  -34.630  24.289  14.290 0.0000000000
116201  -37.214  23.688  14.186 0.0000000000
116213  -35.812  24.198  13.598 0.0000000000
116219  -43.983  24.931  13.432 0.0000000000
116224  -34.574  24.720  13.283 0.0000000000
116246  -45.530  24.610  8.422 0.0000000000
116877  -44.251  25.570  20.385 0.0000000000
116882  -33.185  24.931  19.263 0.0000000000
116902  -41.438  25.668  18.815 0.0000000000
116912  -42.631  25.301  17.447 0.0000000000
116926  -41.912  24.852  15.132 0.0000000000
116929  -44.884  25.919  14.994 0.0000000000
116930  -45.158  25.733  15.223 0.0000000000
116938  -44.604  25.601  14.512 0.0000000000
117008  -45.783  25.758  7.562 0.0000000000
117009  -46.013  25.481  7.120 0.0000000000
117626  -44.032  25.997  20.528 0.0000000000
117633  -38.937  26.360  20.092 0.0000000000
117644  -41.670  26.157  19.127 0.0000000000
117654  -43.060  25.785  17.594 0.0000000000
117664  -45.188  26.057  15.837 0.0000000000
117670  -45.029  26.178  15.648 0.0000000000
117676  -44.222  25.923  14.681 0.0000000000
117716  -45.637  26.023  7.700 0.0000000000
117722  -44.996  27.036  7.630 0.0000000000
