#!ascii label  , from subject sub.01.dh.02 vox2ras=TkReg
1131
54174  -3.821  -37.613  60.120 0.0000000000
59250  -30.935  -34.248  50.483 0.0000000000
65343  -28.286  -29.936  48.754 0.0000000000
60312  -23.325  -31.558  53.448 0.0000000000
74733  -33.025  -21.415  39.002 0.0000000000
72455  -26.734  -23.101  43.346 0.0000000000
58063  -31.155  -33.757  55.625 0.0000000000
56920  -27.330  -34.488  52.238 0.0000000000
75792  -37.781  -19.303  41.142 0.0000000000
78941  -40.998  -17.264  38.931 0.0000000000
80090  -42.847  -15.280  37.156 0.0000000000
71187  -27.578  -23.926  51.478 0.0000000000
68875  -26.062  -26.641  46.557 0.0000000000
74610  -28.960  -21.051  48.574 0.0000000000
73535  -32.779  -21.367  46.192 0.0000000000
61420  -16.444  -31.870  52.113 0.0000000000
51760  -2.159  -39.489  62.755 0.0000000000
63993  -31.485  -32.347  49.264 0.0000000000
68784  -29.629  -26.801  53.704 0.0000000000
62719  -19.251  -30.511  48.373 0.0000000000
60407  -24.287  -33.222  46.225 0.0000000000
80152  -40.832  -15.854  31.573 0.0000000000
85379  -43.757  -11.277  35.276 0.0000000000
73599  -30.367  -21.863  41.008 0.0000000000
73574  -35.864  -21.658  44.026 0.0000000000
55509  -6.881  -35.799  56.237 0.0000000000
45866  -1.000  -45.430  59.496 0.0000000000
77952  -39.155  -18.135  40.063 0.0000000000
73491  -27.154  -22.086  49.466 0.0000000000
58124  -15.639  -34.748  51.004 0.0000000000
52946  -3.325  -38.318  61.557 0.0000000000
59322  -32.093  -34.407  46.876 0.0000000000
60347  -32.108  -33.040  50.014 0.0000000000
61450  -22.063  -30.604  50.939 0.0000000000
62722  -21.997  -31.536  47.498 0.0000000000
60345  -24.119  -32.015  49.905 0.0000000000
56923  -29.035  -34.695  51.481 0.0000000000
56978  -27.789  -35.517  48.406 0.0000000000
56980  -29.540  -35.786  48.525 0.0000000000
61385  -21.760  -30.786  55.768 0.0000000000
62666  -19.993  -30.442  53.153 0.0000000000
78005  -36.797  -18.234  35.082 0.0000000000
81297  -38.982  -15.934  32.633 0.0000000000
83382  -43.187  -13.533  36.938 0.0000000000
70104  -25.867  -25.518  44.359 0.0000000000
73579  -28.533  -22.422  41.572 0.0000000000
73547  -34.537  -21.538  45.317 0.0000000000
55559  -12.482  -35.308  53.533 0.0000000000
55513  -10.669  -35.620  55.542 0.0000000000
55491  -8.950  -35.423  57.380 0.0000000000
56823  -8.782  -36.444  53.839 0.0000000000
47128  -1.949  -44.947  58.671 0.0000000000
56901  -30.738  -33.728  53.205 0.0000000000
59222  -31.914  -32.714  52.596 0.0000000000
60287  -32.163  -32.188  55.401 0.0000000000
59164  -25.357  -32.967  56.518 0.0000000000
59218  -25.659  -33.352  52.357 0.0000000000
56837  -27.532  -34.199  54.568 0.0000000000
55594  -29.573  -34.616  54.486 0.0000000000
74726  -35.868  -20.729  39.834 0.0000000000
76922  -36.799  -18.982  39.009 0.0000000000
77984  -38.057  -17.697  38.026 0.0000000000
78978  -39.595  -16.772  36.378 0.0000000000
80103  -40.441  -15.641  35.679 0.0000000000
78954  -42.685  -16.620  37.896 0.0000000000
70023  -27.956  -26.517  50.515 0.0000000000
66537  -26.734  -28.688  47.359 0.0000000000
70021  -27.213  -25.448  49.287 0.0000000000
72424  -26.573  -23.398  47.878 0.0000000000
73531  -28.173  -21.597  46.437 0.0000000000
73542  -29.410  -21.232  45.359 0.0000000000
74621  -30.483  -20.964  47.621 0.0000000000
59174  -15.450  -33.207  54.155 0.0000000000
56887  -14.379  -35.359  52.111 0.0000000000
85405  -44.423  -11.753  31.081 0.0000000000
51735  -1.229  -39.134  62.713 0.0000000000
61511  -32.385  -32.965  46.950 0.0000000000
63980  -30.591  -30.565  49.537 0.0000000000
63957  -31.779  -30.901  52.296 0.0000000000
66505  -30.404  -29.740  51.680 0.0000000000
66503  -28.971  -28.720  51.119 0.0000000000
71168  -28.723  -25.242  52.717 0.0000000000
59264  -25.703  -33.644  48.975 0.0000000000
63912  -18.759  -29.740  54.427 0.0000000000
62693  -17.168  -30.987  50.870 0.0000000000
82347  -41.076  -14.059  34.707 0.0000000000
83418  -41.722  -12.836  33.589 0.0000000000
84418  -43.364  -12.296  31.718 0.0000000000
86316  -45.017  -10.006  34.529 0.0000000000
53034  -4.001  -39.430  56.256 0.0000000000
51873  -2.884  -40.169  57.970 0.0000000000
73650  -32.643  -22.007  39.636 0.0000000000
74660  -31.350  -21.462  43.953 0.0000000000
73584  -33.576  -22.718  42.467 0.0000000000
73628  -35.147  -21.708  41.138 0.0000000000
74690  -36.699  -20.591  42.160 0.0000000000
54216  -5.358  -36.552  58.425 0.0000000000
49429  -2.152  -41.465  60.513 0.0000000000
49413  -1.576  -41.758  61.165 0.0000000000
49412  -0.547  -42.120  61.067 0.0000000000
52962  -3.326  -38.288  60.676 0.0000000000
59287  -30.860  -34.436  49.166 0.0000000000
58198  -32.035  -34.237  48.386 0.0000000000
58153  -31.488  -33.674  50.479 0.0000000000
61423  -22.749  -31.033  52.457 0.0000000000
61451  -22.955  -31.093  50.369 0.0000000000
60322  -23.600  -31.661  52.106 0.0000000000
58151  -30.216  -34.477  50.647 0.0000000000
56958  -29.233  -35.494  49.296 0.0000000000
58171  -30.217  -34.794  49.630 0.0000000000
58215  -30.348  -35.693  47.413 0.0000000000
60283  -23.379  -31.691  55.604 0.0000000000
60282  -22.494  -31.114  55.928 0.0000000000
60297  -22.752  -31.282  54.606 0.0000000000
61421  -21.385  -30.490  53.312 0.0000000000
80127  -38.439  -16.220  33.546 0.0000000000
64024  -29.783  -31.582  47.458 0.0000000000
64005  -28.502  -30.749  47.781 0.0000000000
71301  -26.068  -24.237  43.899 0.0000000000
71314  -26.544  -24.227  42.729 0.0000000000
72456  -27.227  -22.614  42.693 0.0000000000
55583  -11.190  -36.042  53.010 0.0000000000
55535  -12.005  -35.340  54.392 0.0000000000
55557  -10.769  -35.999  53.886 0.0000000000
56800  -9.703  -36.137  54.576 0.0000000000
56851  -9.571  -36.529  53.221 0.0000000000
58081  -31.015  -33.688  54.629 0.0000000000
59178  -31.615  -32.878  54.944 0.0000000000
60286  -31.809  -32.912  55.839 0.0000000000
58031  -25.963  -33.605  57.388 0.0000000000
58062  -26.651  -33.525  55.573 0.0000000000
56789  -27.425  -34.319  56.586 0.0000000000
56792  -30.392  -34.490  56.413 0.0000000000
55523  -29.678  -34.819  55.705 0.0000000000
56840  -30.288  -34.403  54.745 0.0000000000
56870  -30.014  -34.224  53.835 0.0000000000
75807  -36.950  -19.768  40.677 0.0000000000
75826  -36.823  -19.707  39.983 0.0000000000
75827  -37.528  -19.278  40.136 0.0000000000
78940  -40.115  -17.830  39.124 0.0000000000
76925  -38.953  -18.479  38.806 0.0000000000
77986  -39.714  -17.755  37.865 0.0000000000
78965  -39.228  -17.306  37.199 0.0000000000
78966  -40.367  -17.313  37.357 0.0000000000
78967  -41.399  -16.913  37.335 0.0000000000
78942  -41.796  -17.170  38.606 0.0000000000
71211  -27.662  -25.174  50.973 0.0000000000
70022  -27.644  -26.188  49.870 0.0000000000
71222  -26.922  -24.562  49.874 0.0000000000
74588  -28.418  -21.086  49.289 0.0000000000
73510  -26.599  -22.783  48.893 0.0000000000
73512  -27.751  -21.561  48.048 0.0000000000
73530  -27.116  -22.282  46.738 0.0000000000
74629  -28.661  -21.308  47.338 0.0000000000
74630  -29.502  -21.123  47.009 0.0000000000
74611  -30.020  -20.872  48.548 0.0000000000
62635  -16.621  -31.089  53.952 0.0000000000
61383  -15.744  -31.457  55.116 0.0000000000
60295  -15.912  -32.248  53.418 0.0000000000
56888  -14.947  -34.882  52.004 0.0000000000
86335  -45.197  -10.782  31.805 0.0000000000
86342  -46.056  -10.852  30.709 0.0000000000
50552  -1.973  -39.377  62.963 0.0000000000
60373  -33.123  -33.141  48.336 0.0000000000
60388  -32.631  -33.506  47.308 0.0000000000
62740  -31.988  -32.731  48.180 0.0000000000
62739  -31.230  -32.177  48.091 0.0000000000
62710  -31.096  -31.666  49.464 0.0000000000
61411  -32.412  -31.384  54.161 0.0000000000
61424  -32.260  -31.994  52.722 0.0000000000
65310  -32.087  -30.471  53.709 0.0000000000
67613  -30.473  -28.023  54.483 0.0000000000
66487  -30.764  -29.752  53.232 0.0000000000
66485  -29.837  -28.537  52.885 0.0000000000
66504  -29.707  -29.194  51.423 0.0000000000
68804  -28.991  -27.557  52.483 0.0000000000
68803  -28.703  -27.137  52.160 0.0000000000
69984  -29.240  -26.456  53.113 0.0000000000
61490  -23.281  -32.486  46.830 0.0000000000
58131  -26.446  -34.009  51.880 0.0000000000
58149  -25.932  -33.712  51.318 0.0000000000
56954  -26.825  -34.175  50.590 0.0000000000
56996  -27.054  -35.247  47.393 0.0000000000
63898  -19.764  -30.039  55.671 0.0000000000
63966  -19.381  -29.816  50.548 0.0000000000
63956  -19.200  -29.961  51.598 0.0000000000
62704  -17.830  -30.862  49.330 0.0000000000
60357  -17.214  -32.845  48.545 0.0000000000
81247  -41.424  -15.537  36.231 0.0000000000
81271  -40.227  -14.879  34.793 0.0000000000
81262  -41.987  -14.703  36.435 0.0000000000
85371  -43.556  -12.415  36.400 0.0000000000
84400  -42.300  -12.621  35.140 0.0000000000
84401  -42.614  -11.999  34.626 0.0000000000
84416  -42.795  -12.155  32.599 0.0000000000
85391  -43.155  -11.509  33.971 0.0000000000
85392  -43.852  -11.179  33.372 0.0000000000
86315  -44.283  -10.606  34.415 0.0000000000
67697  -26.370  -27.624  46.884 0.0000000000
65374  -26.861  -29.674  46.627 0.0000000000
72523  -31.817  -22.910  38.785 0.0000000000
73625  -32.189  -22.152  40.419 0.0000000000
73544  -31.388  -21.357  45.385 0.0000000000
73569  -30.769  -21.551  44.309 0.0000000000
74639  -31.868  -21.258  45.003 0.0000000000
73558  -35.244  -21.742  44.592 0.0000000000
73556  -33.792  -21.861  43.864 0.0000000000
72459  -34.780  -22.745  43.078 0.0000000000
72482  -34.667  -22.684  41.985 0.0000000000
73585  -35.541  -22.097  42.456 0.0000000000
73605  -35.932  -21.615  42.055 0.0000000000
73586  -36.049  -21.511  42.910 0.0000000000
56761  -7.994  -35.627  56.771 0.0000000000
54238  -7.237  -35.756  58.068 0.0000000000
54217  -6.453  -36.083  58.805 0.0000000000
54237  -6.345  -36.094  57.614 0.0000000000
54256  -4.697  -38.003  55.807 0.0000000000
54275  -5.303  -37.632  54.868 0.0000000000
49477  -2.772  -42.769  57.440 0.0000000000
50654  -2.513  -41.028  58.852 0.0000000000
49463  -2.641  -42.193  58.599 0.0000000000
47107  -1.431  -45.020  59.346 0.0000000000
48221  -1.896  -43.299  59.850 0.0000000000
47075  -0.698  -43.264  60.497 0.0000000000
48193  -1.029  -42.006  61.201 0.0000000000
47074  -0.356  -43.654  60.679 0.0000000000
55498  -28.104  -34.579  57.774 0.0000000000
77939  -38.296  -18.378  41.798 0.0000000000
77951  -38.632  -18.304  40.671 0.0000000000
78924  -38.883  -17.528  41.499 0.0000000000
72374  -27.008  -23.218  50.866 0.0000000000
60330  -16.724  -32.828  50.572 0.0000000000
59216  -15.961  -33.522  51.767 0.0000000000
52899  -3.509  -37.652  62.807 0.0000000000
51761  -2.504  -39.172  62.397 0.0000000000
58217  -31.938  -34.807  47.635 0.0000000000
59289  -32.871  -33.641  48.689 0.0000000000
61467  -32.257  -32.767  49.306 0.0000000000
69956  -29.869  -25.695  54.560 0.0000000000
62706  -20.442  -30.108  49.317 0.0000000000
62720  -20.540  -30.625  48.091 0.0000000000
62707  -21.626  -30.561  48.921 0.0000000000
61466  -23.401  -31.745  48.865 0.0000000000
60359  -24.098  -32.312  48.514 0.0000000000
56922  -28.395  -34.681  51.722 0.0000000000
56940  -27.856  -34.552  50.801 0.0000000000
56941  -28.442  -34.748  50.517 0.0000000000
56979  -28.744  -35.866  48.132 0.0000000000
58231  -29.616  -36.197  46.703 0.0000000000
61384  -21.376  -30.687  56.098 0.0000000000
62636  -20.161  -30.443  55.119 0.0000000000
62651  -20.690  -30.542  53.726 0.0000000000
62682  -20.871  -30.138  51.916 0.0000000000
77994  -36.528  -18.009  36.013 0.0000000000
80139  -40.150  -16.320  31.973 0.0000000000
82311  -43.938  -14.442  38.043 0.0000000000
82324  -42.633  -14.095  36.897 0.0000000000
68892  -25.849  -26.452  45.733 0.0000000000
72480  -28.698  -22.979  40.698 0.0000000000
73525  -33.952  -21.015  47.007 0.0000000000
73536  -33.782  -21.402  46.167 0.0000000000
73537  -34.752  -21.115  46.342 0.0000000000
56805  -13.510  -34.676  54.388 0.0000000000
58056  -12.955  -34.536  55.269 0.0000000000
56762  -10.580  -35.020  57.187 0.0000000000
55492  -10.118  -35.366  56.676 0.0000000000
55511  -8.410  -35.670  56.255 0.0000000000
55555  -7.467  -36.879  54.339 0.0000000000
55554  -6.452  -37.282  54.404 0.0000000000
55580  -7.117  -37.568  53.734 0.0000000000
58133  -31.260  -34.145  51.863 0.0000000000
58135  -31.727  -33.380  51.268 0.0000000000
59207  -31.676  -32.954  52.876 0.0000000000
60300  -32.085  -32.203  54.472 0.0000000000
60299  -24.337  -32.427  54.656 0.0000000000
60323  -24.336  -32.363  52.853 0.0000000000
59206  -25.294  -32.978  54.152 0.0000000000
58097  -26.599  -33.801  53.635 0.0000000000
56895  -27.330  -34.475  53.143 0.0000000000
55543  -28.116  -34.540  55.690 0.0000000000
55566  -28.357  -34.563  54.743 0.0000000000
56897  -28.330  -34.662  52.766 0.0000000000
56898  -28.959  -34.677  52.665 0.0000000000
58112  -30.378  -34.163  52.345 0.0000000000
59148  -24.769  -32.361  57.049 0.0000000000
74725  -35.158  -21.086  39.724 0.0000000000
75836  -34.247  -20.237  38.477 0.0000000000
75824  -35.354  -20.237  39.300 0.0000000000
77970  -35.715  -19.141  38.487 0.0000000000
77982  -36.145  -18.212  37.826 0.0000000000
76911  -38.245  -18.786  39.713 0.0000000000
77973  -37.870  -18.255  38.551 0.0000000000
78962  -36.546  -17.736  37.303 0.0000000000
78976  -37.253  -17.385  36.231 0.0000000000
78977  -38.318  -16.766  36.350 0.0000000000
78993  -38.656  -16.329  35.385 0.0000000000
80113  -38.576  -15.957  34.479 0.0000000000
80086  -40.192  -16.305  35.967 0.0000000000
78980  -41.666  -16.360  36.770 0.0000000000
78969  -42.728  -16.152  37.356 0.0000000000
80062  -43.206  -15.996  39.498 0.0000000000
81240  -43.151  -15.458  37.706 0.0000000000
66512  -27.969  -28.612  49.860 0.0000000000
66523  -27.573  -29.182  48.910 0.0000000000
67658  -27.300  -27.835  49.319 0.0000000000
68838  -27.028  -26.921  48.575 0.0000000000
68855  -26.393  -26.712  47.613 0.0000000000
72392  -26.741  -23.122  49.897 0.0000000000
71238  -26.618  -24.573  48.650 0.0000000000
70052  -26.032  -25.665  47.182 0.0000000000
71277  -26.005  -24.605  46.330 0.0000000000
72440  -26.505  -23.300  45.859 0.0000000000
72449  -27.467  -22.027  44.694 0.0000000000
73552  -28.130  -21.453  44.072 0.0000000000
73541  -28.232  -21.480  45.118 0.0000000000
73532  -29.829  -21.176  46.156 0.0000000000
73522  -31.240  -21.170  46.931 0.0000000000
74613  -31.958  -20.962  48.590 0.0000000000
74623  -32.482  -21.118  47.825 0.0000000000
58060  -15.174  -33.662  54.521 0.0000000000
59204  -15.720  -33.594  52.507 0.0000000000
56859  -15.077  -34.368  53.382 0.0000000000
56831  -14.720  -34.347  54.035 0.0000000000
56856  -13.464  -35.397  52.714 0.0000000000
62738  -30.551  -31.827  47.673 0.0000000000
63990  -29.827  -30.617  48.621 0.0000000000
59237  -32.081  -32.859  51.717 0.0000000000
61453  -32.188  -32.345  50.921 0.0000000000
63970  -31.776  -31.178  51.189 0.0000000000
65318  -31.214  -30.483  52.247 0.0000000000
63969  -31.355  -30.825  50.630 0.0000000000
65337  -30.794  -30.293  50.224 0.0000000000
66514  -29.533  -29.508  50.603 0.0000000000
66513  -28.743  -29.069  50.302 0.0000000000
67650  -28.144  -28.045  50.819 0.0000000000
71212  -28.116  -25.928  51.293 0.0000000000
71188  -27.990  -24.315  51.830 0.0000000000
71156  -29.075  -24.977  53.604 0.0000000000
71155  -28.745  -24.218  53.952 0.0000000000
60332  -24.655  -32.471  51.495 0.0000000000
60360  -24.850  -32.758  49.155 0.0000000000
59305  -25.226  -33.476  47.415 0.0000000000
58170  -26.732  -34.459  48.719 0.0000000000
58192  -26.165  -34.553  47.950 0.0000000000
65270  -17.336  -29.609  54.767 0.0000000000
65306  -17.397  -30.402  53.437 0.0000000000
63929  -19.289  -30.089  53.571 0.0000000000
63943  -18.182  -29.840  53.026 0.0000000000
62680  -16.946  -31.104  51.723 0.0000000000
60343  -16.893  -32.839  49.613 0.0000000000
81269  -38.826  -15.424  33.914 0.0000000000
82361  -39.889  -14.530  33.509 0.0000000000
82376  -40.343  -14.331  32.728 0.0000000000
83391  -42.030  -13.411  35.773 0.0000000000
83417  -41.090  -13.555  34.014 0.0000000000
82377  -40.979  -13.862  32.116 0.0000000000
83437  -42.217  -13.417  31.649 0.0000000000
83438  -43.029  -13.226  31.234 0.0000000000
83440  -43.581  -13.271  30.627 0.0000000000
84419  -43.927  -12.133  31.243 0.0000000000
85398  -44.735  -11.029  32.003 0.0000000000
53009  -3.919  -38.090  58.099 0.0000000000
51836  -2.824  -39.003  59.391 0.0000000000
51874  -3.513  -39.405  57.759 0.0000000000
65375  -27.471  -30.105  47.149 0.0000000000
73659  -32.615  -21.924  39.117 0.0000000000
74658  -28.800  -21.404  43.560 0.0000000000
73568  -30.507  -21.445  43.746 0.0000000000
73581  -30.798  -21.507  42.417 0.0000000000
74649  -32.964  -21.568  44.151 0.0000000000
74673  -32.479  -21.887  42.733 0.0000000000
73582  -32.059  -21.871  42.142 0.0000000000
73601  -32.650  -22.288  41.365 0.0000000000
73626  -33.338  -22.111  40.570 0.0000000000
74706  -33.928  -21.781  40.315 0.0000000000
74708  -35.800  -21.286  40.520 0.0000000000
74709  -36.497  -20.780  41.282 0.0000000000
76881  -37.460  -19.492  42.018 0.0000000000
54176  -5.914  -36.436  60.732 0.0000000000
54197  -5.559  -36.401  59.610 0.0000000000
54196  -4.385  -37.297  59.183 0.0000000000
53020  -4.223  -38.322  57.455 0.0000000000
53055  -4.558  -38.930  55.296 0.0000000000
51835  -2.728  -39.699  59.932 0.0000000000
51810  -2.673  -39.766  60.682 0.0000000000
50590  -2.159  -40.320  61.915 0.0000000000
49443  -2.321  -42.793  59.310 0.0000000000
49414  -1.901  -41.855  60.919 0.0000000000
50589  -1.919  -40.558  61.912 0.0000000000
49378  -1.379  -40.604  61.948 0.0000000000
50569  -0.933  -40.186  62.220 0.0000000000
47089  -0.229  -44.461  60.293 0.0000000000
47073  0.012  -43.900  60.825 0.0000000000
54159  -4.748  -36.645  61.386 0.0000000000
58172  -31.210  -34.100  49.792 0.0000000000
61436  -22.854  -31.079  51.472 0.0000000000
59249  -30.670  -34.343  50.789 0.0000000000
59265  -30.577  -34.447  50.128 0.0000000000
59286  -30.575  -34.597  49.437 0.0000000000
60298  -23.654  -31.992  54.595 0.0000000000
60311  -22.659  -31.086  53.802 0.0000000000
61409  -22.583  -30.890  53.268 0.0000000000
64006  -29.261  -30.940  48.134 0.0000000000
64023  -28.940  -31.289  47.246 0.0000000000
65360  -28.577  -30.428  48.344 0.0000000000
72465  -26.949  -23.338  42.396 0.0000000000
72466  -27.611  -22.875  41.856 0.0000000000
56883  -10.721  -36.381  52.904 0.0000000000
55582  -10.769  -36.102  53.424 0.0000000000
56852  -10.335  -36.291  53.451 0.0000000000
58064  -31.324  -33.368  55.010 0.0000000000
59177  -31.540  -33.243  55.666 0.0000000000
58032  -26.361  -33.990  57.588 0.0000000000
56766  -26.882  -34.162  57.013 0.0000000000
56767  -27.229  -34.418  57.374 0.0000000000
56816  -30.780  -34.247  56.019 0.0000000000
56815  -30.381  -34.503  55.589 0.0000000000
56841  -30.708  -34.139  55.118 0.0000000000
58014  -26.349  -34.176  58.458 0.0000000000
75791  -37.216  -19.738  41.503 0.0000000000
75808  -37.777  -19.244  40.625 0.0000000000
78933  -40.561  -17.374  39.573 0.0000000000
78951  -40.342  -17.666  38.321 0.0000000000
78952  -41.175  -17.246  38.076 0.0000000000
71210  -27.256  -24.012  50.976 0.0000000000
74609  -27.931  -21.414  48.596 0.0000000000
74619  -28.429  -21.307  47.954 0.0000000000
73521  -27.832  -21.671  47.511 0.0000000000
74620  -29.373  -21.137  47.845 0.0000000000
61406  -16.407  -31.829  53.175 0.0000000000
61405  -16.035  -32.068  53.453 0.0000000000
87254  -46.080  -9.757  32.886 0.0000000000
86336  -45.949  -10.605  31.377 0.0000000000
86332  -46.463  -9.938  32.050 0.0000000000
52897  -2.461  -38.377  63.307 0.0000000000
51737  -2.005  -39.081  63.292 0.0000000000
51717  -2.018  -38.447  63.660 0.0000000000
61479  -32.950  -32.517  48.665 0.0000000000
62741  -32.617  -32.662  48.198 0.0000000000
62725  -32.039  -32.707  48.989 0.0000000000
62724  -31.327  -32.290  48.912 0.0000000000
62652  -32.440  -31.230  53.669 0.0000000000
65298  -32.102  -30.349  54.416 0.0000000000
68785  -30.038  -27.288  54.142 0.0000000000
67624  -29.988  -27.924  53.688 0.0000000000
67623  -29.772  -28.171  53.161 0.0000000000
67632  -29.471  -28.149  52.686 0.0000000000
68795  -29.437  -27.384  53.154 0.0000000000
69994  -28.887  -26.819  52.597 0.0000000000
61475  -18.191  -31.629  48.015 0.0000000000
61476  -18.951  -31.548  47.507 0.0000000000
56919  -26.868  -34.331  52.502 0.0000000000
56938  -26.845  -34.294  51.565 0.0000000000
63978  -19.169  -29.944  49.373 0.0000000000
63977  -18.296  -30.139  49.846 0.0000000000
63989  -18.743  -30.373  48.905 0.0000000000
62718  -18.276  -30.874  48.734 0.0000000000
81311  -41.170  -15.150  31.483 0.0000000000
80089  -42.472  -15.413  36.786 0.0000000000
81261  -41.558  -15.055  36.148 0.0000000000
81248  -42.333  -14.751  36.730 0.0000000000
85378  -43.395  -12.107  35.876 0.0000000000
85381  -43.109  -11.663  34.988 0.0000000000
85382  -43.684  -11.117  34.239 0.0000000000
66555  -26.288  -28.598  46.242 0.0000000000
67716  -25.984  -27.471  45.710 0.0000000000
73623  -30.130  -22.581  39.967 0.0000000000
73647  -30.341  -22.821  39.505 0.0000000000
73624  -31.134  -22.231  40.232 0.0000000000
73534  -31.794  -21.162  46.229 0.0000000000
73545  -32.301  -21.276  45.476 0.0000000000
73573  -35.269  -22.253  43.465 0.0000000000
72469  -35.082  -22.600  42.571 0.0000000000
74674  -36.337  -21.266  43.709 0.0000000000
55489  -7.176  -35.640  57.302 0.0000000000
55488  -6.755  -35.764  56.857 0.0000000000
54258  -6.112  -36.305  56.411 0.0000000000
54257  -5.235  -37.126  56.112 0.0000000000
54276  -5.819  -36.774  55.507 0.0000000000
47090  -0.922  -44.063  60.006 0.0000000000
73449  -27.673  -22.248  51.726 0.0000000000
59231  -16.238  -33.572  50.834 0.0000000000
52922  -3.512  -37.910  62.278 0.0000000000
52921  -3.017  -38.279  62.463 0.0000000000
52945  -2.965  -38.634  62.063 0.0000000000
58216  -31.141  -35.278  47.514 0.0000000000
59267  -32.121  -33.651  49.101 0.0000000000
59288  -32.332  -33.850  48.765 0.0000000000
59268  -32.223  -33.348  49.345 0.0000000000
60361  -32.690  -33.009  49.360 0.0000000000
60362  -32.149  -32.903  49.837 0.0000000000
62697  -21.464  -30.356  50.013 0.0000000000
60344  -23.509  -31.554  50.241 0.0000000000
61452  -23.336  -31.512  49.722 0.0000000000
58213  -29.109  -35.955  47.489 0.0000000000
58214  -29.558  -35.881  47.169 0.0000000000
60269  -22.554  -31.243  57.174 0.0000000000
61373  -21.949  -30.825  56.582 0.0000000000
61372  -21.550  -30.688  56.934 0.0000000000
61396  -21.281  -30.681  55.233 0.0000000000
61407  -21.302  -30.612  54.302 0.0000000000
61434  -21.542  -30.423  52.384 0.0000000000
61449  -21.615  -30.386  51.638 0.0000000000
62696  -20.824  -29.989  50.750 0.0000000000
70094  -25.818  -25.574  45.354 0.0000000000
68910  -25.751  -26.617  44.873 0.0000000000
73597  -28.657  -22.709  41.016 0.0000000000
73598  -29.272  -22.492  40.776 0.0000000000
73580  -29.417  -21.812  41.927 0.0000000000
73526  -34.441  -20.794  46.991 0.0000000000
73549  -35.914  -21.383  45.673 0.0000000000
55537  -13.412  -34.962  53.706 0.0000000000
55536  -12.915  -35.063  54.019 0.0000000000
55514  -11.367  -35.527  55.040 0.0000000000
56803  -11.859  -35.224  55.304 0.0000000000
56782  -11.239  -35.443  55.495 0.0000000000
56799  -9.089  -36.072  54.474 0.0000000000
55532  -9.184  -35.826  55.151 0.0000000000
55531  -8.188  -36.216  54.953 0.0000000000
55556  -8.152  -36.697  54.167 0.0000000000
55581  -8.141  -37.265  53.458 0.0000000000
58114  -31.140  -33.598  52.627 0.0000000000
58099  -31.362  -33.221  53.249 0.0000000000
59179  -31.895  -32.418  55.078 0.0000000000
59192  -31.875  -32.581  54.154 0.0000000000
59175  -24.794  -32.707  55.091 0.0000000000
59189  -24.852  -32.750  54.348 0.0000000000
59176  -25.370  -33.033  55.554 0.0000000000
56811  -27.229  -33.813  55.063 0.0000000000
58080  -26.658  -33.531  54.551 0.0000000000
56836  -27.094  -33.965  54.204 0.0000000000
56864  -26.957  -34.138  53.758 0.0000000000
55499  -28.584  -34.473  57.263 0.0000000000
55520  -28.021  -34.542  56.840 0.0000000000
55568  -29.445  -34.737  54.860 0.0000000000
55567  -28.950  -34.729  54.829 0.0000000000
55592  -28.621  -34.627  54.193 0.0000000000
56867  -28.262  -34.625  53.599 0.0000000000
56868  -28.788  -34.632  53.562 0.0000000000
56869  -29.445  -34.497  53.732 0.0000000000
56900  -30.349  -33.995  53.099 0.0000000000
58113  -30.789  -33.959  52.437 0.0000000000
59149  -25.375  -33.067  57.587 0.0000000000
59163  -24.738  -32.585  55.990 0.0000000000
75823  -34.613  -20.673  39.155 0.0000000000
76909  -36.493  -19.496  39.404 0.0000000000
76921  -36.034  -19.310  38.853 0.0000000000
77971  -36.200  -18.802  38.478 0.0000000000
77962  -38.732  -18.498  40.030 0.0000000000
76897  -38.297  -18.789  40.343 0.0000000000
77974  -38.681  -18.200  38.509 0.0000000000
76924  -38.455  -18.589  38.959 0.0000000000
77983  -37.137  -17.847  38.007 0.0000000000
78963  -37.297  -17.481  37.280 0.0000000000
78964  -38.197  -17.265  37.249 0.0000000000
78992  -37.455  -17.110  34.983 0.0000000000
78994  -39.500  -16.364  35.788 0.0000000000
78979  -40.743  -16.637  36.672 0.0000000000
78968  -42.220  -16.625  37.297 0.0000000000
78981  -42.384  -16.078  36.858 0.0000000000
81232  -43.419  -15.557  38.268 0.0000000000
67649  -27.646  -27.919  50.152 0.0000000000
68825  -27.765  -27.146  50.150 0.0000000000
70036  -27.275  -26.190  49.075 0.0000000000
70035  -26.643  -25.731  48.338 0.0000000000
73468  -27.257  -22.337  50.676 0.0000000000
72391  -26.640  -22.894  49.465 0.0000000000
72410  -26.508  -23.417  48.937 0.0000000000
71258  -26.353  -24.546  47.564 0.0000000000
72432  -26.720  -23.313  46.852 0.0000000000
72433  -26.974  -22.382  46.354 0.0000000000
72441  -27.225  -22.184  45.561 0.0000000000
72448  -26.682  -23.046  44.660 0.0000000000
74631  -30.413  -21.122  46.763 0.0000000000
74592  -32.324  -20.845  49.340 0.0000000000
74614  -32.743  -20.887  48.653 0.0000000000
74624  -33.370  -20.829  47.871 0.0000000000
60281  -15.646  -32.420  54.655 0.0000000000
59162  -15.327  -33.038  55.055 0.0000000000
58125  -15.806  -34.262  51.066 0.0000000000
58108  -15.673  -34.211  51.954 0.0000000000
58090  -15.086  -34.516  52.699 0.0000000000
56858  -14.596  -34.713  52.965 0.0000000000
56832  -15.075  -34.246  53.863 0.0000000000
56830  -14.166  -34.727  53.733 0.0000000000
56857  -14.042  -35.153  52.852 0.0000000000
51734  -0.737  -38.982  62.923 0.0000000000
60408  -32.019  -33.815  46.317 0.0000000000
62763  -31.893  -32.525  47.336 0.0000000000
64008  -30.628  -31.542  48.525 0.0000000000
64007  -30.153  -31.127  48.163 0.0000000000
65345  -29.978  -30.241  49.234 0.0000000000
59221  -32.018  -32.865  52.023 0.0000000000
60324  -32.098  -32.462  52.268 0.0000000000
63958  -31.988  -31.224  52.220 0.0000000000
61437  -32.210  -32.153  51.766 0.0000000000
63971  -31.986  -31.424  51.662 0.0000000000
62699  -32.105  -31.803  51.064 0.0000000000
66495  -30.505  -29.689  52.536 0.0000000000
66496  -30.852  -30.148  52.594 0.0000000000
65317  -30.884  -30.241  51.936 0.0000000000
65328  -31.329  -30.585  51.492 0.0000000000
65327  -31.004  -30.218  51.004 0.0000000000
63968  -31.146  -30.524  50.396 0.0000000000
65335  -29.306  -29.873  49.805 0.0000000000
67640  -28.642  -28.109  51.423 0.0000000000
69983  -28.820  -26.050  52.524 0.0000000000
69993  -28.496  -26.458  51.889 0.0000000000
71189  -28.298  -25.544  51.877 0.0000000000
69955  -29.441  -25.371  54.053 0.0000000000
71144  -29.356  -24.598  54.850 0.0000000000
72328  -28.324  -23.395  53.362 0.0000000000
62721  -21.435  -31.005  47.737 0.0000000000
62735  -20.663  -31.178  47.091 0.0000000000
62736  -21.481  -31.583  46.813 0.0000000000
59217  -25.200  -33.026  52.542 0.0000000000
59232  -25.072  -32.945  51.924 0.0000000000
58168  -25.921  -33.712  50.425 0.0000000000
59248  -25.530  -33.292  50.758 0.0000000000
59263  -25.520  -33.377  49.670 0.0000000000
59284  -25.286  -33.374  48.582 0.0000000000
59285  -25.811  -33.805  48.201 0.0000000000
56956  -27.811  -34.966  49.610 0.0000000000
56955  -27.209  -34.385  49.830 0.0000000000
56977  -27.228  -34.878  48.633 0.0000000000
65271  -18.200  -29.419  55.185 0.0000000000
65281  -17.368  -29.962  54.120 0.0000000000
65295  -17.897  -29.921  53.772 0.0000000000
62650  -20.000  -30.523  54.135 0.0000000000
63965  -18.082  -30.115  50.877 0.0000000000
63955  -18.262  -30.069  51.945 0.0000000000
63964  -17.522  -30.492  51.506 0.0000000000
63954  -17.441  -30.442  52.282 0.0000000000
61433  -16.832  -31.949  51.180 0.0000000000
61447  -17.123  -31.905  50.185 0.0000000000
80102  -39.531  -15.895  35.410 0.0000000000
80114  -39.160  -15.470  34.747 0.0000000000
81259  -39.969  -15.290  35.034 0.0000000000
82335  -40.987  -14.445  34.979 0.0000000000
81270  -39.662  -14.843  34.273 0.0000000000
82345  -40.088  -14.411  34.031 0.0000000000
82362  -40.475  -14.044  33.770 0.0000000000
82323  -42.185  -13.996  36.504 0.0000000000
83381  -42.610  -13.322  36.370 0.0000000000
84410  -42.203  -12.389  34.160 0.0000000000
83401  -41.789  -12.988  34.663 0.0000000000
83430  -41.117  -13.380  32.887 0.0000000000
83436  -41.554  -13.469  32.081 0.0000000000
83431  -42.061  -12.892  32.565 0.0000000000
83432  -42.697  -12.793  31.940 0.0000000000
84421  -43.607  -12.675  31.086 0.0000000000
86325  -44.339  -10.725  33.495 0.0000000000
85397  -44.201  -11.249  32.589 0.0000000000
86330  -44.428  -10.960  33.008 0.0000000000
86331  -45.126  -10.455  32.554 0.0000000000
86326  -44.888  -10.166  33.596 0.0000000000
53019  -4.031  -39.121  57.239 0.0000000000
53008  -3.811  -38.791  58.001 0.0000000000
51888  -3.443  -39.790  57.060 0.0000000000
66538  -27.235  -29.188  48.008 0.0000000000
65359  -27.812  -30.040  47.962 0.0000000000
65358  -27.210  -29.543  47.435 0.0000000000
73649  -31.716  -22.486  39.417 0.0000000000
73658  -32.324  -22.402  38.818 0.0000000000
73553  -29.214  -21.253  44.233 0.0000000000
74646  -28.617  -21.306  43.912 0.0000000000
74671  -31.085  -21.349  43.363 0.0000000000
74672  -31.742  -21.477  42.986 0.0000000000
73546  -33.412  -21.624  45.046 0.0000000000
73571  -33.762  -22.553  43.195 0.0000000000
74662  -33.258  -21.914  43.478 0.0000000000
73570  -33.070  -22.228  42.938 0.0000000000
73583  -32.933  -22.343  42.207 0.0000000000
73603  -34.796  -22.258  41.552 0.0000000000
73602  -33.824  -22.589  41.596 0.0000000000
73627  -34.345  -22.113  40.893 0.0000000000
74707  -34.770  -21.572  40.379 0.0000000000
73606  -36.360  -21.203  42.092 0.0000000000
73630  -36.213  -21.317  41.701 0.0000000000
75775  -37.208  -19.947  42.582 0.0000000000
54198  -6.829  -36.273  59.901 0.0000000000
54215  -4.491  -37.441  57.964 0.0000000000
54274  -4.760  -38.231  55.191 0.0000000000
51857  -3.118  -39.205  58.451 0.0000000000
51856  -2.688  -39.944  59.121 0.0000000000
49444  -2.385  -41.785  59.615 0.0000000000
50630  -2.439  -40.628  60.008 0.0000000000
50608  -2.316  -40.625  61.067 0.0000000000
48232  -2.166  -43.776  59.010 0.0000000000
48210  -1.838  -42.782  60.492 0.0000000000
49397  -1.790  -41.048  61.467 0.0000000000
49379  -1.718  -40.701  61.826 0.0000000000
49396  -1.410  -41.302  61.469 0.0000000000
49395  -0.843  -41.114  61.615 0.0000000000
49394  -0.394  -41.002  61.487 0.0000000000
50568  -0.551  -40.131  62.026 0.0000000000
45864  -0.163  -45.200  59.554 0.0000000000
58197  -31.366  -34.504  48.548 0.0000000000
58173  -31.761  -33.798  49.211 0.0000000000
58154  -31.768  -33.334  50.066 0.0000000000
61435  -22.210  -30.693  51.934 0.0000000000
60331  -23.640  -31.601  50.937 0.0000000000
56924  -29.628  -34.497  51.078 0.0000000000
56942  -29.056  -34.822  50.238 0.0000000000
56943  -29.676  -34.839  49.960 0.0000000000
56959  -29.899  -35.396  49.147 0.0000000000
58195  -29.906  -35.725  48.013 0.0000000000
58196  -30.496  -35.150  48.595 0.0000000000
60270  -23.259  -31.557  56.755 0.0000000000
61397  -21.907  -30.831  54.961 0.0000000000
61408  -22.072  -30.720  53.875 0.0000000000
61422  -22.058  -30.620  52.809 0.0000000000
78013  -37.402  -18.313  34.221 0.0000000000
80137  -38.744  -16.425  32.831 0.0000000000
70118  -26.116  -25.388  43.199 0.0000000000
55584  -12.165  -35.618  52.841 0.0000000000
55558  -11.586  -35.574  53.663 0.0000000000
55534  -11.101  -35.722  54.552 0.0000000000
55533  -10.165  -36.044  54.859 0.0000000000
56825  -10.125  -36.206  54.244 0.0000000000
56824  -9.612  -36.248  53.968 0.0000000000
56850  -8.935  -36.879  52.971 0.0000000000
58098  -31.015  -33.553  53.684 0.0000000000
58082  -31.334  -33.275  54.217 0.0000000000
59166  -31.962  -32.625  55.776 0.0000000000
58046  -25.871  -33.316  56.860 0.0000000000
58061  -25.999  -33.273  56.038 0.0000000000
58047  -26.453  -33.677  56.672 0.0000000000
56788  -27.089  -33.949  56.084 0.0000000000
56812  -27.632  -34.264  55.562 0.0000000000
55501  -29.597  -34.668  56.369 0.0000000000
56791  -30.041  -34.742  56.019 0.0000000000
56814  -30.010  -34.723  55.242 0.0000000000
56839  -29.891  -34.555  54.513 0.0000000000
56871  -30.576  -33.955  54.078 0.0000000000
75806  -36.397  -20.435  40.320 0.0000000000
75825  -36.137  -20.078  39.683 0.0000000000
76910  -37.276  -19.138  39.587 0.0000000000
78932  -39.818  -17.726  39.866 0.0000000000
77963  -39.260  -18.334  39.492 0.0000000000
77975  -39.437  -18.176  38.634 0.0000000000
77985  -38.940  -17.691  37.984 0.0000000000
78953  -42.025  -17.062  37.908 0.0000000000
70005  -27.864  -25.958  50.640 0.0000000000
71223  -27.508  -25.486  50.118 0.0000000000
74564  -27.753  -21.389  49.954 0.0000000000
74608  -27.428  -21.772  48.897 0.0000000000
73511  -27.046  -22.236  48.400 0.0000000000
73520  -27.109  -22.321  47.233 0.0000000000
62616  -15.893  -30.455  55.558 0.0000000000
62625  -16.147  -30.789  54.655 0.0000000000
61395  -16.067  -31.890  53.988 0.0000000000
60296  -15.732  -32.637  53.682 0.0000000000
56889  -15.375  -34.653  51.733 0.0000000000
56886  -13.827  -35.701  52.123 0.0000000000
85402  -44.995  -11.167  31.332 0.0000000000
85406  -44.983  -11.638  30.526 0.0000000000
85403  -45.570  -11.049  30.828 0.0000000000
85407  -45.882  -11.202  30.215 0.0000000000
51736  -1.561  -39.130  63.048 0.0000000000
59308  -32.999  -33.602  47.976 0.0000000000
60389  -33.052  -33.267  47.756 0.0000000000
61492  -32.876  -32.856  47.655 0.0000000000
62764  -32.464  -32.782  47.624 0.0000000000
62723  -30.871  -31.842  49.001 0.0000000000
63992  -30.806  -31.166  49.180 0.0000000000
60314  -32.069  -32.355  53.349 0.0000000000
62668  -32.345  -31.434  52.920 0.0000000000
63946  -32.188  -30.831  53.068 0.0000000000
66476  -30.824  -28.985  54.208 0.0000000000
66475  -30.348  -28.465  53.920 0.0000000000
66486  -30.238  -28.836  53.263 0.0000000000
66494  -29.852  -28.973  52.374 0.0000000000
67641  -29.097  -28.222  51.919 0.0000000000
68812  -28.781  -27.579  52.076 0.0000000000
71169  -29.119  -25.848  53.047 0.0000000000
61489  -22.472  -31.984  47.006 0.0000000000
58130  -26.022  -33.618  52.171 0.0000000000
58150  -26.386  -33.990  50.883 0.0000000000
58169  -26.312  -33.905  49.444 0.0000000000
65272  -19.061  -29.552  55.424 0.0000000000
62681  -20.032  -30.280  52.227 0.0000000000
62694  -17.491  -30.824  50.058 0.0000000000
61448  -17.334  -31.470  49.520 0.0000000000
61463  -17.529  -31.672  48.752 0.0000000000
60358  -17.596  -32.182  48.204 0.0000000000
81246  -41.052  -15.403  35.991 0.0000000000
81260  -40.779  -14.927  35.335 0.0000000000
82336  -41.457  -14.209  35.448 0.0000000000
83392  -42.510  -13.002  35.913 0.0000000000
84397  -42.790  -12.543  35.639 0.0000000000
84415  -42.283  -12.401  33.287 0.0000000000
84411  -42.649  -11.901  33.596 0.0000000000
85396  -43.303  -11.513  33.036 0.0000000000
85400  -43.526  -11.695  32.309 0.0000000000
51905  -3.425  -40.308  56.086 0.0000000000
72522  -31.163  -23.316  38.704 0.0000000000
73543  -30.459  -21.444  45.420 0.0000000000
73554  -30.243  -21.543  44.666 0.0000000000
73555  -30.968  -21.648  44.776 0.0000000000
74647  -31.518  -21.411  44.781 0.0000000000
74648  -32.114  -21.364  44.358 0.0000000000
73557  -34.469  -21.941  44.298 0.0000000000
73572  -34.407  -22.430  43.528 0.0000000000
72467  -33.966  -23.111  42.753 0.0000000000
72481  -34.137  -22.956  42.178 0.0000000000
72468  -34.556  -22.933  42.567 0.0000000000
72483  -35.170  -22.371  42.024 0.0000000000
73604  -35.440  -21.951  41.769 0.0000000000
74675  -36.662  -20.797  43.068 0.0000000000
55490  -7.940  -35.576  57.298 0.0000000000
54239  -8.053  -35.559  58.212 0.0000000000
54236  -5.301  -36.781  57.237 0.0000000000
50680  -2.779  -41.456  57.778 0.0000000000
47108  -1.656  -44.166  59.516 0.0000000000
47091  -1.450  -43.678  59.868 0.0000000000
48220  -1.446  -43.236  60.143 0.0000000000
48209  -1.284  -42.610  60.685 0.0000000000
48194  -1.360  -41.938  61.177 0.0000000000
48208  -0.610  -42.753  60.772 0.0000000000
48207  -0.227  -42.970  60.831 0.0000000000
56768  -27.627  -34.535  57.610 0.0000000000
56770  -30.370  -34.323  57.319 0.0000000000
76896  -38.192  -18.992  40.912 0.0000000000
77940  -38.507  -18.232  41.253 0.0000000000
78931  -39.301  -17.649  40.473 0.0000000000
80060  -41.417  -16.831  39.820 0.0000000000
80066  -41.654  -17.130  39.136 0.0000000000
72343  -27.706  -22.760  52.106 0.0000000000
72359  -27.474  -23.367  51.606 0.0000000000
74543  -27.908  -21.299  50.997 0.0000000000
74565  -28.710  -20.775  50.219 0.0000000000
74589  -29.479  -20.778  49.390 0.0000000000
60321  -16.350  -32.755  51.532 0.0000000000
52898  -2.849  -38.153  62.901 0.0000000000
59307  -32.456  -34.044  47.947 0.0000000000
62705  -19.685  -30.082  49.124 0.0000000000
62708  -22.086  -31.163  48.293 0.0000000000
61464  -22.193  -30.705  49.928 0.0000000000
61465  -22.699  -31.091  49.163 0.0000000000
61477  -22.684  -31.576  48.093 0.0000000000
61478  -23.329  -32.107  47.792 0.0000000000
60371  -24.029  -32.550  47.407 0.0000000000
60387  -24.589  -33.045  46.880 0.0000000000
56921  -27.830  -34.603  51.963 0.0000000000
56939  -27.314  -34.414  51.181 0.0000000000
56957  -28.480  -35.377  49.413 0.0000000000
56997  -27.965  -35.560  47.069 0.0000000000
62626  -20.358  -30.428  56.065 0.0000000000
62627  -20.804  -30.618  55.606 0.0000000000
62637  -20.702  -30.608  54.678 0.0000000000
62667  -20.768  -30.347  52.798 0.0000000000
62695  -20.089  -30.018  51.432 0.0000000000
63967  -19.956  -29.874  49.899 0.0000000000
77993  -35.915  -18.293  36.608 0.0000000000
81299  -40.319  -15.193  31.817 0.0000000000
81250  -43.085  -14.781  37.330 0.0000000000
81249  -42.736  -14.807  37.047 0.0000000000
82325  -43.016  -14.264  37.184 0.0000000000
82317  -43.589  -14.119  37.533 0.0000000000
73524  -33.106  -21.325  47.037 0.0000000000
73548  -35.349  -21.407  45.492 0.0000000000
73559  -35.861  -21.550  44.959 0.0000000000
74663  -36.319  -21.290  44.515 0.0000000000
56804  -12.685  -34.975  54.794 0.0000000000
58072  -12.519  -34.775  55.418 0.0000000000
55512  -9.572  -35.596  55.966 0.0000000000
55510  -7.573  -35.826  55.951 0.0000000000
55530  -6.794  -36.420  55.317 0.0000000000
58152  -31.207  -34.018  50.962 0.0000000000
58134  -31.412  -33.675  51.608 0.0000000000
58115  -31.567  -33.315  52.291 0.0000000000
59191  -31.623  -32.926  53.792 0.0000000000
59208  -31.823  -32.695  53.348 0.0000000000
61410  -32.291  -31.779  53.877 0.0000000000
60274  -32.285  -32.279  56.319 0.0000000000
60313  -24.226  -32.398  53.915 0.0000000000
59205  -25.098  -32.893  53.604 0.0000000000
58109  -25.534  -33.148  53.353 0.0000000000
58079  -26.052  -33.175  55.049 0.0000000000
58096  -25.805  -33.253  53.963 0.0000000000
58110  -25.973  -33.410  52.965 0.0000000000
58111  -26.477  -33.962  52.756 0.0000000000
56894  -26.892  -34.267  53.294 0.0000000000
56790  -27.605  -34.462  57.034 0.0000000000
55542  -27.774  -34.454  56.274 0.0000000000
56813  -27.881  -34.410  55.384 0.0000000000
55544  -28.778  -34.728  55.494 0.0000000000
56838  -27.910  -34.382  54.966 0.0000000000
56866  -27.826  -34.525  53.983 0.0000000000
56896  -27.823  -34.605  52.948 0.0000000000
56899  -29.739  -34.342  52.516 0.0000000000
58132  -29.919  -34.330  51.576 0.0000000000
59234  -30.565  -34.301  51.275 0.0000000000
60255  -24.033  -31.760  57.518 0.0000000000
60271  -24.041  -32.038  56.381 0.0000000000
60284  -24.137  -32.275  55.377 0.0000000000
74734  -33.926  -20.941  38.884 0.0000000000
76908  -35.753  -19.749  39.180 0.0000000000
76920  -35.078  -19.581  38.622 0.0000000000
75809  -38.133  -18.902  40.199 0.0000000000
75828  -37.930  -19.024  40.173 0.0000000000
76923  -37.640  -18.700  39.085 0.0000000000
76912  -38.963  -18.635  39.106 0.0000000000
77972  -36.961  -18.395  38.570 0.0000000000
78975  -36.649  -17.671  36.667 0.0000000000
79003  -38.021  -16.664  34.155 0.0000000000
80101  -38.922  -15.883  35.038 0.0000000000
80087  -41.050  -15.893  36.322 0.0000000000
80088  -41.851  -15.659  36.446 0.0000000000
78982  -42.753  -15.749  37.083 0.0000000000
80067  -42.240  -16.913  39.142 0.0000000000
78943  -42.436  -16.932  38.458 0.0000000000
80073  -42.954  -15.937  37.877 0.0000000000
80079  -42.949  -15.588  37.387 0.0000000000
80091  -43.034  -15.151  37.354 0.0000000000
81241  -43.405  -14.958  37.753 0.0000000000
66524  -28.499  -29.512  49.443 0.0000000000
66522  -26.938  -28.415  48.388 0.0000000000
68839  -27.465  -26.816  49.387 0.0000000000
67657  -26.935  -27.692  48.564 0.0000000000
67673  -26.627  -27.672  47.919 0.0000000000
72409  -26.567  -22.977  49.243 0.0000000000
70076  -25.829  -25.721  46.181 0.0000000000
70075  -25.818  -25.230  45.813 0.0000000000
71288  -25.872  -25.081  45.382 0.0000000000
71289  -26.109  -24.535  45.193 0.0000000000
73551  -27.343  -22.253  43.834 0.0000000000
73533  -30.855  -21.221  46.143 0.0000000000
73523  -32.176  -21.275  47.014 0.0000000000
74612  -31.059  -20.861  48.547 0.0000000000
74591  -31.545  -20.833  49.342 0.0000000000
74622  -31.593  -21.001  47.748 0.0000000000
60310  -15.872  -32.630  52.692 0.0000000000
59188  -15.570  -33.372  53.268 0.0000000000
58107  -15.314  -34.472  52.253 0.0000000000
58091  -15.457  -34.117  52.851 0.0000000000
58075  -15.288  -33.911  53.758 0.0000000000
58074  -15.056  -34.088  54.202 0.0000000000
56829  -13.725  -34.980  53.404 0.0000000000
55586  -13.404  -35.117  53.148 0.0000000000
56885  -13.206  -35.833  51.994 0.0000000000
56855  -12.805  -35.658  52.456 0.0000000000
55585  -12.948  -35.332  52.998 0.0000000000
86343  -46.801  -10.688  30.409 0.0000000000
62762  -31.184  -32.169  46.993 0.0000000000
65344  -29.108  -30.260  48.927 0.0000000000
59236  -32.007  -33.166  51.032 0.0000000000
60334  -32.201  -32.994  50.822 0.0000000000
60335  -32.206  -32.623  51.368 0.0000000000
60348  -32.163  -32.788  50.507 0.0000000000
62712  -31.996  -32.278  50.499 0.0000000000
62711  -31.774  -32.327  50.047 0.0000000000
63983  -31.633  -31.826  50.275 0.0000000000
65319  -31.537  -30.596  52.566 0.0000000000
65308  -31.199  -30.301  52.921 0.0000000000
65329  -31.493  -30.740  51.962 0.0000000000
63982  -31.402  -31.695  49.934 0.0000000000
63981  -31.131  -30.954  49.797 0.0000000000
65326  -30.302  -29.846  50.818 0.0000000000
65336  -30.083  -30.129  50.063 0.0000000000
68826  -28.213  -27.054  50.800 0.0000000000
68811  -28.514  -27.367  51.555 0.0000000000
70006  -28.236  -26.503  51.103 0.0000000000
69971  -29.525  -25.955  53.690 0.0000000000
69970  -29.325  -25.480  53.635 0.0000000000
71157  -29.166  -25.523  53.314 0.0000000000
71143  -28.879  -24.170  54.447 0.0000000000
71167  -28.507  -24.285  52.936 0.0000000000
72344  -27.961  -23.471  52.335 0.0000000000
60333  -25.235  -32.879  51.080 0.0000000000
60346  -25.092  -32.706  50.328 0.0000000000
60372  -24.700  -32.919  47.998 0.0000000000
58193  -26.646  -34.888  48.011 0.0000000000
59306  -25.654  -34.208  47.027 0.0000000000
65260  -17.404  -29.374  55.696 0.0000000000
63897  -16.753  -30.263  54.389 0.0000000000
63911  -16.994  -30.571  53.944 0.0000000000
62649  -16.988  -31.150  53.368 0.0000000000
63913  -19.371  -29.958  54.621 0.0000000000
63928  -18.631  -29.858  53.973 0.0000000000
63944  -19.208  -30.074  52.570 0.0000000000
65307  -17.618  -30.131  53.384 0.0000000000
62665  -16.929  -31.171  52.608 0.0000000000
61462  -17.124  -32.148  49.319 0.0000000000
81285  -38.799  -15.652  33.071 0.0000000000
81286  -39.247  -14.966  33.339 0.0000000000
82375  -39.692  -14.749  32.989 0.0000000000
82337  -41.827  -14.279  36.087 0.0000000000
83390  -41.671  -13.729  35.474 0.0000000000
83400  -41.496  -13.614  35.062 0.0000000000
83429  -40.698  -13.741  33.405 0.0000000000
82387  -40.788  -14.484  31.815 0.0000000000
82388  -41.571  -14.218  31.507 0.0000000000
82389  -42.512  -14.206  30.925 0.0000000000
84422  -44.168  -12.442  30.626 0.0000000000
85401  -44.152  -11.582  31.747 0.0000000000
54195  -3.671  -37.808  59.476 0.0000000000
52996  -3.506  -38.221  58.819 0.0000000000
51887  -3.021  -40.757  56.956 0.0000000000
64022  -28.102  -30.739  47.016 0.0000000000
66566  -25.876  -28.524  45.158 0.0000000000
73566  -28.137  -21.826  42.887 0.0000000000
73567  -29.502  -21.523  43.140 0.0000000000
74640  -32.531  -21.426  44.820 0.0000000000
74661  -32.459  -21.620  43.483 0.0000000000
73600  -31.560  -21.947  41.255 0.0000000000
74723  -33.420  -21.721  39.947 0.0000000000
74724  -34.108  -21.268  39.665 0.0000000000
73629  -35.882  -21.491  41.407 0.0000000000
54175  -4.648  -36.791  60.377 0.0000000000
52997  -4.037  -37.737  58.521 0.0000000000
54235  -4.655  -37.688  56.853 0.0000000000
53035  -4.422  -38.621  56.533 0.0000000000
55529  -6.052  -36.952  54.981 0.0000000000
52978  -3.246  -38.294  59.807 0.0000000000
51811  -2.850  -38.996  60.283 0.0000000000
51786  -2.959  -38.992  60.992 0.0000000000
51785  -2.663  -39.435  61.556 0.0000000000
50572  -2.146  -39.824  62.425 0.0000000000
49462  -2.492  -43.193  58.376 0.0000000000
49428  -2.124  -42.379  60.178 0.0000000000
49398  -2.001  -41.056  61.299 0.0000000000
50571  -1.790  -40.016  62.410 0.0000000000
50551  -1.445  -39.606  62.633 0.0000000000
50570  -1.308  -40.129  62.337 0.0000000000
49377  -1.122  -40.473  62.073 0.0000000000
51759  -1.001  -40.006  62.565 0.0000000000
51758  -0.900  -39.435  62.392 0.0000000000
44644  -0.608  -45.885  59.307 0.0000000000
45865  -0.490  -45.145  59.709 0.0000000000
49415  -2.068  -41.295  61.011 0.0000000000
50550  -1.197  -39.761  62.484 0.0000000000
50588  -0.556  -40.592  61.779 0.0000000000
51738  -2.382  -38.911  62.951 0.0000000000
55519  -27.705  -34.462  56.693 0.0000000000
55522  -29.211  -34.817  56.016 0.0000000000
55545  -29.323  -34.815  55.358 0.0000000000
55546  -29.685  -34.783  55.221 0.0000000000
55560  -13.150  -35.094  53.434 0.0000000000
55561  -13.481  -34.996  53.392 0.0000000000
55569  -29.765  -34.710  54.882 0.0000000000
55591  -28.255  -34.584  54.120 0.0000000000
55593  -29.153  -34.661  54.293 0.0000000000
56745  -26.762  -34.320  57.734 0.0000000000
56759  -7.172  -35.547  56.858 0.0000000000
56760  -7.604  -35.563  56.897 0.0000000000
56771  -30.733  -34.274  57.311 0.0000000000
56778  -6.994  -35.592  56.611 0.0000000000
56779  -7.348  -35.610  56.510 0.0000000000
56780  -7.811  -35.652  56.498 0.0000000000
56781  -11.158  -35.208  56.145 0.0000000000
56801  -10.005  -36.222  54.597 0.0000000000
56827  -12.130  -34.973  55.540 0.0000000000
56828  -12.441  -34.984  55.219 0.0000000000
56853  -10.755  -36.180  53.188 0.0000000000
56865  -27.266  -34.318  53.827 0.0000000000
56880  -9.169  -37.246  52.649 0.0000000000
56912  -15.394  -35.212  51.095 0.0000000000
56913  -15.564  -34.594  51.365 0.0000000000
56981  -30.000  -35.610  48.587 0.0000000000
58013  -25.780  -33.677  58.166 0.0000000000
58055  -12.394  -34.620  55.786 0.0000000000
58071  -12.199  -34.796  55.699 0.0000000000
58073  -12.753  -34.800  55.096 0.0000000000
58095  -25.492  -33.117  53.650 0.0000000000
58174  -31.939  -33.481  49.314 0.0000000000
58194  -29.374  -35.901  47.849 0.0000000000
59167  -32.094  -32.382  55.655 0.0000000000
59190  -25.369  -33.005  54.687 0.0000000000
59219  -30.678  -34.206  51.858 0.0000000000
59220  -30.930  -34.118  51.902 0.0000000000
59233  -25.407  -33.206  51.712 0.0000000000
59235  -30.925  -34.217  51.334 0.0000000000
59251  -31.982  -33.088  50.189 0.0000000000
59266  -30.841  -34.336  49.792 0.0000000000
60309  -15.970  -32.161  53.156 0.0000000000
61394  -15.970  -32.125  53.685 0.0000000000
61468  -32.094  -32.766  50.135 0.0000000000
61488  -21.907  -31.897  46.753 0.0000000000
61491  -32.649  -33.062  47.298 0.0000000000
61512  -32.599  -32.905  47.429 0.0000000000
62634  -16.867  -31.096  53.937 0.0000000000
62648  -16.982  -31.071  53.734 0.0000000000
62683  -32.151  -31.652  52.076 0.0000000000
62698  -31.791  -31.732  50.609 0.0000000000
62709  -30.976  -31.383  49.376 0.0000000000
62737  -21.955  -31.746  46.997 0.0000000000
63910  -16.844  -30.886  54.070 0.0000000000
63926  -17.002  -30.882  53.882 0.0000000000
63927  -17.163  -30.694  53.595 0.0000000000
63930  -32.375  -30.796  54.068 0.0000000000
63942  -17.321  -30.489  53.084 0.0000000000
63945  -31.853  -30.702  52.787 0.0000000000
63979  -19.825  -29.969  49.443 0.0000000000
63988  -18.438  -30.417  49.233 0.0000000000
63991  -30.396  -30.833  48.852 0.0000000000
63994  -31.606  -32.283  49.704 0.0000000000
65282  -18.139  -29.674  54.412 0.0000000000
65283  -18.747  -29.603  54.785 0.0000000000
65294  -17.383  -30.248  53.691 0.0000000000
68796  -29.753  -27.325  53.669 0.0000000000
70093  -25.830  -25.261  45.543 0.0000000000
71276  -25.873  -24.928  45.642 0.0000000000
72360  -27.855  -23.730  51.897 0.0000000000
72457  -33.939  -22.943  43.122 0.0000000000
72458  -34.278  -22.916  43.120 0.0000000000
72479  -28.141  -23.009  41.046 0.0000000000
72500  -29.035  -23.321  40.145 0.0000000000
73490  -26.702  -22.623  49.227 0.0000000000
73565  -27.278  -22.376  43.196 0.0000000000
73587  -36.464  -21.069  42.535 0.0000000000
74587  -27.727  -21.528  49.221 0.0000000000
74638  -31.562  -21.375  45.083 0.0000000000
74645  -28.383  -21.367  43.903 0.0000000000
74657  -28.415  -21.443  43.667 0.0000000000
74659  -30.991  -21.412  43.699 0.0000000000
74705  -33.567  -21.886  40.295 0.0000000000
75837  -34.797  -20.155  38.926 0.0000000000
76882  -37.880  -19.105  41.622 0.0000000000
76907  -35.397  -19.852  39.050 0.0000000000
77950  -38.328  -18.652  41.221 0.0000000000
80080  -43.100  -15.280  37.495 0.0000000000
80104  -41.789  -15.348  36.374 0.0000000000
80105  -42.017  -15.208  36.480 0.0000000000
80138  -39.291  -16.396  32.439 0.0000000000
82346  -40.506  -14.446  34.521 0.0000000000
82363  -40.787  -14.013  34.254 0.0000000000
83380  -42.296  -13.551  36.295 0.0000000000
83416  -40.763  -13.770  33.715 0.0000000000
84396  -42.444  -12.859  35.659 0.0000000000
