#!ascii label  , from subject sub.01.dh.02 vox2ras=TkReg
793
52886  -14.677  -39.018  65.189 0.0000000000
62576  -39.669  -32.391  60.377 0.0000000000
72281  -39.084  -23.717  57.403 0.0000000000
73473  -44.752  -21.761  50.450 0.0000000000
57953  -36.890  -36.548  61.617 0.0000000000
74521  -41.098  -21.623  53.218 0.0000000000
73577  -44.173  -22.270  43.653 0.0000000000
75782  -48.755  -20.028  42.828 0.0000000000
59126  -42.290  -34.519  58.657 0.0000000000
65240  -43.282  -29.572  57.787 0.0000000000
67510  -40.625  -28.436  59.514 0.0000000000
57916  -16.758  -36.061  67.142 0.0000000000
52860  -20.399  -39.618  66.693 0.0000000000
48159  -22.500  -43.069  65.930 0.0000000000
47021  -27.014  -44.667  64.810 0.0000000000
48190  -30.734  -43.729  63.507 0.0000000000
50648  -35.399  -41.551  60.591 0.0000000000
54192  -39.955  -38.645  60.360 0.0000000000
69947  -43.031  -24.996  55.976 0.0000000000
76872  -50.598  -19.338  43.111 0.0000000000
60215  -40.798  -33.705  60.647 0.0000000000
63852  -41.405  -30.587  59.927 0.0000000000
65196  -39.871  -30.398  59.969 0.0000000000
56659  -16.679  -36.898  64.096 0.0000000000
56612  -18.674  -37.192  66.930 0.0000000000
51756  -32.295  -40.550  64.190 0.0000000000
49410  -33.181  -42.183  62.327 0.0000000000
51780  -33.993  -40.138  63.688 0.0000000000
60213  -38.357  -34.698  61.097 0.0000000000
55404  -38.489  -37.192  62.018 0.0000000000
57975  -40.031  -35.600  61.164 0.0000000000
56738  -41.422  -36.827  59.842 0.0000000000
69884  -41.221  -25.993  59.307 0.0000000000
67566  -43.804  -27.828  57.016 0.0000000000
72269  -41.772  -23.645  57.796 0.0000000000
74546  -42.477  -21.742  51.677 0.0000000000
74512  -43.902  -20.898  54.630 0.0000000000
74524  -45.778  -21.350  52.678 0.0000000000
73456  -47.253  -22.699  51.393 0.0000000000
71333  -46.322  -24.375  42.487 0.0000000000
71307  -45.649  -24.239  44.452 0.0000000000
55422  -35.319  -38.004  61.771 0.0000000000
72411  -41.538  -23.959  49.364 0.0000000000
75780  -46.382  -20.578  43.340 0.0000000000
73634  -47.437  -23.097  40.633 0.0000000000
74713  -50.107  -21.559  41.177 0.0000000000
56795  -43.869  -36.341  56.812 0.0000000000
61350  -42.840  -32.436  58.553 0.0000000000
67513  -41.527  -28.171  59.643 0.0000000000
55330  -15.709  -37.453  67.825 0.0000000000
49356  -20.623  -42.307  65.864 0.0000000000
51704  -21.893  -41.150  66.561 0.0000000000
47016  -21.823  -44.387  65.563 0.0000000000
44593  -23.136  -45.824  65.433 0.0000000000
43422  -25.202  -46.931  65.135 0.0000000000
44598  -27.984  -46.925  64.417 0.0000000000
47042  -28.982  -44.557  64.507 0.0000000000
45860  -32.240  -45.888  61.706 0.0000000000
52942  -36.270  -39.093  62.975 0.0000000000
51850  -38.090  -40.434  61.066 0.0000000000
50675  -39.279  -41.869  59.661 0.0000000000
51870  -41.719  -40.508  59.056 0.0000000000
54232  -42.982  -38.312  58.337 0.0000000000
74489  -42.178  -21.221  56.557 0.0000000000
71281  -45.075  -24.407  46.579 0.0000000000
73515  -46.647  -22.445  48.696 0.0000000000
54088  -14.398  -38.229  66.610 0.0000000000
61313  -40.622  -32.895  60.801 0.0000000000
62563  -40.904  -31.878  60.631 0.0000000000
63851  -39.790  -31.475  60.156 0.0000000000
54119  -32.635  -39.630  63.556 0.0000000000
51757  -33.050  -40.386  63.915 0.0000000000
54134  -33.463  -39.329  63.242 0.0000000000
61310  -39.060  -33.531  60.891 0.0000000000
59076  -39.149  -34.907  62.137 0.0000000000
60201  -40.030  -34.045  61.617 0.0000000000
59094  -40.552  -34.582  61.017 0.0000000000
71091  -41.004  -24.436  58.599 0.0000000000
73363  -40.076  -23.157  57.889 0.0000000000
74571  -43.848  -21.978  51.071 0.0000000000
75684  -44.049  -20.532  51.948 0.0000000000
75705  -45.026  -20.796  51.035 0.0000000000
74537  -46.270  -21.791  52.098 0.0000000000
74574  -45.627  -21.424  50.522 0.0000000000
71350  -47.199  -24.869  41.785 0.0000000000
71321  -47.275  -24.621  43.782 0.0000000000
70122  -48.279  -25.056  43.849 0.0000000000
77916  -46.382  -18.959  43.828 0.0000000000
75781  -47.358  -19.908  43.400 0.0000000000
74694  -46.671  -21.633  42.006 0.0000000000
74695  -47.689  -21.564  41.897 0.0000000000
73636  -48.655  -22.856  41.135 0.0000000000
74696  -48.753  -21.564  41.936 0.0000000000
74698  -50.228  -21.089  41.795 0.0000000000
56756  -43.593  -36.133  58.038 0.0000000000
59140  -43.954  -34.203  57.517 0.0000000000
60244  -42.561  -33.451  58.581 0.0000000000
65197  -40.935  -29.471  60.051 0.0000000000
65221  -41.647  -29.886  59.685 0.0000000000
67511  -40.876  -27.850  59.760 0.0000000000
68689  -40.913  -27.207  59.806 0.0000000000
68718  -39.765  -26.584  58.526 0.0000000000
55331  -16.675  -37.293  67.777 0.0000000000
56610  -17.098  -36.771  67.766 0.0000000000
55346  -19.625  -38.134  66.969 0.0000000000
49357  -22.592  -42.582  65.542 0.0000000000
49350  -22.134  -42.457  66.330 0.0000000000
49349  -21.764  -42.551  66.467 0.0000000000
48150  -22.357  -43.537  66.030 0.0000000000
45785  -22.286  -45.164  65.563 0.0000000000
47004  -22.837  -44.540  65.876 0.0000000000
45803  -26.405  -45.689  65.209 0.0000000000
44596  -26.435  -47.092  64.845 0.0000000000
45804  -27.305  -45.541  64.971 0.0000000000
49374  -30.726  -42.324  64.349 0.0000000000
49361  -29.466  -42.415  64.872 0.0000000000
48177  -30.307  -43.350  64.193 0.0000000000
45818  -29.423  -45.638  64.000 0.0000000000
47058  -30.390  -44.526  63.407 0.0000000000
45846  -30.834  -46.099  62.488 0.0000000000
47071  -31.134  -44.612  62.403 0.0000000000
50624  -33.850  -41.966  61.705 0.0000000000
48218  -33.200  -43.248  60.945 0.0000000000
49454  -34.543  -42.891  59.831 0.0000000000
50672  -36.162  -41.658  59.814 0.0000000000
55382  -35.190  -38.263  62.880 0.0000000000
55384  -36.618  -37.691  62.939 0.0000000000
54191  -39.058  -38.479  60.869 0.0000000000
52976  -38.161  -39.287  61.464 0.0000000000
52991  -38.666  -39.366  60.900 0.0000000000
50651  -38.911  -41.026  59.982 0.0000000000
51852  -39.705  -40.356  60.063 0.0000000000
52994  -41.089  -39.579  59.948 0.0000000000
56739  -42.147  -36.665  59.283 0.0000000000
55466  -42.708  -37.502  58.969 0.0000000000
55485  -43.201  -37.188  58.314 0.0000000000
55486  -43.559  -37.065  57.810 0.0000000000
56635  -15.801  -36.241  65.884 0.0000000000
57905  -15.292  -35.885  67.330 0.0000000000
57881  -15.578  -36.557  68.169 0.0000000000
62612  -44.225  -31.303  57.252 0.0000000000
63886  -44.652  -30.493  56.486 0.0000000000
69933  -43.348  -25.828  56.469 0.0000000000
74509  -40.259  -22.152  54.799 0.0000000000
75602  -40.953  -21.134  56.871 0.0000000000
75634  -41.656  -20.464  55.149 0.0000000000
72334  -44.154  -22.745  53.445 0.0000000000
73426  -43.113  -22.460  54.548 0.0000000000
71294  -46.080  -23.938  45.729 0.0000000000
71293  -44.842  -24.509  45.402 0.0000000000
72442  -46.443  -23.624  46.673 0.0000000000
71264  -45.831  -23.656  47.448 0.0000000000
72427  -46.616  -22.862  47.923 0.0000000000
73516  -47.467  -22.350  48.784 0.0000000000
77931  -49.231  -18.647  43.082 0.0000000000
76871  -49.529  -19.356  43.112 0.0000000000
77917  -49.892  -18.251  43.580 0.0000000000
76858  -51.090  -18.226  43.398 0.0000000000
59125  -41.603  -34.621  59.417 0.0000000000
60229  -41.848  -33.533  59.256 0.0000000000
62577  -41.358  -31.682  60.219 0.0000000000
65174  -40.673  -30.139  60.217 0.0000000000
66388  -40.317  -29.582  59.731 0.0000000000
56636  -17.101  -36.285  66.174 0.0000000000
56611  -18.038  -37.037  67.260 0.0000000000
55357  -19.769  -37.960  66.195 0.0000000000
49375  -31.458  -42.156  63.892 0.0000000000
48192  -32.114  -42.786  62.772 0.0000000000
50584  -32.498  -41.625  63.584 0.0000000000
50604  -33.706  -41.765  62.324 0.0000000000
50605  -34.708  -40.936  62.664 0.0000000000
59073  -37.867  -35.808  61.540 0.0000000000
56670  -37.752  -36.560  62.381 0.0000000000
57939  -38.424  -35.896  62.249 0.0000000000
56688  -39.087  -36.397  61.894 0.0000000000
56720  -39.688  -37.093  60.879 0.0000000000
55444  -40.449  -37.866  60.287 0.0000000000
57993  -40.757  -35.906  60.311 0.0000000000
59111  -40.973  -34.740  60.261 0.0000000000
56658  -15.661  -36.846  64.205 0.0000000000
67549  -42.556  -27.919  58.625 0.0000000000
66442  -43.584  -28.684  57.536 0.0000000000
69902  -42.702  -25.946  58.026 0.0000000000
69918  -42.486  -24.873  57.731 0.0000000000
71123  -42.410  -23.977  57.103 0.0000000000
74533  -41.323  -21.846  52.576 0.0000000000
75649  -42.075  -20.446  54.306 0.0000000000
75667  -43.010  -20.477  53.018 0.0000000000
75652  -44.523  -20.353  53.427 0.0000000000
72473  -45.036  -22.925  42.498 0.0000000000
71318  -44.320  -23.775  43.271 0.0000000000
71319  -45.444  -24.105  43.391 0.0000000000
71308  -46.692  -24.145  44.531 0.0000000000
61335  -39.303  -33.171  59.715 0.0000000000
60227  -38.768  -33.867  60.035 0.0000000000
73386  -39.214  -23.366  56.979 0.0000000000
73451  -40.266  -23.064  51.961 0.0000000000
73452  -40.963  -22.784  51.534 0.0000000000
73470  -42.173  -22.699  50.454 0.0000000000
73493  -42.842  -22.810  49.924 0.0000000000
74668  -44.992  -21.236  43.588 0.0000000000
72487  -45.618  -22.977  41.891 0.0000000000
71349  -46.548  -24.069  41.333 0.0000000000
70172  -48.001  -25.347  41.491 0.0000000000
74697  -49.743  -21.411  41.886 0.0000000000
73614  -50.109  -22.581  41.267 0.0000000000
58052  -44.239  -35.174  56.586 0.0000000000
60260  -44.088  -33.151  57.589 0.0000000000
63877  -43.045  -30.508  58.059 0.0000000000
62589  -42.353  -31.514  59.004 0.0000000000
63866  -42.507  -30.542  58.805 0.0000000000
66428  -42.318  -28.668  58.952 0.0000000000
67530  -41.415  -27.222  59.612 0.0000000000
69883  -40.638  -25.791  59.269 0.0000000000
63876  -39.902  -30.947  58.774 0.0000000000
65238  -40.092  -29.508  58.416 0.0000000000
67548  -39.966  -27.459  58.242 0.0000000000
54089  -15.328  -38.262  66.486 0.0000000000
54090  -16.384  -38.403  66.200 0.0000000000
48157  -20.863  -43.090  65.398 0.0000000000
55367  -19.698  -37.870  64.761 0.0000000000
52873  -20.597  -39.242  66.236 0.0000000000
51703  -21.138  -40.846  66.462 0.0000000000
48148  -21.002  -43.055  66.119 0.0000000000
44609  -23.737  -46.381  64.333 0.0000000000
43431  -24.842  -47.187  64.191 0.0000000000
49373  -27.572  -42.868  64.212 0.0000000000
48162  -28.454  -43.422  64.665 0.0000000000
47022  -28.067  -44.537  64.683 0.0000000000
45817  -28.617  -45.592  64.467 0.0000000000
43436  -28.986  -47.053  63.752 0.0000000000
48206  -32.102  -43.439  62.296 0.0000000000
54135  -34.489  -38.906  63.061 0.0000000000
52941  -35.503  -39.235  63.173 0.0000000000
51806  -35.959  -40.331  62.522 0.0000000000
54155  -37.168  -38.606  62.647 0.0000000000
51808  -37.109  -39.766  61.919 0.0000000000
50649  -36.634  -41.269  60.681 0.0000000000
50673  -37.193  -41.656  59.779 0.0000000000
49458  -38.693  -42.681  59.391 0.0000000000
51901  -41.738  -40.834  57.645 0.0000000000
54212  -41.581  -38.824  59.610 0.0000000000
53017  -42.387  -39.310  58.677 0.0000000000
53051  -42.243  -39.676  57.252 0.0000000000
54270  -42.567  -38.793  56.869 0.0000000000
55329  -14.809  -37.433  67.775 0.0000000000
73374  -40.403  -22.536  57.466 0.0000000000
73376  -41.658  -22.205  57.190 0.0000000000
72296  -42.331  -23.054  56.578 0.0000000000
75621  -42.907  -20.494  55.309 0.0000000000
73414  -42.894  -22.302  55.258 0.0000000000
71149  -42.591  -24.134  55.403 0.0000000000
72413  -42.943  -23.922  49.051 0.0000000000
72398  -44.124  -23.183  49.506 0.0000000000
71317  -43.702  -23.503  43.732 0.0000000000
71292  -43.695  -24.575  45.260 0.0000000000
71262  -44.205  -24.448  47.421 0.0000000000
72415  -44.787  -23.333  48.861 0.0000000000
73496  -45.999  -22.196  49.554 0.0000000000
74599  -46.805  -21.737  49.943 0.0000000000
52904  -13.973  -39.416  64.522 0.0000000000
61312  -40.054  -33.164  61.216 0.0000000000
62561  -39.929  -32.285  60.604 0.0000000000
63850  -39.634  -32.039  60.109 0.0000000000
54132  -32.244  -39.676  62.738 0.0000000000
54133  -32.776  -39.346  63.009 0.0000000000
54152  -32.961  -39.437  62.340 0.0000000000
61324  -39.474  -32.986  60.514 0.0000000000
61299  -39.467  -33.694  61.454 0.0000000000
61311  -39.546  -33.140  60.886 0.0000000000
72265  -39.258  -24.116  58.073 0.0000000000
71090  -40.208  -24.365  58.611 0.0000000000
72282  -39.449  -23.647  57.844 0.0000000000
74572  -44.345  -21.586  50.997 0.0000000000
74548  -44.478  -21.031  51.375 0.0000000000
74573  -44.955  -21.163  50.662 0.0000000000
75706  -45.281  -21.035  50.876 0.0000000000
70151  -47.780  -25.351  42.342 0.0000000000
70135  -47.710  -25.140  43.259 0.0000000000
76870  -48.372  -19.288  43.000 0.0000000000
74683  -48.156  -20.806  42.584 0.0000000000
58021  -42.940  -35.414  58.304 0.0000000000
59139  -43.061  -34.387  58.011 0.0000000000
66390  -41.032  -28.688  59.938 0.0000000000
67529  -40.616  -27.648  59.506 0.0000000000
67528  -40.244  -27.537  59.017 0.0000000000
57907  -16.739  -36.345  67.680 0.0000000000
54076  -19.808  -38.775  67.053 0.0000000000
50543  -22.119  -41.746  66.008 0.0000000000
48151  -22.981  -43.935  65.769 0.0000000000
47020  -26.080  -45.051  65.019 0.0000000000
48178  -30.970  -42.728  63.939 0.0000000000
47059  -30.888  -43.975  63.135 0.0000000000
50625  -34.541  -41.663  61.495 0.0000000000
49440  -34.193  -42.440  60.567 0.0000000000
50647  -34.687  -41.823  60.737 0.0000000000
49455  -35.279  -42.464  59.525 0.0000000000
55423  -35.857  -37.365  61.985 0.0000000000
56684  -36.476  -36.977  62.233 0.0000000000
52992  -39.383  -39.429  60.428 0.0000000000
52993  -40.280  -39.513  60.136 0.0000000000
51853  -40.629  -40.271  59.936 0.0000000000
58009  -42.160  -35.609  58.901 0.0000000000
56755  -42.804  -36.451  58.612 0.0000000000
57915  -16.057  -36.012  66.792 0.0000000000
57914  -15.115  -35.932  66.524 0.0000000000
57906  -16.118  -36.071  67.565 0.0000000000
63878  -43.775  -30.455  57.531 0.0000000000
62613  -44.644  -31.262  56.773 0.0000000000
65253  -44.042  -29.575  57.337 0.0000000000
68748  -43.666  -26.656  56.141 0.0000000000
69948  -43.307  -25.976  55.778 0.0000000000
69962  -43.187  -26.292  55.302 0.0000000000
74510  -40.795  -21.402  54.613 0.0000000000
75633  -41.121  -20.894  55.655 0.0000000000
74511  -41.515  -20.740  54.453 0.0000000000
73563  -44.007  -21.827  44.102 0.0000000000
72443  -47.020  -23.581  46.294 0.0000000000
72435  -46.925  -23.326  47.214 0.0000000000
60228  -41.230  -33.620  59.957 0.0000000000
61325  -41.117  -32.709  60.418 0.0000000000
65173  -40.159  -30.605  60.269 0.0000000000
63832  -40.549  -31.167  60.425 0.0000000000
66374  -40.362  -29.890  60.040 0.0000000000
66373  -40.117  -30.076  60.087 0.0000000000
56647  -16.342  -36.534  65.032 0.0000000000
55366  -19.033  -37.338  65.042 0.0000000000
52894  -32.041  -40.171  64.259 0.0000000000
51755  -31.677  -40.918  64.372 0.0000000000
50565  -31.001  -41.501  64.431 0.0000000000
50566  -32.165  -41.338  64.029 0.0000000000
49376  -32.049  -41.852  63.591 0.0000000000
50567  -32.721  -40.854  63.967 0.0000000000
50585  -33.295  -41.202  63.430 0.0000000000
50586  -34.266  -40.619  63.329 0.0000000000
59092  -38.071  -35.525  61.260 0.0000000000
59063  -37.860  -35.528  61.942 0.0000000000
60183  -38.404  -35.061  61.606 0.0000000000
57957  -39.807  -35.069  61.644 0.0000000000
57956  -39.404  -35.527  61.914 0.0000000000
57974  -39.508  -36.001  61.621 0.0000000000
56703  -39.489  -36.578  61.324 0.0000000000
56704  -39.914  -36.532  60.877 0.0000000000
57992  -40.314  -36.408  60.610 0.0000000000
68705  -41.616  -26.677  59.268 0.0000000000
68719  -42.481  -26.878  58.569 0.0000000000
71092  -41.783  -24.245  58.150 0.0000000000
71110  -42.106  -23.947  57.670 0.0000000000
74534  -42.106  -21.314  52.492 0.0000000000
75666  -42.331  -20.647  53.525 0.0000000000
74535  -42.985  -20.911  52.367 0.0000000000
75653  -45.201  -20.596  52.876 0.0000000000
74523  -45.211  -21.075  53.525 0.0000000000
73430  -46.020  -22.137  52.856 0.0000000000
71332  -45.430  -23.704  42.338 0.0000000000
71295  -47.195  -23.819  45.356 0.0000000000
72394  -41.070  -23.816  49.745 0.0000000000
72395  -41.877  -23.437  49.780 0.0000000000
73492  -42.338  -23.060  49.899 0.0000000000
75770  -46.229  -19.919  44.064 0.0000000000
75760  -45.900  -19.756  44.352 0.0000000000
76842  -45.080  -19.748  44.198 0.0000000000
75779  -45.883  -20.975  43.221 0.0000000000
73591  -45.496  -22.308  42.407 0.0000000000
74693  -45.961  -21.770  42.350 0.0000000000
73611  -47.139  -22.446  41.102 0.0000000000
72488  -46.277  -23.132  41.260 0.0000000000
72506  -46.934  -23.433  40.707 0.0000000000
71368  -47.194  -24.041  40.673 0.0000000000
71369  -47.893  -24.617  40.818 0.0000000000
72507  -47.727  -23.653  40.567 0.0000000000
75783  -49.917  -20.357  42.674 0.0000000000
58051  -43.763  -35.906  56.393 0.0000000000
56796  -44.091  -35.741  57.168 0.0000000000
60245  -43.338  -33.344  57.997 0.0000000000
61351  -43.526  -32.342  57.970 0.0000000000
61363  -44.185  -32.216  57.480 0.0000000000
62602  -42.983  -31.454  58.387 0.0000000000
62588  -41.780  -31.570  59.613 0.0000000000
61337  -42.166  -32.504  59.178 0.0000000000
65199  -41.607  -29.225  59.684 0.0000000000
65222  -42.104  -29.585  59.299 0.0000000000
66410  -41.790  -28.646  59.506 0.0000000000
67531  -41.854  -27.722  59.303 0.0000000000
68702  -39.982  -26.286  58.880 0.0000000000
68704  -41.075  -26.821  59.731 0.0000000000
54106  -15.394  -38.528  65.691 0.0000000000
54072  -16.117  -38.016  67.197 0.0000000000
54073  -17.391  -38.141  66.879 0.0000000000
56623  -18.126  -36.726  66.675 0.0000000000
55333  -18.894  -37.793  67.247 0.0000000000
50542  -20.209  -41.512  65.485 0.0000000000
49369  -20.357  -42.200  64.772 0.0000000000
54116  -20.309  -38.551  64.929 0.0000000000
54108  -20.293  -38.487  65.784 0.0000000000
50525  -21.230  -41.410  66.543 0.0000000000
50526  -21.657  -41.588  66.547 0.0000000000
48149  -21.640  -43.433  66.159 0.0000000000
48158  -21.332  -43.587  65.748 0.0000000000
48171  -21.381  -43.820  64.978 0.0000000000
47034  -21.976  -44.725  64.543 0.0000000000
45799  -22.776  -45.472  65.536 0.0000000000
45798  -22.300  -45.154  65.189 0.0000000000
45815  -22.801  -45.678  64.704 0.0000000000
45816  -23.334  -46.095  64.564 0.0000000000
44594  -23.559  -46.241  65.082 0.0000000000
44582  -24.583  -46.369  65.514 0.0000000000
44595  -24.282  -46.700  64.678 0.0000000000
43421  -24.862  -47.020  64.879 0.0000000000
43432  -25.702  -47.338  64.502 0.0000000000
44597  -27.202  -47.069  64.676 0.0000000000
43433  -26.806  -47.607  64.267 0.0000000000
43434  -27.698  -47.698  64.181 0.0000000000
48163  -29.273  -43.367  64.769 0.0000000000
49360  -28.745  -42.613  64.883 0.0000000000
47023  -28.694  -43.941  64.683 0.0000000000
47041  -28.406  -45.054  64.618 0.0000000000
45832  -29.714  -46.240  63.630 0.0000000000
44600  -29.336  -46.623  63.693 0.0000000000
43448  -29.322  -47.386  63.200 0.0000000000
45847  -31.544  -45.951  61.990 0.0000000000
44627  -31.556  -46.895  62.194 0.0000000000
44638  -32.152  -46.784  61.923 0.0000000000
49409  -32.656  -42.534  62.427 0.0000000000
49424  -32.597  -42.955  61.908 0.0000000000
55401  -34.222  -38.808  62.527 0.0000000000
55402  -34.749  -38.462  62.548 0.0000000000
54137  -36.108  -38.423  63.164 0.0000000000
51782  -35.686  -39.810  62.919 0.0000000000
51783  -36.167  -39.680  62.663 0.0000000000
55386  -37.859  -37.253  62.464 0.0000000000
54139  -37.455  -37.778  62.681 0.0000000000
54156  -37.686  -38.176  62.393 0.0000000000
51833  -38.285  -39.909  61.137 0.0000000000
52975  -37.572  -39.434  61.824 0.0000000000
51832  -37.620  -40.098  61.487 0.0000000000
51831  -36.766  -40.341  61.834 0.0000000000
50627  -37.100  -40.749  61.279 0.0000000000
50650  -37.858  -41.013  60.584 0.0000000000
50674  -38.280  -41.742  59.682 0.0000000000
50677  -41.067  -41.602  58.902 0.0000000000
51884  -41.851  -40.770  58.242 0.0000000000
55445  -41.199  -37.845  59.951 0.0000000000
55465  -41.994  -37.725  59.558 0.0000000000
54213  -42.352  -38.554  59.118 0.0000000000
53032  -42.574  -39.438  58.018 0.0000000000
51902  -42.179  -40.261  57.827 0.0000000000
54253  -42.848  -38.683  57.489 0.0000000000
55506  -43.656  -37.162  57.209 0.0000000000
55526  -43.498  -37.134  56.650 0.0000000000
56597  -15.760  -36.725  68.314 0.0000000000
56596  -15.008  -36.735  68.207 0.0000000000
55315  -15.336  -37.035  68.198 0.0000000000
54071  -15.106  -37.937  67.270 0.0000000000
66443  -44.141  -28.813  56.966 0.0000000000
67581  -44.104  -28.225  56.324 0.0000000000
73387  -39.671  -22.864  56.646 0.0000000000
74488  -41.744  -21.003  56.692 0.0000000000
74477  -41.476  -21.453  56.950 0.0000000000
74478  -41.891  -21.744  56.894 0.0000000000
73400  -42.673  -22.031  56.107 0.0000000000
75636  -43.384  -20.307  54.633 0.0000000000
75635  -42.552  -20.175  54.919 0.0000000000
74501  -43.303  -20.948  55.142 0.0000000000
72321  -42.662  -23.189  54.844 0.0000000000
72308  -42.555  -23.099  55.752 0.0000000000
71161  -42.416  -24.184  54.385 0.0000000000
72397  -43.292  -23.233  49.461 0.0000000000
72414  -43.820  -23.684  48.937 0.0000000000
71306  -44.542  -24.243  44.318 0.0000000000
71280  -43.962  -24.765  46.354 0.0000000000
72426  -45.881  -23.380  47.967 0.0000000000
72425  -45.278  -23.523  48.284 0.0000000000
72416  -45.534  -23.119  48.616 0.0000000000
73513  -45.272  -22.896  49.088 0.0000000000
73514  -45.774  -22.653  49.030 0.0000000000
73497  -46.784  -22.006  49.405 0.0000000000
62562  -40.385  -32.144  60.641 0.0000000000
63831  -40.135  -31.489  60.472 0.0000000000
52917  -32.011  -39.927  63.907 0.0000000000
52918  -32.620  -39.919  64.026 0.0000000000
52919  -33.345  -39.750  63.783 0.0000000000
52939  -33.991  -39.460  63.489 0.0000000000
60199  -38.628  -34.202  61.323 0.0000000000
60185  -38.952  -34.284  61.775 0.0000000000
60186  -39.513  -34.216  61.744 0.0000000000
59093  -40.122  -34.602  61.493 0.0000000000
60202  -40.441  -33.803  61.246 0.0000000000
71070  -40.561  -24.995  58.921 0.0000000000
69901  -41.830  -25.504  58.688 0.0000000000
72267  -40.444  -23.615  58.202 0.0000000000
73364  -40.584  -22.963  57.778 0.0000000000
74547  -43.379  -21.409  51.637 0.0000000000
75683  -43.461  -20.648  52.349 0.0000000000
75685  -44.774  -20.725  51.587 0.0000000000
75670  -45.260  -20.767  52.087 0.0000000000
74525  -46.132  -21.907  52.548 0.0000000000
74536  -45.834  -21.256  51.715 0.0000000000
74551  -46.608  -21.783  51.221 0.0000000000
71334  -47.050  -24.883  42.831 0.0000000000
70121  -47.765  -24.858  43.733 0.0000000000
75771  -46.636  -19.528  43.912 0.0000000000
74681  -46.222  -21.197  42.755 0.0000000000
74682  -47.087  -20.936  42.689 0.0000000000
73635  -48.077  -22.904  40.722 0.0000000000
73612  -48.302  -22.274  41.301 0.0000000000
75784  -50.503  -19.999  42.597 0.0000000000
75796  -50.480  -20.458  41.988 0.0000000000
74714  -50.220  -20.878  41.356 0.0000000000
73637  -50.085  -22.273  40.675 0.0000000000
56774  -43.870  -36.377  57.472 0.0000000000
58023  -43.994  -35.060  57.529 0.0000000000
58022  -43.616  -35.159  57.856 0.0000000000
65175  -41.066  -30.075  60.196 0.0000000000
65198  -41.262  -29.480  59.951 0.0000000000
66391  -41.363  -28.634  59.788 0.0000000000
67512  -41.232  -27.775  59.787 0.0000000000
68703  -40.588  -26.843  59.421 0.0000000000
55316  -16.074  -37.001  68.254 0.0000000000
55332  -17.782  -37.524  67.340 0.0000000000
50524  -20.885  -41.345  66.556 0.0000000000
49343  -21.802  -42.022  66.680 0.0000000000
47003  -22.301  -44.362  65.852 0.0000000000
45786  -22.764  -45.088  65.844 0.0000000000
45800  -23.081  -45.536  65.840 0.0000000000
44583  -25.793  -46.592  65.256 0.0000000000
44584  -26.785  -46.425  65.083 0.0000000000
44585  -27.584  -46.314  64.847 0.0000000000
50564  -30.429  -41.915  64.587 0.0000000000
50548  -29.959  -41.648  64.800 0.0000000000
49362  -30.115  -42.380  64.665 0.0000000000
48164  -29.799  -42.850  64.722 0.0000000000
48176  -29.605  -43.940  64.470 0.0000000000
45833  -30.158  -45.833  63.328 0.0000000000
47086  -31.696  -45.272  61.843 0.0000000000
49425  -33.292  -42.500  61.573 0.0000000000
49439  -33.548  -42.887  60.844 0.0000000000
49471  -35.759  -42.992  59.079 0.0000000000
49456  -36.517  -42.419  59.235 0.0000000000
55403  -35.563  -37.768  62.445 0.0000000000
55383  -35.899  -37.740  62.980 0.0000000000
55424  -38.764  -37.593  61.514 0.0000000000
54171  -38.388  -38.298  61.562 0.0000000000
54190  -38.557  -38.864  61.178 0.0000000000
51851  -38.706  -40.229  60.596 0.0000000000
50652  -39.713  -41.191  59.832 0.0000000000
51868  -40.268  -40.894  59.786 0.0000000000
51869  -40.909  -40.897  59.514 0.0000000000
51854  -41.267  -40.250  59.706 0.0000000000
54254  -43.387  -37.850  57.636 0.0000000000
54233  -43.359  -37.616  58.056 0.0000000000
56634  -14.826  -36.280  65.757 0.0000000000
57904  -14.376  -35.778  67.105 0.0000000000
57882  -15.992  -36.626  68.279 0.0000000000
68735  -43.630  -26.694  56.808 0.0000000000
67580  -43.848  -27.444  56.300 0.0000000000
74498  -40.224  -22.099  55.392 0.0000000000
74486  -40.157  -22.092  56.290 0.0000000000
74499  -40.612  -21.398  55.875 0.0000000000
75619  -41.576  -20.599  56.101 0.0000000000
75604  -41.886  -20.701  56.483 0.0000000000
73416  -44.134  -21.514  54.368 0.0000000000
73415  -43.488  -21.683  54.820 0.0000000000
71282  -45.839  -23.836  46.882 0.0000000000
72434  -46.270  -23.439  47.339 0.0000000000
76856  -50.072  -18.674  43.550 0.0000000000
77918  -50.407  -18.045  43.674 0.0000000000
76888  -51.362  -18.961  42.436 0.0000000000
61336  -41.572  -32.584  59.818 0.0000000000
63833  -41.016  -30.891  60.353 0.0000000000
66389  -40.737  -29.144  59.856 0.0000000000
66409  -40.314  -28.910  59.153 0.0000000000
56622  -17.397  -36.420  67.211 0.0000000000
56624  -18.765  -37.128  66.341 0.0000000000
55345  -19.244  -37.529  66.690 0.0000000000
54092  -20.162  -38.653  66.620 0.0000000000
47040  -26.489  -44.409  64.576 0.0000000000
48191  -31.379  -43.145  63.194 0.0000000000
49391  -31.795  -42.278  63.427 0.0000000000
49392  -32.357  -42.137  63.146 0.0000000000
49393  -33.078  -41.992  62.802 0.0000000000
57972  -37.430  -36.259  61.292 0.0000000000
56685  -37.342  -36.494  62.196 0.0000000000
57955  -37.739  -36.036  62.014 0.0000000000
56671  -38.474  -36.428  62.266 0.0000000000
57940  -39.280  -35.742  62.352 0.0000000000
56672  -38.992  -36.101  62.232 0.0000000000
55425  -39.223  -37.508  61.151 0.0000000000
55443  -39.737  -37.785  60.629 0.0000000000
54193  -40.785  -38.729  60.056 0.0000000000
56722  -40.746  -36.999  60.267 0.0000000000
57976  -40.610  -35.181  60.744 0.0000000000
58008  -41.447  -35.743  59.595 0.0000000000
56646  -15.289  -36.516  65.016 0.0000000000
66429  -42.863  -28.672  58.171 0.0000000000
67550  -43.171  -27.768  57.973 0.0000000000
68720  -43.260  -26.789  57.652 0.0000000000
69919  -43.146  -25.809  57.275 0.0000000000
69932  -42.878  -24.913  56.819 0.0000000000
74522  -41.610  -20.943  53.746 0.0000000000
75650  -42.841  -20.268  54.031 0.0000000000
75651  -43.633  -20.112  53.704 0.0000000000
75668  -43.868  -20.236  52.791 0.0000000000
75637  -44.093  -20.349  54.200 0.0000000000
73428  -44.693  -21.881  53.822 0.0000000000
73590  -44.773  -22.232  42.897 0.0000000000
72472  -44.369  -22.936  42.989 0.0000000000
71331  -44.765  -23.351  42.747 0.0000000000
71320  -46.387  -24.410  43.546 0.0000000000
62575  -39.505  -32.506  60.160 0.0000000000
63863  -39.559  -31.910  59.843 0.0000000000
62600  -39.496  -32.381  59.468 0.0000000000
56701  -37.054  -36.497  61.053 0.0000000000
57973  -37.876  -35.778  60.942 0.0000000000
59109  -38.278  -35.059  60.656 0.0000000000
60214  -38.584  -34.064  60.689 0.0000000000
61323  -39.225  -33.267  60.290 0.0000000000
72280  -38.588  -24.239  56.664 0.0000000000
73398  -38.917  -23.551  55.962 0.0000000000
73411  -39.104  -23.591  55.056 0.0000000000
73413  -40.193  -22.339  54.330 0.0000000000
73425  -40.390  -22.306  53.554 0.0000000000
73440  -40.746  -22.401  52.526 0.0000000000
73441  -41.390  -22.098  52.102 0.0000000000
73453  -41.849  -22.185  51.432 0.0000000000
73469  -41.421  -22.846  50.837 0.0000000000
73454  -42.614  -22.075  51.174 0.0000000000
73471  -43.242  -22.281  50.685 0.0000000000
73472  -44.203  -22.192  50.561 0.0000000000
75758  -44.663  -20.580  44.037 0.0000000000
74679  -44.716  -21.698  43.379 0.0000000000
71348  -45.934  -23.500  41.653 0.0000000000
73610  -46.129  -22.342  41.748 0.0000000000
74684  -49.100  -20.817  42.399 0.0000000000
75795  -50.152  -20.872  42.164 0.0000000000
59141  -44.262  -34.615  57.314 0.0000000000
59153  -44.485  -33.639  57.392 0.0000000000
60261  -44.775  -32.983  57.257 0.0000000000
62603  -43.598  -31.385  57.750 0.0000000000
63865  -41.933  -30.610  59.387 0.0000000000
65239  -42.642  -29.586  58.505 0.0000000000
71109  -38.797  -24.547  57.489 0.0000000000
65220  -39.928  -30.029  59.364 0.0000000000
66427  -40.167  -28.341  58.595 0.0000000000
54107  -15.973  -38.527  65.514 0.0000000000
49348  -21.144  -42.268  66.495 0.0000000000
49342  -21.508  -41.981  66.684 0.0000000000
45787  -23.312  -45.257  66.003 0.0000000000
44581  -23.486  -45.942  65.911 0.0000000000
48175  -27.053  -43.727  64.379 0.0000000000
49359  -28.113  -42.726  64.539 0.0000000000
48161  -27.739  -43.650  64.458 0.0000000000
45805  -28.023  -45.546  64.763 0.0000000000
44586  -28.178  -46.197  64.572 0.0000000000
44599  -28.736  -46.537  64.158 0.0000000000
43435  -28.568  -47.507  63.797 0.0000000000
48205  -31.585  -43.810  62.540 0.0000000000
47072  -31.734  -44.111  62.236 0.0000000000
47087  -32.115  -44.655  61.691 0.0000000000
48217  -32.650  -43.590  61.381 0.0000000000
47102  -32.936  -44.704  60.980 0.0000000000
45861  -33.075  -45.761  61.416 0.0000000000
54153  -33.649  -39.087  62.577 0.0000000000
54154  -34.094  -38.898  62.785 0.0000000000
52940  -34.703  -39.407  63.321 0.0000000000
51781  -34.939  -40.109  63.261 0.0000000000
51805  -35.373  -40.400  62.813 0.0000000000
50606  -35.504  -40.682  62.490 0.0000000000
50626  -35.952  -41.015  61.858 0.0000000000
56669  -36.971  -37.050  62.597 0.0000000000
54138  -36.975  -38.263  62.953 0.0000000000
52943  -36.814  -38.865  62.729 0.0000000000
52960  -37.804  -38.871  61.937 0.0000000000
52959  -37.158  -39.115  62.317 0.0000000000
52958  -36.562  -39.311  62.605 0.0000000000
51830  -36.323  -40.443  62.177 0.0000000000
49457  -37.649  -42.552  59.261 0.0000000000
53005  -41.604  -39.762  59.577 0.0000000000
53006  -42.035  -39.505  59.210 0.0000000000
51871  -42.198  -39.908  58.910 0.0000000000
54290  -42.422  -38.416  56.135 0.0000000000
54271  -43.206  -37.995  56.783 0.0000000000
65254  -44.433  -29.627  56.750 0.0000000000
73373  -39.736  -23.185  57.521 0.0000000000
74476  -40.850  -21.603  57.100 0.0000000000
73375  -41.068  -22.327  57.472 0.0000000000
72283  -41.470  -22.711  57.509 0.0000000000
72284  -41.944  -23.091  57.392 0.0000000000
71137  -42.602  -24.032  56.284 0.0000000000
75620  -42.323  -20.372  55.908 0.0000000000
74500  -42.764  -21.052  55.766 0.0000000000
73401  -43.047  -21.570  55.437 0.0000000000
69961  -42.749  -25.349  55.097 0.0000000000
72412  -42.088  -23.996  49.178 0.0000000000
72396  -42.538  -23.366  49.534 0.0000000000
73494  -43.762  -22.741  50.025 0.0000000000
72463  -43.837  -23.045  43.495 0.0000000000
71305  -43.387  -24.003  44.220 0.0000000000
71261  -43.113  -24.529  47.274 0.0000000000
71263  -45.213  -23.948  47.661 0.0000000000
71244  -44.405  -23.968  48.268 0.0000000000
73495  -44.954  -22.474  49.821 0.0000000000
74596  -45.008  -21.724  50.267 0.0000000000
74597  -45.437  -21.765  50.175 0.0000000000
74598  -46.175  -21.805  50.020 0.0000000000
74576  -47.083  -21.843  50.414 0.0000000000
73498  -47.460  -22.047  49.657 0.0000000000
73474  -47.679  -22.516  50.445 0.0000000000
72378  -47.762  -23.172  50.949 0.0000000000
44570  -23.700  -45.580  66.136 0.0000000000
44580  -23.134  -45.692  65.703 0.0000000000
48256  -36.404  -42.939  59.024 0.0000000000
49426  -33.937  -42.086  61.341 0.0000000000
49441  -34.823  -41.965  60.295 0.0000000000
49472  -36.013  -42.761  59.114 0.0000000000
50628  -37.693  -40.614  61.145 0.0000000000
51733  -31.742  -40.532  64.313 0.0000000000
51807  -36.542  -39.863  62.276 0.0000000000
51885  -42.240  -40.092  58.477 0.0000000000
52885  -13.815  -39.048  65.321 0.0000000000
54120  -32.980  -39.639  63.670 0.0000000000
54136  -35.310  -38.632  63.151 0.0000000000
54172  -38.839  -37.972  61.255 0.0000000000
55385  -37.266  -37.440  62.685 0.0000000000
55405  -39.001  -37.042  61.603 0.0000000000
56668  -36.479  -37.358  62.715 0.0000000000
56686  -37.694  -36.206  62.200 0.0000000000
56687  -38.745  -36.492  62.145 0.0000000000
56719  -37.358  -36.365  60.730 0.0000000000
56721  -40.133  -37.106  60.542 0.0000000000
56757  -43.804  -35.520  57.740 0.0000000000
56775  -43.942  -35.657  57.544 0.0000000000
57896  -16.199  -36.452  68.061 0.0000000000
57897  -16.651  -36.545  67.938 0.0000000000
57938  -38.017  -35.854  62.130 0.0000000000
57954  -37.480  -36.225  61.749 0.0000000000
57971  -36.903  -36.550  61.345 0.0000000000
58037  -44.231  -35.059  57.214 0.0000000000
59064  -38.369  -35.522  62.067 0.0000000000
59065  -38.742  -35.387  62.215 0.0000000000
59074  -38.214  -35.513  61.765 0.0000000000
59075  -38.634  -35.015  62.016 0.0000000000
59077  -39.668  -34.692  61.800 0.0000000000
59091  -37.624  -36.073  61.312 0.0000000000
60184  -38.530  -34.789  61.674 0.0000000000
60198  -38.384  -34.912  61.418 0.0000000000
60200  -39.045  -33.736  61.268 0.0000000000
61300  -39.788  -33.765  61.571 0.0000000000
61364  -44.690  -32.033  57.051 0.0000000000
62587  -39.444  -32.609  59.915 0.0000000000
63885  -44.368  -30.439  57.044 0.0000000000
67567  -44.112  -28.429  56.647 0.0000000000
68690  -41.046  -27.386  59.917 0.0000000000
69900  -41.038  -25.300  59.071 0.0000000000
71245  -44.913  -23.711  48.271 0.0000000000
72266  -39.774  -23.680  58.148 0.0000000000
72268  -41.232  -23.360  57.876 0.0000000000
72337  -46.192  -22.608  52.774 0.0000000000
72417  -46.115  -22.878  48.437 0.0000000000
72462  -43.437  -23.094  43.975 0.0000000000
73362  -39.835  -23.306  57.903 0.0000000000
73372  -39.372  -23.422  57.363 0.0000000000
73388  -42.139  -22.176  56.836 0.0000000000
73397  -38.586  -23.857  55.612 0.0000000000
73455  -46.709  -22.267  51.883 0.0000000000
73517  -47.840  -22.411  49.202 0.0000000000
73527  -47.013  -22.507  48.195 0.0000000000
73576  -43.697  -22.658  43.866 0.0000000000
74487  -40.635  -21.482  56.666 0.0000000000
74513  -44.572  -20.933  54.147 0.0000000000
74549  -44.851  -20.865  51.141 0.0000000000
74550  -45.821  -21.280  51.004 0.0000000000
74552  -47.182  -22.164  50.850 0.0000000000
74575  -46.338  -21.633  50.479 0.0000000000
74667  -44.473  -21.412  43.883 0.0000000000
74680  -45.413  -21.481  43.006 0.0000000000
75592  -40.926  -21.322  57.029 0.0000000000
75593  -41.109  -21.207  56.922 0.0000000000
75603  -41.417  -20.944  56.694 0.0000000000
75618  -41.031  -20.980  56.362 0.0000000000
75669  -44.615  -20.412  52.439 0.0000000000
75686  -45.285  -20.901  51.326 0.0000000000
75759  -45.531  -20.040  44.239 0.0000000000
75768  -44.923  -20.986  43.883 0.0000000000
75769  -45.509  -20.714  43.720 0.0000000000
76843  -45.707  -19.569  44.376 0.0000000000
76844  -46.049  -19.580  44.362 0.0000000000
76854  -46.184  -19.281  44.251 0.0000000000
76855  -46.860  -19.227  43.815 0.0000000000
76857  -50.744  -18.473  43.533 0.0000000000
76873  -51.222  -18.541  43.128 0.0000000000
77919  -50.910  -18.037  43.504 0.0000000000
77933  -51.323  -17.865  42.973 0.0000000000
