#!ascii label  , from subject sub.01.dh.02 vox2ras=TkReg
970
56926  -36.108  -37.036  51.468 0.0000000000
55668  -17.765  -37.333  48.066 0.0000000000
54380  -25.661  -39.292  48.937 0.0000000000
79003  -38.021  -16.664  34.155 0.0000000000
82396  -43.623  -14.191  30.308 0.0000000000
56882  -10.259  -36.748  52.739 0.0000000000
77993  -35.915  -18.293  36.608 0.0000000000
60363  -36.861  -33.071  49.150 0.0000000000
53182  -31.414  -39.465  51.109 0.0000000000
55650  -14.372  -37.968  50.128 0.0000000000
53080  -13.631  -40.782  54.306 0.0000000000
55714  -32.038  -37.104  46.661 0.0000000000
59359  -33.206  -34.249  44.929 0.0000000000
58167  -21.892  -36.447  48.891 0.0000000000
57015  -28.031  -36.339  46.315 0.0000000000
69023  -32.487  -26.642  37.437 0.0000000000
71451  -36.580  -23.982  36.764 0.0000000000
73694  -40.418  -22.102  35.780 0.0000000000
50745  -5.386  -41.868  54.755 0.0000000000
48260  -2.675  -43.959  57.192 0.0000000000
61546  -30.409  -31.835  43.823 0.0000000000
65438  -27.311  -29.233  41.681 0.0000000000
67865  -29.636  -26.858  39.565 0.0000000000
51927  -9.678  -41.498  54.713 0.0000000000
53157  -18.158  -39.988  51.477 0.0000000000
55624  -19.686  -37.650  50.863 0.0000000000
54347  -33.599  -38.627  50.778 0.0000000000
58163  -16.470  -34.543  49.063 0.0000000000
54374  -16.332  -38.564  49.264 0.0000000000
53155  -15.976  -39.931  51.484 0.0000000000
58216  -31.141  -35.278  47.514 0.0000000000
55712  -30.039  -37.603  46.870 0.0000000000
72541  -32.822  -23.528  37.348 0.0000000000
70219  -34.866  -25.571  37.110 0.0000000000
73677  -34.334  -22.565  36.569 0.0000000000
75864  -37.696  -20.433  34.680 0.0000000000
76964  -38.742  -19.801  33.900 0.0000000000
75866  -42.522  -21.059  34.760 0.0000000000
78026  -40.441  -18.764  33.123 0.0000000000
78044  -41.583  -17.867  32.570 0.0000000000
62761  -30.328  -32.101  46.774 0.0000000000
61539  -32.199  -32.980  44.370 0.0000000000
62759  -28.642  -31.483  46.311 0.0000000000
66576  -26.002  -28.530  43.955 0.0000000000
68941  -26.017  -26.348  42.506 0.0000000000
67824  -28.616  -27.729  40.813 0.0000000000
70167  -27.519  -25.205  40.496 0.0000000000
71386  -29.417  -24.523  39.236 0.0000000000
55655  -22.965  -38.290  49.121 0.0000000000
53100  -7.203  -39.155  53.213 0.0000000000
53102  -9.383  -39.600  52.992 0.0000000000
44699  -3.320  -46.444  57.968 0.0000000000
43496  -2.241  -47.700  59.595 0.0000000000
76931  -34.344  -19.744  37.938 0.0000000000
63996  -36.446  -30.247  48.075 0.0000000000
53199  -28.188  -39.347  49.939 0.0000000000
55621  -12.228  -37.199  51.379 0.0000000000
53129  -11.645  -40.292  52.261 0.0000000000
53153  -14.083  -39.810  51.529 0.0000000000
81325  -45.480  -15.198  29.485 0.0000000000
55676  -34.126  -37.016  48.424 0.0000000000
57002  -35.141  -35.652  47.885 0.0000000000
57037  -33.310  -36.161  45.792 0.0000000000
60369  -17.656  -33.651  47.680 0.0000000000
59260  -19.969  -36.121  48.594 0.0000000000
60383  -20.130  -33.540  46.871 0.0000000000
59318  -22.308  -34.703  46.284 0.0000000000
55706  -24.368  -37.315  46.191 0.0000000000
57013  -26.026  -36.084  45.724 0.0000000000
54425  -26.769  -38.431  47.190 0.0000000000
54405  -29.229  -38.686  48.409 0.0000000000
54408  -31.926  -37.891  48.373 0.0000000000
66681  -34.228  -28.709  39.364 0.0000000000
74751  -36.313  -21.705  35.891 0.0000000000
72559  -38.620  -23.291  36.623 0.0000000000
79035  -42.724  -17.225  31.550 0.0000000000
49500  -3.853  -42.678  55.864 0.0000000000
47140  -4.596  -45.300  57.131 0.0000000000
60409  -35.265  -33.167  46.074 0.0000000000
62779  -35.327  -31.636  45.445 0.0000000000
64033  -33.862  -29.976  44.525 0.0000000000
64041  -26.639  -30.608  44.725 0.0000000000
64053  -29.295  -30.908  43.237 0.0000000000
66580  -31.636  -29.172  45.063 0.0000000000
67771  -30.649  -28.233  43.611 0.0000000000
67798  -31.226  -28.040  42.120 0.0000000000
66657  -32.193  -28.639  40.589 0.0000000000
69010  -30.981  -26.689  38.291 0.0000000000
72534  -31.466  -23.884  38.296 0.0000000000
56916  -21.050  -37.284  51.161 0.0000000000
53056  -4.861  -38.442  54.796 0.0000000000
51945  -7.276  -40.853  53.972 0.0000000000
51929  -11.405  -41.291  55.021 0.0000000000
43476  -0.372  -48.322  59.626 0.0000000000
53195  -18.609  -39.021  49.478 0.0000000000
54342  -19.571  -38.460  51.116 0.0000000000
54377  -19.262  -37.797  49.720 0.0000000000
55628  -35.100  -38.081  50.856 0.0000000000
56971  -16.899  -36.468  48.285 0.0000000000
56950  -16.175  -36.409  49.083 0.0000000000
54397  -16.938  -38.386  48.954 0.0000000000
53193  -16.857  -39.395  49.664 0.0000000000
74740  -32.630  -21.945  38.483 0.0000000000
73666  -33.208  -22.500  37.069 0.0000000000
74742  -33.595  -21.596  37.206 0.0000000000
78992  -37.455  -17.110  34.983 0.0000000000
76974  -37.719  -19.069  33.849 0.0000000000
78023  -37.876  -18.510  33.560 0.0000000000
75889  -39.803  -19.748  33.756 0.0000000000
78025  -39.433  -18.536  33.144 0.0000000000
79032  -39.672  -17.353  32.477 0.0000000000
62760  -29.499  -31.825  46.539 0.0000000000
70118  -26.116  -25.388  43.199 0.0000000000
70148  -26.927  -25.223  40.962 0.0000000000
71328  -27.159  -24.061  41.565 0.0000000000
71329  -27.656  -23.398  41.295 0.0000000000
54379  -24.644  -39.301  49.250 0.0000000000
54359  -24.032  -39.347  50.193 0.0000000000
53159  -25.241  -40.102  51.420 0.0000000000
55603  -8.800  -37.522  52.735 0.0000000000
54322  -9.676  -38.373  52.260 0.0000000000
80166  -44.331  -16.221  30.248 0.0000000000
44678  -2.939  -47.038  58.696 0.0000000000
60350  -37.615  -33.182  50.786 0.0000000000
62726  -36.781  -31.227  48.380 0.0000000000
53180  -29.783  -39.468  50.661 0.0000000000
53143  -31.037  -39.700  52.647 0.0000000000
56933  -15.171  -36.150  50.628 0.0000000000
56910  -14.160  -36.184  51.399 0.0000000000
56909  -13.559  -36.253  51.559 0.0000000000
55636  -13.127  -37.594  50.917 0.0000000000
54340  -13.188  -38.708  50.997 0.0000000000
53169  -13.736  -39.102  50.861 0.0000000000
53109  -16.863  -39.783  53.636 0.0000000000
53108  -15.869  -39.940  53.536 0.0000000000
55674  -32.990  -37.574  47.831 0.0000000000
57000  -33.791  -36.671  46.776 0.0000000000
57020  -32.525  -36.358  46.083 0.0000000000
60370  -17.835  -32.673  47.681 0.0000000000
60382  -18.640  -33.600  47.164 0.0000000000
61487  -19.387  -32.326  46.862 0.0000000000
61508  -22.539  -32.854  46.386 0.0000000000
59319  -23.293  -34.535  45.817 0.0000000000
58228  -23.141  -35.874  45.897 0.0000000000
58252  -24.155  -35.772  45.633 0.0000000000
56997  -27.965  -35.560  47.069 0.0000000000
57014  -27.004  -36.014  46.184 0.0000000000
55708  -26.014  -37.122  45.809 0.0000000000
54446  -27.474  -37.900  46.616 0.0000000000
54426  -27.802  -38.424  47.383 0.0000000000
54447  -28.409  -38.008  46.796 0.0000000000
55713  -31.083  -37.267  46.807 0.0000000000
55691  -30.787  -37.761  47.353 0.0000000000
55692  -31.702  -37.577  47.420 0.0000000000
54409  -32.652  -37.756  48.319 0.0000000000
67884  -33.738  -27.594  38.043 0.0000000000
67869  -34.997  -28.248  38.914 0.0000000000
69012  -34.469  -26.962  37.789 0.0000000000
71432  -36.330  -24.876  36.945 0.0000000000
70221  -36.993  -25.803  37.391 0.0000000000
76939  -35.108  -19.342  36.545 0.0000000000
75850  -34.595  -20.452  36.507 0.0000000000
76951  -35.630  -19.728  35.872 0.0000000000
74765  -38.620  -21.251  35.025 0.0000000000
73692  -38.355  -22.042  35.642 0.0000000000
73683  -40.053  -22.705  36.302 0.0000000000
72561  -40.577  -23.315  36.841 0.0000000000
78045  -42.370  -17.718  32.320 0.0000000000
80141  -41.898  -16.689  31.443 0.0000000000
80154  -42.439  -16.220  31.039 0.0000000000
53054  -4.011  -40.063  55.124 0.0000000000
51905  -3.425  -40.308  56.086 0.0000000000
50744  -4.695  -41.804  55.072 0.0000000000
47155  -5.461  -44.265  56.660 0.0000000000
47109  -5.017  -45.350  58.975 0.0000000000
59323  -34.520  -34.894  46.099 0.0000000000
59324  -34.965  -34.452  46.496 0.0000000000
59344  -34.732  -33.778  45.648 0.0000000000
61548  -31.771  -32.296  43.705 0.0000000000
61541  -34.176  -32.685  44.368 0.0000000000
62790  -33.420  -31.251  43.699 0.0000000000
64046  -34.122  -30.701  44.223 0.0000000000
64057  -32.677  -30.786  43.551 0.0000000000
66555  -26.288  -28.598  46.242 0.0000000000
65420  -26.521  -29.403  42.584 0.0000000000
64062  -27.058  -30.293  42.693 0.0000000000
65406  -28.916  -30.398  42.844 0.0000000000
65408  -30.199  -30.163  43.882 0.0000000000
65407  -29.651  -29.786  43.441 0.0000000000
66578  -30.380  -28.945  44.067 0.0000000000
65423  -29.187  -29.109  42.583 0.0000000000
67848  -29.308  -27.248  40.097 0.0000000000
67825  -29.656  -28.006  41.203 0.0000000000
67849  -30.338  -27.809  40.272 0.0000000000
67827  -31.411  -28.297  41.350 0.0000000000
67850  -31.122  -28.245  40.473 0.0000000000
67867  -31.268  -27.891  39.148 0.0000000000
68996  -30.522  -26.940  38.940 0.0000000000
72501  -29.641  -23.099  39.789 0.0000000000
71387  -30.229  -24.208  38.776 0.0000000000
73648  -30.757  -22.686  39.430 0.0000000000
59262  -20.902  -36.078  48.410 0.0000000000
58146  -20.376  -36.707  49.793 0.0000000000
58148  -21.510  -36.924  49.650 0.0000000000
51963  -7.793  -40.086  53.452 0.0000000000
51962  -6.739  -39.913  53.568 0.0000000000
50767  -8.528  -41.422  54.614 0.0000000000
53105  -13.122  -40.803  53.236 0.0000000000
51967  -11.543  -40.801  53.313 0.0000000000
51951  -12.762  -41.055  54.301 0.0000000000
53110  -17.894  -39.768  53.814 0.0000000000
54311  -19.437  -38.853  53.445 0.0000000000
55587  -19.966  -38.247  52.924 0.0000000000
56861  -20.518  -37.608  53.230 0.0000000000
54346  -32.729  -38.975  51.216 0.0000000000
54329  -32.626  -39.173  52.462 0.0000000000
58144  -16.088  -34.367  50.137 0.0000000000
56934  -15.698  -36.018  50.093 0.0000000000
54373  -15.311  -38.618  49.739 0.0000000000
54355  -14.816  -38.928  50.238 0.0000000000
53192  -15.995  -39.412  49.716 0.0000000000
53156  -17.029  -39.871  51.508 0.0000000000
57019  -31.460  -36.505  46.513 0.0000000000
58234  -31.720  -35.440  46.418 0.0000000000
56998  -28.805  -35.928  46.940 0.0000000000
55711  -29.039  -37.418  46.605 0.0000000000
57018  -30.513  -36.729  46.578 0.0000000000
71428  -32.314  -24.570  37.493 0.0000000000
70218  -33.932  -25.530  37.230 0.0000000000
71429  -33.351  -24.577  37.074 0.0000000000
72543  -34.471  -23.964  36.604 0.0000000000
72556  -35.826  -23.241  36.482 0.0000000000
76952  -36.155  -19.619  35.493 0.0000000000
76953  -36.765  -19.468  34.984 0.0000000000
75865  -38.386  -20.736  34.661 0.0000000000
74779  -39.218  -20.862  34.650 0.0000000000
74767  -40.727  -21.484  35.272 0.0000000000
75881  -40.600  -20.483  34.283 0.0000000000
75891  -40.945  -20.165  34.030 0.0000000000
76966  -42.099  -19.908  34.036 0.0000000000
78043  -40.628  -18.048  32.662 0.0000000000
79033  -40.799  -17.281  32.158 0.0000000000
49503  -6.540  -42.763  55.410 0.0000000000
48291  -5.859  -43.378  55.874 0.0000000000
49478  -7.097  -43.146  57.142 0.0000000000
61528  -31.896  -33.364  45.608 0.0000000000
60440  -33.148  -33.482  44.422 0.0000000000
61527  -31.336  -32.980  45.263 0.0000000000
61526  -30.533  -32.630  45.063 0.0000000000
61536  -29.761  -32.107  44.438 0.0000000000
66577  -25.879  -28.370  44.523 0.0000000000
67770  -25.894  -27.369  43.919 0.0000000000
68940  -25.821  -27.195  42.909 0.0000000000
66628  -26.681  -28.580  41.773 0.0000000000
66630  -28.161  -28.279  41.279 0.0000000000
67823  -27.488  -27.400  40.717 0.0000000000
67846  -27.835  -26.686  40.364 0.0000000000
68993  -28.764  -26.041  39.748 0.0000000000
70189  -29.078  -25.534  39.393 0.0000000000
71363  -28.397  -24.379  40.045 0.0000000000
56952  -22.336  -36.818  48.708 0.0000000000
56918  -22.078  -37.873  50.235 0.0000000000
54343  -22.980  -38.866  51.114 0.0000000000
53101  -8.383  -39.145  53.014 0.0000000000
51964  -8.853  -40.209  53.398 0.0000000000
45944  -2.797  -45.541  57.031 0.0000000000
48248  -2.330  -44.072  58.067 0.0000000000
44697  -2.428  -46.288  57.941 0.0000000000
45903  -1.769  -45.958  58.670 0.0000000000
45886  -1.383  -45.886  59.122 0.0000000000
65362  -35.673  -29.477  47.391 0.0000000000
53198  -27.210  -39.361  49.896 0.0000000000
53177  -26.753  -39.764  50.695 0.0000000000
56854  -12.356  -35.858  52.338 0.0000000000
55620  -11.137  -37.785  51.776 0.0000000000
54337  -10.953  -38.570  51.778 0.0000000000
54338  -11.694  -38.484  51.496 0.0000000000
53130  -12.688  -40.255  52.224 0.0000000000
53106  -14.078  -40.491  53.357 0.0000000000
53154  -14.991  -40.025  51.472 0.0000000000
53107  -14.942  -40.197  53.454 0.0000000000
53081  -14.378  -40.283  54.390 0.0000000000
81324  -44.736  -15.249  29.944 0.0000000000
56960  -35.059  -36.911  49.851 0.0000000000
56961  -35.603  -36.225  49.521 0.0000000000
56982  -34.835  -36.614  48.852 0.0000000000
57022  -34.043  -36.265  46.379 0.0000000000
59342  -33.036  -34.840  45.494 0.0000000000
58255  -32.606  -35.512  45.770 0.0000000000
59341  -32.148  -34.697  45.783 0.0000000000
60424  -32.053  -34.054  45.445 0.0000000000
61510  -31.645  -32.708  46.359 0.0000000000
58206  -17.930  -35.480  47.591 0.0000000000
56973  -18.822  -36.858  48.260 0.0000000000
58207  -18.635  -35.642  47.724 0.0000000000
59301  -19.527  -35.073  47.637 0.0000000000
59282  -21.217  -35.438  48.106 0.0000000000
62757  -21.201  -32.019  46.455 0.0000000000
60385  -21.468  -34.206  46.792 0.0000000000
58191  -22.134  -35.959  47.967 0.0000000000
56994  -22.869  -36.490  47.169 0.0000000000
55671  -23.716  -38.016  47.818 0.0000000000
54401  -24.875  -38.695  48.013 0.0000000000
59321  -25.539  -34.644  45.979 0.0000000000
57034  -24.833  -36.553  45.616 0.0000000000
54424  -25.582  -38.413  46.903 0.0000000000
54402  -26.118  -38.794  48.030 0.0000000000
54382  -27.694  -39.019  49.089 0.0000000000
54383  -28.691  -38.929  49.227 0.0000000000
54384  -29.755  -39.064  49.464 0.0000000000
54428  -29.765  -38.343  47.550 0.0000000000
54406  -30.221  -38.711  48.484 0.0000000000
54386  -31.787  -38.352  49.377 0.0000000000
54363  -32.673  -38.577  50.118 0.0000000000
55642  -34.048  -37.907  49.644 0.0000000000
59279  -17.061  -34.079  48.290 0.0000000000
69026  -35.242  -26.386  37.457 0.0000000000
75844  -33.959  -20.633  37.420 0.0000000000
73678  -35.090  -22.438  36.310 0.0000000000
73679  -36.068  -22.398  36.242 0.0000000000
74763  -36.569  -21.126  35.532 0.0000000000
73680  -37.076  -22.403  36.170 0.0000000000
72558  -37.674  -23.235  36.513 0.0000000000
72545  -39.212  -23.984  37.137 0.0000000000
79036  -43.887  -17.521  31.736 0.0000000000
80155  -43.229  -16.249  30.711 0.0000000000
82395  -43.109  -14.478  30.554 0.0000000000
50702  -2.951  -41.801  56.756 0.0000000000
48273  -3.616  -43.542  56.100 0.0000000000
48290  -4.978  -43.363  55.536 0.0000000000
47173  -4.409  -43.972  55.886 0.0000000000
47153  -3.715  -44.602  56.320 0.0000000000
45924  -3.958  -45.837  57.596 0.0000000000
58175  -36.201  -35.134  49.296 0.0000000000
59290  -36.307  -34.417  48.569 0.0000000000
60391  -36.474  -33.022  47.778 0.0000000000
60425  -34.424  -33.444  44.877 0.0000000000
61530  -35.271  -32.473  45.574 0.0000000000
61493  -36.246  -31.929  47.054 0.0000000000
62742  -35.989  -30.984  46.774 0.0000000000
64025  -34.982  -29.946  45.701 0.0000000000
65389  -34.484  -29.564  45.614 0.0000000000
62758  -27.755  -31.151  46.081 0.0000000000
62787  -28.032  -31.846  44.302 0.0000000000
65394  -26.162  -29.849  44.727 0.0000000000
62798  -27.686  -31.425  43.508 0.0000000000
62800  -29.807  -31.561  43.880 0.0000000000
64043  -31.331  -30.313  43.993 0.0000000000
65398  -32.589  -29.653  44.460 0.0000000000
66606  -29.430  -28.456  42.154 0.0000000000
67797  -30.415  -28.039  42.492 0.0000000000
66658  -32.922  -28.932  40.412 0.0000000000
67883  -32.494  -28.015  38.258 0.0000000000
67895  -32.019  -27.029  37.592 0.0000000000
70203  -29.887  -25.712  38.761 0.0000000000
70215  -31.243  -25.682  37.880 0.0000000000
71427  -31.616  -24.932  37.776 0.0000000000
72535  -32.073  -23.471  38.235 0.0000000000
73658  -32.324  -22.402  38.818 0.0000000000
56951  -19.506  -36.969  49.631 0.0000000000
56915  -20.502  -37.162  51.407 0.0000000000
55625  -21.683  -37.945  51.547 0.0000000000
53078  -4.800  -39.875  54.420 0.0000000000
53099  -6.323  -39.033  53.631 0.0000000000
51944  -5.959  -40.457  54.021 0.0000000000
50765  -6.833  -41.874  54.658 0.0000000000
50747  -7.975  -42.076  55.635 0.0000000000
53128  -10.834  -39.793  52.368 0.0000000000
51966  -10.665  -40.617  53.421 0.0000000000
51928  -10.578  -41.449  54.798 0.0000000000
43477  -1.901  -48.096  60.268 0.0000000000
43495  -1.413  -47.729  59.262 0.0000000000
44644  -0.608  -45.885  59.307 0.0000000000
58136  -36.335  -36.471  50.802 0.0000000000
53214  -18.234  -38.832  48.924 0.0000000000
53215  -18.595  -38.617  49.030 0.0000000000
54399  -18.443  -38.168  48.572 0.0000000000
56925  -35.548  -37.551  51.090 0.0000000000
54398  -17.561  -38.443  48.716 0.0000000000
74733  -33.025  -21.415  39.002 0.0000000000
74741  -33.023  -21.650  37.867 0.0000000000
79002  -37.762  -17.650  33.792 0.0000000000
79014  -38.122  -18.057  33.329 0.0000000000
78024  -38.575  -18.547  33.336 0.0000000000
79015  -38.600  -17.447  33.078 0.0000000000
71314  -26.544  -24.227  42.729 0.0000000000
53196  -25.433  -39.727  49.736 0.0000000000
53175  -24.845  -39.845  50.393 0.0000000000
53176  -25.807  -40.041  50.548 0.0000000000
56881  -9.586  -37.057  52.636 0.0000000000
55605  -10.254  -37.602  52.170 0.0000000000
81323  -43.814  -15.234  30.288 0.0000000000
61469  -37.110  -32.202  49.592 0.0000000000
61480  -36.836  -32.175  48.762 0.0000000000
53181  -30.807  -39.514  50.917 0.0000000000
53164  -30.353  -39.718  51.703 0.0000000000
53165  -31.233  -39.628  51.679 0.0000000000
55638  -14.922  -36.899  50.212 0.0000000000
56932  -14.616  -36.413  50.811 0.0000000000
55637  -14.058  -37.280  50.612 0.0000000000
55623  -13.798  -36.666  51.215 0.0000000000
54353  -13.522  -38.236  50.674 0.0000000000
54354  -14.209  -38.496  50.382 0.0000000000
55693  -32.587  -37.391  47.218 0.0000000000
55715  -32.925  -37.035  46.574 0.0000000000
61486  -18.518  -32.340  47.338 0.0000000000
60386  -23.899  -32.853  46.509 0.0000000000
61509  -23.235  -33.036  46.273 0.0000000000
60406  -23.694  -33.478  45.953 0.0000000000
59338  -23.970  -34.990  45.573 0.0000000000
59320  -24.742  -33.861  45.921 0.0000000000
55709  -27.238  -37.120  45.998 0.0000000000
55710  -28.165  -37.252  46.404 0.0000000000
67897  -32.925  -27.343  37.639 0.0000000000
69011  -33.939  -27.072  37.784 0.0000000000
71452  -37.354  -23.811  36.805 0.0000000000
77992  -35.396  -18.652  37.313 0.0000000000
76940  -35.740  -19.092  35.973 0.0000000000
74766  -39.747  -21.426  35.217 0.0000000000
73693  -39.366  -22.032  35.703 0.0000000000
80153  -41.559  -15.961  31.325 0.0000000000
51942  -4.578  -40.928  54.925 0.0000000000
59343  -34.145  -34.745  45.435 0.0000000000
61547  -30.906  -32.100  43.678 0.0000000000
62803  -32.440  -31.675  43.560 0.0000000000
62802  -31.438  -31.563  43.525 0.0000000000
65421  -27.009  -30.019  42.102 0.0000000000
65422  -28.325  -29.802  42.276 0.0000000000
67866  -30.152  -27.212  39.519 0.0000000000
58166  -21.331  -36.342  48.784 0.0000000000
51946  -8.375  -40.973  54.017 0.0000000000
51926  -8.944  -41.368  54.490 0.0000000000
50748  -8.910  -41.808  55.248 0.0000000000
50749  -9.647  -41.861  55.332 0.0000000000
51968  -12.335  -40.926  53.601 0.0000000000
49477  -2.772  -42.769  57.440 0.0000000000
49476  -2.554  -43.500  57.752 0.0000000000
59252  -37.064  -34.293  50.264 0.0000000000
54324  -18.722  -39.553  52.733 0.0000000000
54325  -19.681  -38.877  52.229 0.0000000000
55608  -19.974  -37.967  51.836 0.0000000000
56860  -20.195  -37.982  53.432 0.0000000000
56890  -20.143  -37.629  52.553 0.0000000000
59245  -16.519  -33.632  49.893 0.0000000000
55652  -15.593  -37.313  49.513 0.0000000000
53173  -17.479  -39.782  50.445 0.0000000000
53135  -17.555  -39.961  52.624 0.0000000000
58233  -30.840  -35.924  46.683 0.0000000000
56999  -29.273  -36.263  46.754 0.0000000000
58215  -30.348  -35.693  47.413 0.0000000000
73676  -33.862  -22.767  36.735 0.0000000000
72542  -33.847  -23.560  36.768 0.0000000000
72554  -34.195  -23.072  36.603 0.0000000000
72555  -34.776  -23.407  36.444 0.0000000000
78005  -36.797  -18.234  35.082 0.0000000000
76963  -38.069  -19.696  33.986 0.0000000000
75878  -37.896  -20.013  34.286 0.0000000000
75879  -38.533  -20.354  34.339 0.0000000000
74780  -40.139  -20.918  34.714 0.0000000000
75880  -39.572  -20.235  34.089 0.0000000000
76977  -40.075  -19.363  33.505 0.0000000000
75890  -40.364  -19.969  33.861 0.0000000000
76978  -41.210  -19.660  33.680 0.0000000000
78027  -41.440  -18.664  33.097 0.0000000000
79031  -39.021  -16.925  32.642 0.0000000000
62777  -30.852  -32.528  46.061 0.0000000000
62776  -30.042  -32.268  45.816 0.0000000000
62775  -29.272  -31.925  45.549 0.0000000000
61525  -29.812  -32.293  44.906 0.0000000000
68960  -26.250  -27.142  42.119 0.0000000000
67796  -26.193  -27.983  42.411 0.0000000000
67822  -26.649  -27.696  41.516 0.0000000000
68961  -26.491  -26.466  41.301 0.0000000000
68978  -27.395  -26.084  40.459 0.0000000000
68979  -28.233  -26.175  40.133 0.0000000000
70168  -27.979  -25.346  40.215 0.0000000000
70188  -28.516  -25.404  39.816 0.0000000000
71362  -27.846  -24.856  40.331 0.0000000000
72499  -28.398  -23.456  40.518 0.0000000000
56937  -22.384  -37.678  49.359 0.0000000000
54358  -23.207  -38.968  50.081 0.0000000000
53158  -24.256  -39.715  51.343 0.0000000000
53126  -9.198  -38.900  52.624 0.0000000000
54309  -8.370  -38.146  52.805 0.0000000000
45923  -3.133  -46.102  57.305 0.0000000000
45922  -2.535  -45.971  57.506 0.0000000000
44698  -2.753  -46.538  57.869 0.0000000000
43516  -2.194  -47.406  58.907 0.0000000000
44677  -2.200  -46.683  58.437 0.0000000000
43515  -1.798  -47.210  58.780 0.0000000000
44676  -1.523  -46.717  58.845 0.0000000000
63984  -36.875  -30.242  48.945 0.0000000000
65348  -36.449  -29.623  48.623 0.0000000000
63995  -36.057  -29.884  47.591 0.0000000000
53178  -27.724  -39.650  50.767 0.0000000000
56908  -12.957  -36.385  51.517 0.0000000000
56885  -13.206  -35.833  51.994 0.0000000000
56884  -12.553  -36.112  51.915 0.0000000000
55607  -11.903  -36.224  52.238 0.0000000000
54339  -12.562  -38.494  51.194 0.0000000000
53152  -13.142  -39.471  51.498 0.0000000000
53131  -13.621  -40.223  52.355 0.0000000000
53171  -15.383  -39.638  50.442 0.0000000000
53133  -15.477  -40.061  52.485 0.0000000000
53082  -15.242  -40.012  54.499 0.0000000000
55658  -34.451  -37.339  49.278 0.0000000000
57021  -33.407  -36.591  46.250 0.0000000000
57038  -33.676  -36.246  46.013 0.0000000000
58257  -33.883  -35.800  45.840 0.0000000000
58256  -33.328  -35.532  45.637 0.0000000000
59322  -32.093  -34.407  46.876 0.0000000000
61491  -32.649  -33.062  47.298 0.0000000000
60408  -32.019  -33.815  46.317 0.0000000000
61511  -32.385  -32.965  46.950 0.0000000000
59300  -18.419  -34.777  47.450 0.0000000000
59302  -20.664  -34.620  47.586 0.0000000000
60404  -21.794  -33.689  46.404 0.0000000000
59317  -21.739  -34.512  46.712 0.0000000000
59304  -21.970  -35.160  47.165 0.0000000000
56975  -22.614  -36.558  47.811 0.0000000000
58209  -22.587  -35.759  46.909 0.0000000000
55687  -23.942  -37.410  46.676 0.0000000000
56995  -23.280  -36.886  46.782 0.0000000000
55672  -24.481  -38.279  47.461 0.0000000000
58230  -26.424  -35.349  46.464 0.0000000000
58212  -26.360  -35.078  47.353 0.0000000000
58211  -25.938  -34.936  46.814 0.0000000000
59306  -25.654  -34.208  47.027 0.0000000000
58229  -25.890  -35.267  45.841 0.0000000000
59340  -25.282  -35.303  45.588 0.0000000000
57035  -25.454  -36.410  45.598 0.0000000000
54445  -26.487  -37.892  46.354 0.0000000000
54444  -25.848  -37.873  46.245 0.0000000000
54381  -26.703  -39.197  48.970 0.0000000000
54403  -27.210  -38.754  48.158 0.0000000000
54427  -28.767  -38.418  47.518 0.0000000000
54404  -28.223  -38.683  48.294 0.0000000000
57017  -29.617  -36.723  46.577 0.0000000000
54430  -31.196  -37.946  47.897 0.0000000000
54429  -30.564  -38.244  47.816 0.0000000000
54407  -31.093  -38.364  48.538 0.0000000000
54385  -30.804  -38.781  49.419 0.0000000000
55657  -33.703  -37.690  48.893 0.0000000000
54388  -33.518  -37.989  49.392 0.0000000000
55643  -34.750  -37.656  50.087 0.0000000000
60357  -17.214  -32.845  48.545 0.0000000000
58188  -17.142  -35.310  48.158 0.0000000000
66659  -33.834  -29.038  40.274 0.0000000000
67886  -35.712  -27.754  38.606 0.0000000000
67870  -35.785  -28.201  39.302 0.0000000000
69025  -34.431  -26.217  37.423 0.0000000000
75836  -34.247  -20.237  38.477 0.0000000000
74750  -35.342  -21.418  36.133 0.0000000000
75863  -36.760  -20.418  35.204 0.0000000000
74764  -37.498  -21.352  35.292 0.0000000000
73682  -39.002  -22.633  36.238 0.0000000000
73691  -37.593  -22.075  35.752 0.0000000000
73681  -38.048  -22.684  36.069 0.0000000000
72546  -40.202  -23.929  37.234 0.0000000000
74768  -41.844  -21.476  35.303 0.0000000000
78028  -42.540  -18.366  33.023 0.0000000000
79017  -43.283  -17.893  32.416 0.0000000000
79048  -42.925  -16.743  31.009 0.0000000000
81313  -42.940  -15.280  30.584 0.0000000000
81314  -43.420  -15.706  30.496 0.0000000000
51924  -3.652  -41.577  55.778 0.0000000000
51904  -3.300  -41.239  56.124 0.0000000000
50722  -3.423  -41.994  56.024 0.0000000000
49489  -3.228  -42.692  56.443 0.0000000000
47175  -5.589  -43.836  56.269 0.0000000000
47141  -5.220  -44.857  57.311 0.0000000000
47154  -4.718  -44.747  56.401 0.0000000000
45946  -4.091  -45.311  56.702 0.0000000000
47129  -4.803  -45.378  57.978 0.0000000000
45887  -4.669  -45.751  59.481 0.0000000000
56983  -35.305  -35.846  48.543 0.0000000000
59309  -35.698  -34.336  47.629 0.0000000000
60374  -36.364  -33.627  47.981 0.0000000000
60390  -35.945  -33.123  47.120 0.0000000000
60441  -33.811  -33.228  44.385 0.0000000000
62791  -34.204  -31.782  44.188 0.0000000000
61529  -34.781  -32.336  44.907 0.0000000000
61513  -35.740  -32.067  46.256 0.0000000000
62765  -35.655  -31.094  45.992 0.0000000000
64034  -34.603  -30.115  44.946 0.0000000000
65388  -33.809  -29.496  45.203 0.0000000000
64032  -27.041  -30.496  45.802 0.0000000000
62773  -27.499  -31.228  45.069 0.0000000000
62774  -28.406  -31.619  45.292 0.0000000000
66565  -25.918  -28.797  44.540 0.0000000000
65393  -26.100  -29.442  44.182 0.0000000000
64052  -28.220  -30.922  42.816 0.0000000000
64051  -26.966  -30.620  43.402 0.0000000000
62799  -28.721  -31.628  43.545 0.0000000000
64055  -31.008  -30.894  43.666 0.0000000000
64054  -30.144  -30.753  43.748 0.0000000000
65396  -30.595  -29.738  44.128 0.0000000000
65397  -31.654  -29.656  44.462 0.0000000000
65387  -32.877  -29.290  45.221 0.0000000000
65386  -32.153  -29.353  44.988 0.0000000000
67744  -30.789  -28.457  44.067 0.0000000000
66631  -28.899  -28.235  41.485 0.0000000000
67826  -30.677  -28.070  41.316 0.0000000000
68943  -31.245  -27.857  42.927 0.0000000000
66656  -31.669  -28.448  40.772 0.0000000000
66607  -32.283  -28.587  41.712 0.0000000000
66633  -32.626  -28.684  41.300 0.0000000000
67868  -32.166  -28.376  38.918 0.0000000000
67882  -31.721  -27.354  37.990 0.0000000000
70202  -29.476  -25.371  39.016 0.0000000000
71407  -29.659  -25.127  38.822 0.0000000000
71388  -30.621  -23.824  38.719 0.0000000000
71409  -30.933  -24.503  38.281 0.0000000000
71410  -31.667  -24.259  37.979 0.0000000000
72523  -31.817  -22.910  38.785 0.0000000000
56993  -19.119  -36.307  48.206 0.0000000000
56974  -19.144  -36.790  48.626 0.0000000000
58164  -19.882  -36.456  49.146 0.0000000000
58128  -20.693  -37.013  50.504 0.0000000000
58127  -20.200  -36.911  50.686 0.0000000000
56891  -20.462  -37.313  52.398 0.0000000000
56863  -21.397  -37.644  52.662 0.0000000000
54326  -23.017  -38.732  52.226 0.0000000000
55626  -22.135  -38.385  51.387 0.0000000000
53139  -26.749  -40.297  52.431 0.0000000000
54307  -6.750  -38.296  53.508 0.0000000000
54294  -6.078  -38.149  54.028 0.0000000000
53150  -11.281  -39.355  51.798 0.0000000000
53149  -10.676  -39.143  52.056 0.0000000000
51950  -11.893  -41.017  54.278 0.0000000000
51949  -11.049  -40.969  54.175 0.0000000000
51948  -10.198  -40.942  54.075 0.0000000000
82398  -45.136  -14.334  29.540 0.0000000000
42452  -1.224  -48.878  60.666 0.0000000000
42469  -1.310  -48.459  60.084 0.0000000000
42486  -0.846  -48.215  59.635 0.0000000000
44660  -0.902  -46.580  59.145 0.0000000000
43494  -0.460  -47.691  59.473 0.0000000000
53174  -18.477  -39.587  50.336 0.0000000000
54341  -19.099  -39.366  51.342 0.0000000000
54356  -19.113  -38.848  50.281 0.0000000000
54357  -19.384  -38.062  50.224 0.0000000000
55611  -34.357  -38.440  51.180 0.0000000000
58187  -16.508  -35.622  48.787 0.0000000000
55667  -16.696  -37.624  48.704 0.0000000000
54375  -17.109  -38.836  49.191 0.0000000000
53194  -17.786  -39.338  49.388 0.0000000000
58197  -31.366  -34.504  48.548 0.0000000000
73665  -32.581  -22.553  37.920 0.0000000000
73667  -33.838  -22.185  36.822 0.0000000000
78013  -37.402  -18.313  34.221 0.0000000000
76975  -38.337  -19.213  33.620 0.0000000000
76976  -39.215  -19.363  33.612 0.0000000000
78042  -39.891  -18.156  32.797 0.0000000000
79016  -39.359  -17.914  32.806 0.0000000000
64024  -29.783  -31.582  47.458 0.0000000000
64023  -28.940  -31.289  47.246 0.0000000000
70132  -26.399  -25.240  41.992 0.0000000000
71344  -27.563  -24.551  40.654 0.0000000000
54378  -23.774  -38.778  49.171 0.0000000000
55604  -9.393  -37.636  52.423 0.0000000000
80156  -43.823  -16.591  30.611 0.0000000000
79059  -44.829  -16.737  30.270 0.0000000000
44661  -3.503  -46.766  59.695 0.0000000000
43497  -2.826  -47.332  59.667 0.0000000000
62713  -37.060  -31.286  49.221 0.0000000000
53200  -29.127  -39.275  50.015 0.0000000000
53179  -28.727  -39.624  50.779 0.0000000000
56912  -15.394  -35.212  51.095 0.0000000000
56911  -14.785  -35.684  51.341 0.0000000000
56887  -14.379  -35.359  52.111 0.0000000000
55622  -13.294  -36.881  51.174 0.0000000000
55635  -12.711  -37.858  51.042 0.0000000000
54352  -13.015  -38.176  50.929 0.0000000000
53134  -16.472  -39.911  52.543 0.0000000000
53083  -16.189  -39.778  54.629 0.0000000000
55675  -33.554  -37.347  48.112 0.0000000000
55695  -33.892  -36.926  47.821 0.0000000000
55694  -33.490  -37.093  47.272 0.0000000000
55716  -33.413  -36.883  46.681 0.0000000000
57036  -32.918  -35.957  45.664 0.0000000000
61505  -20.289  -32.458  46.608 0.0000000000
61489  -22.472  -31.984  47.006 0.0000000000
60405  -22.794  -33.716  46.128 0.0000000000
58227  -22.716  -35.254  46.094 0.0000000000
57011  -24.002  -36.689  45.947 0.0000000000
56996  -27.054  -35.247  47.393 0.0000000000
66691  -33.436  -28.505  38.686 0.0000000000
66692  -34.240  -28.198  38.631 0.0000000000
67885  -34.781  -27.660  38.319 0.0000000000
71431  -35.335  -24.877  36.783 0.0000000000
70220  -35.855  -25.728  37.092 0.0000000000
76932  -34.801  -19.147  37.597 0.0000000000
76938  -34.430  -19.775  37.141 0.0000000000
75851  -35.368  -20.362  35.995 0.0000000000
74762  -35.897  -21.009  35.771 0.0000000000
72560  -39.606  -23.282  36.765 0.0000000000
79034  -41.745  -17.244  31.949 0.0000000000
81312  -42.022  -15.182  31.115 0.0000000000
51925  -3.960  -41.125  55.520 0.0000000000
50743  -4.004  -41.968  55.575 0.0000000000
49501  -4.558  -42.625  55.439 0.0000000000
58218  -34.685  -35.541  47.018 0.0000000000
58219  -35.072  -35.250  47.349 0.0000000000
58236  -34.784  -35.179  46.818 0.0000000000
61549  -32.456  -32.410  43.758 0.0000000000
61540  -33.288  -32.482  43.934 0.0000000000
62778  -34.823  -31.188  44.767 0.0000000000
64045  -33.258  -30.173  43.925 0.0000000000
65385  -26.254  -29.627  45.535 0.0000000000
66590  -26.148  -28.681  43.017 0.0000000000
65404  -26.352  -29.549  43.368 0.0000000000
65405  -26.733  -30.016  42.805 0.0000000000
64063  -27.522  -30.419  42.562 0.0000000000
65395  -30.145  -29.486  43.985 0.0000000000
66579  -31.073  -29.112  44.659 0.0000000000
66591  -29.821  -28.657  43.173 0.0000000000
66678  -31.677  -28.433  40.100 0.0000000000
72520  -29.442  -23.615  39.590 0.0000000000
72521  -30.164  -23.353  39.232 0.0000000000
72522  -31.163  -23.316  38.704 0.0000000000
59261  -20.400  -36.233  48.684 0.0000000000
58165  -20.335  -36.479  49.217 0.0000000000
59246  -20.607  -36.534  49.238 0.0000000000
58147  -20.961  -36.722  49.615 0.0000000000
58129  -21.160  -37.139  50.326 0.0000000000
50766  -7.984  -41.493  54.688 0.0000000000
53104  -12.286  -40.723  52.876 0.0000000000
60349  -37.270  -33.169  50.136 0.0000000000
54310  -18.722  -39.265  54.114 0.0000000000
54362  -31.547  -38.956  50.500 0.0000000000
54345  -31.913  -39.351  51.519 0.0000000000
58143  -15.744  -34.969  50.479 0.0000000000
58162  -16.062  -35.321  49.577 0.0000000000
55639  -15.375  -36.605  50.110 0.0000000000
55651  -14.777  -37.731  49.915 0.0000000000
54372  -14.688  -38.360  50.030 0.0000000000
53172  -16.454  -39.798  50.498 0.0000000000
57016  -28.815  -36.644  46.530 0.0000000000
58232  -30.077  -36.131  46.721 0.0000000000
70217  -32.921  -25.632  37.123 0.0000000000
69024  -33.610  -26.650  37.509 0.0000000000
71430  -34.379  -24.630  36.823 0.0000000000
71449  -34.917  -24.221  36.554 0.0000000000
71450  -35.637  -24.108  36.604 0.0000000000
78004  -36.231  -18.729  35.625 0.0000000000
76962  -37.395  -19.354  34.368 0.0000000000
73695  -41.248  -21.994  35.813 0.0000000000
74781  -40.983  -20.996  34.762 0.0000000000
75882  -41.621  -20.501  34.328 0.0000000000
49515  -6.230  -42.402  54.836 0.0000000000
49502  -5.510  -42.608  55.072 0.0000000000
48292  -6.534  -43.148  55.977 0.0000000000
60439  -32.421  -33.849  44.811 0.0000000000
61538  -31.159  -32.614  44.294 0.0000000000
61537  -30.261  -32.178  44.227 0.0000000000
62789  -29.754  -31.975  44.213 0.0000000000
67743  -25.845  -27.708  44.393 0.0000000000
67742  -25.926  -27.984  43.997 0.0000000000
68926  -25.864  -26.767  43.694 0.0000000000
68925  -25.814  -27.207  43.411 0.0000000000
67769  -25.862  -27.722  43.541 0.0000000000
66604  -26.412  -28.787  42.322 0.0000000000
65439  -27.965  -28.914  41.675 0.0000000000
66629  -27.361  -28.361  41.411 0.0000000000
67847  -28.330  -27.021  40.267 0.0000000000
68980  -28.766  -26.599  39.942 0.0000000000
68994  -29.252  -26.419  39.532 0.0000000000
71385  -28.815  -24.949  39.577 0.0000000000
71364  -29.022  -23.914  39.689 0.0000000000
71345  -27.814  -23.752  40.788 0.0000000000
73622  -29.520  -22.848  40.165 0.0000000000
56936  -21.985  -37.192  49.606 0.0000000000
55641  -22.458  -38.490  50.163 0.0000000000
54344  -23.569  -39.288  50.919 0.0000000000
54327  -23.535  -39.305  51.786 0.0000000000
54308  -7.603  -38.236  53.171 0.0000000000
55581  -8.141  -37.265  53.458 0.0000000000
51947  -9.324  -40.916  53.964 0.0000000000
53057  -13.850  -40.471  55.286 0.0000000000
47152  -2.910  -44.816  56.739 0.0000000000
47139  -2.391  -45.043  57.531 0.0000000000
45904  -2.130  -45.865  58.051 0.0000000000
47128  -1.949  -44.947  58.671 0.0000000000
47127  -1.651  -45.478  58.999 0.0000000000
76919  -34.520  -19.813  38.347 0.0000000000
77981  -35.489  -18.826  38.092 0.0000000000
77982  -36.145  -18.212  37.826 0.0000000000
65361  -35.115  -29.199  47.176 0.0000000000
53197  -26.281  -39.612  49.779 0.0000000000
53161  -27.229  -39.881  51.637 0.0000000000
54328  -31.756  -39.492  52.254 0.0000000000
55606  -11.107  -36.854  52.308 0.0000000000
55619  -10.655  -38.105  51.861 0.0000000000
53151  -12.148  -39.476  51.592 0.0000000000
53170  -14.514  -39.416  50.753 0.0000000000
53132  -14.540  -40.207  52.433 0.0000000000
82397  -44.371  -14.309  29.932 0.0000000000
56944  -35.390  -37.311  50.626 0.0000000000
56945  -35.815  -36.694  50.404 0.0000000000
57001  -34.489  -36.268  47.486 0.0000000000
58235  -34.467  -35.429  46.413 0.0000000000
59358  -32.584  -34.357  45.249 0.0000000000
62762  -31.184  -32.169  46.993 0.0000000000
62763  -31.893  -32.525  47.336 0.0000000000
55685  -18.126  -36.691  47.777 0.0000000000
55686  -18.309  -36.978  47.947 0.0000000000
56991  -18.209  -36.150  47.668 0.0000000000
58208  -19.077  -35.888  48.008 0.0000000000
59280  -19.999  -35.794  48.253 0.0000000000
59281  -20.477  -35.528  48.101 0.0000000000
58190  -21.666  -35.944  48.253 0.0000000000
62734  -19.779  -31.249  47.390 0.0000000000
62755  -20.127  -31.762  46.798 0.0000000000
60402  -20.576  -32.885  46.581 0.0000000000
61507  -21.665  -32.422  46.472 0.0000000000
60403  -21.013  -33.141  46.579 0.0000000000
60384  -21.097  -33.935  46.963 0.0000000000
59303  -21.443  -34.686  47.341 0.0000000000
59283  -21.744  -35.347  47.838 0.0000000000
56953  -22.767  -37.424  48.385 0.0000000000
58210  -22.941  -36.245  46.695 0.0000000000
56976  -22.992  -37.091  47.584 0.0000000000
54400  -24.226  -38.713  48.561 0.0000000000
59339  -24.747  -35.036  45.559 0.0000000000
58253  -24.791  -35.796  45.534 0.0000000000
57012  -24.510  -37.009  45.861 0.0000000000
55733  -25.708  -36.623  45.668 0.0000000000
55707  -24.966  -37.326  45.874 0.0000000000
55688  -24.613  -37.930  46.763 0.0000000000
54423  -24.848  -38.389  47.258 0.0000000000
54360  -29.888  -39.196  50.095 0.0000000000
54361  -30.420  -39.151  50.173 0.0000000000
54448  -29.209  -38.056  46.956 0.0000000000
55690  -30.282  -38.021  47.353 0.0000000000
54387  -32.854  -38.026  49.110 0.0000000000
54364  -33.497  -38.268  49.886 0.0000000000
55627  -34.237  -38.202  50.394 0.0000000000
59259  -16.743  -33.570  49.053 0.0000000000
56972  -17.635  -36.279  47.770 0.0000000000
66682  -35.094  -28.547  39.576 0.0000000000
69013  -35.512  -27.108  38.009 0.0000000000
69027  -36.276  -26.573  37.610 0.0000000000
75843  -33.570  -21.244  37.681 0.0000000000
74749  -34.327  -21.581  36.635 0.0000000000
72557  -36.766  -23.137  36.600 0.0000000000
75862  -36.052  -20.373  35.625 0.0000000000
74752  -37.007  -21.746  35.721 0.0000000000
79049  -43.480  -17.018  31.022 0.0000000000
80165  -43.710  -16.017  30.446 0.0000000000
81322  -43.371  -14.806  30.413 0.0000000000
82390  -43.152  -13.865  30.685 0.0000000000
50680  -2.779  -41.456  57.778 0.0000000000
48261  -3.038  -43.404  56.690 0.0000000000
48289  -4.296  -43.249  55.737 0.0000000000
47174  -5.206  -44.016  55.951 0.0000000000
48272  -3.102  -44.079  56.483 0.0000000000
45945  -3.411  -45.437  56.826 0.0000000000
44679  -3.764  -46.434  58.639 0.0000000000
45905  -4.450  -45.892  58.664 0.0000000000
58199  -35.615  -35.119  48.215 0.0000000000
59291  -36.720  -33.694  48.633 0.0000000000
60375  -36.704  -32.989  48.337 0.0000000000
59360  -33.793  -33.882  44.712 0.0000000000
60426  -34.927  -33.061  45.386 0.0000000000
61494  -36.576  -32.247  47.825 0.0000000000
62743  -36.430  -31.174  47.563 0.0000000000
64010  -36.201  -30.451  47.387 0.0000000000
64035  -35.253  -30.660  45.450 0.0000000000
64026  -35.497  -30.209  46.269 0.0000000000
64009  -35.910  -30.050  46.991 0.0000000000
65379  -35.438  -29.630  46.826 0.0000000000
65378  -34.833  -29.356  46.385 0.0000000000
64022  -28.102  -30.739  47.016 0.0000000000
64021  -27.437  -30.455  46.567 0.0000000000
62788  -29.181  -31.975  44.465 0.0000000000
65384  -25.946  -29.243  44.857 0.0000000000
64050  -26.335  -29.991  43.733 0.0000000000
64040  -26.317  -30.180  44.150 0.0000000000
62786  -27.279  -31.259  44.092 0.0000000000
62801  -30.624  -31.468  43.668 0.0000000000
64056  -31.861  -30.881  43.601 0.0000000000
64044  -32.239  -30.190  43.914 0.0000000000
64042  -30.639  -30.397  43.949 0.0000000000
65399  -33.294  -29.679  44.632 0.0000000000
65377  -34.000  -29.154  46.008 0.0000000000
66558  -34.147  -28.749  46.698 0.0000000000
66567  -31.508  -28.610  45.223 0.0000000000
66605  -28.672  -28.814  41.891 0.0000000000
66680  -33.227  -28.927  39.497 0.0000000000
66679  -32.299  -28.611  39.621 0.0000000000
66690  -32.698  -28.638  38.916 0.0000000000
67896  -32.311  -27.340  37.709 0.0000000000
68995  -29.893  -26.499  39.155 0.0000000000
69009  -30.345  -26.329  38.672 0.0000000000
71408  -30.042  -24.929  38.575 0.0000000000
70204  -30.532  -25.660  38.344 0.0000000000
69022  -31.696  -26.551  37.684 0.0000000000
70216  -32.035  -25.681  37.523 0.0000000000
74732  -32.623  -21.916  38.869 0.0000000000
55670  -18.908  -37.279  48.747 0.0000000000
55654  -19.145  -37.453  49.275 0.0000000000
56935  -19.707  -37.094  50.494 0.0000000000
58145  -19.913  -36.797  50.101 0.0000000000
58126  -19.913  -36.906  50.715 0.0000000000
56914  -19.944  -37.123  51.444 0.0000000000
56917  -21.581  -37.602  50.695 0.0000000000
55609  -21.754  -38.036  52.308 0.0000000000
55610  -22.332  -38.453  52.818 0.0000000000
55589  -21.746  -37.990  53.565 0.0000000000
53160  -26.256  -40.142  51.510 0.0000000000
53077  -4.590  -40.412  54.694 0.0000000000
51943  -5.099  -40.759  54.471 0.0000000000
53079  -5.405  -38.993  54.218 0.0000000000
51961  -6.079  -39.616  53.812 0.0000000000
50764  -5.696  -41.439  54.413 0.0000000000
50746  -7.378  -42.485  55.854 0.0000000000
54323  -10.350  -38.529  52.025 0.0000000000
53127  -10.074  -39.322  52.588 0.0000000000
51977  -10.976  -40.414  52.784 0.0000000000
51976  -10.450  -40.010  52.956 0.0000000000
51975  -10.127  -39.794  53.031 0.0000000000
51965  -9.879  -40.197  53.400 0.0000000000
51931  -13.144  -40.969  55.233 0.0000000000
51930  -12.264  -41.132  55.164 0.0000000000
43478  -2.491  -47.600  60.470 0.0000000000
42453  -1.649  -48.468  60.965 0.0000000000
43475  -0.414  -48.160  59.593 0.0000000000
43493  -0.308  -47.560  59.058 0.0000000000
44659  -0.442  -46.604  59.086 0.0000000000
42468  -0.772  -48.629  59.810 0.0000000000
42485  -0.486  -48.243  59.643 0.0000000000
43517  -2.552  -47.408  59.190 0.0000000000
49514  -5.930  -42.089  54.621 0.0000000000
50763  -5.094  -41.363  54.714 0.0000000000
51906  -10.150  -41.816  55.310 0.0000000000
53103  -9.888  -39.705  53.039 0.0000000000
53125  -8.741  -38.603  52.730 0.0000000000
53201  -29.633  -39.216  50.064 0.0000000000
54321  -8.998  -38.194  52.508 0.0000000000
54376  -19.009  -38.250  49.367 0.0000000000
55579  -6.554  -37.782  53.862 0.0000000000
55640  -19.445  -37.480  50.043 0.0000000000
55653  -18.846  -37.696  48.809 0.0000000000
55656  -33.151  -37.698  48.451 0.0000000000
55669  -18.642  -37.243  48.291 0.0000000000
55673  -32.367  -37.641  47.820 0.0000000000
55689  -25.372  -37.809  46.233 0.0000000000
55732  -25.376  -36.836  45.667 0.0000000000
56892  -20.960  -37.359  52.158 0.0000000000
56893  -21.398  -37.628  51.770 0.0000000000
56992  -18.702  -36.532  47.964 0.0000000000
57033  -24.424  -36.214  45.646 0.0000000000
58189  -19.539  -36.053  48.331 0.0000000000
58254  -25.382  -35.899  45.544 0.0000000000
59247  -20.870  -36.421  48.922 0.0000000000
59299  -17.673  -34.591  47.676 0.0000000000
60381  -18.080  -34.169  47.415 0.0000000000
61476  -18.951  -31.548  47.507 0.0000000000
61506  -20.905  -32.446  46.471 0.0000000000
62756  -20.746  -31.832  46.549 0.0000000000
62797  -27.312  -31.121  43.650 0.0000000000
65437  -26.677  -29.257  41.983 0.0000000000
66608  -32.501  -28.598  41.715 0.0000000000
66632  -31.985  -28.582  41.317 0.0000000000
67828  -32.732  -28.590  41.709 0.0000000000
70190  -29.483  -25.931  39.119 0.0000000000
72562  -41.192  -23.334  36.991 0.0000000000
74778  -38.694  -20.810  34.669 0.0000000000
75835  -33.600  -21.006  38.204 0.0000000000
