#!ascii label  , from subject sub.01.dh.02 vox2ras=TkReg
1802
60210  -31.102  -32.882  61.405 0.0000000000
81158  -41.411  -15.303  44.886 0.0000000000
75631  -31.139  -20.394  54.228 0.0000000000
58070  -1.026  -35.726  54.794 0.0000000000
65208  -17.241  -29.052  59.368 0.0000000000
66457  -2.383  -27.897  56.113 0.0000000000
68654  -0.792  -26.756  63.007 0.0000000000
76809  -36.995  -19.039  49.070 0.0000000000
67670  -0.749  -27.752  48.101 0.0000000000
52944  -0.083  -38.962  61.792 0.0000000000
63914  -32.276  -30.627  54.875 0.0000000000
56746  -27.079  -34.510  58.196 0.0000000000
59085  -23.650  -32.710  61.441 0.0000000000
83299  -45.191  -13.655  43.476 0.0000000000
76778  -33.607  -19.955  51.139 0.0000000000
58044  -14.621  -33.580  55.649 0.0000000000
73432  -1.368  -22.174  52.166 0.0000000000
62614  -5.020  -31.610  57.021 0.0000000000
62679  -5.243  -32.064  50.887 0.0000000000
56907  -3.575  -36.718  52.086 0.0000000000
57890  -6.171  -34.183  65.772 0.0000000000
59023  -2.780  -33.982  66.447 0.0000000000
74474  -29.627  -21.644  57.562 0.0000000000
63759  -20.521  -30.612  64.773 0.0000000000
62617  -20.526  -30.407  56.967 0.0000000000
67514  -1.270  -26.908  59.596 0.0000000000
62578  -2.572  -32.619  60.328 0.0000000000
77887  -39.233  -18.330  46.619 0.0000000000
57929  -8.792  -34.259  62.759 0.0000000000
57996  -10.985  -33.688  58.531 0.0000000000
66483  -1.550  -28.604  51.680 0.0000000000
61485  -1.513  -32.671  47.618 0.0000000000
68604  -1.471  -27.258  66.384 0.0000000000
61266  -1.513  -32.528  63.455 0.0000000000
55467  0.233  -37.299  58.663 0.0000000000
62559  -32.899  -30.968  61.653 0.0000000000
59136  -31.298  -33.479  58.311 0.0000000000
61347  -32.195  -31.568  58.626 0.0000000000
56714  -29.246  -34.443  60.215 0.0000000000
55480  -29.499  -34.398  56.997 0.0000000000
57949  -27.944  -34.024  62.093 0.0000000000
82231  -42.973  -14.088  44.062 0.0000000000
78917  -38.907  -17.013  42.810 0.0000000000
81208  -41.009  -15.544  41.862 0.0000000000
81211  -43.117  -15.416  40.861 0.0000000000
76758  -32.701  -19.936  52.707 0.0000000000
75660  -28.912  -20.585  53.205 0.0000000000
75698  -30.350  -20.414  51.320 0.0000000000
74568  -32.042  -20.691  50.002 0.0000000000
60279  -3.097  -33.725  55.942 0.0000000000
59202  -4.148  -34.585  53.220 0.0000000000
58104  -2.233  -36.436  53.474 0.0000000000
53148  -2.232  -39.370  51.987 0.0000000000
54319  -1.507  -38.471  53.413 0.0000000000
54113  -5.266  -36.423  63.070 0.0000000000
54081  -3.757  -36.773  64.755 0.0000000000
72263  -30.528  -23.665  58.748 0.0000000000
68731  -31.774  -27.778  57.081 0.0000000000
66467  -31.051  -28.566  54.833 0.0000000000
69942  -30.684  -25.930  56.029 0.0000000000
71144  -29.356  -24.598  54.850 0.0000000000
62473  -22.737  -31.247  66.135 0.0000000000
60239  -23.843  -31.896  58.615 0.0000000000
61332  -22.226  -31.388  59.652 0.0000000000
83364  -45.599  -13.715  39.208 0.0000000000
84379  -45.567  -12.485  38.519 0.0000000000
68666  -1.128  -26.573  61.519 0.0000000000
66361  -2.571  -28.810  60.833 0.0000000000
65153  -1.790  -28.953  62.525 0.0000000000
77881  -38.437  -18.716  47.984 0.0000000000
74626  -35.154  -20.393  47.605 0.0000000000
74635  -36.541  -20.811  46.255 0.0000000000
76832  -37.492  -19.803  45.019 0.0000000000
61277  -8.295  -31.903  62.978 0.0000000000
62517  -10.148  -32.188  62.536 0.0000000000
69949  -2.063  -25.719  54.980 0.0000000000
69963  -2.266  -25.344  53.561 0.0000000000
66474  -2.367  -28.160  53.559 0.0000000000
59278  -3.768  -35.042  48.703 0.0000000000
61459  -2.599  -32.626  49.371 0.0000000000
56967  -1.808  -35.471  47.541 0.0000000000
67428  -3.073  -27.978  66.504 0.0000000000
55348  -1.386  -36.905  64.353 0.0000000000
60145  -1.876  -33.185  64.794 0.0000000000
56652  -0.336  -36.280  62.957 0.0000000000
57959  -0.046  -35.441  61.101 0.0000000000
54157  0.291  -38.309  60.857 0.0000000000
65236  -32.646  -29.785  58.289 0.0000000000
60149  -24.186  -32.630  65.076 0.0000000000
57921  -25.750  -33.546  63.771 0.0000000000
57983  -25.650  -33.613  60.077 0.0000000000
82269  -46.641  -13.890  41.977 0.0000000000
81223  -44.780  -14.925  39.916 0.0000000000
76795  -35.201  -19.561  50.080 0.0000000000
74593  -32.982  -20.776  49.411 0.0000000000
63880  -16.484  -29.634  56.152 0.0000000000
61343  -15.161  -30.950  58.000 0.0000000000
71221  -1.529  -25.214  50.037 0.0000000000
65257  -4.442  -29.241  56.295 0.0000000000
65279  -4.307  -29.955  54.369 0.0000000000
62632  -6.169  -31.294  54.344 0.0000000000
59230  -5.218  -34.793  51.160 0.0000000000
54371  -3.907  -37.269  49.917 0.0000000000
63730  -5.271  -31.604  66.017 0.0000000000
63713  -3.411  -30.682  66.779 0.0000000000
57874  -4.024  -34.468  67.251 0.0000000000
55337  -2.280  -36.653  65.344 0.0000000000
76737  -30.100  -19.942  55.870 0.0000000000
73409  -28.541  -22.445  54.858 0.0000000000
65146  -19.487  -29.305  62.238 0.0000000000
61282  -22.145  -31.683  63.283 0.0000000000
62557  -21.401  -30.600  61.361 0.0000000000
65210  -19.452  -29.429  58.622 0.0000000000
71111  -2.027  -25.345  56.859 0.0000000000
71072  -1.557  -25.181  58.715 0.0000000000
67552  -1.003  -27.032  57.450 0.0000000000
65224  -3.501  -28.928  58.475 0.0000000000
62604  -3.810  -32.179  58.303 0.0000000000
61353  -2.384  -33.998  57.981 0.0000000000
79996  -40.675  -16.272  45.842 0.0000000000
77912  -37.982  -18.323  43.732 0.0000000000
62481  -7.282  -32.240  64.671 0.0000000000
57910  -7.731  -34.523  64.546 0.0000000000
55408  -6.554  -36.419  61.357 0.0000000000
59117  -14.426  -32.138  58.826 0.0000000000
59082  -13.425  -31.898  59.750 0.0000000000
60189  -11.265  -32.597  61.378 0.0000000000
57979  -9.476  -34.531  60.316 0.0000000000
54199  -7.698  -35.811  59.582 0.0000000000
72322  -1.954  -23.192  53.061 0.0000000000
69988  -1.785  -25.432  51.316 0.0000000000
66502  -1.247  -28.592  50.199 0.0000000000
62660  -2.590  -30.774  52.139 0.0000000000
62688  -1.733  -30.643  50.209 0.0000000000
63987  -1.003  -30.385  48.089 0.0000000000
69798  -1.060  -26.565  64.924 0.0000000000
63715  -1.994  -30.199  67.171 0.0000000000
65092  -1.275  -29.082  65.266 0.0000000000
66336  -1.284  -28.507  63.860 0.0000000000
62546  -1.780  -32.485  61.911 0.0000000000
60230  -1.110  -34.899  59.575 0.0000000000
58038  -1.101  -36.205  56.796 0.0000000000
50653  0.022  -41.431  59.954 0.0000000000
51872  0.065  -40.102  58.190 0.0000000000
53076  -1.364  -39.190  54.706 0.0000000000
61309  -31.941  -31.969  61.589 0.0000000000
61297  -31.848  -31.842  62.624 0.0000000000
59108  -31.312  -32.851  60.058 0.0000000000
60212  -31.844  -32.262  60.101 0.0000000000
57989  -30.271  -33.822  60.611 0.0000000000
58004  -30.355  -33.802  59.616 0.0000000000
59072  -30.517  -33.276  62.430 0.0000000000
57950  -29.517  -34.062  62.118 0.0000000000
81159  -42.224  -14.692  44.509 0.0000000000
81177  -40.387  -15.678  44.089 0.0000000000
80043  -39.711  -16.182  42.155 0.0000000000
81178  -41.496  -14.976  43.584 0.0000000000
82245  -42.214  -14.644  42.735 0.0000000000
75632  -31.682  -20.228  53.764 0.0000000000
76749  -32.404  -19.736  53.913 0.0000000000
76740  -32.730  -19.212  55.132 0.0000000000
75676  -29.170  -20.564  52.397 0.0000000000
75662  -30.654  -20.326  52.721 0.0000000000
75663  -31.459  -20.368  52.497 0.0000000000
59186  -2.460  -35.030  54.862 0.0000000000
59187  -2.867  -34.706  54.333 0.0000000000
58088  -1.814  -36.278  53.891 0.0000000000
55578  -1.773  -37.255  53.374 0.0000000000
56848  -1.489  -36.686  54.113 0.0000000000
54142  -4.739  -36.682  62.147 0.0000000000
54122  -4.229  -37.168  62.681 0.0000000000
68716  -31.906  -26.604  58.427 0.0000000000
68743  -31.279  -27.163  56.375 0.0000000000
69915  -31.367  -26.027  57.762 0.0000000000
71120  -30.565  -25.034  57.617 0.0000000000
83365  -46.170  -13.494  39.560 0.0000000000
83375  -45.803  -12.975  38.996 0.0000000000
85353  -47.044  -11.341  38.989 0.0000000000
68665  -0.955  -26.591  62.266 0.0000000000
66359  -1.545  -28.121  61.945 0.0000000000
66358  -1.329  -27.792  62.611 0.0000000000
76816  -37.253  -19.245  48.433 0.0000000000
77872  -37.906  -18.571  48.812 0.0000000000
75730  -35.927  -19.910  48.304 0.0000000000
74633  -35.348  -20.720  46.737 0.0000000000
76824  -36.771  -20.004  47.555 0.0000000000
75742  -37.435  -19.894  47.295 0.0000000000
62535  -9.764  -31.615  62.457 0.0000000000
63797  -10.730  -31.048  62.138 0.0000000000
65163  -17.538  -28.758  61.464 0.0000000000
63843  -16.175  -29.772  60.352 0.0000000000
70034  -1.264  -26.004  48.494 0.0000000000
68751  -1.767  -26.577  55.593 0.0000000000
67597  -2.290  -27.241  54.543 0.0000000000
66465  -2.617  -28.016  54.898 0.0000000000
56969  -3.348  -35.981  47.933 0.0000000000
58184  -2.837  -35.223  48.046 0.0000000000
56990  -3.070  -36.503  47.751 0.0000000000
67446  -3.511  -26.980  65.208 0.0000000000
67439  -3.498  -28.144  65.841 0.0000000000
54109  -0.817  -37.846  63.372 0.0000000000
56639  -0.969  -36.337  63.606 0.0000000000
55368  0.064  -36.967  62.646 0.0000000000
55387  0.431  -37.278  62.008 0.0000000000
54140  0.210  -38.249  61.720 0.0000000000
63849  -32.990  -30.211  59.991 0.0000000000
63873  -32.361  -30.764  58.272 0.0000000000
65218  -32.900  -29.712  59.262 0.0000000000
66425  -32.802  -28.582  59.217 0.0000000000
58001  -27.541  -34.425  60.034 0.0000000000
57964  -26.332  -33.890  61.354 0.0000000000
57999  -26.240  -34.117  59.435 0.0000000000
59149  -25.375  -33.067  57.587 0.0000000000
83318  -45.771  -13.662  42.936 0.0000000000
82266  -43.795  -14.217  42.197 0.0000000000
81212  -43.750  -15.168  40.713 0.0000000000
82286  -44.494  -14.643  41.096 0.0000000000
82287  -45.580  -14.283  41.316 0.0000000000
76779  -34.304  -19.708  50.978 0.0000000000
76780  -35.514  -18.960  51.372 0.0000000000
76772  -35.486  -18.667  52.686 0.0000000000
75681  -33.110  -20.269  51.103 0.0000000000
74592  -32.324  -20.845  49.340 0.0000000000
75702  -33.273  -20.505  50.319 0.0000000000
75717  -34.252  -20.128  49.228 0.0000000000
73444  -1.165  -21.971  51.396 0.0000000000
72366  -1.446  -23.736  50.272 0.0000000000
72355  -1.541  -23.664  51.391 0.0000000000
65244  -5.077  -30.260  57.168 0.0000000000
65269  -5.539  -30.141  55.116 0.0000000000
62624  -5.831  -31.446  55.401 0.0000000000
59214  -3.893  -35.444  52.595 0.0000000000
60319  -5.123  -34.012  52.361 0.0000000000
58123  -4.380  -35.910  51.546 0.0000000000
56949  -4.637  -36.240  50.125 0.0000000000
55634  -3.972  -37.133  50.832 0.0000000000
54350  -3.400  -38.187  51.222 0.0000000000
60135  -6.016  -33.367  66.534 0.0000000000
61236  -5.235  -32.478  67.313 0.0000000000
57876  -5.106  -34.227  66.582 0.0000000000
52878  -2.948  -37.645  63.684 0.0000000000
54080  -3.002  -36.973  64.797 0.0000000000
52877  -2.294  -38.020  63.741 0.0000000000
52875  -1.533  -38.137  63.593 0.0000000000
75600  -29.700  -20.732  57.116 0.0000000000
72291  -29.548  -23.648  56.736 0.0000000000
72317  -28.972  -23.765  55.105 0.0000000000
73396  -29.002  -22.529  56.092 0.0000000000
75614  -28.955  -21.100  55.451 0.0000000000
63744  -19.860  -30.099  65.068 0.0000000000
65113  -19.209  -29.477  64.330 0.0000000000
63777  -20.196  -29.899  63.072 0.0000000000
59057  -23.895  -32.701  63.972 0.0000000000
61272  -22.768  -32.109  64.463 0.0000000000
60180  -22.962  -32.401  62.257 0.0000000000
61344  -21.784  -30.704  58.092 0.0000000000
61318  -21.794  -31.077  60.029 0.0000000000
62596  -20.854  -30.103  58.737 0.0000000000
63858  -20.334  -29.781  59.279 0.0000000000
63881  -20.068  -30.041  57.383 0.0000000000
65246  -18.896  -29.328  56.968 0.0000000000
69868  -0.973  -25.871  59.914 0.0000000000
69886  -1.154  -25.815  58.963 0.0000000000
69920  -1.313  -26.465  57.935 0.0000000000
67532  -1.252  -27.076  58.456 0.0000000000
66413  -2.078  -27.997  58.354 0.0000000000
66394  -2.163  -28.176  59.414 0.0000000000
63835  -3.019  -30.769  61.310 0.0000000000
63853  -3.815  -30.864  59.654 0.0000000000
62590  -3.171  -32.405  59.560 0.0000000000
61354  -2.886  -33.486  58.064 0.0000000000
61339  -2.456  -33.496  58.802 0.0000000000
78891  -39.783  -17.590  46.124 0.0000000000
79959  -40.828  -16.470  47.441 0.0000000000
78880  -40.458  -17.073  47.874 0.0000000000
77890  -38.530  -18.922  46.043 0.0000000000
77901  -37.685  -18.967  44.427 0.0000000000
77891  -38.956  -18.220  45.615 0.0000000000
78902  -39.189  -17.590  44.986 0.0000000000
62513  -6.952  -31.490  63.287 0.0000000000
60158  -8.717  -33.407  63.651 0.0000000000
61255  -8.164  -33.277  64.527 0.0000000000
57919  -8.258  -34.419  63.706 0.0000000000
55371  -7.165  -35.292  62.862 0.0000000000
55389  -7.225  -35.783  61.967 0.0000000000
60267  -15.089  -32.513  56.618 0.0000000000
60236  -14.922  -31.642  57.814 0.0000000000
59147  -14.624  -33.058  56.710 0.0000000000
59128  -12.165  -34.027  57.392 0.0000000000
59115  -12.905  -33.151  58.155 0.0000000000
57982  -11.485  -33.277  58.824 0.0000000000
59080  -11.759  -32.719  60.395 0.0000000000
59097  -11.058  -33.228  60.016 0.0000000000
59096  -10.449  -33.360  60.712 0.0000000000
56708  -9.891  -34.526  59.308 0.0000000000
54240  -8.607  -35.472  58.403 0.0000000000
71151  -2.548  -23.567  53.681 0.0000000000
67622  -2.048  -27.281  52.078 0.0000000000
69976  -1.976  -25.363  52.313 0.0000000000
66493  -1.772  -27.855  51.638 0.0000000000
67639  -1.676  -27.034  50.483 0.0000000000
66492  -1.537  -28.339  51.176 0.0000000000
63940  -4.602  -30.678  52.588 0.0000000000
63922  -3.614  -30.704  53.337 0.0000000000
62662  -3.843  -30.958  52.106 0.0000000000
61474  -2.116  -33.273  48.727 0.0000000000
61458  -2.153  -31.762  49.565 0.0000000000
61472  -1.644  -31.513  49.240 0.0000000000
62703  -1.402  -30.905  49.507 0.0000000000
62717  -1.430  -31.993  47.989 0.0000000000
62729  -1.368  -31.469  47.575 0.0000000000
69789  -1.201  -26.848  65.452 0.0000000000
61234  -3.512  -32.259  66.528 0.0000000000
63711  -2.418  -30.114  67.303 0.0000000000
61239  -2.945  -32.286  65.734 0.0000000000
61252  -1.585  -32.452  64.390 0.0000000000
62466  -1.631  -30.671  65.265 0.0000000000
62478  -1.609  -30.998  64.711 0.0000000000
65104  -1.278  -29.102  64.767 0.0000000000
63768  -1.505  -30.328  63.789 0.0000000000
63788  -1.664  -30.499  63.132 0.0000000000
61276  -1.578  -32.697  62.663 0.0000000000
57978  0.161  -35.698  60.547 0.0000000000
59095  -0.570  -35.048  60.743 0.0000000000
58010  -0.461  -36.004  58.713 0.0000000000
59142  -1.061  -35.562  58.220 0.0000000000
56740  -0.160  -36.626  58.158 0.0000000000
49442  0.245  -42.449  59.353 0.0000000000
51855  -0.008  -40.275  59.521 0.0000000000
63830  -33.323  -30.176  60.939 0.0000000000
59150  -31.489  -33.558  57.279 0.0000000000
60257  -32.079  -32.582  57.492 0.0000000000
60241  -31.892  -32.444  58.405 0.0000000000
61334  -32.334  -31.339  59.624 0.0000000000
56731  -28.411  -34.534  59.210 0.0000000000
56749  -29.348  -34.395  58.278 0.0000000000
58033  -30.675  -34.184  57.592 0.0000000000
57967  -28.337  -34.368  61.080 0.0000000000
82247  -44.042  -13.813  43.414 0.0000000000
80051  -39.715  -16.892  40.835 0.0000000000
80060  -41.417  -16.831  39.820 0.0000000000
80061  -42.602  -16.281  39.892 0.0000000000
82283  -42.279  -15.274  41.371 0.0000000000
82265  -42.898  -14.620  42.074 0.0000000000
76770  -33.367  -19.767  51.852 0.0000000000
76760  -34.699  -18.844  53.587 0.0000000000
76759  -33.500  -19.341  53.088 0.0000000000
76742  -34.382  -18.595  55.342 0.0000000000
73437  -27.815  -22.431  52.122 0.0000000000
73450  -28.131  -21.457  51.853 0.0000000000
74565  -28.710  -20.775  50.219 0.0000000000
74566  -30.038  -20.596  50.502 0.0000000000
74590  -30.592  -20.786  49.406 0.0000000000
75699  -31.012  -20.370  51.002 0.0000000000
75680  -32.365  -20.401  51.326 0.0000000000
61380  -4.094  -32.966  56.367 0.0000000000
61392  -4.985  -32.888  55.198 0.0000000000
60293  -4.062  -33.513  54.934 0.0000000000
59201  -2.989  -35.135  53.675 0.0000000000
56906  -2.888  -36.760  52.556 0.0000000000
55617  -3.120  -37.516  52.028 0.0000000000
55602  -2.545  -37.197  52.646 0.0000000000
53147  -1.820  -39.389  52.547 0.0000000000
55350  -5.348  -35.784  64.280 0.0000000000
55340  -4.582  -36.079  65.167 0.0000000000
54098  -4.615  -36.653  63.967 0.0000000000
73371  -29.741  -22.421  57.915 0.0000000000
66462  -32.145  -28.972  56.154 0.0000000000
65284  -31.778  -29.806  54.779 0.0000000000
67591  -31.548  -28.298  55.967 0.0000000000
68771  -30.697  -27.396  55.340 0.0000000000
69957  -30.448  -26.267  55.222 0.0000000000
71134  -30.435  -25.534  55.782 0.0000000000
71118  -29.800  -24.188  56.661 0.0000000000
62486  -21.662  -31.312  65.561 0.0000000000
59118  -23.580  -32.358  59.692 0.0000000000
60209  -22.964  -32.369  60.663 0.0000000000
60238  -23.210  -31.690  58.920 0.0000000000
61359  -22.071  -30.846  57.593 0.0000000000
83378  -44.356  -13.558  37.848 0.0000000000
84387  -44.177  -12.756  37.315 0.0000000000
85372  -44.127  -11.705  36.605 0.0000000000
85373  -44.948  -11.036  36.862 0.0000000000
68677  -1.128  -26.366  60.531 0.0000000000
66376  -1.998  -28.226  60.394 0.0000000000
66375  -1.541  -27.735  60.890 0.0000000000
66360  -2.100  -28.578  61.308 0.0000000000
63811  -2.747  -30.366  61.671 0.0000000000
77882  -39.229  -18.270  47.662 0.0000000000
77873  -38.957  -17.939  48.738 0.0000000000
73548  -35.349  -21.407  45.492 0.0000000000
74650  -36.304  -21.240  45.313 0.0000000000
74651  -36.738  -20.832  44.962 0.0000000000
74642  -36.705  -20.857  45.729 0.0000000000
76829  -38.098  -19.569  46.548 0.0000000000
63771  -7.772  -31.594  63.021 0.0000000000
63795  -9.319  -31.355  62.207 0.0000000000
61279  -9.079  -32.522  62.923 0.0000000000
59056  -9.470  -33.400  62.627 0.0000000000
58054  -11.967  -34.761  55.940 0.0000000000
56741  -10.091  -34.784  58.069 0.0000000000
71138  -2.519  -24.931  54.590 0.0000000000
71150  -2.440  -24.260  53.609 0.0000000000
68763  -2.087  -26.410  54.100 0.0000000000
67612  -2.316  -27.282  53.171 0.0000000000
65291  -1.880  -29.112  52.899 0.0000000000
60341  -4.979  -33.470  49.656 0.0000000000
62691  -4.485  -32.093  50.440 0.0000000000
60354  -3.679  -33.853  49.095 0.0000000000
59276  -2.469  -34.384  48.273 0.0000000000
59275  -1.811  -34.737  47.615 0.0000000000
69801  -4.310  -25.209  64.873 0.0000000000
68627  -3.331  -26.504  65.371 0.0000000000
68606  -2.400  -27.348  66.567 0.0000000000
57883  -2.210  -35.055  65.726 0.0000000000
60132  -2.472  -33.711  65.569 0.0000000000
57909  -1.647  -35.653  64.686 0.0000000000
59030  -1.561  -34.640  64.256 0.0000000000
59054  -1.168  -34.630  62.990 0.0000000000
59066  -0.876  -34.613  62.210 0.0000000000
57942  -0.066  -35.376  61.769 0.0000000000
56705  0.705  -36.093  60.923 0.0000000000
55446  0.406  -37.239  59.638 0.0000000000
62628  -32.415  -31.170  55.287 0.0000000000
61361  -32.315  -31.928  57.491 0.0000000000
62610  -32.429  -31.080  57.164 0.0000000000
63882  -32.481  -30.103  56.868 0.0000000000
67564  -32.358  -28.673  57.730 0.0000000000
67545  -32.099  -27.465  58.060 0.0000000000
59070  -24.421  -33.105  62.301 0.0000000000
57932  -26.473  -33.652  63.174 0.0000000000
57946  -25.640  -33.595  62.061 0.0000000000
59086  -24.603  -33.248  61.307 0.0000000000
59119  -24.213  -32.543  59.412 0.0000000000
81225  -43.755  -15.606  39.227 0.0000000000
81234  -44.763  -14.667  39.004 0.0000000000
82301  -46.077  -14.160  40.472 0.0000000000
76808  -36.241  -19.340  49.214 0.0000000000
77851  -36.684  -18.663  50.590 0.0000000000
76781  -36.202  -18.756  51.001 0.0000000000
74612  -31.059  -20.861  48.547 0.0000000000
75737  -33.797  -20.465  48.158 0.0000000000
74595  -35.011  -20.020  48.767 0.0000000000
65229  -17.434  -29.212  58.125 0.0000000000
62583  -15.623  -30.176  58.624 0.0000000000
62606  -15.704  -30.206  56.516 0.0000000000
60268  -15.444  -32.096  55.919 0.0000000000
70019  -1.455  -25.659  49.349 0.0000000000
68823  -1.273  -26.807  49.104 0.0000000000
66447  -2.689  -28.325  56.379 0.0000000000
65266  -3.325  -28.909  55.099 0.0000000000
65267  -4.014  -29.235  55.279 0.0000000000
65280  -5.245  -29.919  54.262 0.0000000000
62664  -5.534  -31.352  51.984 0.0000000000
61404  -5.878  -32.361  53.712 0.0000000000
60320  -5.544  -33.182  52.380 0.0000000000
61432  -5.593  -32.596  51.564 0.0000000000
58161  -5.160  -35.215  49.765 0.0000000000
65072  -3.456  -29.790  66.600 0.0000000000
63717  -4.342  -31.364  66.940 0.0000000000
60123  -3.830  -32.675  67.393 0.0000000000
57872  -3.160  -34.304  67.116 0.0000000000
55321  -4.031  -36.004  65.876 0.0000000000
56602  -3.084  -35.772  66.551 0.0000000000
56601  -2.368  -35.846  66.152 0.0000000000
54077  -1.615  -37.092  64.868 0.0000000000
54110  -0.801  -37.939  63.374 0.0000000000
51758  -0.900  -39.435  62.392 0.0000000000
75617  -30.758  -20.154  54.875 0.0000000000
76724  -32.084  -19.307  56.105 0.0000000000
76723  -30.871  -19.689  56.402 0.0000000000
65296  -31.213  -29.960  53.669 0.0000000000
72328  -28.324  -23.395  53.362 0.0000000000
75629  -29.454  -20.488  54.747 0.0000000000
65127  -18.446  -28.874  63.457 0.0000000000
65164  -18.463  -28.823  61.449 0.0000000000
61247  -23.365  -31.882  65.644 0.0000000000
61257  -22.321  -31.703  65.051 0.0000000000
62522  -21.589  -31.484  64.039 0.0000000000
61308  -22.199  -31.581  61.382 0.0000000000
61294  -21.780  -31.217  61.790 0.0000000000
63803  -20.844  -30.494  62.747 0.0000000000
63802  -20.382  -29.881  62.052 0.0000000000
65165  -19.666  -29.399  61.022 0.0000000000
65209  -18.471  -29.132  58.970 0.0000000000
65245  -17.654  -29.265  56.885 0.0000000000
86313  -45.360  -9.868  35.566 0.0000000000
87231  -46.137  -9.312  35.217 0.0000000000
87236  -46.641  -9.045  34.552 0.0000000000
69935  -1.693  -25.857  56.278 0.0000000000
67583  -1.362  -26.900  56.598 0.0000000000
71094  -1.725  -25.288  57.826 0.0000000000
68736  -1.178  -26.955  57.264 0.0000000000
67570  -1.754  -27.547  56.794 0.0000000000
65241  -2.832  -28.421  57.616 0.0000000000
65242  -3.938  -28.926  57.387 0.0000000000
65226  -4.719  -30.167  57.896 0.0000000000
65201  -3.110  -28.964  59.530 0.0000000000
63854  -4.151  -30.530  58.959 0.0000000000
62605  -4.409  -31.736  57.817 0.0000000000
61368  -3.792  -33.008  57.139 0.0000000000
60266  -2.681  -33.868  56.758 0.0000000000
59157  -2.014  -34.913  56.620 0.0000000000
81157  -40.831  -15.860  45.279 0.0000000000
75764  -37.173  -20.171  43.658 0.0000000000
76849  -37.452  -19.409  43.370 0.0000000000
76863  -37.632  -19.136  42.487 0.0000000000
78916  -38.430  -17.707  43.308 0.0000000000
80013  -39.655  -16.713  44.573 0.0000000000
62468  -6.399  -32.208  65.547 0.0000000000
61241  -6.722  -33.339  65.734 0.0000000000
62496  -7.965  -32.229  63.698 0.0000000000
62470  -7.451  -32.941  65.087 0.0000000000
59028  -7.163  -34.081  65.301 0.0000000000
54144  -5.955  -36.201  62.324 0.0000000000
62582  -15.655  -30.266  59.481 0.0000000000
61317  -15.218  -31.146  60.085 0.0000000000
60207  -14.794  -31.583  60.031 0.0000000000
59131  -13.931  -33.055  57.490 0.0000000000
59100  -13.895  -32.093  59.244 0.0000000000
60178  -14.070  -31.270  60.686 0.0000000000
60176  -12.965  -31.508  60.807 0.0000000000
61304  -12.322  -31.397  61.423 0.0000000000
62552  -11.555  -31.115  61.757 0.0000000000
61289  -11.000  -32.124  61.944 0.0000000000
59068  -9.797  -33.437  62.015 0.0000000000
56676  -8.877  -34.609  61.451 0.0000000000
55450  -9.109  -35.306  59.148 0.0000000000
55411  -8.824  -35.320  60.357 0.0000000000
55410  -8.120  -35.552  61.077 0.0000000000
55428  -7.088  -36.423  60.677 0.0000000000
73417  -1.842  -22.281  52.847 0.0000000000
71162  -2.057  -24.322  52.702 0.0000000000
72338  -1.536  -23.443  52.123 0.0000000000
70004  -1.652  -25.630  50.498 0.0000000000
68809  -1.486  -27.056  49.885 0.0000000000
66511  -1.100  -28.612  49.297 0.0000000000
65277  -2.932  -29.301  54.409 0.0000000000
63920  -2.295  -29.887  53.326 0.0000000000
63919  -1.933  -29.832  52.400 0.0000000000
61431  -2.812  -31.246  50.877 0.0000000000
61429  -2.443  -30.723  51.246 0.0000000000
63952  -1.649  -29.910  50.882 0.0000000000
65324  -1.248  -30.021  50.123 0.0000000000
65334  -1.088  -29.291  48.977 0.0000000000
65342  -0.859  -29.399  48.333 0.0000000000
63998  -1.417  -30.353  47.597 0.0000000000
66284  -3.001  -29.091  67.336 0.0000000000
67417  -2.265  -28.458  67.638 0.0000000000
67419  -1.804  -27.964  67.183 0.0000000000
62462  -2.053  -30.983  65.977 0.0000000000
63719  -1.632  -30.001  66.291 0.0000000000
67436  -1.161  -27.597  65.973 0.0000000000
66306  -1.051  -27.912  65.320 0.0000000000
67453  -1.065  -27.705  64.260 0.0000000000
67463  -1.022  -27.493  63.694 0.0000000000
65137  -1.676  -29.392  62.969 0.0000000000
63789  -1.974  -30.625  62.572 0.0000000000
62564  -2.158  -32.514  61.062 0.0000000000
60187  -1.293  -33.726  61.536 0.0000000000
61314  -1.538  -33.601  60.861 0.0000000000
61326  -1.980  -33.704  59.460 0.0000000000
60247  -1.690  -34.591  58.233 0.0000000000
59156  -1.424  -35.546  56.898 0.0000000000
58053  -1.103  -35.951  55.981 0.0000000000
50587  -0.313  -40.664  61.609 0.0000000000
49411  -0.288  -41.786  61.062 0.0000000000
51809  -0.247  -40.114  61.620 0.0000000000
51834  -0.105  -40.423  60.711 0.0000000000
52995  0.195  -38.998  59.057 0.0000000000
51886  -0.074  -40.339  56.971 0.0000000000
54234  0.047  -38.374  57.403 0.0000000000
55507  -0.520  -37.703  56.618 0.0000000000
55508  -1.008  -37.361  55.971 0.0000000000
55553  -1.419  -37.321  54.602 0.0000000000
53098  -1.443  -39.133  53.807 0.0000000000
51960  -1.605  -40.401  53.226 0.0000000000
60197  -31.452  -32.415  61.870 0.0000000000
60211  -31.524  -32.537  60.749 0.0000000000
59090  -30.725  -33.288  61.678 0.0000000000
59107  -30.849  -33.240  60.451 0.0000000000
60196  -30.980  -32.839  62.147 0.0000000000
57952  -30.467  -33.565  62.001 0.0000000000
60182  -31.266  -32.359  62.485 0.0000000000
82218  -42.936  -14.345  45.148 0.0000000000
81142  -42.180  -14.928  45.634 0.0000000000
76748  -31.665  -20.049  54.211 0.0000000000
76739  -31.536  -19.793  55.022 0.0000000000
75646  -30.467  -20.329  53.580 0.0000000000
75647  -31.258  -20.405  53.343 0.0000000000
59185  -1.604  -35.625  54.801 0.0000000000
59199  -1.698  -35.888  54.227 0.0000000000
58087  -1.233  -35.963  54.257 0.0000000000
54158  -3.872  -37.400  61.071 0.0000000000
69834  -0.778  -26.060  62.502 0.0000000000
77871  -37.321  -18.866  48.978 0.0000000000
75740  -36.294  -20.275  47.415 0.0000000000
76815  -36.569  -19.699  48.049 0.0000000000
76825  -37.157  -19.751  47.643 0.0000000000
65158  -10.597  -30.110  61.283 0.0000000000
63818  -10.953  -30.531  61.787 0.0000000000
65185  -17.519  -28.838  60.530 0.0000000000
65184  -16.819  -29.026  60.753 0.0000000000
65207  -16.716  -29.251  60.091 0.0000000000
68837  -1.052  -26.951  48.298 0.0000000000
68852  -1.072  -27.166  47.875 0.0000000000
67584  -1.884  -27.316  55.929 0.0000000000
66307  -3.878  -28.471  65.350 0.0000000000
52920  -0.659  -38.793  62.509 0.0000000000
55358  -0.462  -37.097  63.248 0.0000000000
54121  -0.092  -37.946  62.611 0.0000000000
65195  -33.203  -29.611  60.088 0.0000000000
65217  -33.152  -29.216  59.867 0.0000000000
66407  -33.105  -28.558  59.927 0.0000000000
56729  -27.244  -34.529  58.877 0.0000000000
58000  -26.960  -34.419  59.661 0.0000000000
58014  -26.349  -34.176  58.458 0.0000000000
83317  -45.299  -13.621  42.983 0.0000000000
82267  -44.991  -13.879  42.517 0.0000000000
76771  -34.455  -19.160  52.238 0.0000000000
75682  -33.670  -20.120  50.734 0.0000000000
75703  -34.042  -20.137  50.168 0.0000000000
74527  -1.299  -21.346  52.230 0.0000000000
73431  -1.166  -21.785  51.755 0.0000000000
73445  -1.375  -22.831  51.364 0.0000000000
63887  -5.338  -30.829  56.738 0.0000000000
63888  -5.695  -30.790  55.935 0.0000000000
62615  -5.466  -31.503  56.249 0.0000000000
58122  -3.954  -36.144  52.047 0.0000000000
59228  -4.204  -35.729  51.960 0.0000000000
56930  -4.181  -36.629  51.262 0.0000000000
55618  -3.770  -37.007  51.618 0.0000000000
55633  -3.608  -37.620  51.259 0.0000000000
59025  -6.103  -33.902  66.107 0.0000000000
59024  -5.586  -33.850  66.625 0.0000000000
57889  -5.560  -34.451  65.906 0.0000000000
74485  -29.239  -21.596  56.669 0.0000000000
75590  -29.936  -21.000  58.039 0.0000000000
63931  -32.463  -30.964  54.293 0.0000000000
74497  -28.997  -21.591  56.042 0.0000000000
63745  -20.475  -30.563  65.633 0.0000000000
63758  -19.972  -30.043  64.099 0.0000000000
63778  -20.650  -30.601  63.759 0.0000000000
59069  -23.727  -32.708  62.849 0.0000000000
62608  -21.235  -30.573  57.447 0.0000000000
62597  -21.345  -30.492  58.419 0.0000000000
62607  -20.672  -30.314  57.858 0.0000000000
63890  -19.950  -30.105  56.562 0.0000000000
68691  -1.070  -26.363  59.917 0.0000000000
69869  -1.069  -25.734  59.503 0.0000000000
69885  -1.013  -26.112  59.298 0.0000000000
68706  -1.147  -26.607  58.994 0.0000000000
66411  -1.369  -27.198  59.314 0.0000000000
66412  -1.604  -27.559  58.923 0.0000000000
62566  -3.206  -31.567  60.609 0.0000000000
62579  -2.927  -32.416  60.156 0.0000000000
61328  -2.868  -32.682  59.606 0.0000000000
61327  -2.516  -32.972  59.779 0.0000000000
78886  -40.395  -17.083  46.905 0.0000000000
78885  -39.890  -17.720  47.242 0.0000000000
57920  -8.787  -34.127  63.270 0.0000000000
59043  -8.847  -34.073  63.561 0.0000000000
57928  -8.320  -34.527  63.077 0.0000000000
56653  -7.664  -34.890  62.959 0.0000000000
55390  -7.893  -35.199  62.043 0.0000000000
59161  -15.130  -33.062  55.888 0.0000000000
58030  -14.419  -33.464  56.173 0.0000000000
58012  -11.268  -34.038  57.731 0.0000000000
59113  -11.647  -33.748  57.847 0.0000000000
57997  -11.295  -33.433  58.692 0.0000000000
57981  -11.118  -33.418  59.170 0.0000000000
57980  -10.110  -33.934  59.800 0.0000000000
57995  -10.371  -34.325  58.555 0.0000000000
72309  -3.008  -23.112  53.968 0.0000000000
66484  -1.811  -28.322  52.223 0.0000000000
62663  -4.637  -31.018  51.883 0.0000000000
62678  -4.657  -31.478  51.118 0.0000000000
61473  -1.709  -32.406  48.682 0.0000000000
62730  -1.388  -32.091  47.548 0.0000000000
69790  -2.269  -26.206  65.426 0.0000000000
69786  -1.564  -26.835  65.698 0.0000000000
60127  -3.289  -33.198  66.554 0.0000000000
61233  -3.051  -32.134  65.929 0.0000000000
60126  -3.224  -32.971  66.027 0.0000000000
60157  -1.449  -33.632  63.616 0.0000000000
62493  -1.534  -31.300  64.022 0.0000000000
62511  -1.578  -31.509  63.253 0.0000000000
56723  0.118  -36.527  59.213 0.0000000000
57994  -0.136  -35.891  59.727 0.0000000000
45902  0.283  -45.250  58.604 0.0000000000
47106  0.282  -44.414  59.173 0.0000000000
48247  0.322  -43.473  58.768 0.0000000000
62560  -33.151  -30.515  61.245 0.0000000000
60256  -31.731  -33.000  57.875 0.0000000000
60240  -31.614  -32.819  58.820 0.0000000000
62572  -32.273  -31.635  60.705 0.0000000000
61321  -32.164  -31.744  60.046 0.0000000000
61322  -32.461  -31.265  60.227 0.0000000000
62574  -32.784  -30.795  60.500 0.0000000000
55460  -28.757  -34.502  58.774 0.0000000000
56732  -29.137  -34.454  59.203 0.0000000000
59121  -30.893  -33.538  59.064 0.0000000000
58018  -30.527  -34.020  58.277 0.0000000000
58019  -30.981  -33.834  58.127 0.0000000000
58034  -31.025  -34.042  57.543 0.0000000000
56698  -29.535  -34.339  60.598 0.0000000000
57968  -29.434  -34.246  61.600 0.0000000000
56713  -28.560  -34.453  60.411 0.0000000000
56712  -28.029  -34.437  59.903 0.0000000000
82232  -43.713  -13.817  44.601 0.0000000000
78923  -38.477  -17.790  42.398 0.0000000000
78924  -38.883  -17.528  41.499 0.0000000000
80044  -40.466  -15.722  41.896 0.0000000000
80052  -40.736  -16.098  40.987 0.0000000000
80059  -40.377  -17.102  40.231 0.0000000000
80053  -41.943  -16.148  40.642 0.0000000000
81209  -41.730  -15.496  41.396 0.0000000000
81179  -42.374  -14.506  43.596 0.0000000000
82246  -42.998  -14.168  42.988 0.0000000000
76769  -32.749  -20.039  52.105 0.0000000000
76741  -33.777  -18.806  55.446 0.0000000000
73438  -28.024  -22.282  52.596 0.0000000000
74532  -28.467  -21.057  52.480 0.0000000000
75677  -29.952  -20.517  52.000 0.0000000000
74544  -28.968  -20.697  51.446 0.0000000000
74545  -29.825  -20.491  51.299 0.0000000000
75648  -32.014  -20.357  53.104 0.0000000000
75679  -31.644  -20.394  51.613 0.0000000000
75664  -32.246  -20.307  52.168 0.0000000000
75665  -32.759  -20.163  51.704 0.0000000000
60280  -3.754  -33.249  55.850 0.0000000000
61391  -4.282  -32.984  55.658 0.0000000000
60292  -3.110  -34.314  54.805 0.0000000000
58089  -2.380  -35.931  53.695 0.0000000000
59213  -3.236  -35.648  52.997 0.0000000000
58105  -2.816  -36.121  53.087 0.0000000000
56879  -2.326  -36.834  52.996 0.0000000000
55600  -1.545  -38.059  53.105 0.0000000000
55601  -2.005  -37.655  52.846 0.0000000000
54320  -1.668  -38.670  52.882 0.0000000000
53124  -1.638  -39.379  52.903 0.0000000000
54099  -5.112  -36.393  63.587 0.0000000000
54112  -4.728  -36.776  63.252 0.0000000000
72262  -29.996  -23.022  58.294 0.0000000000
67592  -31.950  -28.491  56.478 0.0000000000
66461  -31.776  -28.694  55.773 0.0000000000
68744  -31.546  -27.733  56.624 0.0000000000
69929  -31.184  -26.369  56.693 0.0000000000
68756  -30.959  -27.389  55.729 0.0000000000
69943  -30.865  -26.665  55.894 0.0000000000
69958  -30.627  -26.974  55.431 0.0000000000
71146  -30.475  -25.803  55.547 0.0000000000
71106  -30.463  -24.286  58.296 0.0000000000
71119  -30.147  -24.531  57.124 0.0000000000
62472  -21.778  -31.002  66.112 0.0000000000
60224  -23.566  -32.120  59.313 0.0000000000
60254  -23.226  -31.572  57.895 0.0000000000
82312  -44.604  -14.219  38.438 0.0000000000
82318  -44.131  -14.087  37.938 0.0000000000
84388  -44.836  -12.680  37.940 0.0000000000
85363  -44.539  -12.178  37.426 0.0000000000
85364  -45.300  -11.530  37.665 0.0000000000
85352  -46.060  -11.775  38.537 0.0000000000
68678  -1.195  -26.572  60.877 0.0000000000
67498  -1.297  -27.050  60.563 0.0000000000
67487  -1.285  -27.153  61.302 0.0000000000
65154  -2.219  -29.319  62.147 0.0000000000
77886  -38.669  -18.979  47.072 0.0000000000
74632  -34.796  -20.633  47.026 0.0000000000
74634  -36.038  -20.808  46.530 0.0000000000
73538  -35.589  -21.155  46.128 0.0000000000
73539  -35.961  -21.185  46.062 0.0000000000
74641  -36.249  -21.116  45.934 0.0000000000
76826  -37.858  -19.449  47.512 0.0000000000
75747  -37.596  -20.031  46.866 0.0000000000
63816  -9.004  -30.835  61.610 0.0000000000
62516  -9.749  -32.101  62.625 0.0000000000
61270  -9.273  -33.017  63.031 0.0000000000
60173  -10.035  -32.959  62.387 0.0000000000
58025  -11.348  -34.751  56.727 0.0000000000
56781  -11.158  -35.208  56.145 0.0000000000
60355  -4.555  -34.006  49.277 0.0000000000
61461  -4.281  -33.392  49.369 0.0000000000
59257  -4.019  -34.687  48.957 0.0000000000
56968  -2.252  -35.667  47.658 0.0000000000
58183  -2.054  -35.146  47.745 0.0000000000
60368  -2.231  -33.762  48.476 0.0000000000
56988  -1.605  -35.749  47.400 0.0000000000
67438  -3.340  -27.407  65.662 0.0000000000
68628  -3.800  -26.335  65.024 0.0000000000
68617  -2.973  -27.132  65.884 0.0000000000
68607  -2.742  -27.438  66.395 0.0000000000
56626  -1.700  -36.295  64.872 0.0000000000
57898  -1.892  -35.397  65.211 0.0000000000
57908  -1.432  -35.430  64.100 0.0000000000
57917  -1.100  -35.567  63.238 0.0000000000
59041  -1.423  -34.652  63.750 0.0000000000
57927  -0.495  -35.472  62.534 0.0000000000
55406  0.485  -37.559  61.306 0.0000000000
56690  0.724  -36.666  61.255 0.0000000000
55426  0.540  -37.354  60.562 0.0000000000
61398  -32.231  -31.972  55.022 0.0000000000
61387  -32.409  -31.610  55.569 0.0000000000
61360  -32.218  -32.269  57.522 0.0000000000
60258  -32.266  -32.379  57.079 0.0000000000
65237  -32.525  -30.240  58.206 0.0000000000
62599  -32.301  -31.042  57.781 0.0000000000
65251  -32.502  -30.207  57.754 0.0000000000
63883  -32.483  -30.534  56.966 0.0000000000
65250  -32.506  -29.830  57.396 0.0000000000
66452  -32.399  -29.163  57.155 0.0000000000
66440  -32.523  -29.234  57.934 0.0000000000
67546  -32.447  -28.235  58.501 0.0000000000
55521  -28.647  -34.642  56.342 0.0000000000
59047  -25.108  -33.189  64.231 0.0000000000
59058  -24.560  -33.053  63.503 0.0000000000
59059  -25.199  -33.410  63.515 0.0000000000
56680  -27.766  -33.685  62.944 0.0000000000
57948  -27.383  -33.885  62.440 0.0000000000
57963  -25.484  -33.578  61.096 0.0000000000
57962  -25.000  -33.473  61.341 0.0000000000
59104  -25.009  -33.355  60.639 0.0000000000
59103  -24.336  -32.937  60.477 0.0000000000
59120  -25.052  -33.152  59.770 0.0000000000
83338  -47.096  -13.713  41.628 0.0000000000
80054  -42.474  -16.009  40.509 0.0000000000
81222  -44.251  -15.216  40.126 0.0000000000
81226  -44.511  -15.088  39.369 0.0000000000
81233  -44.116  -14.973  38.533 0.0000000000
82288  -46.406  -14.015  41.367 0.0000000000
83352  -46.799  -13.702  40.670 0.0000000000
76807  -35.466  -19.629  49.349 0.0000000000
76796  -36.037  -19.042  50.379 0.0000000000
77837  -35.937  -18.520  52.039 0.0000000000
74567  -31.201  -20.626  50.144 0.0000000000
74591  -31.545  -20.833  49.342 0.0000000000
74614  -32.743  -20.887  48.653 0.0000000000
75727  -33.492  -20.518  48.791 0.0000000000
75704  -34.608  -19.922  49.813 0.0000000000
74594  -34.873  -19.961  49.020 0.0000000000
75718  -35.012  -19.875  49.207 0.0000000000
63871  -16.430  -29.528  57.266 0.0000000000
61383  -15.744  -31.457  55.116 0.0000000000
73457  -1.315  -22.563  50.509 0.0000000000
71203  -1.473  -24.203  50.256 0.0000000000
71220  -1.455  -24.506  49.811 0.0000000000
68824  -1.503  -26.376  49.654 0.0000000000
65256  -3.365  -28.700  56.316 0.0000000000
63896  -5.946  -30.695  55.130 0.0000000000
62633  -6.196  -30.803  53.757 0.0000000000
63925  -6.038  -30.664  53.298 0.0000000000
62646  -6.194  -31.192  53.204 0.0000000000
60294  -4.836  -33.201  54.508 0.0000000000
61403  -5.325  -32.865  54.364 0.0000000000
60307  -4.950  -33.532  53.554 0.0000000000
60328  -5.065  -34.541  51.752 0.0000000000
60329  -5.463  -33.858  51.238 0.0000000000
60342  -5.460  -33.964  50.052 0.0000000000
59244  -5.314  -34.777  50.353 0.0000000000
56948  -4.374  -36.452  49.937 0.0000000000
54336  -2.613  -38.484  51.868 0.0000000000
63721  -4.325  -31.130  66.508 0.0000000000
62464  -4.964  -31.638  66.789 0.0000000000
59019  -4.418  -33.782  67.489 0.0000000000
60125  -4.555  -32.415  67.832 0.0000000000
60129  -4.075  -33.133  67.791 0.0000000000
60128  -3.636  -33.054  67.219 0.0000000000
57873  -3.446  -34.436  67.242 0.0000000000
55322  -4.413  -35.683  65.693 0.0000000000
55339  -3.616  -36.546  65.433 0.0000000000
54079  -2.423  -36.969  64.838 0.0000000000
55338  -3.181  -36.852  65.435 0.0000000000
55319  -2.649  -36.396  66.023 0.0000000000
55318  -2.201  -36.421  65.755 0.0000000000
56614  -1.755  -36.135  65.753 0.0000000000
55336  -1.894  -36.534  65.194 0.0000000000
51715  -1.429  -38.723  63.225 0.0000000000
54094  -1.361  -37.408  63.916 0.0000000000
52896  -1.199  -38.392  63.244 0.0000000000
52895  -1.049  -38.688  62.879 0.0000000000
75616  -30.039  -20.086  55.183 0.0000000000
76738  -30.684  -19.941  55.472 0.0000000000
66477  -31.370  -29.590  54.372 0.0000000000
72316  -28.660  -23.553  54.491 0.0000000000
71155  -28.745  -24.218  53.952 0.0000000000
75615  -29.324  -20.749  55.830 0.0000000000
75628  -28.910  -21.002  55.030 0.0000000000
65128  -19.361  -29.349  63.320 0.0000000000
65145  -18.542  -28.816  62.425 0.0000000000
61283  -22.480  -31.949  63.902 0.0000000000
61271  -22.145  -31.697  64.296 0.0000000000
60222  -22.603  -31.874  60.179 0.0000000000
60208  -22.503  -32.013  60.997 0.0000000000
61319  -22.225  -31.532  60.565 0.0000000000
62571  -21.491  -30.554  60.428 0.0000000000
61307  -21.858  -31.112  60.951 0.0000000000
62541  -21.365  -30.885  62.290 0.0000000000
63824  -21.017  -30.359  61.954 0.0000000000
63823  -20.702  -30.003  61.242 0.0000000000
65187  -19.503  -29.333  59.723 0.0000000000
65186  -18.524  -28.923  60.150 0.0000000000
65230  -18.586  -29.212  57.876 0.0000000000
65272  -19.061  -29.552  55.424 0.0000000000
65261  -18.449  -29.312  56.080 0.0000000000
86306  -45.714  -10.288  36.769 0.0000000000
86305  -44.825  -10.640  36.306 0.0000000000
87235  -45.856  -9.458  34.511 0.0000000000
87232  -46.852  -8.933  35.470 0.0000000000
71112  -2.617  -24.868  56.505 0.0000000000
68750  -1.330  -26.626  56.694 0.0000000000
71093  -1.478  -25.538  58.259 0.0000000000
68721  -1.250  -26.855  58.074 0.0000000000
66430  0.061  -27.685  57.084 0.0000000000
66445  -0.164  -27.663  56.769 0.0000000000
66446  -2.343  -27.995  57.008 0.0000000000
67553  -1.774  -27.612  57.511 0.0000000000
65223  -2.695  -28.477  58.796 0.0000000000
65225  -4.256  -29.518  58.159 0.0000000000
66377  -2.624  -28.620  60.084 0.0000000000
63867  -4.046  -31.167  58.934 0.0000000000
63868  -4.374  -30.872  58.325 0.0000000000
62592  -4.062  -31.582  58.507 0.0000000000
61356  -4.000  -32.478  57.699 0.0000000000
61366  -2.647  -33.811  57.388 0.0000000000
59158  -2.328  -34.579  56.508 0.0000000000
60265  -2.311  -34.318  57.100 0.0000000000
81141  -41.308  -15.627  46.109 0.0000000000
79997  -40.932  -16.083  46.394 0.0000000000
75755  -37.191  -20.284  44.594 0.0000000000
74664  -36.733  -20.811  44.078 0.0000000000
77911  -37.627  -18.882  44.002 0.0000000000
77924  -37.678  -18.805  43.235 0.0000000000
77925  -38.034  -18.404  42.699 0.0000000000
78910  -38.515  -17.862  44.293 0.0000000000
79995  -39.984  -16.889  45.453 0.0000000000
80014  -40.255  -16.279  44.940 0.0000000000
63740  -5.748  -31.376  65.060 0.0000000000
61243  -6.808  -32.795  65.616 0.0000000000
63754  -8.208  -31.959  63.183 0.0000000000
63753  -7.969  -31.863  63.332 0.0000000000
59033  -8.137  -34.133  64.756 0.0000000000
61245  -7.744  -33.263  64.973 0.0000000000
59029  -7.797  -34.020  65.129 0.0000000000
57901  -7.154  -34.550  65.044 0.0000000000
56617  -6.558  -34.940  64.910 0.0000000000
56628  -6.649  -35.132  64.354 0.0000000000
55388  -6.575  -36.197  61.910 0.0000000000
55370  -6.276  -35.915  62.659 0.0000000000
54161  -6.086  -36.304  61.898 0.0000000000
54160  -5.718  -36.406  61.600 0.0000000000
55407  -6.263  -36.461  61.170 0.0000000000
60235  -14.775  -31.802  58.367 0.0000000000
61329  -15.216  -31.054  59.070 0.0000000000
60221  -14.857  -31.630  59.323 0.0000000000
59101  -14.431  -31.775  59.520 0.0000000000
59146  -14.039  -33.546  56.462 0.0000000000
59130  -13.407  -33.528  57.215 0.0000000000
59099  -13.066  -32.386  59.059 0.0000000000
59083  -14.077  -31.669  59.812 0.0000000000
60177  -13.545  -31.330  60.702 0.0000000000
60191  -13.123  -31.719  60.367 0.0000000000
60190  -12.428  -31.988  60.935 0.0000000000
61303  -11.692  -31.848  61.651 0.0000000000
62537  -11.258  -31.685  61.959 0.0000000000
57961  -9.779  -33.681  60.997 0.0000000000
59079  -10.150  -33.353  61.400 0.0000000000
57943  -9.312  -34.020  61.777 0.0000000000
57960  -9.378  -34.269  60.834 0.0000000000
55469  -9.743  -35.166  57.717 0.0000000000
55451  -9.561  -35.101  58.482 0.0000000000
55468  -9.128  -35.338  58.372 0.0000000000
54219  -8.138  -35.594  58.953 0.0000000000
54201  -8.691  -35.460  59.310 0.0000000000
55448  -8.037  -35.742  59.939 0.0000000000
55430  -8.394  -35.587  60.230 0.0000000000
55429  -7.706  -35.905  60.551 0.0000000000
55447  -7.468  -36.034  60.144 0.0000000000
73418  -2.382  -22.322  53.427 0.0000000000
71181  -1.689  -24.435  51.781 0.0000000000
67638  -1.477  -27.749  50.472 0.0000000000
67648  -1.212  -27.776  49.607 0.0000000000
65278  -3.476  -29.643  54.574 0.0000000000
62644  -2.900  -31.037  52.845 0.0000000000
63921  -2.829  -30.578  53.542 0.0000000000
62643  -2.383  -30.562  52.755 0.0000000000
62642  -2.141  -30.155  52.595 0.0000000000
61444  -3.637  -32.257  49.901 0.0000000000
62690  -3.799  -31.691  50.640 0.0000000000
61443  -2.934  -31.647  50.133 0.0000000000
61457  -1.945  -31.129  49.825 0.0000000000
61442  -2.409  -31.261  50.309 0.0000000000
61441  -2.245  -30.895  50.553 0.0000000000
62675  -2.141  -30.542  50.892 0.0000000000
62687  -1.811  -30.320  50.646 0.0000000000
65315  -1.337  -29.834  50.381 0.0000000000
63962  -1.468  -30.190  50.329 0.0000000000
63976  -1.164  -30.196  49.048 0.0000000000
69810  -0.882  -26.100  64.269 0.0000000000
65068  -3.293  -29.830  66.887 0.0000000000
65071  -3.153  -29.129  66.935 0.0000000000
65063  -3.058  -29.771  67.243 0.0000000000
63710  -2.089  -30.023  67.376 0.0000000000
65062  -2.520  -29.543  67.517 0.0000000000
66281  -1.936  -28.952  67.684 0.0000000000
67420  -1.954  -28.115  67.542 0.0000000000
65065  -1.752  -29.377  67.193 0.0000000000
60137  -2.210  -33.433  65.166 0.0000000000
61238  -2.461  -32.314  65.543 0.0000000000
61242  -1.870  -32.324  65.062 0.0000000000
63727  -1.450  -29.800  65.459 0.0000000000
63728  -1.664  -30.396  65.746 0.0000000000
63718  -1.453  -29.681  65.835 0.0000000000
66293  -1.360  -28.296  66.277 0.0000000000
66305  -1.183  -28.359  65.596 0.0000000000
67437  -1.047  -27.600  65.545 0.0000000000
66318  -1.193  -28.548  65.248 0.0000000000
65120  -1.333  -29.272  64.170 0.0000000000
65105  -1.187  -28.418  64.797 0.0000000000
66326  -1.205  -28.317  64.347 0.0000000000
67464  -0.904  -27.382  64.090 0.0000000000
66346  -1.365  -28.269  63.251 0.0000000000
65136  -1.466  -29.364  63.575 0.0000000000
62530  -1.826  -31.791  62.475 0.0000000000
62531  -2.004  -31.450  62.309 0.0000000000
62547  -2.160  -32.044  61.767 0.0000000000
59078  -0.751  -34.605  61.439 0.0000000000
60172  -1.250  -33.717  62.069 0.0000000000
60216  -1.076  -34.647  60.334 0.0000000000
60204  -1.428  -33.950  60.539 0.0000000000
61315  -1.942  -33.156  60.545 0.0000000000
60217  -1.488  -34.136  59.933 0.0000000000
60231  -1.597  -34.459  59.109 0.0000000000
58024  -0.866  -36.130  57.705 0.0000000000
60263  -1.374  -35.086  57.893 0.0000000000
49394  -0.394  -41.002  61.487 0.0000000000
49427  0.077  -42.358  60.333 0.0000000000
50629  -0.057  -41.447  60.754 0.0000000000
50607  -0.179  -40.961  61.304 0.0000000000
50679  0.088  -41.373  58.823 0.0000000000
53018  -0.075  -39.318  57.285 0.0000000000
54255  -0.262  -38.672  56.721 0.0000000000
54292  -1.077  -38.656  55.487 0.0000000000
53075  -1.245  -38.883  55.209 0.0000000000
55528  -1.201  -37.536  55.438 0.0000000000
54293  -1.354  -38.287  55.029 0.0000000000
54306  -1.457  -38.308  54.151 0.0000000000
62558  -32.361  -31.555  61.273 0.0000000000
62544  -32.386  -31.519  62.037 0.0000000000
59122  -31.288  -33.089  59.389 0.0000000000
60225  -31.576  -32.637  59.718 0.0000000000
61320  -32.030  -31.966  60.748 0.0000000000
57988  -29.855  -34.188  60.183 0.0000000000
56733  -29.519  -34.358  59.787 0.0000000000
57937  -29.918  -33.575  62.937 0.0000000000
57951  -30.064  -33.749  62.303 0.0000000000
57969  -29.824  -34.129  61.269 0.0000000000
60181  -30.818  -32.623  62.821 0.0000000000
80030  -39.615  -16.259  43.639 0.0000000000
81195  -39.945  -15.751  43.280 0.0000000000
81196  -40.594  -15.450  42.742 0.0000000000
81197  -41.525  -15.123  42.355 0.0000000000
75661  -29.770  -20.345  52.943 0.0000000000
75678  -30.862  -20.287  51.867 0.0000000000
60291  -2.706  -34.424  55.563 0.0000000000
59200  -2.178  -35.675  54.170 0.0000000000
56878  -1.945  -36.913  53.412 0.0000000000
56849  -1.713  -36.925  53.676 0.0000000000
55577  -1.598  -37.565  53.619 0.0000000000
54123  -4.968  -36.604  62.718 0.0000000000
54141  -4.072  -37.379  61.927 0.0000000000
68730  -31.700  -27.184  57.348 0.0000000000
69928  -30.739  -25.461  57.015 0.0000000000
71107  -30.571  -24.763  58.084 0.0000000000
60270  -23.259  -31.557  56.755 0.0000000000
83374  -45.299  -13.444  38.714 0.0000000000
85338  -47.640  -11.776  39.624 0.0000000000
69845  -1.035  -26.020  61.559 0.0000000000
67486  -1.179  -27.190  62.090 0.0000000000
66347  -1.536  -28.458  62.708 0.0000000000
76817  -37.893  -19.030  48.185 0.0000000000
75739  -35.678  -20.242  47.789 0.0000000000
75745  -36.620  -20.579  46.749 0.0000000000
75741  -37.053  -20.260  47.177 0.0000000000
63817  -10.036  -30.651  61.558 0.0000000000
63796  -10.265  -31.100  62.113 0.0000000000
62536  -10.637  -31.632  62.256 0.0000000000
65144  -17.531  -28.675  62.386 0.0000000000
71249  -1.445  -25.618  48.097 0.0000000000
58185  -3.847  -35.475  48.563 0.0000000000
59277  -3.297  -34.838  48.525 0.0000000000
67447  -3.947  -27.597  64.915 0.0000000000
55347  -1.028  -36.987  63.804 0.0000000000
56625  -1.278  -36.118  64.119 0.0000000000
62586  -32.498  -30.911  59.354 0.0000000000
62598  -32.283  -31.184  58.278 0.0000000000
63861  -32.588  -30.487  58.925 0.0000000000
65219  -32.648  -30.141  58.644 0.0000000000
66426  -32.746  -29.065  58.691 0.0000000000
56769  -29.941  -34.512  56.774 0.0000000000
59106  -27.536  -34.336  61.144 0.0000000000
57965  -27.158  -34.213  61.560 0.0000000000
57985  -27.098  -34.325  60.749 0.0000000000
57984  -26.258  -34.036  60.390 0.0000000000
57998  -25.710  -33.655  59.122 0.0000000000
58013  -25.780  -33.677  58.166 0.0000000000
82268  -46.068  -13.961  42.155 0.0000000000
82285  -43.469  -14.852  41.381 0.0000000000
81221  -43.367  -15.660  40.115 0.0000000000
82299  -44.736  -14.888  40.345 0.0000000000
76794  -34.530  -19.840  50.266 0.0000000000
74569  -32.722  -20.756  49.940 0.0000000000
74570  -33.129  -20.707  49.867 0.0000000000
75716  -33.523  -20.484  49.664 0.0000000000
63889  -16.513  -29.866  55.140 0.0000000000
73458  -1.397  -22.864  50.938 0.0000000000
72367  -1.466  -23.314  50.878 0.0000000000
71204  -1.589  -24.436  50.694 0.0000000000
65258  -5.285  -30.027  56.208 0.0000000000
59203  -4.746  -34.234  52.893 0.0000000000
59215  -4.598  -34.693  52.394 0.0000000000
59229  -4.640  -35.325  51.619 0.0000000000
58141  -4.737  -35.952  50.700 0.0000000000
56931  -4.456  -36.396  50.644 0.0000000000
54351  -3.787  -37.631  50.725 0.0000000000
62465  -5.523  -32.083  66.573 0.0000000000
62461  -5.367  -32.220  67.074 0.0000000000
60131  -5.380  -33.173  67.024 0.0000000000
59020  -4.952  -33.696  67.017 0.0000000000
57875  -4.590  -34.342  66.935 0.0000000000
54096  -3.242  -37.176  64.324 0.0000000000
52864  -2.771  -37.428  64.196 0.0000000000
52863  -2.444  -37.405  64.315 0.0000000000
52862  -2.179  -37.318  64.405 0.0000000000
54078  -1.871  -37.119  64.559 0.0000000000
52876  -2.054  -37.911  63.897 0.0000000000
51716  -2.054  -38.838  63.535 0.0000000000
76722  -29.941  -20.080  56.506 0.0000000000
67613  -30.473  -28.023  54.483 0.0000000000
72304  -29.234  -23.672  55.708 0.0000000000
72303  -28.801  -23.081  55.302 0.0000000000
73395  -28.720  -22.414  55.442 0.0000000000
74496  -28.763  -21.637  55.441 0.0000000000
59045  -24.059  -32.681  64.533 0.0000000000
60160  -23.618  -32.515  64.606 0.0000000000
60169  -22.891  -32.327  63.478 0.0000000000
60179  -22.492  -32.017  62.665 0.0000000000
61345  -22.210  -31.133  58.669 0.0000000000
61331  -21.806  -30.909  59.052 0.0000000000
62585  -21.397  -30.428  59.431 0.0000000000
62570  -21.036  -29.985  59.938 0.0000000000
62556  -21.086  -30.115  60.691 0.0000000000
62584  -20.968  -29.988  59.340 0.0000000000
65231  -19.504  -29.546  57.676 0.0000000000
65247  -19.588  -29.730  56.980 0.0000000000
65262  -19.346  -29.633  56.285 0.0000000000
84390  -43.191  -12.815  36.346 0.0000000000
71071  -1.360  -25.564  58.735 0.0000000000
69903  -1.204  -26.305  58.584 0.0000000000
67534  -1.855  -27.777  57.924 0.0000000000
65176  -3.129  -29.522  60.616 0.0000000000
63836  -3.457  -30.621  60.485 0.0000000000
62567  -3.508  -31.231  60.229 0.0000000000
62591  -3.633  -31.948  59.075 0.0000000000
61341  -3.453  -32.457  58.600 0.0000000000
61340  -3.030  -32.804  58.947 0.0000000000
78892  -40.371  -16.913  46.173 0.0000000000
79978  -40.733  -16.486  46.619 0.0000000000
76833  -37.853  -19.548  45.592 0.0000000000
76840  -37.682  -19.341  44.983 0.0000000000
77902  -38.117  -18.668  44.838 0.0000000000
78901  -38.640  -18.049  44.811 0.0000000000
62495  -7.294  -31.862  63.840 0.0000000000
61268  -8.603  -32.698  63.455 0.0000000000
62497  -8.197  -32.691  63.935 0.0000000000
60147  -8.465  -33.601  64.150 0.0000000000
59042  -8.420  -34.163  64.193 0.0000000000
57918  -7.696  -34.669  64.069 0.0000000000
56640  -6.970  -35.159  63.916 0.0000000000
56641  -7.479  -34.877  63.586 0.0000000000
60252  -15.079  -31.766  57.072 0.0000000000
60251  -14.810  -32.243  57.397 0.0000000000
59132  -14.447  -32.530  57.890 0.0000000000
59143  -12.484  -34.154  56.979 0.0000000000
60234  -12.845  -33.679  57.574 0.0000000000
60220  -12.367  -33.570  57.885 0.0000000000
59114  -11.767  -33.376  58.312 0.0000000000
59098  -11.906  -32.875  59.185 0.0000000000
59081  -12.659  -32.322  59.968 0.0000000000
60206  -11.092  -33.076  60.793 0.0000000000
54218  -7.399  -35.791  58.965 0.0000000000
72323  -2.403  -23.061  53.559 0.0000000000
68778  -2.102  -26.336  52.811 0.0000000000
68791  -1.969  -26.370  51.733 0.0000000000
68802  -1.765  -26.394  50.880 0.0000000000
67631  -1.789  -27.396  51.137 0.0000000000
67630  -1.612  -27.865  50.902 0.0000000000
63923  -4.433  -30.387  53.296 0.0000000000
63906  -3.524  -30.229  53.975 0.0000000000
63939  -4.017  -30.782  52.820 0.0000000000
62645  -3.491  -31.026  52.672 0.0000000000
62661  -3.077  -30.955  52.003 0.0000000000
62716  -1.309  -31.298  48.615 0.0000000000
61229  -3.456  -31.707  66.528 0.0000000000
63712  -2.901  -30.327  67.072 0.0000000000
62458  -2.976  -31.244  66.443 0.0000000000
62451  -2.400  -30.503  66.970 0.0000000000
62457  -2.491  -30.905  66.594 0.0000000000
61253  -1.804  -32.433  64.884 0.0000000000
62479  -1.731  -31.710  65.031 0.0000000000
63738  -1.454  -29.955  64.986 0.0000000000
63750  -1.468  -30.128  64.442 0.0000000000
61287  -1.547  -32.950  62.019 0.0000000000
59112  -0.557  -35.328  60.049 0.0000000000
59127  -0.714  -35.425  59.167 0.0000000000
60246  -1.214  -35.013  58.704 0.0000000000
56758  -0.644  -36.782  57.207 0.0000000000
48231  0.251  -43.426  59.792 0.0000000000
49461  0.237  -42.452  58.229 0.0000000000
53033  -0.398  -39.444  56.419 0.0000000000
58048  -31.184  -33.977  56.601 0.0000000000
59165  -31.519  -33.472  56.389 0.0000000000
60272  -31.848  -33.102  56.971 0.0000000000
61346  -32.122  -32.127  58.063 0.0000000000
60226  -31.824  -32.294  59.323 0.0000000000
61333  -32.024  -31.903  58.991 0.0000000000
55477  -28.118  -34.596  58.274 0.0000000000
55478  -28.521  -34.518  58.256 0.0000000000
55479  -29.102  -34.388  57.648 0.0000000000
58003  -29.856  -34.256  59.134 0.0000000000
58017  -29.919  -34.295  58.273 0.0000000000
56750  -29.740  -34.353  57.647 0.0000000000
56793  -30.782  -34.309  56.850 0.0000000000
56681  -28.166  -33.877  62.500 0.0000000000
56667  -29.119  -34.053  62.433 0.0000000000
56682  -28.694  -34.095  62.174 0.0000000000
57966  -27.897  -34.233  61.473 0.0000000000
57986  -27.846  -34.384  60.657 0.0000000000
56730  -27.722  -34.539  59.245 0.0000000000
83298  -44.655  -13.719  43.595 0.0000000000
83282  -45.313  -13.543  44.446 0.0000000000
83281  -44.578  -13.728  44.128 0.0000000000
80058  -39.815  -17.369  40.316 0.0000000000
81210  -42.450  -15.623  40.948 0.0000000000
82264  -42.196  -14.944  41.839 0.0000000000
82284  -42.736  -15.111  41.399 0.0000000000
76751  -34.457  -18.701  54.771 0.0000000000
76750  -33.607  -19.113  54.337 0.0000000000
74543  -27.908  -21.299  50.997 0.0000000000
74588  -28.418  -21.086  49.289 0.0000000000
74589  -29.479  -20.778  49.390 0.0000000000
75700  -31.823  -20.528  50.767 0.0000000000
61370  -5.101  -32.116  56.465 0.0000000000
61382  -5.388  -32.171  55.737 0.0000000000
60306  -3.641  -34.200  54.014 0.0000000000
60305  -3.064  -34.517  54.154 0.0000000000
58106  -3.416  -35.940  52.662 0.0000000000
58121  -3.318  -36.326  52.517 0.0000000000
55616  -2.412  -38.083  52.321 0.0000000000
54335  -2.054  -38.608  52.392 0.0000000000
56616  -5.706  -35.098  65.012 0.0000000000
56606  -5.358  -34.920  65.404 0.0000000000
55341  -5.156  -35.578  64.929 0.0000000000
55349  -4.720  -36.320  64.516 0.0000000000
54082  -4.300  -36.608  64.517 0.0000000000
54111  -4.064  -37.129  63.346 0.0000000000
54097  -3.758  -37.043  63.996 0.0000000000
52879  -3.417  -37.479  63.322 0.0000000000
74466  -30.009  -21.643  58.393 0.0000000000
73360  -30.011  -22.381  58.392 0.0000000000
65273  -32.271  -29.870  55.926 0.0000000000
65285  -32.125  -30.150  55.192 0.0000000000
66469  -32.032  -29.526  55.447 0.0000000000
66468  -31.528  -28.863  55.203 0.0000000000
67604  -31.362  -28.386  55.462 0.0000000000
68757  -31.278  -27.699  56.094 0.0000000000
67590  -31.179  -27.853  55.750 0.0000000000
67603  -30.969  -28.015  55.216 0.0000000000
67602  -30.617  -27.762  54.896 0.0000000000
68785  -30.038  -27.288  54.142 0.0000000000
69972  -30.003  -26.522  54.370 0.0000000000
71145  -30.193  -25.471  55.282 0.0000000000
71133  -30.216  -24.960  55.951 0.0000000000
69927  -30.418  -25.106  56.563 0.0000000000
71132  -29.754  -24.274  56.151 0.0000000000
62471  -21.019  -30.926  65.962 0.0000000000
62485  -21.008  -31.068  65.279 0.0000000000
59102  -23.593  -32.550  60.242 0.0000000000
60223  -23.121  -32.131  59.763 0.0000000000
60237  -22.699  -31.574  59.283 0.0000000000
60253  -22.644  -31.341  58.272 0.0000000000
61358  -21.680  -30.673  57.488 0.0000000000
62618  -20.976  -30.620  56.509 0.0000000000
83377  -43.773  -13.381  37.272 0.0000000000
84391  -43.624  -12.798  36.816 0.0000000000
85371  -43.556  -12.415  36.400 0.0000000000
67497  -1.210  -26.676  60.288 0.0000000000
66393  -1.469  -27.437  59.878 0.0000000000
65155  -2.745  -29.639  61.529 0.0000000000
63834  -2.651  -31.362  61.513 0.0000000000
73537  -34.752  -21.115  46.342 0.0000000000
74663  -36.319  -21.290  44.515 0.0000000000
75750  -37.292  -20.332  45.495 0.0000000000
75746  -37.123  -20.520  46.367 0.0000000000
75751  -37.626  -20.039  46.179 0.0000000000
63794  -8.342  -31.391  62.255 0.0000000000
63772  -8.523  -31.759  62.747 0.0000000000
62515  -9.068  -32.013  62.656 0.0000000000
61278  -8.628  -32.324  63.104 0.0000000000
61269  -8.909  -32.996  63.348 0.0000000000
59044  -9.186  -33.493  63.069 0.0000000000
59055  -9.106  -33.831  62.984 0.0000000000
56806  -14.180  -34.272  54.701 0.0000000000
56784  -13.921  -34.177  55.284 0.0000000000
58042  -13.462  -34.184  55.799 0.0000000000
58041  -12.619  -34.365  56.099 0.0000000000
58026  -11.955  -34.330  56.922 0.0000000000
58011  -10.891  -34.508  57.516 0.0000000000
56762  -10.580  -35.020  57.187 0.0000000000
71139  -2.983  -24.129  54.365 0.0000000000
65305  -1.613  -29.002  52.250 0.0000000000
62692  -4.955  -32.428  50.349 0.0000000000
61445  -4.526  -32.726  49.816 0.0000000000
61460  -3.560  -33.050  49.336 0.0000000000
59256  -3.110  -34.260  48.716 0.0000000000
59255  -2.715  -34.112  48.630 0.0000000000
60353  -2.732  -33.689  48.870 0.0000000000
60367  -1.911  -33.650  47.949 0.0000000000
60380  -1.610  -33.540  47.167 0.0000000000
69800  -3.708  -25.528  65.218 0.0000000000
68626  -2.988  -26.419  65.491 0.0000000000
68616  -2.581  -26.800  65.812 0.0000000000
68605  -2.154  -26.911  66.183 0.0000000000
60133  -2.847  -33.292  65.866 0.0000000000
59021  -2.335  -34.395  65.668 0.0000000000
59026  -2.152  -34.447  65.371 0.0000000000
59031  -1.778  -34.530  64.780 0.0000000000
60144  -1.605  -33.859  64.293 0.0000000000
60166  -1.341  -33.644  62.805 0.0000000000
56674  0.363  -36.194  62.116 0.0000000000
56673  0.357  -35.828  61.648 0.0000000000
57958  0.469  -35.836  60.967 0.0000000000
57977  0.595  -35.949  60.716 0.0000000000
56706  0.580  -36.337  60.322 0.0000000000
61399  -32.352  -31.531  54.732 0.0000000000
63900  -32.382  -30.820  55.284 0.0000000000
60273  -32.069  -32.729  56.539 0.0000000000
60274  -32.285  -32.279  56.319 0.0000000000
62609  -32.355  -31.455  57.356 0.0000000000
61374  -32.442  -31.820  56.677 0.0000000000
61375  -32.468  -31.639  56.236 0.0000000000
62620  -32.488  -31.210  56.282 0.0000000000
63892  -32.460  -30.781  55.972 0.0000000000
63899  -32.331  -30.467  55.616 0.0000000000
65263  -32.409  -29.712  56.663 0.0000000000
67578  -32.167  -28.562  56.976 0.0000000000
67563  -32.043  -27.964  57.522 0.0000000000
67547  -32.526  -28.814  58.225 0.0000000000
67562  -31.947  -27.550  57.644 0.0000000000
59035  -24.461  -32.787  64.812 0.0000000000
57947  -26.427  -33.769  62.278 0.0000000000
57931  -25.709  -33.597  62.975 0.0000000000
57930  -25.033  -33.469  62.741 0.0000000000
59134  -25.186  -33.034  58.751 0.0000000000
59133  -24.615  -32.378  58.205 0.0000000000
80062  -43.206  -15.996  39.498 0.0000000000
80068  -43.038  -16.355  38.767 0.0000000000
78954  -42.685  -16.620  37.896 0.0000000000
82311  -43.938  -14.442  38.043 0.0000000000
82308  -45.357  -14.175  39.287 0.0000000000
82300  -45.304  -14.624  40.220 0.0000000000
82309  -45.788  -14.187  39.847 0.0000000000
83353  -47.526  -13.170  41.007 0.0000000000
77861  -36.496  -18.892  49.960 0.0000000000
76761  -35.406  -18.552  53.404 0.0000000000
74625  -34.288  -20.476  47.776 0.0000000000
74615  -34.490  -20.178  48.573 0.0000000000
74616  -34.877  -20.205  48.379 0.0000000000
75729  -35.317  -20.075  48.438 0.0000000000
75719  -35.561  -19.761  48.901 0.0000000000
63857  -16.324  -29.562  58.407 0.0000000000
62595  -15.591  -30.131  57.584 0.0000000000
61357  -15.328  -31.026  56.815 0.0000000000
61371  -15.561  -31.054  55.968 0.0000000000
58045  -15.032  -33.501  55.173 0.0000000000
56807  -14.570  -34.138  54.618 0.0000000000
67656  -0.982  -27.747  48.779 0.0000000000
66458  -2.855  -28.436  55.594 0.0000000000
65268  -4.891  -29.609  55.245 0.0000000000
65293  -4.797  -30.073  53.740 0.0000000000
63924  -5.455  -30.489  53.194 0.0000000000
63941  -5.104  -30.802  52.370 0.0000000000
61393  -5.708  -32.209  54.819 0.0000000000
60308  -5.680  -32.856  53.057 0.0000000000
61419  -5.894  -32.250  52.610 0.0000000000
61446  -5.329  -32.976  50.443 0.0000000000
60356  -5.136  -34.014  49.511 0.0000000000
59258  -5.078  -34.659  49.455 0.0000000000
58142  -5.134  -35.515  50.154 0.0000000000
58160  -4.794  -35.682  49.319 0.0000000000
58186  -4.104  -35.192  48.815 0.0000000000
56970  -4.234  -36.226  48.784 0.0000000000
63720  -3.727  -30.306  66.534 0.0000000000
63716  -3.838  -30.961  66.731 0.0000000000
62460  -4.837  -31.720  67.159 0.0000000000
61231  -4.317  -32.035  67.601 0.0000000000
61230  -3.885  -32.036  67.147 0.0000000000
61235  -3.781  -32.315  67.058 0.0000000000
56605  -4.805  -35.188  65.629 0.0000000000
56604  -4.274  -35.351  66.053 0.0000000000
57887  -4.133  -34.909  66.606 0.0000000000
56603  -3.721  -35.576  66.338 0.0000000000
57886  -3.550  -34.970  66.741 0.0000000000
57885  -2.949  -34.831  66.755 0.0000000000
57884  -2.480  -34.958  66.201 0.0000000000
56600  -2.229  -35.535  65.935 0.0000000000
56613  -1.967  -36.054  65.516 0.0000000000
55335  -1.482  -36.816  64.964 0.0000000000
54093  -1.130  -37.229  63.846 0.0000000000
75601  -30.228  -20.042  57.168 0.0000000000
65297  -31.729  -30.107  53.985 0.0000000000
65309  -31.713  -30.410  53.211 0.0000000000
66487  -30.764  -29.752  53.232 0.0000000000
72344  -27.961  -23.471  52.335 0.0000000000
74520  -28.409  -21.397  53.464 0.0000000000
74508  -28.523  -21.570  54.484 0.0000000000
75644  -28.854  -20.795  54.139 0.0000000000
75645  -29.564  -20.317  53.835 0.0000000000
75630  -30.244  -20.202  54.398 0.0000000000
66352  -17.981  -28.684  61.994 0.0000000000
66366  -18.069  -28.730  61.703 0.0000000000
62487  -22.513  -31.544  65.643 0.0000000000
61258  -23.270  -32.193  65.158 0.0000000000
62503  -21.582  -31.452  64.830 0.0000000000
62502  -21.048  -31.151  64.374 0.0000000000
60195  -22.844  -32.356  61.412 0.0000000000
60194  -22.485  -32.020  61.788 0.0000000000
61295  -22.148  -31.609  62.213 0.0000000000
61281  -21.725  -31.330  62.562 0.0000000000
62521  -21.300  -31.148  63.298 0.0000000000
63844  -20.384  -29.782  60.323 0.0000000000
65260  -17.404  -29.374  55.696 0.0000000000
86312  -44.455  -10.619  35.468 0.0000000000
86316  -45.017  -10.006  34.529 0.0000000000
87246  -46.636  -9.256  33.565 0.0000000000
71124  -2.263  -25.235  55.766 0.0000000000
69922  -1.592  -25.724  57.198 0.0000000000
69905  -1.475  -25.731  57.800 0.0000000000
69921  -1.378  -26.179  57.496 0.0000000000
69934  -1.432  -26.074  56.939 0.0000000000
67582  -0.746  -27.004  56.707 0.0000000000
67569  -1.264  -27.071  56.876 0.0000000000
65255  -2.761  -28.400  56.836 0.0000000000
65243  -4.725  -29.597  57.235 0.0000000000
63879  -4.849  -30.899  57.519 0.0000000000
65200  -2.613  -28.524  59.334 0.0000000000
65177  -3.573  -29.881  59.956 0.0000000000
65202  -3.958  -29.739  59.139 0.0000000000
65203  -4.353  -30.130  58.545 0.0000000000
61369  -4.487  -32.409  56.979 0.0000000000
61379  -3.491  -33.234  56.456 0.0000000000
61355  -3.448  -32.896  58.023 0.0000000000
61367  -3.102  -33.447  57.104 0.0000000000
60278  -2.582  -34.277  56.310 0.0000000000
59173  -2.339  -34.783  55.941 0.0000000000
59172  -1.857  -35.296  55.772 0.0000000000
77862  -37.183  -18.647  49.662 0.0000000000
76725  -33.016  -18.850  56.072 0.0000000000
74675  -36.662  -20.797  43.068 0.0000000000
76839  -37.498  -19.434  44.370 0.0000000000
75775  -37.208  -19.947  42.582 0.0000000000
76881  -37.460  -19.492  42.018 0.0000000000
76864  -37.967  -18.781  42.121 0.0000000000
78911  -39.022  -17.157  43.949 0.0000000000
80031  -39.943  -16.199  44.344 0.0000000000
61240  -6.401  -32.918  66.095 0.0000000000
60136  -6.465  -33.523  65.939 0.0000000000
61254  -7.970  -33.040  64.670 0.0000000000
62482  -7.759  -32.762  64.609 0.0000000000
62469  -7.185  -32.700  65.224 0.0000000000
61244  -7.104  -33.189  65.447 0.0000000000
60138  -6.914  -33.627  65.520 0.0000000000
57900  -6.362  -34.495  65.398 0.0000000000
55351  -6.043  -35.275  64.184 0.0000000000
55359  -5.601  -36.003  63.307 0.0000000000
55360  -6.324  -35.409  63.617 0.0000000000
55369  -5.702  -36.147  62.854 0.0000000000
54124  -5.523  -36.298  62.652 0.0000000000
54143  -5.485  -36.360  62.253 0.0000000000
54159  -4.748  -36.645  61.386 0.0000000000
63856  -16.115  -29.777  59.474 0.0000000000
63842  -15.978  -30.023  60.063 0.0000000000
62569  -15.596  -30.412  60.181 0.0000000000
61342  -15.005  -31.385  58.310 0.0000000000
61293  -14.503  -31.011  61.009 0.0000000000
59116  -13.848  -32.665  58.504 0.0000000000
59084  -14.451  -31.621  59.930 0.0000000000
60193  -14.406  -31.430  60.358 0.0000000000
61292  -14.017  -31.042  61.104 0.0000000000
61291  -13.296  -31.099  61.125 0.0000000000
61290  -12.770  -31.468  61.075 0.0000000000
62553  -12.447  -30.730  61.376 0.0000000000
62551  -11.027  -31.031  62.105 0.0000000000
61288  -10.394  -32.362  62.345 0.0000000000
60205  -10.698  -33.097  61.239 0.0000000000
60188  -10.467  -33.026  61.771 0.0000000000
59067  -9.321  -33.782  62.453 0.0000000000
56655  -8.742  -34.512  62.092 0.0000000000
56707  -9.455  -34.886  59.871 0.0000000000
54220  -8.681  -35.458  58.957 0.0000000000
55431  -8.987  -35.341  59.797 0.0000000000
56691  -8.476  -35.063  61.438 0.0000000000
56675  -8.440  -34.839  61.904 0.0000000000
55409  -7.254  -36.147  61.265 0.0000000000
54198  -6.829  -36.273  59.901 0.0000000000
54177  -6.656  -36.477  60.579 0.0000000000
55427  -6.560  -36.521  60.916 0.0000000000
74514  -1.834  -21.407  52.783 0.0000000000
68810  -1.627  -26.413  50.198 0.0000000000
70020  -1.572  -25.868  49.920 0.0000000000
66466  -2.888  -28.702  54.761 0.0000000000
65276  -2.529  -28.964  53.949 0.0000000000
63905  -2.897  -29.925  54.029 0.0000000000
63904  -2.640  -29.537  53.938 0.0000000000
65290  -1.680  -29.404  52.158 0.0000000000
62677  -3.898  -31.276  51.350 0.0000000000
62676  -3.237  -31.172  51.456 0.0000000000
61418  -2.829  -31.036  51.389 0.0000000000
61430  -2.571  -30.994  50.994 0.0000000000
61417  -2.861  -31.072  51.639 0.0000000000
62659  -2.192  -30.365  51.791 0.0000000000
62658  -1.846  -29.925  51.366 0.0000000000
65304  -1.477  -29.078  51.652 0.0000000000
63953  -1.551  -29.544  51.214 0.0000000000
65316  -1.352  -29.305  50.775 0.0000000000
63963  -1.273  -30.304  49.878 0.0000000000
65325  -1.164  -29.569  49.861 0.0000000000
66521  -0.859  -28.558  48.523 0.0000000000
66531  -0.771  -28.542  47.867 0.0000000000
65351  -1.061  -29.386  47.601 0.0000000000
64012  -1.555  -30.984  47.351 0.0000000000
69820  -0.699  -26.465  63.205 0.0000000000
66296  -3.584  -29.050  65.969 0.0000000000
66295  -3.233  -28.805  66.638 0.0000000000
66289  -3.140  -28.709  66.989 0.0000000000
66283  -2.665  -28.821  67.485 0.0000000000
67422  -2.823  -28.168  66.950 0.0000000000
67421  -2.491  -28.066  67.239 0.0000000000
68600  -2.115  -27.568  66.967 0.0000000000
68598  -1.236  -27.326  66.756 0.0000000000
62463  -2.549  -31.413  66.103 0.0000000000
62456  -1.997  -30.620  66.642 0.0000000000
62467  -1.908  -31.395  65.504 0.0000000000
63714  -1.760  -29.910  66.855 0.0000000000
66294  -1.605  -28.687  66.815 0.0000000000
67418  -1.293  -27.475  66.626 0.0000000000
68603  -1.266  -27.378  66.464 0.0000000000
69788  -0.862  -27.098  65.970 0.0000000000
67445  -0.967  -27.619  64.962 0.0000000000
65093  -1.203  -28.652  65.047 0.0000000000
66327  -1.125  -27.993  64.605 0.0000000000
68633  -0.897  -26.969  64.686 0.0000000000
68639  -0.772  -26.864  63.430 0.0000000000
67476  -1.076  -27.278  62.856 0.0000000000
65138  -1.959  -29.669  62.596 0.0000000000
63810  -2.458  -30.728  61.962 0.0000000000
62548  -2.464  -31.615  61.607 0.0000000000
62565  -2.554  -32.149  60.970 0.0000000000
60203  -1.186  -34.127  60.972 0.0000000000
61301  -1.632  -33.095  61.339 0.0000000000
61302  -1.943  -32.689  61.158 0.0000000000
61316  -2.376  -32.760  60.403 0.0000000000
61338  -2.021  -34.088  58.617 0.0000000000
61352  -2.045  -34.277  58.144 0.0000000000
60264  -1.779  -34.803  57.423 0.0000000000
59171  -1.374  -35.652  55.599 0.0000000000
58069  -1.059  -35.762  55.317 0.0000000000
51784  -0.451  -39.768  62.059 0.0000000000
48219  0.053  -43.213  60.615 0.0000000000
52961  -0.039  -39.250  61.229 0.0000000000
52977  0.061  -39.246  60.241 0.0000000000
54173  0.293  -38.178  59.932 0.0000000000
54194  0.250  -37.964  59.120 0.0000000000
54214  0.261  -38.173  58.306 0.0000000000
50701  0.053  -41.365  57.625 0.0000000000
53007  0.116  -38.988  58.045 0.0000000000
55487  0.056  -37.436  57.660 0.0000000000
54272  -0.658  -38.550  56.000 0.0000000000
55527  -0.843  -37.853  55.891 0.0000000000
56776  -1.087  -36.719  56.142 0.0000000000
56777  -1.185  -37.072  55.721 0.0000000000
56797  -0.969  -36.212  55.413 0.0000000000
56822  -1.087  -36.352  54.744 0.0000000000
51974  -1.639  -40.067  52.901 0.0000000000
50777  -1.673  -40.603  53.113 0.0000000000
54095  -1.682  -37.599  63.931 0.0000000000
54125  -5.862  -36.121  62.626 0.0000000000
54200  -8.318  -35.585  59.418 0.0000000000
54273  -1.028  -38.175  55.564 0.0000000000
55320  -3.353  -36.291  66.080 0.0000000000
55361  -6.984  -35.216  63.524 0.0000000000
55372  -7.698  -35.017  62.594 0.0000000000
55449  -8.601  -35.503  59.650 0.0000000000
55461  -28.964  -34.439  58.429 0.0000000000
55500  -29.115  -34.506  56.746 0.0000000000
56615  -5.090  -35.359  65.215 0.0000000000
56618  -7.137  -34.866  64.699 0.0000000000
56627  -6.039  -35.157  64.541 0.0000000000
56629  -7.302  -34.899  64.252 0.0000000000
56642  -7.983  -34.691  63.199 0.0000000000
56654  -8.191  -34.745  62.576 0.0000000000
56664  -27.787  -33.596  63.271 0.0000000000
56665  -28.183  -33.680  63.101 0.0000000000
56683  -29.115  -34.241  61.832 0.0000000000
56689  0.573  -36.028  61.367 0.0000000000
56695  -28.279  -34.115  61.942 0.0000000000
56696  -28.597  -34.315  61.440 0.0000000000
56697  -29.205  -34.403  61.072 0.0000000000
56715  -29.535  -34.363  60.200 0.0000000000
56724  -9.337  -35.145  59.467 0.0000000000
56725  -9.717  -34.914  59.007 0.0000000000
56747  -27.716  -34.594  58.380 0.0000000000
56748  -28.106  -34.590  58.674 0.0000000000
56751  -30.149  -34.280  57.863 0.0000000000
56783  -13.749  -34.315  55.026 0.0000000000
56798  -1.203  -36.812  55.318 0.0000000000
56802  -11.763  -34.994  55.823 0.0000000000
56821  -0.842  -35.936  55.112 0.0000000000
56826  -11.950  -34.905  55.757 0.0000000000
57888  -4.721  -34.720  66.266 0.0000000000
57899  -5.759  -34.725  65.429 0.0000000000
57911  -8.190  -34.306  64.365 0.0000000000
57941  0.310  -35.714  61.353 0.0000000000
57944  -9.747  -33.601  61.560 0.0000000000
57945  -24.994  -33.469  61.820 0.0000000000
57970  -30.396  -33.671  61.423 0.0000000000
57987  -28.172  -34.374  60.905 0.0000000000
58002  -29.576  -34.377  58.609 0.0000000000
58015  -26.752  -34.414  58.922 0.0000000000
58016  -29.638  -34.362  58.189 0.0000000000
58039  -11.629  -34.860  56.197 0.0000000000
58040  -11.967  -34.603  56.278 0.0000000000
58057  -13.465  -34.401  55.097 0.0000000000
58058  -14.479  -33.979  55.057 0.0000000000
58059  -14.833  -33.947  54.753 0.0000000000
58140  -4.375  -36.250  51.271 0.0000000000
58182  -1.612  -35.259  47.453 0.0000000000
59016  -2.990  -34.019  66.938 0.0000000000
59017  -3.325  -33.808  67.236 0.0000000000
59018  -3.757  -33.847  67.697 0.0000000000
59022  -2.494  -34.254  65.952 0.0000000000
59027  -6.556  -33.956  65.672 0.0000000000
59032  -7.649  -34.286  65.010 0.0000000000
59034  -8.626  -34.121  64.479 0.0000000000
59036  -24.727  -32.919  64.786 0.0000000000
59087  -25.001  -33.463  61.093 0.0000000000
59088  -27.423  -34.319  61.369 0.0000000000
59089  -27.613  -34.295  61.437 0.0000000000
59105  -27.280  -34.328  61.172 0.0000000000
59129  -12.564  -33.977  57.332 0.0000000000
59135  -30.958  -33.728  58.431 0.0000000000
59184  -1.250  -35.656  55.079 0.0000000000
59243  -5.081  -35.331  50.810 0.0000000000
59274  -1.680  -35.036  47.500 0.0000000000
60124  -4.194  -32.524  67.691 0.0000000000
60130  -4.762  -32.932  67.506 0.0000000000
60134  -3.028  -33.355  66.232 0.0000000000
60139  -7.482  -33.666  65.266 0.0000000000
60140  -7.947  -33.724  65.050 0.0000000000
60146  -8.207  -33.733  64.715 0.0000000000
60148  -23.706  -32.477  64.992 0.0000000000
60159  -9.042  -33.315  63.235 0.0000000000
60161  -24.120  -32.670  64.772 0.0000000000
60167  -9.437  -33.116  62.836 0.0000000000
60168  -22.487  -32.007  63.122 0.0000000000
60174  -10.652  -32.606  61.986 0.0000000000
60175  -12.734  -31.664  60.919 0.0000000000
60192  -13.785  -31.516  60.252 0.0000000000
60218  -11.797  -33.798  57.666 0.0000000000
60219  -11.986  -33.703  57.802 0.0000000000
60232  -12.019  -33.839  57.633 0.0000000000
60233  -12.391  -33.838  57.571 0.0000000000
60248  -2.043  -34.396  57.770 0.0000000000
60249  -12.785  -33.897  57.332 0.0000000000
60250  -13.099  -33.824  57.127 0.0000000000
60285  -31.792  -33.095  56.266 0.0000000000
61232  -4.962  -32.105  67.706 0.0000000000
61237  -5.680  -32.705  66.832 0.0000000000
61246  -8.005  -33.493  64.888 0.0000000000
61256  -8.459  -33.201  63.958 0.0000000000
61267  -8.344  -32.433  63.502 0.0000000000
61280  -9.594  -32.662  62.677 0.0000000000
61330  -15.382  -30.614  58.796 0.0000000000
61372  -21.550  -30.688  56.934 0.0000000000
61381  -4.728  -32.591  56.070 0.0000000000
61386  -32.384  -31.953  55.869 0.0000000000
61416  -2.506  -30.666  51.704 0.0000000000
62452  -2.878  -30.781  66.765 0.0000000000
62453  -3.486  -31.200  66.998 0.0000000000
62454  -4.098  -31.535  67.083 0.0000000000
62455  -4.568  -31.763  67.520 0.0000000000
62459  -4.327  -31.477  67.152 0.0000000000
62483  -8.141  -32.942  64.326 0.0000000000
62484  -8.275  -32.759  64.024 0.0000000000
62498  -8.235  -32.905  63.864 0.0000000000
62514  -8.426  -32.010  63.009 0.0000000000
62534  -9.328  -31.683  62.458 0.0000000000
62568  -15.798  -30.191  60.075 0.0000000000
62573  -32.516  -31.306  60.743 0.0000000000
62580  -3.454  -31.822  59.941 0.0000000000
62581  -15.804  -30.154  59.900 0.0000000000
62593  -15.824  -30.079  59.730 0.0000000000
62594  -15.826  -30.007  59.505 0.0000000000
62619  -32.463  -31.469  56.749 0.0000000000
62638  -32.423  -31.182  54.519 0.0000000000
62647  -6.180  -30.775  53.462 0.0000000000
62653  -32.486  -31.089  54.055 0.0000000000
62674  -2.000  -30.212  51.105 0.0000000000
62689  -3.285  -31.402  50.897 0.0000000000
63722  -5.046  -31.622  66.551 0.0000000000
63773  -9.074  -31.729  62.492 0.0000000000
63790  -2.203  -30.090  62.426 0.0000000000
63809  -2.130  -31.247  62.220 0.0000000000
63855  -15.994  -29.965  59.875 0.0000000000
63862  -32.484  -30.449  58.403 0.0000000000
63869  -15.964  -29.900  59.640 0.0000000000
63870  -15.938  -29.840  59.369 0.0000000000
63872  -20.162  -29.867  58.244 0.0000000000
63874  -32.396  -30.620  57.807 0.0000000000
63891  -32.420  -30.273  56.358 0.0000000000
63907  -4.062  -30.312  53.777 0.0000000000
63908  -5.932  -30.440  54.191 0.0000000000
63909  -6.026  -30.550  53.566 0.0000000000
63915  -32.392  -30.887  54.693 0.0000000000
63937  -1.889  -29.994  51.211 0.0000000000
63938  -1.777  -29.808  51.584 0.0000000000
65060  -1.878  -29.226  67.557 0.0000000000
65061  -2.069  -29.504  67.643 0.0000000000
65064  -3.372  -30.370  66.854 0.0000000000
65066  -1.944  -29.684  67.492 0.0000000000
65067  -3.137  -29.391  67.099 0.0000000000
65069  -1.384  -29.085  66.062 0.0000000000
65070  -1.572  -29.222  66.599 0.0000000000
65081  -1.330  -29.192  65.632 0.0000000000
65259  -5.648  -30.393  55.608 0.0000000000
65292  -4.432  -30.211  53.818 0.0000000000
66282  -2.134  -28.861  67.807 0.0000000000
66285  -1.519  -28.030  66.687 0.0000000000
66286  -1.770  -28.592  67.305 0.0000000000
66287  -1.923  -28.612  67.671 0.0000000000
66288  -3.061  -28.351  67.030 0.0000000000
66319  -1.092  -28.127  65.027 0.0000000000
66353  -18.267  -28.757  61.894 0.0000000000
66367  -18.285  -28.786  61.667 0.0000000000
66392  -1.354  -27.149  59.620 0.0000000000
66395  -2.599  -28.550  59.586 0.0000000000
66408  -33.012  -29.037  59.392 0.0000000000
66431  -0.233  -27.598  57.039 0.0000000000
66432  -2.150  -27.961  57.693 0.0000000000
66444  0.112  -27.403  56.933 0.0000000000
66455  -0.196  -27.284  56.714 0.0000000000
66456  -0.548  -27.137  56.842 0.0000000000
66476  -30.824  -28.985  54.208 0.0000000000
67416  -1.762  -28.507  67.936 0.0000000000
67426  -0.987  -27.509  66.328 0.0000000000
67427  -2.715  -27.809  66.828 0.0000000000
67429  -3.330  -28.453  66.304 0.0000000000
67454  -0.967  -27.520  64.506 0.0000000000
67515  -1.317  -27.005  60.083 0.0000000000
67533  -1.571  -27.497  58.108 0.0000000000
67551  -0.520  -27.307  57.147 0.0000000000
67568  -0.467  -27.185  56.880 0.0000000000
67577  -31.834  -28.154  56.788 0.0000000000
67614  -30.827  -28.407  54.698 0.0000000000
68597  -1.134  -27.368  66.597 0.0000000000
68599  -2.022  -27.434  67.076 0.0000000000
68613  -0.877  -27.429  66.084 0.0000000000
68614  -0.926  -27.157  65.931 0.0000000000
68615  -2.189  -26.805  65.918 0.0000000000
68625  -1.021  -27.143  65.313 0.0000000000
68737  -1.363  -26.455  57.103 0.0000000000
68749  -0.842  -26.705  56.934 0.0000000000
68770  -30.417  -27.273  54.928 0.0000000000
69785  -0.966  -27.276  65.987 0.0000000000
69846  -1.145  -26.255  61.078 0.0000000000
69857  -1.141  -26.258  60.829 0.0000000000
69904  -1.317  -25.937  58.244 0.0000000000
69941  -30.506  -25.416  56.244 0.0000000000
71041  -1.100  -25.533  60.244 0.0000000000
71055  -1.076  -25.604  59.810 0.0000000000
71143  -28.879  -24.170  54.447 0.0000000000
73526  -34.441  -20.794  46.991 0.0000000000
74627  -35.702  -20.473  47.183 0.0000000000
75728  -34.046  -20.291  48.426 0.0000000000
75738  -33.910  -20.431  47.929 0.0000000000
77804  -34.282  -18.536  55.617 0.0000000000
77903  -38.732  -18.126  45.076 0.0000000000
81140  -40.899  -15.900  45.760 0.0000000000
81176  -39.939  -15.853  43.701 0.0000000000
81220  -42.802  -15.808  40.466 0.0000000000
81227  -44.978  -14.720  39.545 0.0000000000
82248  -44.726  -13.686  43.268 0.0000000000
82317  -43.589  -14.119  37.533 0.0000000000
