#!ascii label  , from subject sub.01.dh.02 vox2ras=TkReg
1464
94716  -38.106  -2.534  25.874 0.0000000000
88445  -49.755  -7.906  15.365 0.0000000000
99934  -45.252  3.574  25.560 0.0000000000
89446  -46.681  -7.915  21.859 0.0000000000
92717  -44.292  -4.887  30.423 0.0000000000
93843  -42.603  -3.701  15.937 0.0000000000
99099  -45.961  2.535  15.115 0.0000000000
103655  -41.193  7.222  13.562 0.0000000000
90400  -36.858  -6.213  36.518 0.0000000000
88343  -41.312  -8.210  23.281 0.0000000000
89504  -43.579  -7.862  18.030 0.0000000000
92804  -41.215  -4.016  21.201 0.0000000000
99925  -49.981  3.682  26.422 0.0000000000
98157  -49.343  1.060  20.754 0.0000000000
99971  -45.672  3.611  21.818 0.0000000000
100009  -40.966  3.879  17.308 0.0000000000
104479  -46.329  8.130  17.597 0.0000000000
87424  -45.350  -9.681  13.035 0.0000000000
98953  -35.116  2.511  28.789 0.0000000000
98991  -40.571  2.505  24.263 0.0000000000
91679  -51.376  -4.972  25.239 0.0000000000
89387  -45.657  -6.983  26.650 0.0000000000
88290  -39.735  -8.644  28.192 0.0000000000
92692  -37.610  -4.664  32.221 0.0000000000
89556  -45.675  -7.584  13.326 0.0000000000
91839  -44.723  -5.362  10.005 0.0000000000
95638  -44.725  -1.128  20.672 0.0000000000
97406  -46.761  0.429  14.391 0.0000000000
96624  -44.974  -1.293  8.688 0.0000000000
98265  -41.432  1.815  10.034 0.0000000000
100064  -38.009  2.709  11.640 0.0000000000
90558  -39.555  -6.238  24.885 0.0000000000
90594  -40.383  -6.352  22.184 0.0000000000
93759  -40.280  -3.465  23.909 0.0000000000
101778  -50.771  5.339  25.390 0.0000000000
100874  -48.772  4.374  24.233 0.0000000000
102685  -48.157  6.765  22.565 0.0000000000
102707  -45.347  6.799  21.014 0.0000000000
87415  -47.201  -9.075  13.640 0.0000000000
99849  -34.119  3.161  31.748 0.0000000000
98943  -37.184  3.180  29.448 0.0000000000
90512  -44.229  -5.910  28.398 0.0000000000
88301  -42.447  -8.882  27.609 0.0000000000
89363  -42.026  -6.878  29.717 0.0000000000
92634  -37.373  -5.008  34.346 0.0000000000
93716  -32.328  -4.064  29.961 0.0000000000
95593  -31.632  -1.482  28.652 0.0000000000
93713  -29.600  -3.437  30.508 0.0000000000
89478  -47.442  -7.512  19.510 0.0000000000
91784  -42.237  -5.695  16.285 0.0000000000
89541  -43.867  -7.490  15.492 0.0000000000
91816  -42.842  -5.917  14.235 0.0000000000
90707  -44.293  -6.492  11.518 0.0000000000
93864  -43.754  -3.659  12.984 0.0000000000
99946  -42.482  3.413  24.601 0.0000000000
98131  -43.413  0.979  22.503 0.0000000000
99015  -45.836  1.632  22.998 0.0000000000
98185  -47.976  1.911  17.302 0.0000000000
97388  -48.587  0.624  17.111 0.0000000000
99116  -48.122  1.981  14.114 0.0000000000
96611  -46.533  -0.322  10.702 0.0000000000
99174  -46.390  2.220  10.652 0.0000000000
97446  -43.875  1.165  9.629 0.0000000000
99142  -43.081  2.698  11.594 0.0000000000
102767  -40.904  6.544  16.030 0.0000000000
100041  -39.227  3.358  14.412 0.0000000000
101860  -38.251  5.330  13.231 0.0000000000
100950  -37.268  4.753  12.059 0.0000000000
103679  -39.267  7.169  12.194 0.0000000000
88360  -43.750  -9.329  22.545 0.0000000000
88416  -45.015  -8.350  19.357 0.0000000000
89459  -41.901  -8.165  20.617 0.0000000000
91748  -41.170  -6.263  19.287 0.0000000000
93827  -41.687  -3.734  18.143 0.0000000000
99923  -48.103  3.290  26.331 0.0000000000
98121  -47.912  1.282  23.675 0.0000000000
98997  -49.493  2.419  24.230 0.0000000000
99029  -47.354  2.545  21.516 0.0000000000
99064  -45.357  2.607  18.488 0.0000000000
99097  -43.159  2.842  15.726 0.0000000000
99990  -43.572  4.005  19.846 0.0000000000
103581  -43.112  6.987  18.618 0.0000000000
104514  -43.458  8.266  15.187 0.0000000000
87433  -43.672  -9.234  12.333 0.0000000000
97290  -36.011  0.587  26.167 0.0000000000
96486  -39.091  -0.582  24.599 0.0000000000
98979  -37.789  2.374  26.153 0.0000000000
98967  -40.385  3.178  27.671 0.0000000000
99897  -42.862  3.426  28.658 0.0000000000
99858  -42.743  3.267  31.834 0.0000000000
99891  -44.926  3.539  29.394 0.0000000000
90576  -48.551  -6.633  23.599 0.0000000000
90550  -48.420  -6.528  25.721 0.0000000000
89418  -46.631  -7.667  24.268 0.0000000000
87302  -43.636  -9.454  25.200 0.0000000000
88309  -40.327  -8.831  26.304 0.0000000000
90432  -43.730  -6.174  33.819 0.0000000000
92597  -39.550  -4.290  36.614 0.0000000000
92655  -39.853  -4.541  33.419 0.0000000000
92695  -40.563  -4.763  31.607 0.0000000000
90490  -38.102  -6.778  31.086 0.0000000000
94708  -36.031  -2.542  26.908 0.0000000000
90680  -49.713  -6.143  14.160 0.0000000000
89507  -46.595  -7.458  17.403 0.0000000000
90654  -47.379  -6.702  15.261 0.0000000000
90698  -48.136  -6.812  12.773 0.0000000000
88468  -46.662  -8.406  11.989 0.0000000000
88490  -44.940  -7.854  10.496 0.0000000000
89585  -43.513  -7.032  9.698 0.0000000000
96492  -41.492  -0.802  23.179 0.0000000000
94744  -42.742  -2.338  21.443 0.0000000000
95666  -43.423  -1.538  18.268 0.0000000000
96515  -47.606  -0.139  20.812 0.0000000000
96545  -45.863  -0.119  18.199 0.0000000000
95692  -44.315  -1.664  15.024 0.0000000000
94819  -45.151  -2.026  11.967 0.0000000000
92913  -45.257  -3.842  8.561 0.0000000000
92896  -42.718  -4.771  9.836 0.0000000000
99126  -41.514  2.812  12.968 0.0000000000
99155  -39.580  2.132  11.396 0.0000000000
98230  -39.119  1.420  13.116 0.0000000000
98228  -37.428  1.733  13.581 0.0000000000
99121  -36.013  2.921  14.112 0.0000000000
92758  -38.791  -4.532  25.387 0.0000000000
92765  -39.863  -4.431  24.091 0.0000000000
93750  -39.162  -3.566  25.085 0.0000000000
102678  -49.385  6.278  23.878 0.0000000000
103513  -48.655  7.175  21.861 0.0000000000
88455  -48.741  -7.883  14.312 0.0000000000
91631  -44.408  -5.102  29.393 0.0000000000
90511  -43.494  -6.033  28.968 0.0000000000
91629  -42.710  -5.246  29.895 0.0000000000
91606  -31.957  -5.396  30.520 0.0000000000
92724  -31.036  -4.051  29.616 0.0000000000
89448  -48.202  -7.238  21.546 0.0000000000
89461  -47.451  -7.621  20.638 0.0000000000
92857  -42.273  -4.587  16.340 0.0000000000
91795  -42.563  -5.454  15.544 0.0000000000
92863  -42.695  -4.506  15.205 0.0000000000
91817  -43.034  -5.520  13.751 0.0000000000
93851  -43.253  -3.591  14.708 0.0000000000
99933  -44.141  3.680  25.622 0.0000000000
99959  -44.149  3.180  23.809 0.0000000000
99960  -45.171  3.087  23.884 0.0000000000
99086  -46.849  2.418  15.999 0.0000000000
99088  -48.493  1.973  15.544 0.0000000000
99115  -47.370  2.375  14.051 0.0000000000
99163  -47.373  2.056  11.946 0.0000000000
99145  -46.243  2.420  12.149 0.0000000000
99160  -44.983  2.546  11.019 0.0000000000
99113  -45.020  2.555  14.085 0.0000000000
102786  -40.887  6.778  14.384 0.0000000000
102776  -39.838  6.115  14.396 0.0000000000
102793  -40.144  6.556  13.056 0.0000000000
101874  -38.553  5.977  12.426 0.0000000000
103680  -40.231  7.276  12.005 0.0000000000
87335  -42.430  -8.990  22.387 0.0000000000
88387  -42.597  -8.565  20.863 0.0000000000
88371  -41.631  -8.283  21.780 0.0000000000
92790  -40.586  -4.703  22.127 0.0000000000
90616  -40.714  -6.343  20.384 0.0000000000
92814  -40.819  -4.647  20.349 0.0000000000
92837  -41.227  -4.664  18.603 0.0000000000
93805  -41.780  -3.467  20.172 0.0000000000
99924  -48.990  3.195  26.254 0.0000000000
98984  -48.943  2.562  25.554 0.0000000000
98985  -49.593  2.739  25.141 0.0000000000
100878  -47.475  4.080  23.320 0.0000000000
99967  -47.794  3.179  22.857 0.0000000000
99972  -46.601  3.277  22.078 0.0000000000
99042  -46.366  2.527  20.456 0.0000000000
99041  -45.602  3.087  20.750 0.0000000000
99051  -44.408  3.274  19.546 0.0000000000
99982  -44.454  3.870  20.990 0.0000000000
103565  -45.360  7.540  19.403 0.0000000000
103564  -44.292  7.240  19.587 0.0000000000
103599  -44.391  7.756  17.660 0.0000000000
103615  -43.601  7.794  16.920 0.0000000000
104503  -45.020  8.174  16.098 0.0000000000
87434  -44.657  -9.425  12.198 0.0000000000
98099  -35.318  1.205  27.086 0.0000000000
98104  -37.020  1.619  26.240 0.0000000000
98963  -36.446  2.533  27.847 0.0000000000
98929  -38.636  3.366  30.133 0.0000000000
98957  -39.177  3.231  28.564 0.0000000000
98946  -39.891  3.167  29.418 0.0000000000
98968  -41.326  3.238  27.677 0.0000000000
98948  -41.855  3.296  29.782 0.0000000000
99841  -42.647  3.468  32.874 0.0000000000
99877  -43.759  3.397  30.618 0.0000000000
99861  -45.832  3.600  31.346 0.0000000000
99880  -46.703  3.884  29.888 0.0000000000
99862  -46.889  4.063  31.066 0.0000000000
91700  -50.109  -5.765  23.338 0.0000000000
91685  -49.922  -5.770  24.362 0.0000000000
90540  -48.224  -6.464  26.699 0.0000000000
90548  -46.793  -6.680  26.419 0.0000000000
89406  -47.098  -7.154  24.903 0.0000000000
88323  -46.236  -7.598  25.359 0.0000000000
88330  -44.867  -9.041  24.448 0.0000000000
87294  -44.739  -8.835  25.790 0.0000000000
88291  -40.944  -8.520  28.603 0.0000000000
87284  -41.241  -9.311  26.706 0.0000000000
88299  -39.520  -8.572  27.058 0.0000000000
92596  -38.846  -4.941  36.437 0.0000000000
93693  -38.636  -3.753  33.754 0.0000000000
92676  -39.080  -3.984  32.762 0.0000000000
92677  -40.059  -4.746  32.513 0.0000000000
92694  -39.573  -4.744  32.073 0.0000000000
91612  -39.900  -5.614  31.263 0.0000000000
90481  -38.414  -5.968  31.465 0.0000000000
95600  -35.126  -1.587  27.078 0.0000000000
95598  -33.466  -1.623  27.751 0.0000000000
91798  -50.375  -5.796  15.151 0.0000000000
89491  -44.380  -8.162  18.698 0.0000000000
89492  -45.479  -8.076  18.829 0.0000000000
89505  -44.543  -7.910  17.861 0.0000000000
89543  -45.682  -7.602  14.375 0.0000000000
89530  -45.694  -7.576  15.487 0.0000000000
89544  -46.671  -7.347  13.788 0.0000000000
90678  -47.782  -6.608  13.470 0.0000000000
89558  -47.452  -7.240  12.886 0.0000000000
88469  -47.541  -8.009  12.510 0.0000000000
89567  -45.698  -7.656  12.349 0.0000000000
91833  -44.298  -5.577  10.948 0.0000000000
89587  -44.779  -7.388  10.711 0.0000000000
89597  -44.551  -6.714  9.883 0.0000000000
88489  -44.192  -7.828  10.324 0.0000000000
89596  -44.434  -6.538  9.440 0.0000000000
98110  -39.266  1.452  24.601 0.0000000000
96490  -40.256  -0.340  23.924 0.0000000000
97303  -40.444  0.334  23.753 0.0000000000
96502  -43.931  -0.634  21.844 0.0000000000
96501  -43.109  -0.747  22.403 0.0000000000
95637  -43.908  -1.431  21.192 0.0000000000
94761  -43.412  -2.104  19.930 0.0000000000
95648  -44.636  -1.198  19.848 0.0000000000
97321  -48.880  0.696  22.506 0.0000000000
97320  -48.106  0.469  22.378 0.0000000000
97346  -48.687  0.333  20.891 0.0000000000
97397  -47.914  0.762  15.784 0.0000000000
97374  -47.014  0.267  17.392 0.0000000000
97385  -46.318  0.318  16.183 0.0000000000
96555  -44.848  -0.385  16.919 0.0000000000
96582  -45.116  -0.629  14.373 0.0000000000
95700  -44.588  -1.639  14.118 0.0000000000
96589  -45.704  -0.626  13.264 0.0000000000
95742  -46.094  -0.950  9.386 0.0000000000
94834  -46.059  -1.756  9.857 0.0000000000
94851  -45.435  -2.358  8.483 0.0000000000
92911  -44.123  -4.394  8.416 0.0000000000
94839  -43.925  -2.730  9.074 0.0000000000
93888  -43.133  -3.760  10.142 0.0000000000
95732  -44.144  -1.682  9.847 0.0000000000
98274  -42.455  1.854  9.263 0.0000000000
97430  -43.448  0.872  10.969 0.0000000000
100021  -42.159  3.460  17.174 0.0000000000
99111  -42.285  2.721  14.248 0.0000000000
99095  -41.133  3.118  15.202 0.0000000000
100049  -38.214  3.502  13.174 0.0000000000
99124  -39.145  2.838  12.959 0.0000000000
99138  -38.786  2.593  11.887 0.0000000000
98253  -39.364  1.799  11.448 0.0000000000
98252  -38.450  1.741  11.485 0.0000000000
98229  -38.253  1.567  13.326 0.0000000000
98251  -37.649  1.792  11.714 0.0000000000
101865  -36.893  5.555  12.112 0.0000000000
100047  -36.511  3.621  13.159 0.0000000000
100943  -36.437  4.648  13.346 0.0000000000
100038  -35.753  3.564  14.478 0.0000000000
89404  -40.040  -7.267  24.464 0.0000000000
89430  -40.582  -7.034  22.730 0.0000000000
90584  -40.306  -6.300  23.019 0.0000000000
92778  -40.428  -4.550  22.960 0.0000000000
93782  -40.988  -3.934  22.473 0.0000000000
99953  -49.847  3.487  24.862 0.0000000000
101783  -49.857  5.319  24.697 0.0000000000
101789  -48.524  5.524  24.038 0.0000000000
101793  -46.838  5.697  22.820 0.0000000000
101798  -45.336  5.915  21.847 0.0000000000
102695  -47.089  6.788  21.779 0.0000000000
103546  -46.852  7.449  20.225 0.0000000000
87425  -46.407  -9.395  12.807 0.0000000000
98940  -34.478  2.865  29.792 0.0000000000
98954  -36.292  2.878  28.913 0.0000000000
99869  -36.085  3.565  30.871 0.0000000000
89381  -45.463  -6.488  27.235 0.0000000000
88303  -44.250  -7.917  27.510 0.0000000000
89373  -43.936  -6.828  28.217 0.0000000000
89371  -41.669  -7.776  29.162 0.0000000000
88284  -40.705  -8.083  29.231 0.0000000000
91511  -37.112  -5.938  35.018 0.0000000000
92650  -35.415  -5.402  32.906 0.0000000000
93726  -33.408  -3.402  29.056 0.0000000000
94699  -32.862  -2.695  28.702 0.0000000000
94694  -31.998  -2.891  29.197 0.0000000000
94692  -30.184  -2.486  29.702 0.0000000000
90652  -42.558  -6.834  16.745 0.0000000000
89516  -43.596  -7.584  17.121 0.0000000000
90665  -43.217  -7.111  16.006 0.0000000000
90676  -43.216  -6.885  15.150 0.0000000000
89565  -43.863  -7.248  13.555 0.0000000000
89566  -44.665  -7.362  12.789 0.0000000000
90696  -43.734  -6.522  12.783 0.0000000000
91825  -43.539  -5.494  12.599 0.0000000000
92885  -44.290  -4.128  11.799 0.0000000000
99945  -41.438  3.131  24.450 0.0000000000
98118  -41.911  1.660  23.244 0.0000000000
99001  -42.490  2.231  23.231 0.0000000000
99013  -44.112  1.788  22.726 0.0000000000
97317  -44.828  0.162  21.971 0.0000000000
98166  -48.868  1.333  19.316 0.0000000000
97366  -49.114  0.729  19.354 0.0000000000
98187  -49.032  1.292  17.589 0.0000000000
98210  -48.548  1.386  15.627 0.0000000000
97416  -47.369  0.809  13.837 0.0000000000
97424  -46.819  -0.076  12.252 0.0000000000
97425  -47.294  0.673  12.558 0.0000000000
97440  -47.173  1.291  10.760 0.0000000000
97449  -45.969  0.825  9.578 0.0000000000
96610  -44.651  -0.442  9.429 0.0000000000
99192  -44.657  2.132  8.959 0.0000000000
99181  -43.367  2.312  9.245 0.0000000000
100072  -42.159  2.651  10.368 0.0000000000
101830  -40.524  5.334  17.206 0.0000000000
100018  -39.846  3.874  16.140 0.0000000000
101840  -39.503  4.860  15.819 0.0000000000
100940  -38.192  4.526  13.957 0.0000000000
100945  -37.746  4.464  13.029 0.0000000000
100055  -37.414  3.491  12.160 0.0000000000
101866  -38.043  4.985  12.232 0.0000000000
101872  -37.677  5.665  11.942 0.0000000000
102798  -37.602  6.277  12.164 0.0000000000
88375  -45.063  -8.740  21.777 0.0000000000
88391  -46.137  -8.265  20.977 0.0000000000
88389  -44.446  -8.737  20.841 0.0000000000
88403  -43.768  -8.485  19.957 0.0000000000
89489  -42.371  -7.688  19.048 0.0000000000
89457  -40.849  -7.306  21.323 0.0000000000
89488  -41.720  -7.464  19.543 0.0000000000
90629  -42.059  -7.196  18.354 0.0000000000
91773  -41.486  -5.619  17.795 0.0000000000
92847  -41.710  -4.650  17.292 0.0000000000
93836  -42.314  -3.500  16.832 0.0000000000
99921  -46.594  3.467  26.177 0.0000000000
99950  -46.727  3.066  24.882 0.0000000000
98995  -48.146  2.145  24.778 0.0000000000
98113  -48.918  1.594  24.269 0.0000000000
98136  -49.275  1.505  22.674 0.0000000000
99963  -49.544  3.038  24.022 0.0000000000
99018  -49.067  1.772  22.115 0.0000000000
98156  -48.928  1.354  20.320 0.0000000000
98165  -48.236  1.644  19.001 0.0000000000
99065  -46.454  2.301  18.043 0.0000000000
99085  -45.703  2.621  16.226 0.0000000000
99098  -44.674  2.690  15.325 0.0000000000
99074  -44.443  2.758  17.723 0.0000000000
99073  -43.582  3.103  18.014 0.0000000000
99999  -41.861  4.125  18.255 0.0000000000
101807  -44.049  5.765  20.740 0.0000000000
101814  -42.877  5.646  19.657 0.0000000000
101822  -41.190  5.397  18.092 0.0000000000
103595  -41.522  6.718  16.874 0.0000000000
103629  -42.041  7.379  15.483 0.0000000000
103642  -42.192  7.641  14.364 0.0000000000
95604  -37.270  -1.418  26.004 0.0000000000
95609  -38.735  -1.586  25.165 0.0000000000
96481  -37.364  -0.388  25.599 0.0000000000
98109  -38.482  1.549  24.990 0.0000000000
98989  -39.055  2.311  24.973 0.0000000000
98964  -37.412  2.850  27.806 0.0000000000
98972  -38.505  2.878  26.787 0.0000000000
98982  -40.535  3.092  25.314 0.0000000000
99916  -41.379  3.335  26.053 0.0000000000
99917  -42.421  3.423  26.596 0.0000000000
99907  -44.359  3.552  27.520 0.0000000000
99874  -41.135  3.363  31.050 0.0000000000
99889  -42.829  3.389  29.736 0.0000000000
99898  -44.039  3.476  28.532 0.0000000000
99908  -45.464  3.674  27.353 0.0000000000
99900  -46.215  3.635  28.156 0.0000000000
99902  -48.072  4.024  27.820 0.0000000000
100853  -49.154  4.317  27.544 0.0000000000
90585  -48.781  -6.697  22.485 0.0000000000
89434  -48.013  -7.060  22.567 0.0000000000
90542  -50.061  -6.142  26.588 0.0000000000
90552  -50.135  -5.930  25.840 0.0000000000
90561  -48.591  -6.574  24.730 0.0000000000
89419  -47.351  -7.298  23.901 0.0000000000
89432  -46.509  -7.930  23.034 0.0000000000
88346  -45.258  -8.841  23.639 0.0000000000
87326  -43.647  -9.444  23.484 0.0000000000
87311  -42.367  -9.305  24.078 0.0000000000
87292  -43.105  -9.375  26.267 0.0000000000
87291  -41.951  -9.500  25.942 0.0000000000
88329  -41.176  -8.500  24.345 0.0000000000
89393  -39.563  -7.215  25.213 0.0000000000
92599  -41.440  -4.124  36.256 0.0000000000
92617  -39.021  -4.704  35.442 0.0000000000
92618  -39.787  -4.444  35.408 0.0000000000
91514  -41.489  -5.175  34.618 0.0000000000
91530  -42.071  -5.704  33.869 0.0000000000
91566  -41.859  -5.150  32.116 0.0000000000
92697  -42.395  -4.790  31.019 0.0000000000
91614  -41.429  -5.157  30.426 0.0000000000
89355  -40.438  -6.725  30.354 0.0000000000
89360  -38.361  -7.957  29.622 0.0000000000
94709  -37.203  -2.473  26.422 0.0000000000
95603  -36.522  -1.364  26.371 0.0000000000
97288  -34.896  -0.036  26.873 0.0000000000
98095  -33.894  1.005  27.855 0.0000000000
98951  -33.305  2.019  28.831 0.0000000000
89534  -51.549  -6.939  15.487 0.0000000000
89533  -50.686  -7.041  15.107 0.0000000000
89547  -49.628  -6.821  14.270 0.0000000000
89477  -46.441  -7.981  19.774 0.0000000000
89494  -47.542  -7.243  18.311 0.0000000000
89518  -45.672  -7.610  16.606 0.0000000000
89519  -46.708  -7.185  16.138 0.0000000000
90655  -48.182  -6.149  15.708 0.0000000000
90679  -48.501  -6.145  13.900 0.0000000000
90690  -48.566  -6.371  13.359 0.0000000000
89546  -49.007  -7.292  13.887 0.0000000000
88462  -48.423  -7.614  13.257 0.0000000000
87437  -46.986  -8.565  12.226 0.0000000000
87436  -46.538  -9.012  11.906 0.0000000000
89577  -45.630  -7.899  11.358 0.0000000000
88478  -45.648  -8.282  10.962 0.0000000000
87446  -45.713  -8.907  11.259 0.0000000000
88476  -43.962  -8.498  10.968 0.0000000000
88488  -43.409  -7.882  10.375 0.0000000000
89575  -42.727  -7.425  10.314 0.0000000000
95615  -39.973  -1.770  24.585 0.0000000000
94727  -40.712  -2.592  23.691 0.0000000000
93770  -41.437  -3.225  22.670 0.0000000000
97314  -41.896  0.035  22.846 0.0000000000
95628  -42.546  -1.554  22.481 0.0000000000
94743  -42.103  -2.913  21.752 0.0000000000
93806  -42.267  -3.011  19.772 0.0000000000
94770  -42.701  -2.304  18.384 0.0000000000
94778  -42.687  -2.434  17.294 0.0000000000
98120  -47.011  1.464  23.304 0.0000000000
97318  -46.035  0.285  22.192 0.0000000000
96513  -45.822  -0.686  20.842 0.0000000000
97355  -47.989  0.184  19.680 0.0000000000
96535  -46.627  -0.389  19.343 0.0000000000
95649  -45.253  -0.805  19.489 0.0000000000
95657  -44.574  -0.846  18.818 0.0000000000
95676  -44.142  -1.056  16.593 0.0000000000
94796  -43.384  -2.643  15.421 0.0000000000
94802  -43.628  -3.012  14.280 0.0000000000
93880  -44.968  -3.439  10.755 0.0000000000
95719  -46.120  -1.050  11.593 0.0000000000
93881  -45.453  -2.981  10.359 0.0000000000
92898  -45.122  -4.277  9.724 0.0000000000
91854  -44.468  -4.874  8.509 0.0000000000
91844  -43.260  -5.561  8.995 0.0000000000
96602  -44.134  -0.437  10.619 0.0000000000
99112  -43.655  2.681  14.208 0.0000000000
99127  -42.743  2.696  12.924 0.0000000000
99157  -41.424  2.632  10.862 0.0000000000
100042  -40.006  3.108  14.900 0.0000000000
99125  -40.342  2.674  12.963 0.0000000000
99156  -40.718  2.200  10.937 0.0000000000
98254  -40.459  1.864  11.250 0.0000000000
98232  -41.121  1.478  12.959 0.0000000000
98208  -40.608  1.286  14.873 0.0000000000
99137  -36.756  2.691  12.288 0.0000000000
98227  -36.691  2.041  13.900 0.0000000000
103669  -42.366  8.280  12.465 0.0000000000
103681  -40.936  7.908  11.869 0.0000000000
104552  -39.786  7.920  12.156 0.0000000000
103666  -39.117  7.519  12.603 0.0000000000
103651  -37.909  6.683  13.574 0.0000000000
93749  -38.562  -3.574  25.681 0.0000000000
94717  -38.965  -2.650  25.331 0.0000000000
92718  -44.883  -4.991  30.268 0.0000000000
92730  -44.676  -4.866  29.892 0.0000000000
92729  -43.924  -4.826  29.846 0.0000000000
91630  -43.529  -5.246  29.450 0.0000000000
92728  -43.253  -4.923  29.950 0.0000000000
90484  -31.456  -6.068  30.773 0.0000000000
89447  -47.411  -7.536  21.700 0.0000000000
89460  -46.753  -7.945  20.882 0.0000000000
92864  -42.938  -4.024  14.885 0.0000000000
93850  -42.930  -3.596  15.308 0.0000000000
99948  -44.698  3.463  24.674 0.0000000000
99100  -47.127  2.415  14.998 0.0000000000
99114  -46.292  2.428  14.042 0.0000000000
99130  -46.679  2.360  13.123 0.0000000000
99129  -45.464  2.517  12.857 0.0000000000
102785  -40.404  6.585  13.814 0.0000000000
103654  -40.579  6.860  13.226 0.0000000000
102801  -39.922  6.675  12.506 0.0000000000
103667  -40.571  7.066  12.713 0.0000000000
88344  -41.773  -8.631  23.076 0.0000000000
88358  -41.844  -8.601  22.537 0.0000000000
88357  -41.382  -8.098  22.399 0.0000000000
92791  -41.009  -4.162  21.829 0.0000000000
92803  -40.673  -4.724  21.315 0.0000000000
92815  -41.362  -3.888  20.524 0.0000000000
98977  -49.468  3.012  25.820 0.0000000000
99939  -49.980  3.382  25.565 0.0000000000
99965  -46.147  4.076  22.603 0.0000000000
99966  -47.018  3.700  22.718 0.0000000000
99028  -46.205  3.014  21.323 0.0000000000
99027  -45.677  3.290  21.263 0.0000000000
99992  -44.946  3.358  20.561 0.0000000000
99970  -44.981  3.996  21.600 0.0000000000
103584  -45.912  7.828  18.336 0.0000000000
103583  -44.856  7.700  18.581 0.0000000000
103600  -45.297  7.885  17.727 0.0000000000
104488  -44.994  7.933  17.054 0.0000000000
104489  -45.781  8.145  16.995 0.0000000000
87414  -46.176  -9.658  14.034 0.0000000000
98097  -35.776  2.084  27.602 0.0000000000
98100  -36.061  1.620  26.912 0.0000000000
98962  -35.690  2.406  28.113 0.0000000000
98930  -39.590  3.340  30.179 0.0000000000
98931  -40.524  3.284  30.240 0.0000000000
98947  -40.852  3.171  29.508 0.0000000000
99844  -45.814  3.570  32.516 0.0000000000
91686  -50.741  -5.418  24.327 0.0000000000
91678  -50.593  -5.504  25.399 0.0000000000
89396  -46.383  -7.158  25.889 0.0000000000
89395  -45.845  -7.388  26.081 0.0000000000
88322  -45.763  -7.888  25.614 0.0000000000
88312  -45.020  -8.182  26.495 0.0000000000
88300  -40.499  -9.014  27.459 0.0000000000
88289  -38.558  -8.282  27.795 0.0000000000
91493  -37.527  -5.757  36.573 0.0000000000
93707  -38.211  -3.609  33.057 0.0000000000
92675  -38.083  -4.046  32.599 0.0000000000
92693  -38.587  -4.558  32.125 0.0000000000
91589  -39.123  -5.340  31.650 0.0000000000
91588  -38.049  -5.284  31.788 0.0000000000
93732  -34.566  -3.669  27.966 0.0000000000
94704  -35.029  -2.642  27.371 0.0000000000
94703  -33.822  -2.716  27.992 0.0000000000
90656  -49.018  -5.573  15.667 0.0000000000
89555  -44.698  -7.629  13.890 0.0000000000
89545  -47.240  -7.192  13.303 0.0000000000
89557  -46.605  -7.537  12.939 0.0000000000
90713  -44.521  -6.317  10.319 0.0000000000
90720  -44.635  -6.081  9.475 0.0000000000
98111  -39.950  1.527  24.215 0.0000000000
97300  -40.151  0.906  24.017 0.0000000000
98116  -40.495  1.420  23.791 0.0000000000
96512  -44.662  -0.745  21.422 0.0000000000
96511  -43.997  -0.977  21.501 0.0000000000
95647  -43.999  -1.587  20.348 0.0000000000
97347  -49.163  0.725  21.248 0.0000000000
97336  -48.698  0.461  21.760 0.0000000000
97357  -49.172  0.679  20.332 0.0000000000
97396  -46.975  0.477  15.450 0.0000000000
97386  -47.160  0.413  16.389 0.0000000000
97395  -45.885  0.190  15.102 0.0000000000
97405  -45.946  0.051  13.896 0.0000000000
96625  -45.304  -1.212  8.700 0.0000000000
95741  -45.769  -1.501  8.892 0.0000000000
95747  -45.055  -1.779  8.423 0.0000000000
94850  -44.712  -2.579  8.383 0.0000000000
94840  -44.371  -2.424  8.752 0.0000000000
95739  -44.330  -1.991  9.150 0.0000000000
98273  -41.764  1.894  9.453 0.0000000000
98266  -42.195  1.633  9.729 0.0000000000
98256  -42.212  1.500  10.574 0.0000000000
98255  -41.302  1.631  10.856 0.0000000000
100020  -41.381  3.548  16.850 0.0000000000
100032  -42.057  3.171  16.298 0.0000000000
100031  -41.090  3.215  15.933 0.0000000000
100056  -38.087  3.179  12.217 0.0000000000
99123  -38.517  3.006  12.490 0.0000000000
99154  -38.633  2.185  11.253 0.0000000000
99153  -37.829  2.215  11.330 0.0000000000
101858  -36.661  5.453  12.779 0.0000000000
90574  -40.005  -6.307  23.843 0.0000000000
90573  -39.771  -5.955  24.332 0.0000000000
92777  -40.093  -4.781  23.559 0.0000000000
92766  -40.321  -4.145  23.566 0.0000000000
93769  -40.806  -3.491  23.209 0.0000000000
100870  -50.354  4.403  25.330 0.0000000000
101784  -50.330  5.319  24.991 0.0000000000
102677  -48.555  6.335  23.481 0.0000000000
101787  -47.101  5.257  23.271 0.0000000000
101794  -47.436  6.224  22.843 0.0000000000
102683  -46.614  6.313  22.190 0.0000000000
102684  -47.268  6.458  22.391 0.0000000000
103548  -48.968  7.349  20.414 0.0000000000
103547  -47.887  7.318  20.292 0.0000000000
103567  -47.630  7.588  19.267 0.0000000000
88454  -47.969  -8.587  14.505 0.0000000000
87405  -47.264  -9.220  14.845 0.0000000000
98925  -34.831  3.252  30.639 0.0000000000
98941  -35.660  3.282  29.877 0.0000000000
99868  -35.214  3.440  31.283 0.0000000000
91658  -45.431  -5.641  28.281 0.0000000000
90524  -44.844  -5.909  27.988 0.0000000000
89380  -44.818  -6.846  27.493 0.0000000000
89374  -44.458  -6.351  28.022 0.0000000000
89364  -42.538  -6.535  29.463 0.0000000000
89372  -42.819  -7.095  28.966 0.0000000000
89362  -40.762  -7.331  29.787 0.0000000000
92710  -33.448  -4.684  30.671 0.0000000000
93717  -32.830  -4.233  30.226 0.0000000000
93724  -33.692  -3.866  29.455 0.0000000000
93723  -33.017  -3.707  29.709 0.0000000000
94695  -32.519  -3.189  29.299 0.0000000000
93722  -32.188  -3.515  29.578 0.0000000000
93720  -30.403  -3.457  29.704 0.0000000000
93719  -29.881  -2.988  29.948 0.0000000000
90675  -42.830  -6.143  14.967 0.0000000000
90688  -43.160  -6.528  14.149 0.0000000000
89554  -43.808  -7.404  14.511 0.0000000000
92878  -43.412  -4.577  13.276 0.0000000000
92884  -43.922  -4.604  12.128 0.0000000000
99931  -41.971  3.426  25.444 0.0000000000
99957  -42.048  2.939  23.815 0.0000000000
99958  -43.024  3.174  23.734 0.0000000000
99003  -44.755  2.504  23.256 0.0000000000
99014  -45.206  1.761  22.814 0.0000000000
98132  -44.500  0.996  22.398 0.0000000000
98133  -45.621  1.007  22.610 0.0000000000
98176  -48.723  1.467  18.327 0.0000000000
98186  -48.503  1.683  17.395 0.0000000000
99102  -48.486  1.958  14.901 0.0000000000
98222  -48.394  1.755  14.744 0.0000000000
98209  -48.065  1.120  15.206 0.0000000000
98221  -47.958  1.401  14.572 0.0000000000
98233  -47.668  1.406  13.427 0.0000000000
99162  -46.777  2.209  11.467 0.0000000000
98259  -47.220  1.688  11.183 0.0000000000
98268  -46.752  1.621  10.293 0.0000000000
98278  -45.865  1.714  9.629 0.0000000000
98277  -45.163  1.618  9.049 0.0000000000
99183  -45.216  2.229  9.537 0.0000000000
99143  -44.485  2.642  11.832 0.0000000000
99172  -44.594  2.529  10.123 0.0000000000
99159  -43.939  2.748  10.804 0.0000000000
99170  -42.651  2.478  9.774 0.0000000000
99158  -42.929  2.682  10.526 0.0000000000
102755  -40.533  6.042  16.514 0.0000000000
101841  -39.909  5.515  16.094 0.0000000000
101855  -39.301  5.842  14.146 0.0000000000
101847  -38.668  4.864  14.692 0.0000000000
101854  -38.696  5.395  14.146 0.0000000000
100944  -37.512  4.487  12.395 0.0000000000
101859  -37.934  4.957  12.652 0.0000000000
102800  -39.060  6.509  12.421 0.0000000000
101873  -38.294  5.880  12.173 0.0000000000
102799  -38.358  6.384  12.277 0.0000000000
103678  -38.442  6.874  12.421 0.0000000000
88374  -44.149  -9.030  21.676 0.0000000000
88402  -43.023  -8.448  20.224 0.0000000000
89475  -42.946  -8.245  19.585 0.0000000000
89474  -42.276  -8.073  19.980 0.0000000000
89444  -40.616  -7.160  21.963 0.0000000000
90604  -40.488  -6.516  21.234 0.0000000000
91747  -40.798  -5.708  19.693 0.0000000000
90617  -41.191  -6.761  19.795 0.0000000000
90628  -41.565  -6.842  18.945 0.0000000000
90640  -41.676  -6.500  18.112 0.0000000000
91761  -41.169  -5.772  18.781 0.0000000000
93816  -41.633  -3.601  19.198 0.0000000000
93835  -41.909  -3.784  17.360 0.0000000000
99922  -47.296  3.374  26.302 0.0000000000
99936  -47.031  3.204  25.580 0.0000000000
99937  -47.825  2.878  25.619 0.0000000000
98996  -49.180  2.085  24.761 0.0000000000
98123  -49.240  1.635  23.533 0.0000000000
97307  -49.280  1.279  22.953 0.0000000000
99952  -49.433  3.835  24.412 0.0000000000
99962  -48.995  3.236  23.667 0.0000000000
99016  -47.721  2.757  22.287 0.0000000000
99017  -48.432  2.471  22.417 0.0000000000
99030  -48.530  1.750  21.183 0.0000000000
99044  -48.436  1.625  20.322 0.0000000000
99043  -47.650  1.922  20.016 0.0000000000
99053  -46.396  2.321  19.231 0.0000000000
99076  -46.591  2.334  16.991 0.0000000000
99075  -45.521  2.569  17.338 0.0000000000
100002  -43.923  3.513  19.494 0.0000000000
99062  -43.497  3.370  18.554 0.0000000000
100001  -43.232  3.784  19.054 0.0000000000
100012  -42.985  3.508  18.301 0.0000000000
100909  -42.640  4.328  19.008 0.0000000000
102693  -45.149  6.375  21.328 0.0000000000
101797  -44.647  5.578  21.365 0.0000000000
102706  -44.619  6.635  20.612 0.0000000000
103563  -43.628  7.142  19.163 0.0000000000
102719  -43.360  6.483  19.623 0.0000000000
102733  -42.872  6.460  19.089 0.0000000000
101823  -41.845  5.588  18.713 0.0000000000
102732  -42.333  6.271  18.720 0.0000000000
102744  -41.335  6.279  17.563 0.0000000000
102745  -41.920  6.540  18.043 0.0000000000
104501  -43.282  7.984  15.994 0.0000000000
103614  -42.620  7.542  16.431 0.0000000000
103630  -42.765  7.818  15.326 0.0000000000
103643  -42.910  8.122  14.556 0.0000000000
87423  -44.374  -9.733  13.020 0.0000000000
88466  -42.863  -8.624  11.974 0.0000000000
96478  -36.929  -0.874  25.959 0.0000000000
96480  -36.947  0.190  25.728 0.0000000000
98105  -37.750  1.641  25.528 0.0000000000
98980  -38.586  2.571  25.709 0.0000000000
98955  -37.251  3.021  28.655 0.0000000000
98966  -39.369  3.139  27.676 0.0000000000
98973  -39.518  3.069  26.679 0.0000000000
98974  -40.621  3.219  26.593 0.0000000000
99896  -41.933  3.298  28.359 0.0000000000
99905  -42.213  3.344  27.666 0.0000000000
99906  -43.237  3.433  27.617 0.0000000000
99856  -40.856  3.476  31.885 0.0000000000
99875  -41.955  3.392  31.034 0.0000000000
98933  -41.964  3.364  30.459 0.0000000000
99876  -42.673  3.333  30.730 0.0000000000
99878  -44.820  3.460  30.450 0.0000000000
99890  -43.849  3.447  29.567 0.0000000000
99899  -45.141  3.597  28.370 0.0000000000
99892  -45.974  3.546  29.176 0.0000000000
100836  -47.218  4.075  29.605 0.0000000000
99893  -46.984  3.809  28.958 0.0000000000
100846  -48.087  4.230  28.490 0.0000000000
99903  -48.741  4.178  27.487 0.0000000000
100847  -48.796  4.438  28.332 0.0000000000
91713  -51.225  -5.212  22.194 0.0000000000
90577  -49.346  -6.203  23.442 0.0000000000
90586  -49.548  -6.258  22.353 0.0000000000
89420  -47.861  -7.044  23.380 0.0000000000
90541  -49.170  -6.456  26.602 0.0000000000
90551  -49.376  -6.321  25.581 0.0000000000
88362  -45.643  -8.607  22.795 0.0000000000
88347  -46.063  -8.353  23.871 0.0000000000
87303  -44.489  -9.191  25.206 0.0000000000
87313  -44.080  -9.409  24.341 0.0000000000
87325  -42.948  -9.437  23.392 0.0000000000
87312  -43.224  -9.491  24.256 0.0000000000
88302  -43.090  -8.692  27.408 0.0000000000
88311  -43.831  -8.768  26.785 0.0000000000
87286  -42.932  -9.154  26.920 0.0000000000
87290  -41.027  -9.152  25.644 0.0000000000
87300  -41.562  -9.183  24.828 0.0000000000
88319  -40.476  -8.286  25.106 0.0000000000
89394  -39.964  -7.675  25.006 0.0000000000
88318  -39.843  -7.842  25.291 0.0000000000
90465  -43.558  -5.619  32.453 0.0000000000
92598  -40.447  -4.088  36.245 0.0000000000
93658  -41.005  -3.443  36.907 0.0000000000
92615  -37.702  -5.301  35.018 0.0000000000
92635  -38.314  -4.396  34.532 0.0000000000
92654  -39.119  -4.055  33.747 0.0000000000
92636  -39.112  -4.376  34.565 0.0000000000
92637  -39.834  -4.569  34.403 0.0000000000
92619  -40.770  -4.672  35.269 0.0000000000
92638  -40.610  -4.899  34.095 0.0000000000
91529  -41.247  -5.225  33.731 0.0000000000
92678  -41.033  -4.820  32.252 0.0000000000
92696  -41.591  -4.709  31.404 0.0000000000
91591  -42.260  -4.971  31.553 0.0000000000
92714  -41.895  -4.824  30.723 0.0000000000
92713  -41.160  -4.665  30.892 0.0000000000
90491  -39.237  -6.342  31.098 0.0000000000
90492  -40.260  -6.109  30.714 0.0000000000
89354  -39.863  -7.010  30.462 0.0000000000
89361  -39.476  -7.782  29.774 0.0000000000
89353  -38.791  -7.312  30.460 0.0000000000
93734  -35.943  -3.666  27.214 0.0000000000
92745  -36.481  -4.531  27.225 0.0000000000
93739  -36.648  -3.503  26.785 0.0000000000
93740  -37.337  -3.565  26.480 0.0000000000
96471  -33.943  -0.695  27.451 0.0000000000
96473  -35.312  -0.934  26.787 0.0000000000
94698  -31.861  -2.205  28.729 0.0000000000
95594  -32.372  -1.567  28.347 0.0000000000
96467  -31.838  -0.645  28.476 0.0000000000
98089  -32.027  1.298  28.939 0.0000000000
98950  -32.737  1.699  28.820 0.0000000000
98938  -32.607  2.027  29.437 0.0000000000
98939  -33.429  2.528  29.720 0.0000000000
89535  -52.133  -6.893  16.049 0.0000000000
90670  -51.611  -6.227  15.839 0.0000000000
91809  -49.919  -5.823  14.533 0.0000000000
90681  -50.240  -6.085  14.682 0.0000000000
89548  -50.220  -6.471  14.666 0.0000000000
88405  -45.672  -8.344  20.016 0.0000000000
89476  -45.781  -8.185  19.481 0.0000000000
89506  -45.583  -7.756  17.697 0.0000000000
89493  -46.528  -7.704  18.577 0.0000000000
89528  -43.860  -7.537  16.347 0.0000000000
89517  -44.659  -7.662  16.942 0.0000000000
89529  -44.731  -7.667  15.978 0.0000000000
89531  -46.580  -7.216  14.866 0.0000000000
89520  -47.545  -6.660  16.234 0.0000000000
90668  -48.616  -5.843  14.717 0.0000000000
90667  -47.979  -6.342  14.497 0.0000000000
90689  -48.048  -6.730  12.857 0.0000000000
90699  -48.228  -6.661  12.932 0.0000000000
89559  -48.703  -6.865  13.389 0.0000000000
88470  -48.201  -7.252  12.777 0.0000000000
89568  -46.640  -7.865  12.226 0.0000000000
87447  -46.202  -8.593  11.452 0.0000000000
90697  -44.382  -6.952  12.175 0.0000000000
89576  -44.917  -7.330  11.750 0.0000000000
88491  -45.357  -7.928  10.722 0.0000000000
88477  -44.924  -8.459  10.786 0.0000000000
87445  -44.842  -8.998  11.424 0.0000000000
88475  -42.883  -8.274  11.009 0.0000000000
96482  -38.272  -0.506  25.097 0.0000000000
95610  -39.377  -1.999  24.985 0.0000000000
95614  -39.420  -1.351  24.700 0.0000000000
96491  -40.682  -0.778  23.815 0.0000000000
95616  -40.555  -1.787  24.098 0.0000000000
95618  -41.109  -1.687  23.482 0.0000000000
94728  -41.356  -2.531  23.087 0.0000000000
95619  -41.796  -1.644  22.879 0.0000000000
98130  -42.265  1.087  22.799 0.0000000000
98129  -41.638  0.591  23.026 0.0000000000
97315  -42.765  0.098  22.540 0.0000000000
95629  -43.202  -1.505  22.022 0.0000000000
94738  -42.685  -2.008  22.149 0.0000000000
94737  -42.068  -2.483  22.346 0.0000000000
93794  -42.320  -2.934  20.602 0.0000000000
94752  -42.840  -2.511  20.358 0.0000000000
94771  -43.206  -1.966  19.111 0.0000000000
94760  -42.736  -2.454  19.416 0.0000000000
95665  -42.918  -1.996  17.888 0.0000000000
95674  -43.058  -1.862  17.550 0.0000000000
99005  -47.404  1.893  23.986 0.0000000000
98993  -46.490  2.811  24.346 0.0000000000
97335  -47.772  0.056  21.427 0.0000000000
97319  -47.116  0.346  22.256 0.0000000000
97334  -46.551  -0.147  21.583 0.0000000000
96514  -47.013  -0.343  20.888 0.0000000000
97377  -49.046  0.810  18.327 0.0000000000
97365  -48.613  0.436  18.994 0.0000000000
97376  -48.553  0.544  18.009 0.0000000000
96557  -46.373  0.146  17.834 0.0000000000
96546  -46.749  -0.039  18.448 0.0000000000
96523  -45.967  -0.770  19.850 0.0000000000
96534  -45.868  -0.499  19.002 0.0000000000
95658  -45.239  -0.629  19.012 0.0000000000
96544  -45.095  -0.385  17.915 0.0000000000
96565  -44.658  -0.605  15.983 0.0000000000
95684  -44.192  -1.300  15.738 0.0000000000
95683  -43.627  -1.720  16.134 0.0000000000
95691  -43.846  -1.866  15.479 0.0000000000
94797  -43.886  -2.119  15.134 0.0000000000
94803  -44.000  -2.295  14.583 0.0000000000
95708  -44.786  -1.826  13.092 0.0000000000
94818  -44.690  -2.515  12.215 0.0000000000
94826  -44.806  -2.939  11.455 0.0000000000
96598  -46.179  -0.611  12.448 0.0000000000
95726  -46.296  -1.039  10.885 0.0000000000
94841  -45.840  -2.273  9.275 0.0000000000
94833  -45.820  -2.280  10.249 0.0000000000
93890  -45.600  -3.130  9.583 0.0000000000
93889  -45.368  -3.536  9.981 0.0000000000
92906  -45.452  -3.795  9.101 0.0000000000
91846  -44.703  -5.129  8.934 0.0000000000
92912  -44.739  -4.333  8.387 0.0000000000
92904  -43.398  -4.610  8.974 0.0000000000
92903  -42.956  -5.180  9.229 0.0000000000
91838  -42.754  -5.697  9.478 0.0000000000
97447  -44.423  0.855  9.332 0.0000000000
96609  -44.429  -0.442  9.936 0.0000000000
97423  -43.220  0.467  11.695 0.0000000000
96596  -43.710  -0.467  11.410 0.0000000000
99141  -41.975  2.888  11.656 0.0000000000
100029  -39.437  3.682  15.407 0.0000000000
99109  -39.797  2.943  13.900 0.0000000000
99139  -39.872  2.487  11.901 0.0000000000
98241  -39.213  1.520  12.122 0.0000000000
98231  -40.062  1.349  12.987 0.0000000000
98220  -40.907  1.359  14.062 0.0000000000
98219  -39.955  1.431  14.068 0.0000000000
98217  -38.142  1.548  14.445 0.0000000000
100054  -36.945  3.558  12.020 0.0000000000
100062  -36.956  2.834  11.682 0.0000000000
99122  -36.405  2.677  13.422 0.0000000000
99107  -36.118  2.454  14.306 0.0000000000
105321  -41.210  8.823  11.758 0.0000000000
104570  -40.579  8.155  11.902 0.0000000000
105320  -40.698  8.630  11.911 0.0000000000
104537  -39.844  8.244  12.852 0.0000000000
103665  -38.401  7.161  12.944 0.0000000000
91676  -39.154  -5.425  25.172 0.0000000000
91684  -39.554  -5.318  24.508 0.0000000000
92759  -39.322  -4.462  24.748 0.0000000000
93758  -39.718  -3.529  24.488 0.0000000000
102673  -50.304  6.084  24.529 0.0000000000
102687  -50.118  6.825  23.241 0.0000000000
103514  -49.259  7.174  22.096 0.0000000000
103527  -49.183  7.273  21.277 0.0000000000
103549  -49.941  7.128  20.493 0.0000000000
98916  -34.201  2.683  33.014 0.0000000000
99850  -34.675  3.283  32.293 0.0000000000
91632  -45.423  -5.117  29.638 0.0000000000
91645  -44.875  -5.352  28.700 0.0000000000
91644  -44.089  -5.469  28.953 0.0000000000
90501  -42.987  -5.688  29.458 0.0000000000
90500  -42.396  -5.985  29.758 0.0000000000
92709  -32.515  -4.690  30.397 0.0000000000
93715  -31.800  -3.914  29.716 0.0000000000
92708  -31.567  -4.544  29.960 0.0000000000
90595  -49.018  -6.869  21.392 0.0000000000
89462  -48.296  -7.273  20.444 0.0000000000
92856  -41.980  -5.146  16.677 0.0000000000
91805  -42.755  -5.439  14.651 0.0000000000
91806  -42.824  -5.058  14.334 0.0000000000
92872  -43.026  -4.475  14.339 0.0000000000
93857  -43.453  -3.753  13.882 0.0000000000
99932  -43.019  3.544  25.613 0.0000000000
99947  -43.574  3.523  24.661 0.0000000000
99077  -47.523  2.141  16.761 0.0000000000
98197  -47.986  2.007  16.831 0.0000000000
99087  -47.915  2.173  15.913 0.0000000000
99101  -48.038  2.260  14.901 0.0000000000
99132  -47.743  1.848  13.122 0.0000000000
99131  -47.461  2.172  13.230 0.0000000000
99146  -47.057  2.261  12.410 0.0000000000
99161  -45.914  2.408  11.235 0.0000000000
99173  -45.554  2.397  10.388 0.0000000000
99144  -45.422  2.535  11.818 0.0000000000
99128  -44.065  2.619  12.917 0.0000000000
102778  -40.901  6.663  15.189 0.0000000000
102765  -39.936  6.020  15.053 0.0000000000
102777  -40.382  6.406  14.729 0.0000000000
102784  -39.688  6.225  13.616 0.0000000000
101861  -38.958  5.916  13.504 0.0000000000
101868  -38.700  5.971  12.838 0.0000000000
102792  -39.417  6.315  12.951 0.0000000000
88359  -43.263  -9.344  22.159 0.0000000000
88373  -43.182  -9.159  21.654 0.0000000000
87347  -42.761  -9.195  22.026 0.0000000000
88372  -42.321  -8.786  21.746 0.0000000000
88386  -41.919  -8.407  21.174 0.0000000000
91723  -40.415  -5.543  21.678 0.0000000000
91734  -40.524  -5.563  20.746 0.0000000000
92836  -40.943  -5.173  18.932 0.0000000000
92826  -40.848  -4.915  19.372 0.0000000000
92827  -41.242  -4.167  19.703 0.0000000000
99938  -48.440  2.865  25.852 0.0000000000
98976  -49.150  2.867  25.902 0.0000000000
99961  -48.235  3.698  23.546 0.0000000000
99973  -47.294  3.051  22.302 0.0000000000
99052  -45.171  2.902  19.763 0.0000000000
99991  -44.314  3.537  20.112 0.0000000000
99981  -43.883  4.099  20.470 0.0000000000
103545  -45.722  7.269  20.427 0.0000000000
103544  -44.972  7.249  20.055 0.0000000000
103582  -43.949  7.490  18.615 0.0000000000
103598  -43.581  7.522  17.892 0.0000000000
103597  -42.886  7.340  17.560 0.0000000000
103616  -44.413  7.969  16.767 0.0000000000
104502  -44.016  8.208  16.037 0.0000000000
87444  -44.121  -8.989  11.692 0.0000000000
97292  -36.653  0.698  25.886 0.0000000000
98101  -36.824  2.082  26.784 0.0000000000
98971  -37.485  2.566  26.907 0.0000000000
98928  -37.739  3.245  30.089 0.0000000000
98944  -38.000  3.210  29.388 0.0000000000
98945  -38.934  3.343  29.377 0.0000000000
98958  -40.170  3.096  28.596 0.0000000000
98959  -41.239  3.145  28.672 0.0000000000
98960  -42.119  3.330  29.049 0.0000000000
99859  -43.716  3.394  31.702 0.0000000000
99879  -45.869  3.562  30.228 0.0000000000
91701  -50.986  -5.402  23.285 0.0000000000
90562  -49.263  -6.231  24.480 0.0000000000
90539  -47.365  -6.459  26.883 0.0000000000
90549  -47.356  -6.728  25.840 0.0000000000
89397  -46.854  -7.095  25.437 0.0000000000
89405  -46.584  -7.440  25.121 0.0000000000
88332  -46.207  -7.964  24.832 0.0000000000
88331  -45.606  -8.528  24.643 0.0000000000
88321  -45.138  -8.679  25.387 0.0000000000
87279  -42.147  -8.989  27.682 0.0000000000
87278  -41.561  -9.105  27.704 0.0000000000
88308  -39.509  -8.029  25.942 0.0000000000
88298  -38.810  -7.961  26.737 0.0000000000
92652  -36.954  -4.311  33.371 0.0000000000
93682  -37.774  -4.138  34.193 0.0000000000
93691  -37.593  -3.794  33.268 0.0000000000
93708  -38.643  -3.700  33.397 0.0000000000
92656  -40.666  -4.960  33.130 0.0000000000
91590  -40.025  -5.157  31.586 0.0000000000
92744  -35.666  -4.566  27.716 0.0000000000
93733  -35.289  -3.682  27.546 0.0000000000
94705  -35.594  -3.126  27.283 0.0000000000
94707  -35.491  -2.068  27.035 0.0000000000
95599  -34.347  -1.673  27.402 0.0000000000
91799  -51.020  -5.862  15.648 0.0000000000
91797  -49.738  -5.631  14.868 0.0000000000
91796  -49.186  -5.560  14.750 0.0000000000
88415  -44.266  -8.363  19.373 0.0000000000
89542  -44.717  -7.737  14.954 0.0000000000
90666  -47.317  -6.875  14.220 0.0000000000
90677  -47.320  -7.035  13.661 0.0000000000
89569  -47.792  -7.221  12.682 0.0000000000
89586  -44.382  -7.128  9.926 0.0000000000
89595  -44.103  -6.611  9.332 0.0000000000
97298  -38.753  0.472  24.709 0.0000000000
96487  -39.928  -0.741  24.245 0.0000000000
97299  -39.687  0.397  24.235 0.0000000000
97304  -41.237  0.085  23.332 0.0000000000
97316  -43.761  0.121  22.306 0.0000000000
95630  -43.667  -1.245  21.643 0.0000000000
94745  -43.392  -1.911  21.303 0.0000000000
94753  -43.438  -2.054  20.811 0.0000000000
95656  -43.868  -1.539  19.416 0.0000000000
97305  -48.413  0.854  23.096 0.0000000000
98135  -47.542  0.855  22.934 0.0000000000
97345  -48.072  0.089  20.529 0.0000000000
97387  -47.930  0.480  16.754 0.0000000000
97375  -47.907  0.354  17.653 0.0000000000
97373  -46.605  0.314  16.795 0.0000000000
96556  -45.899  0.159  17.195 0.0000000000
96566  -45.430  -0.059  16.130 0.0000000000
96573  -45.117  -0.364  15.358 0.0000000000
96572  -44.643  -0.937  15.194 0.0000000000
95701  -45.064  -1.171  13.529 0.0000000000
95709  -45.326  -1.308  12.834 0.0000000000
96619  -46.303  -0.222  9.821 0.0000000000
95735  -46.253  -1.063  10.042 0.0000000000
94842  -46.033  -1.523  9.454 0.0000000000
93903  -45.083  -3.338  8.285 0.0000000000
93902  -44.438  -3.570  8.309 0.0000000000
93901  -43.849  -3.656  8.632 0.0000000000
93895  -43.472  -3.634  9.323 0.0000000000
92897  -43.191  -4.230  9.533 0.0000000000
94832  -43.578  -2.756  9.973 0.0000000000
98267  -43.113  1.592  9.682 0.0000000000
97437  -43.936  0.842  10.197 0.0000000000
98257  -42.972  1.496  10.221 0.0000000000
100033  -42.762  3.102  16.765 0.0000000000
99096  -41.770  2.936  15.306 0.0000000000
99110  -40.943  2.981  14.333 0.0000000000
100050  -38.847  3.279  13.706 0.0000000000
99108  -39.239  3.085  13.751 0.0000000000
98240  -38.337  1.572  12.295 0.0000000000
98239  -37.546  1.710  12.567 0.0000000000
100953  -37.006  5.246  11.870 0.0000000000
100949  -36.749  4.709  12.345 0.0000000000
100046  -36.210  3.178  13.781 0.0000000000
100039  -36.307  4.056  13.868 0.0000000000
100939  -36.084  4.507  14.421 0.0000000000
88342  -40.863  -7.685  23.506 0.0000000000
89417  -40.870  -7.530  23.130 0.0000000000
89416  -40.477  -7.153  23.534 0.0000000000
91698  -39.871  -5.375  23.929 0.0000000000
91699  -40.113  -5.459  23.291 0.0000000000
91711  -40.325  -5.477  22.536 0.0000000000
99954  -50.188  3.780  25.384 0.0000000000
100869  -49.918  4.486  24.831 0.0000000000
100868  -49.458  4.659  24.594 0.0000000000
102672  -49.810  5.954  24.373 0.0000000000
101782  -49.266  5.385  24.448 0.0000000000
100873  -47.926  4.691  23.803 0.0000000000
100877  -46.772  4.645  23.144 0.0000000000
100876  -46.100  5.017  22.779 0.0000000000
100882  -45.319  4.798  22.115 0.0000000000
101792  -45.969  5.798  22.319 0.0000000000
102694  -46.034  6.700  21.491 0.0000000000
103526  -48.061  7.144  21.425 0.0000000000
103525  -47.040  7.162  21.041 0.0000000000
103524  -46.395  7.208  20.836 0.0000000000
103566  -46.451  7.693  19.309 0.0000000000
103585  -47.242  8.078  18.048 0.0000000000
99888  -36.869  3.334  30.134 0.0000000000
90537  -45.907  -6.275  27.226 0.0000000000
89386  -45.098  -7.397  26.949 0.0000000000
88304  -44.838  -7.602  27.142 0.0000000000
88294  -43.982  -7.459  27.937 0.0000000000
88293  -43.443  -7.801  28.135 0.0000000000
88292  -42.299  -8.461  28.253 0.0000000000
88283  -40.100  -8.287  29.178 0.0000000000
90420  -37.180  -6.192  35.867 0.0000000000
90419  -36.747  -6.398  35.450 0.0000000000
91527  -36.804  -5.880  34.541 0.0000000000
92633  -36.607  -5.485  34.001 0.0000000000
92651  -36.118  -5.154  33.353 0.0000000000
94700  -33.492  -3.142  28.602 0.0000000000
93721  -31.418  -3.489  29.453 0.0000000000
94693  -31.068  -2.467  29.197 0.0000000000
95591  -31.092  -1.536  28.998 0.0000000000
89515  -42.882  -7.498  17.504 0.0000000000
90653  -43.260  -7.341  16.542 0.0000000000
90664  -42.748  -6.365  15.784 0.0000000000
90706  -43.816  -6.053  12.130 0.0000000000
91832  -43.934  -5.572  11.753 0.0000000000
92892  -44.550  -4.521  11.069 0.0000000000
98999  -40.980  2.002  23.697 0.0000000000
99956  -41.538  2.760  23.897 0.0000000000
99012  -43.149  1.768  22.747 0.0000000000
99002  -43.607  2.525  23.142 0.0000000000
97333  -45.462  -0.250  21.636 0.0000000000
98167  -49.309  1.067  19.790 0.0000000000
98177  -49.187  1.134  18.763 0.0000000000
97389  -49.026  0.854  17.366 0.0000000000
98198  -48.631  1.694  16.474 0.0000000000
98199  -49.020  1.208  16.637 0.0000000000
97398  -48.612  0.797  16.323 0.0000000000
97407  -47.576  0.825  14.866 0.0000000000
97415  -46.647  0.068  13.229 0.0000000000
97431  -46.954  0.215  11.485 0.0000000000
98245  -47.583  1.521  12.301 0.0000000000
97432  -47.399  0.949  11.413 0.0000000000
97439  -46.854  0.601  10.498 0.0000000000
96618  -45.656  -0.402  9.113 0.0000000000
96617  -44.958  -0.505  9.027 0.0000000000
97448  -45.011  0.743  8.997 0.0000000000
97456  -44.342  1.271  8.855 0.0000000000
98284  -43.973  1.767  8.655 0.0000000000
99182  -44.238  2.385  9.344 0.0000000000
99190  -43.358  2.081  8.905 0.0000000000
99180  -42.589  2.143  9.191 0.0000000000
99179  -41.960  2.065  9.254 0.0000000000
99169  -41.624  2.305  9.912 0.0000000000
100915  -40.685  4.434  17.406 0.0000000000
100019  -40.538  3.778  16.628 0.0000000000
100925  -40.010  4.572  16.516 0.0000000000
100924  -39.505  4.275  15.891 0.0000000000
100933  -39.002  4.466  15.306 0.0000000000
101848  -39.391  5.441  15.032 0.0000000000
100932  -38.608  4.281  14.639 0.0000000000
100048  -37.644  3.762  12.601 0.0000000000
101867  -38.251  5.564  12.498 0.0000000000
100954  -37.248  5.374  11.871 0.0000000000
101871  -37.214  5.702  11.903 0.0000000000
102797  -36.956  6.116  12.008 0.0000000000
102791  -37.453  6.383  12.766 0.0000000000
88376  -45.952  -8.425  21.880 0.0000000000
88390  -45.351  -8.548  20.908 0.0000000000
88404  -44.760  -8.550  20.043 0.0000000000
88388  -43.531  -8.780  20.833 0.0000000000
89490  -43.412  -8.151  18.938 0.0000000000
89503  -42.733  -7.615  18.226 0.0000000000
89431  -41.003  -7.616  22.561 0.0000000000
89458  -41.414  -7.804  21.073 0.0000000000
90605  -40.950  -7.100  20.630 0.0000000000
89473  -41.529  -7.608  20.233 0.0000000000
90641  -42.260  -7.036  17.685 0.0000000000
90651  -41.890  -6.371  17.397 0.0000000000
91783  -41.853  -5.732  16.946 0.0000000000
92848  -41.990  -4.108  16.912 0.0000000000
99920  -45.812  3.632  26.379 0.0000000000
99935  -46.230  3.420  25.523 0.0000000000
99951  -47.377  2.761  25.055 0.0000000000
99006  -47.948  1.643  24.199 0.0000000000
98983  -48.342  2.579  25.455 0.0000000000
98112  -48.348  1.546  24.140 0.0000000000
97306  -49.095  1.034  23.097 0.0000000000
97322  -49.301  1.036  22.509 0.0000000000
98148  -49.305  1.195  21.742 0.0000000000
99008  -49.254  2.332  23.185 0.0000000000
99007  -48.841  2.707  23.107 0.0000000000
99031  -49.069  1.489  21.541 0.0000000000
98147  -49.096  1.334  21.112 0.0000000000
98175  -48.103  1.820  18.033 0.0000000000
99054  -47.383  1.954  18.641 0.0000000000
99066  -47.382  2.071  17.618 0.0000000000
99084  -44.508  2.703  16.570 0.0000000000
99083  -43.535  2.850  17.073 0.0000000000
100022  -42.885  3.264  17.550 0.0000000000
100011  -42.296  3.672  17.948 0.0000000000
100010  -41.516  3.851  17.653 0.0000000000
100881  -44.657  4.587  21.410 0.0000000000
100892  -44.022  4.829  20.838 0.0000000000
100891  -43.520  4.610  20.205 0.0000000000
102705  -43.827  6.243  20.326 0.0000000000
101806  -43.410  5.475  20.223 0.0000000000
100900  -42.852  4.754  19.518 0.0000000000
100899  -42.381  4.967  19.227 0.0000000000
100908  -42.037  4.768  18.798 0.0000000000
100907  -41.183  4.491  18.003 0.0000000000
101831  -40.926  5.762  17.549 0.0000000000
102743  -40.832  5.989  17.158 0.0000000000
102756  -41.074  6.398  16.760 0.0000000000
103596  -42.044  6.979  17.301 0.0000000000
103613  -41.809  7.110  16.363 0.0000000000
103628  -41.414  6.939  15.690 0.0000000000
103641  -41.442  7.110  14.762 0.0000000000
103656  -42.146  7.872  13.217 0.0000000000
94715  -37.643  -1.955  26.010 0.0000000000
95608  -37.880  -1.420  25.590 0.0000000000
97293  -37.233  0.735  25.610 0.0000000000
97294  -37.932  0.581  25.177 0.0000000000
98990  -39.755  2.429  24.699 0.0000000000
98956  -38.191  3.189  28.584 0.0000000000
98965  -38.353  3.077  27.708 0.0000000000
98981  -39.657  2.873  25.642 0.0000000000
99930  -41.215  3.303  25.224 0.0000000000
99918  -43.638  3.550  26.609 0.0000000000
99919  -44.761  3.666  26.530 0.0000000000
98932  -41.385  3.328  30.333 0.0000000000
99909  -46.593  3.650  27.059 0.0000000000
99910  -47.615  3.661  27.062 0.0000000000
99901  -47.190  3.744  27.942 0.0000000000
99911  -48.453  3.799  26.931 0.0000000000
99912  -49.275  4.007  26.958 0.0000000000
99913  -49.808  4.032  26.959 0.0000000000
91712  -50.339  -5.739  22.218 0.0000000000
90560  -47.824  -6.854  24.871 0.0000000000
90575  -48.059  -6.891  24.102 0.0000000000
89433  -47.295  -7.426  22.732 0.0000000000
88361  -44.749  -9.011  22.635 0.0000000000
88345  -44.429  -9.252  23.498 0.0000000000
87337  -43.341  -9.445  22.969 0.0000000000
87324  -42.235  -8.972  23.147 0.0000000000
87310  -41.736  -8.816  23.840 0.0000000000
87293  -44.182  -9.084  26.000 0.0000000000
87285  -42.311  -9.283  27.075 0.0000000000
87301  -42.631  -9.487  25.092 0.0000000000
88328  -40.742  -7.845  24.051 0.0000000000
89403  -39.698  -6.833  24.733 0.0000000000
93741  -37.954  -3.628  26.202 0.0000000000
91593  -43.590  -5.066  31.384 0.0000000000
93659  -41.988  -3.425  36.887 0.0000000000
92600  -42.467  -4.152  36.384 0.0000000000
91513  -37.923  -5.575  35.935 0.0000000000
92616  -38.184  -5.187  35.387 0.0000000000
92620  -41.949  -4.688  35.539 0.0000000000
91515  -42.487  -5.378  34.972 0.0000000000
90431  -42.935  -6.040  33.421 0.0000000000
91549  -41.475  -5.323  32.949 0.0000000000
90448  -43.028  -5.759  32.646 0.0000000000
91567  -42.679  -5.325  32.087 0.0000000000
91592  -42.879  -5.054  31.422 0.0000000000
92698  -43.120  -4.939  30.848 0.0000000000
92715  -42.712  -4.954  30.438 0.0000000000
91628  -42.059  -5.470  30.167 0.0000000000
90499  -41.502  -6.111  30.161 0.0000000000
91613  -40.506  -5.106  30.837 0.0000000000
90493  -40.876  -5.694  30.426 0.0000000000
90498  -40.781  -6.381  30.306 0.0000000000
88282  -39.002  -8.375  28.917 0.0000000000
91587  -37.024  -5.410  31.826 0.0000000000
90480  -37.504  -6.089  31.477 0.0000000000
90489  -36.964  -6.826  30.907 0.0000000000
89351  -36.637  -7.232  29.907 0.0000000000
89352  -37.669  -7.476  30.305 0.0000000000
88281  -38.021  -8.150  28.635 0.0000000000
94710  -37.694  -3.038  26.312 0.0000000000
96476  -35.771  -0.490  26.419 0.0000000000
95602  -35.712  -1.507  26.748 0.0000000000
97286  -35.001  0.957  27.157 0.0000000000
98092  -34.551  2.080  28.390 0.0000000000
94702  -33.261  -2.241  28.109 0.0000000000
95597  -32.906  -1.306  27.956 0.0000000000
98091  -34.004  1.715  28.328 0.0000000000
98952  -34.139  2.336  28.923 0.0000000000
98924  -33.721  3.003  31.004 0.0000000000
98923  -32.577  2.215  30.673 0.0000000000
98914  -32.945  2.277  31.932 0.0000000000
98915  -33.745  2.733  32.304 0.0000000000
88447  -51.536  -7.655  15.623 0.0000000000
90669  -50.802  -6.355  15.241 0.0000000000
88446  -50.772  -7.811  15.550 0.0000000000
89532  -50.068  -7.346  14.981 0.0000000000
88456  -49.442  -7.409  14.543 0.0000000000
88406  -46.264  -8.155  20.397 0.0000000000
91807  -48.903  -5.745  14.068 0.0000000000
91818  -48.789  -6.032  13.693 0.0000000000
90691  -49.194  -6.019  13.701 0.0000000000
89560  -49.155  -6.370  13.706 0.0000000000
88461  -47.898  -8.361  13.389 0.0000000000
87426  -47.177  -8.801  12.647 0.0000000000
89578  -46.148  -7.992  11.680 0.0000000000
89588  -45.298  -7.758  10.840 0.0000000000
88479  -46.176  -8.201  11.554 0.0000000000
87435  -45.621  -9.378  12.012 0.0000000000
88467  -43.490  -8.711  11.594 0.0000000000
94722  -39.580  -2.686  24.824 0.0000000000
94723  -40.182  -2.639  24.322 0.0000000000
96488  -40.295  -1.273  24.208 0.0000000000
93783  -41.639  -3.512  21.971 0.0000000000
98117  -41.268  1.184  23.304 0.0000000000
96500  -42.237  -0.783  22.664 0.0000000000
93793  -41.902  -3.304  21.125 0.0000000000
93817  -42.155  -2.992  18.794 0.0000000000
93828  -42.179  -3.083  17.791 0.0000000000
94786  -42.761  -2.909  16.271 0.0000000000
99004  -46.165  2.316  23.579 0.0000000000
98119  -46.262  1.452  23.049 0.0000000000
98134  -46.611  0.896  22.729 0.0000000000
97356  -48.710  0.354  19.963 0.0000000000
97364  -47.722  0.187  18.674 0.0000000000
96536  -47.296  -0.185  19.529 0.0000000000
96525  -47.468  -0.183  20.286 0.0000000000
96524  -46.726  -0.511  20.146 0.0000000000
95639  -45.303  -0.992  20.175 0.0000000000
95667  -44.203  -0.893  17.623 0.0000000000
95675  -43.442  -1.536  17.119 0.0000000000
94787  -43.141  -2.198  16.566 0.0000000000
94795  -42.890  -3.199  15.726 0.0000000000
94809  -43.720  -3.255  13.649 0.0000000000
94810  -44.183  -2.682  13.448 0.0000000000
96590  -46.197  -0.343  13.073 0.0000000000
96597  -45.709  -0.995  12.643 0.0000000000
95718  -45.603  -1.472  12.027 0.0000000000
95734  -46.080  -1.558  10.404 0.0000000000
95725  -45.912  -1.650  11.070 0.0000000000
94827  -45.332  -2.427  11.269 0.0000000000
90719  -44.339  -6.050  8.972 0.0000000000
90718  -43.702  -6.178  9.032 0.0000000000
91853  -44.329  -4.708  8.392 0.0000000000
90712  -43.114  -6.237  9.300 0.0000000000
90705  -42.685  -6.534  9.832 0.0000000000
95733  -44.433  -1.265  9.408 0.0000000000
95724  -43.768  -1.786  10.858 0.0000000000
100058  -42.350  2.811  11.312 0.0000000000
100065  -42.064  2.854  10.968 0.0000000000
100030  -40.243  3.432  15.741 0.0000000000
100043  -40.683  3.184  15.232 0.0000000000
99140  -40.935  2.608  11.817 0.0000000000
99168  -41.000  1.970  10.200 0.0000000000
98264  -40.912  1.921  10.561 0.0000000000
98243  -41.397  1.411  11.921 0.0000000000
98242  -40.215  1.476  12.002 0.0000000000
98218  -39.058  1.451  14.251 0.0000000000
100063  -37.365  2.812  11.642 0.0000000000
99152  -37.169  2.332  11.599 0.0000000000
98250  -37.038  1.983  12.076 0.0000000000
98238  -36.877  2.050  12.888 0.0000000000
99106  -35.566  2.827  14.656 0.0000000000
103601  -47.572  8.059  17.131 0.0000000000
104515  -44.346  8.526  15.059 0.0000000000
104526  -43.554  8.490  14.063 0.0000000000
104525  -42.713  8.159  13.839 0.0000000000
104554  -42.259  8.500  11.904 0.0000000000
103668  -41.396  7.811  12.361 0.0000000000
104553  -40.366  8.468  12.174 0.0000000000
103664  -37.920  6.715  13.165 0.0000000000
87299  -41.012  -8.888  25.099 0.0000000000
87323  -41.755  -8.672  23.337 0.0000000000
87336  -42.950  -9.381  22.545 0.0000000000
87348  -43.043  -9.346  22.038 0.0000000000
88310  -43.233  -9.029  26.852 0.0000000000
88313  -45.583  -7.606  26.212 0.0000000000
88320  -41.054  -8.740  24.845 0.0000000000
88417  -45.490  -8.251  19.398 0.0000000000
89370  -41.021  -7.966  29.218 0.0000000000
89379  -44.255  -7.259  27.800 0.0000000000
89445  -41.153  -7.710  21.847 0.0000000000
89570  -48.253  -6.827  12.879 0.0000000000
90401  -37.344  -6.056  36.105 0.0000000000
90449  -43.614  -5.983  33.052 0.0000000000
90464  -43.146  -5.486  32.278 0.0000000000
90466  -44.182  -5.863  32.724 0.0000000000
90510  -42.864  -6.240  29.343 0.0000000000
90687  -42.826  -6.039  14.497 0.0000000000
91494  -38.234  -5.343  36.449 0.0000000000
91512  -37.480  -5.733  35.421 0.0000000000
91528  -37.230  -5.639  34.797 0.0000000000
91550  -42.303  -5.644  32.810 0.0000000000
91568  -43.319  -5.268  31.950 0.0000000000
91594  -44.418  -5.270  31.292 0.0000000000
91615  -42.165  -5.098  30.359 0.0000000000
91760  -40.908  -5.382  19.176 0.0000000000
91785  -49.512  -5.538  15.316 0.0000000000
91808  -49.392  -5.756  14.177 0.0000000000
91819  -48.987  -5.876  13.706 0.0000000000
91845  -44.035  -5.264  8.594 0.0000000000
92653  -38.658  -3.963  34.094 0.0000000000
92699  -43.776  -4.914  30.826 0.0000000000
92716  -43.495  -4.833  30.347 0.0000000000
92725  -31.453  -4.004  29.659 0.0000000000
92731  -45.127  -4.951  30.042 0.0000000000
92871  -42.781  -4.854  14.635 0.0000000000
92891  -44.153  -5.079  11.455 0.0000000000
92899  -45.393  -3.697  9.547 0.0000000000
92905  -45.168  -4.354  8.810 0.0000000000
93681  -37.507  -4.051  33.821 0.0000000000
93692  -38.130  -3.712  33.812 0.0000000000
93706  -37.770  -3.799  32.882 0.0000000000
93896  -45.498  -3.152  8.807 0.0000000000
94697  -31.415  -1.924  28.878 0.0000000000
94779  -43.052  -1.989  17.136 0.0000000000
94849  -44.173  -2.976  8.478 0.0000000000
95595  -32.950  -1.901  28.121 0.0000000000
95636  -43.398  -1.706  21.571 0.0000000000
95717  -45.083  -1.801  12.420 0.0000000000
95740  -44.663  -1.570  8.852 0.0000000000
95748  -45.418  -1.722  8.522 0.0000000000
96472  -34.747  -0.706  27.042 0.0000000000
96475  -35.189  -0.337  26.723 0.0000000000
96477  -36.568  -0.255  25.941 0.0000000000
96503  -44.555  -0.367  21.730 0.0000000000
96533  -45.322  -0.489  18.608 0.0000000000
96547  -47.116  -0.149  18.999 0.0000000000
96581  -44.651  -1.209  14.685 0.0000000000
96603  -46.518  -0.484  11.553 0.0000000000
97302  -40.041  -0.108  23.985 0.0000000000
97332  -44.868  -0.290  21.683 0.0000000000
97337  -49.172  0.785  21.969 0.0000000000
97363  -47.357  0.226  18.048 0.0000000000
97399  -48.972  0.859  16.697 0.0000000000
97414  -46.133  -0.190  13.353 0.0000000000
97438  -44.421  0.473  9.776 0.0000000000
97457  -44.592  1.503  8.794 0.0000000000
98090  -33.120  1.204  28.340 0.0000000000
98094  -33.406  0.757  28.004 0.0000000000
98096  -34.957  1.653  27.678 0.0000000000
98103  -36.405  1.168  26.240 0.0000000000
98114  -49.326  1.856  24.218 0.0000000000
98122  -48.698  1.285  23.657 0.0000000000
98155  -48.475  1.565  19.783 0.0000000000
98211  -49.033  0.901  16.211 0.0000000000
98258  -46.908  2.035  10.830 0.0000000000
98269  -47.105  1.551  10.712 0.0000000000
98275  -43.391  1.595  9.212 0.0000000000
98276  -43.859  1.475  8.918 0.0000000000
98282  -42.900  1.924  9.072 0.0000000000
98283  -43.370  1.830  8.889 0.0000000000
98285  -44.514  1.903  8.649 0.0000000000
98926  -35.452  3.410  30.640 0.0000000000
98927  -37.130  3.253  30.005 0.0000000000
98942  -36.621  3.268  29.730 0.0000000000
98970  -36.818  2.381  27.218 0.0000000000
98975  -41.585  3.321  26.950 0.0000000000
98992  -41.191  2.561  23.930 0.0000000000
98994  -47.075  2.504  24.431 0.0000000000
99000  -41.616  2.202  23.570 0.0000000000
99063  -44.195  3.133  18.834 0.0000000000
99117  -48.411  1.938  14.574 0.0000000000
99147  -47.509  2.017  12.591 0.0000000000
99171  -43.594  2.565  9.909 0.0000000000
99184  -46.038  2.128  10.007 0.0000000000
99189  -43.012  2.018  8.957 0.0000000000
99191  -44.005  2.179  8.793 0.0000000000
99867  -34.497  3.275  31.382 0.0000000000
99887  -36.495  3.429  30.218 0.0000000000
99894  -47.631  4.034  28.507 0.0000000000
99944  -40.886  3.111  24.791 0.0000000000
99949  -45.864  3.229  24.585 0.0000000000
99968  -48.482  2.983  23.146 0.0000000000
99983  -45.213  3.508  21.173 0.0000000000
100000  -42.487  4.018  18.589 0.0000000000
100028  -38.862  3.844  14.867 0.0000000000
100040  -38.565  3.742  14.180 0.0000000000
100057  -42.131  2.841  11.213 0.0000000000
100066  -42.395  2.791  10.951 0.0000000000
100071  -41.747  2.612  10.464 0.0000000000
100872  -47.329  4.878  23.485 0.0000000000
100906  -40.857  4.575  17.758 0.0000000000
100916  -41.032  4.131  17.657 0.0000000000
101788  -47.661  5.738  23.399 0.0000000000
101813  -42.375  5.432  19.209 0.0000000000
101821  -40.799  4.835  17.778 0.0000000000
101849  -39.886  5.789  15.453 0.0000000000
102696  -47.624  6.815  22.048 0.0000000000
102718  -42.714  6.077  19.319 0.0000000000
102720  -43.996  6.682  20.075 0.0000000000
102731  -41.641  6.056  18.315 0.0000000000
102766  -40.317  6.182  15.596 0.0000000000
102790  -37.026  6.014  12.405 0.0000000000
103580  -42.452  6.848  18.068 0.0000000000
103612  -41.357  6.745  16.343 0.0000000000
103652  -38.304  7.085  13.838 0.0000000000
103677  -37.961  6.662  12.639 0.0000000000
104478  -45.832  7.981  17.673 0.0000000000
104490  -46.873  8.236  16.819 0.0000000000
104569  -39.951  7.631  11.977 0.0000000000
