#!ascii label  , from subject sub.01.dh.02 vox2ras=TkReg
1407
56846  -42.450  -36.432  54.772 0.0000000000
42447  -28.897  -48.325  62.273 0.0000000000
67811  -45.961  -27.597  42.964 0.0000000000
57051  -36.596  -36.751  44.755 0.0000000000
66509  -40.677  -29.022  50.035 0.0000000000
47136  -38.699  -45.069  58.936 0.0000000000
49522  -30.971  -42.576  54.009 0.0000000000
49638  -34.858  -42.884  46.989 0.0000000000
48184  -21.082  -43.091  63.323 0.0000000000
70136  -48.460  -25.489  42.988 0.0000000000
46041  -24.594  -45.367  51.308 0.0000000000
56963  -38.926  -36.382  49.858 0.0000000000
61495  -40.056  -32.562  47.504 0.0000000000
62686  -43.171  -32.136  52.137 0.0000000000
50740  -41.138  -41.030  56.978 0.0000000000
47226  -37.474  -44.705  52.319 0.0000000000
53166  -37.618  -40.185  50.710 0.0000000000
52047  -36.996  -40.551  45.474 0.0000000000
70176  -52.005  -24.934  41.119 0.0000000000
44624  -24.351  -46.265  63.067 0.0000000000
48267  -23.361  -43.810  57.297 0.0000000000
44706  -26.011  -46.430  56.939 0.0000000000
67678  -43.044  -26.960  47.342 0.0000000000
43474  -34.206  -47.472  61.430 0.0000000000
45937  -30.624  -45.620  58.151 0.0000000000
44730  -35.281  -46.046  55.828 0.0000000000
48359  -33.666  -43.373  50.421 0.0000000000
51746  -18.409  -40.006  64.029 0.0000000000
71177  -44.298  -23.987  52.443 0.0000000000
68821  -47.879  -26.008  50.624 0.0000000000
72436  -47.637  -23.479  46.973 0.0000000000
67708  -50.573  -27.477  46.918 0.0000000000
66586  -52.883  -28.332  44.581 0.0000000000
50711  -19.464  -41.449  57.182 0.0000000000
47207  -27.659  -44.062  53.589 0.0000000000
56904  -40.585  -36.528  52.512 0.0000000000
59241  -41.335  -34.213  51.168 0.0000000000
59212  -43.174  -33.932  53.621 0.0000000000
54290  -42.422  -38.416  56.135 0.0000000000
51972  -39.256  -40.173  54.362 0.0000000000
54318  -40.056  -38.435  53.239 0.0000000000
54366  -38.082  -38.398  50.363 0.0000000000
66665  -45.657  -28.814  40.560 0.0000000000
66643  -47.748  -28.654  41.472 0.0000000000
43446  -26.554  -47.858  63.541 0.0000000000
44652  -25.453  -46.140  60.601 0.0000000000
43485  -27.853  -47.677  60.433 0.0000000000
59374  -36.646  -34.752  43.807 0.0000000000
64011  -41.372  -31.206  48.188 0.0000000000
62782  -40.230  -31.344  45.947 0.0000000000
65380  -40.766  -29.643  47.105 0.0000000000
66570  -41.311  -28.533  45.362 0.0000000000
67676  -41.486  -27.729  48.119 0.0000000000
44657  -36.921  -46.352  59.926 0.0000000000
43541  -34.915  -47.533  58.242 0.0000000000
44717  -37.019  -46.987  57.291 0.0000000000
47282  -36.570  -44.003  49.779 0.0000000000
47246  -35.394  -44.945  51.543 0.0000000000
48410  -34.538  -43.851  48.603 0.0000000000
54465  -36.789  -38.764  45.626 0.0000000000
71199  -45.975  -24.585  52.008 0.0000000000
71248  -50.559  -25.369  48.450 0.0000000000
70086  -51.345  -25.285  46.558 0.0000000000
67736  -51.941  -27.992  46.047 0.0000000000
70112  -52.718  -25.309  44.936 0.0000000000
70158  -54.174  -24.381  41.951 0.0000000000
49385  -19.936  -41.771  63.864 0.0000000000
50640  -18.738  -41.233  60.181 0.0000000000
49434  -20.998  -42.014  59.867 0.0000000000
47204  -23.906  -44.332  53.918 0.0000000000
49533  -22.062  -42.635  53.461 0.0000000000
48375  -23.248  -43.959  50.274 0.0000000000
48282  -31.517  -43.564  56.330 0.0000000000
47183  -28.175  -44.316  56.358 0.0000000000
48327  -29.224  -43.447  53.389 0.0000000000
57003  -37.729  -36.357  47.365 0.0000000000
59346  -37.891  -34.598  46.001 0.0000000000
59293  -39.553  -34.513  48.974 0.0000000000
61471  -41.750  -32.444  49.440 0.0000000000
63960  -41.930  -30.725  51.378 0.0000000000
48258  -40.387  -42.923  57.864 0.0000000000
45979  -38.471  -45.069  55.966 0.0000000000
49526  -38.358  -42.721  54.955 0.0000000000
49573  -37.484  -42.821  51.185 0.0000000000
49625  -37.203  -42.474  48.380 0.0000000000
49655  -36.377  -42.420  46.142 0.0000000000
52012  -37.460  -40.551  48.384 0.0000000000
54431  -37.526  -38.449  47.644 0.0000000000
70174  -50.021  -25.250  41.291 0.0000000000
73613  -49.271  -22.611  41.481 0.0000000000
47069  -22.610  -44.805  62.810 0.0000000000
48236  -22.212  -43.190  60.201 0.0000000000
47100  -23.689  -44.869  60.449 0.0000000000
47145  -24.345  -44.782  57.471 0.0000000000
45987  -24.888  -45.605  54.296 0.0000000000
60443  -38.022  -33.117  44.940 0.0000000000
66582  -42.360  -27.684  43.834 0.0000000000
67757  -44.447  -27.202  44.630 0.0000000000
42451  -31.968  -48.215  62.207 0.0000000000
43507  -30.136  -47.682  59.827 0.0000000000
44671  -33.121  -47.445  59.576 0.0000000000
45960  -33.364  -45.133  57.179 0.0000000000
48302  -33.743  -43.620  55.219 0.0000000000
44763  -36.573  -46.280  54.219 0.0000000000
47224  -34.743  -44.388  52.847 0.0000000000
49553  -33.090  -42.128  52.276 0.0000000000
59155  -45.042  -33.542  56.599 0.0000000000
44612  -29.796  -46.747  63.203 0.0000000000
47119  -33.923  -44.113  60.012 0.0000000000
48242  -36.871  -43.465  59.114 0.0000000000
63903  -44.804  -31.057  55.494 0.0000000000
65288  -43.766  -29.616  54.691 0.0000000000
67620  -41.817  -27.916  53.349 0.0000000000
71161  -42.416  -24.184  54.385 0.0000000000
68808  -41.998  -26.390  51.368 0.0000000000
68817  -43.865  -26.204  49.926 0.0000000000
68845  -45.283  -26.529  48.484 0.0000000000
67704  -46.623  -27.180  46.677 0.0000000000
71229  -49.001  -24.429  49.464 0.0000000000
68849  -49.292  -26.531  48.993 0.0000000000
67732  -48.128  -27.074  45.897 0.0000000000
67815  -49.784  -27.951  43.836 0.0000000000
70126  -53.632  -24.877  43.935 0.0000000000
51843  -16.908  -40.615  60.426 0.0000000000
49529  -18.160  -42.207  53.647 0.0000000000
49483  -21.701  -42.264  56.695 0.0000000000
50789  -20.305  -41.876  53.141 0.0000000000
44709  -28.059  -46.522  58.079 0.0000000000
45989  -26.442  -45.740  55.176 0.0000000000
46018  -26.193  -45.143  53.214 0.0000000000
44810  -27.900  -46.052  51.527 0.0000000000
56877  -41.949  -36.103  53.866 0.0000000000
58103  -42.144  -35.232  53.386 0.0000000000
58085  -42.506  -35.584  54.177 0.0000000000
55576  -42.428  -37.176  55.305 0.0000000000
54304  -40.617  -38.386  54.457 0.0000000000
55599  -41.264  -37.198  54.114 0.0000000000
55615  -40.328  -37.516  52.742 0.0000000000
67810  -44.941  -27.568  42.770 0.0000000000
67837  -45.779  -27.727  42.060 0.0000000000
66667  -47.219  -28.659  41.061 0.0000000000
67812  -47.037  -27.762  42.984 0.0000000000
42433  -27.254  -48.399  62.897 0.0000000000
43470  -27.427  -48.033  61.597 0.0000000000
42459  -28.193  -48.170  61.165 0.0000000000
57065  -36.201  -36.736  43.788 0.0000000000
58276  -36.678  -35.683  44.387 0.0000000000
65332  -40.976  -29.804  49.801 0.0000000000
65364  -41.092  -30.519  47.707 0.0000000000
66529  -40.673  -29.316  48.149 0.0000000000
66544  -40.949  -28.470  47.614 0.0000000000
66520  -40.918  -28.357  49.522 0.0000000000
44674  -37.982  -45.933  59.368 0.0000000000
43513  -37.254  -46.922  59.112 0.0000000000
44719  -38.144  -46.163  58.262 0.0000000000
48411  -35.543  -43.820  48.555 0.0000000000
47295  -35.192  -44.220  48.943 0.0000000000
48425  -34.256  -43.357  47.615 0.0000000000
48423  -32.974  -42.843  47.484 0.0000000000
55734  -36.683  -37.668  45.368 0.0000000000
54475  -36.564  -38.712  44.701 0.0000000000
55746  -36.427  -37.718  44.250 0.0000000000
71298  -49.324  -24.832  45.634 0.0000000000
70109  -49.687  -25.315  44.771 0.0000000000
70099  -51.981  -25.449  45.803 0.0000000000
68933  -50.515  -25.850  43.994 0.0000000000
49386  -20.477  -42.429  63.603 0.0000000000
49419  -20.228  -41.912  61.842 0.0000000000
49405  -21.418  -42.935  62.105 0.0000000000
47217  -23.914  -44.479  52.833 0.0000000000
48339  -23.328  -43.941  52.070 0.0000000000
47258  -23.705  -44.664  50.543 0.0000000000
46086  -23.712  -45.675  49.289 0.0000000000
46087  -24.251  -45.768  49.743 0.0000000000
48314  -30.750  -42.877  54.654 0.0000000000
48299  -30.580  -43.232  55.522 0.0000000000
49521  -30.229  -42.772  54.014 0.0000000000
56984  -38.372  -36.179  48.490 0.0000000000
58221  -38.264  -35.547  47.784 0.0000000000
58201  -39.271  -35.082  49.208 0.0000000000
60326  -42.564  -33.341  51.810 0.0000000000
60338  -41.754  -33.482  50.673 0.0000000000
61439  -42.611  -32.371  51.039 0.0000000000
63975  -42.444  -31.602  50.828 0.0000000000
62671  -42.802  -31.454  52.015 0.0000000000
49497  -40.363  -42.085  57.166 0.0000000000
48305  -39.281  -43.124  56.154 0.0000000000
50738  -39.896  -41.784  56.439 0.0000000000
53120  -38.567  -39.835  53.146 0.0000000000
50794  -37.940  -41.376  53.480 0.0000000000
51978  -37.599  -41.067  52.106 0.0000000000
49593  -37.355  -42.708  50.234 0.0000000000
50821  -37.456  -41.729  49.786 0.0000000000
50830  -37.452  -41.624  48.822 0.0000000000
52000  -37.463  -40.676  49.403 0.0000000000
55660  -38.955  -36.956  50.359 0.0000000000
54390  -37.948  -38.056  49.514 0.0000000000
55678  -38.182  -37.156  48.597 0.0000000000
55697  -37.873  -37.019  47.831 0.0000000000
45844  -23.509  -45.696  63.100 0.0000000000
45857  -23.091  -45.143  62.521 0.0000000000
45859  -24.230  -45.655  61.609 0.0000000000
44667  -25.823  -46.096  59.374 0.0000000000
45897  -25.235  -45.559  59.294 0.0000000000
45932  -25.547  -45.852  57.405 0.0000000000
45972  -24.810  -45.504  55.547 0.0000000000
45973  -25.472  -46.068  55.602 0.0000000000
60410  -38.757  -33.271  46.648 0.0000000000
59363  -37.864  -33.981  45.142 0.0000000000
61514  -39.104  -32.505  46.424 0.0000000000
64048  -40.178  -30.777  45.087 0.0000000000
62793  -39.497  -31.282  45.031 0.0000000000
62811  -38.887  -31.006  43.360 0.0000000000
67700  -42.350  -27.224  46.724 0.0000000000
66581  -41.723  -28.069  44.164 0.0000000000
67727  -42.645  -27.335  45.729 0.0000000000
67756  -42.930  -27.412  44.454 0.0000000000
67728  -43.826  -27.210  45.601 0.0000000000
42465  -33.390  -48.013  61.499 0.0000000000
42480  -32.257  -48.370  60.992 0.0000000000
42481  -33.349  -48.273  60.817 0.0000000000
44715  -34.799  -46.742  57.344 0.0000000000
44714  -33.876  -46.438  57.826 0.0000000000
45961  -34.312  -45.343  56.347 0.0000000000
47168  -33.472  -44.350  56.411 0.0000000000
47186  -34.312  -44.516  55.428 0.0000000000
47199  -37.667  -45.104  54.245 0.0000000000
44764  -37.244  -46.133  54.553 0.0000000000
46025  -37.252  -45.600  52.928 0.0000000000
47261  -34.768  -44.530  50.828 0.0000000000
47245  -34.698  -44.451  51.855 0.0000000000
48342  -34.293  -43.580  52.274 0.0000000000
49539  -34.141  -43.087  52.796 0.0000000000
49676  -37.153  -41.753  45.482 0.0000000000
48241  -35.787  -43.647  59.190 0.0000000000
51869  -40.909  -40.897  59.514 0.0000000000
61378  -45.129  -32.266  56.331 0.0000000000
67596  -43.977  -28.027  55.832 0.0000000000
67610  -43.604  -27.606  55.345 0.0000000000
66471  -42.822  -28.316  54.364 0.0000000000
68776  -42.761  -26.607  54.699 0.0000000000
72349  -43.075  -23.656  53.067 0.0000000000
69987  -42.288  -25.327  52.726 0.0000000000
71196  -42.871  -24.674  52.248 0.0000000000
70012  -43.356  -26.008  50.468 0.0000000000
69998  -44.438  -25.055  51.165 0.0000000000
70016  -47.281  -25.710  51.167 0.0000000000
68819  -46.041  -25.895  50.115 0.0000000000
68832  -46.680  -26.268  49.589 0.0000000000
67681  -46.193  -26.974  47.456 0.0000000000
68847  -47.252  -26.503  48.949 0.0000000000
72429  -48.349  -23.455  47.589 0.0000000000
68851  -51.043  -26.326  48.298 0.0000000000
68836  -50.342  -26.139  49.037 0.0000000000
67685  -50.202  -27.142  47.782 0.0000000000
67706  -48.665  -27.054  46.822 0.0000000000
67733  -49.174  -27.163  45.999 0.0000000000
67789  -49.281  -27.577  44.364 0.0000000000
67734  -50.077  -27.589  46.097 0.0000000000
66571  -52.520  -28.145  45.298 0.0000000000
66584  -51.672  -28.476  44.581 0.0000000000
66597  -52.052  -28.946  43.831 0.0000000000
70175  -51.018  -25.014  41.315 0.0000000000
68966  -51.878  -25.800  42.306 0.0000000000
70156  -52.855  -25.228  41.999 0.0000000000
50690  -19.347  -41.326  58.135 0.0000000000
50663  -18.100  -41.072  59.143 0.0000000000
50710  -18.579  -41.226  57.235 0.0000000000
50751  -17.988  -41.621  55.511 0.0000000000
50769  -18.790  -41.697  54.613 0.0000000000
48253  -22.696  -43.398  58.730 0.0000000000
49470  -22.258  -42.914  58.342 0.0000000000
49484  -22.212  -42.812  57.311 0.0000000000
49532  -21.512  -42.148  53.257 0.0000000000
47274  -20.284  -44.296  49.039 0.0000000000
43527  -30.570  -47.200  59.409 0.0000000000
44688  -29.115  -46.816  58.648 0.0000000000
45936  -29.685  -45.833  58.237 0.0000000000
48311  -27.805  -43.938  55.300 0.0000000000
47182  -27.147  -44.718  55.947 0.0000000000
47195  -26.662  -45.041  54.922 0.0000000000
46003  -26.190  -45.586  54.318 0.0000000000
47219  -26.983  -44.562  52.804 0.0000000000
44861  -27.151  -46.802  50.334 0.0000000000
56929  -39.970  -36.379  51.430 0.0000000000
58158  -40.148  -35.283  50.658 0.0000000000
58138  -40.647  -35.548  51.851 0.0000000000
59226  -42.410  -33.858  52.386 0.0000000000
60317  -43.463  -33.093  53.246 0.0000000000
53073  -41.513  -39.397  56.202 0.0000000000
51938  -40.102  -40.643  55.736 0.0000000000
53097  -40.250  -39.439  54.868 0.0000000000
53121  -39.305  -39.445  53.625 0.0000000000
54332  -38.647  -38.905  52.000 0.0000000000
53184  -37.810  -39.103  50.475 0.0000000000
54349  -39.240  -37.882  51.624 0.0000000000
55631  -39.587  -37.368  51.630 0.0000000000
65444  -48.444  -29.196  41.247 0.0000000000
43445  -25.522  -47.344  63.332 0.0000000000
44635  -24.702  -46.081  62.159 0.0000000000
43468  -26.045  -46.876  61.529 0.0000000000
44653  -26.360  -46.598  60.205 0.0000000000
44669  -27.342  -46.835  58.827 0.0000000000
61497  -40.962  -32.059  47.996 0.0000000000
62766  -40.097  -31.747  46.425 0.0000000000
64028  -41.193  -31.079  47.185 0.0000000000
64037  -40.844  -30.544  46.512 0.0000000000
65390  -40.634  -30.129  45.202 0.0000000000
65401  -40.964  -29.301  44.572 0.0000000000
66561  -40.936  -28.797  46.575 0.0000000000
67699  -41.463  -27.709  47.103 0.0000000000
67677  -42.277  -27.177  47.722 0.0000000000
44655  -35.556  -46.639  60.735 0.0000000000
42498  -35.181  -48.283  60.348 0.0000000000
43511  -35.669  -47.793  59.574 0.0000000000
43543  -36.544  -47.280  57.925 0.0000000000
44731  -35.905  -46.675  56.070 0.0000000000
47248  -37.163  -44.639  51.196 0.0000000000
46049  -36.621  -45.251  51.545 0.0000000000
47263  -36.452  -44.631  50.576 0.0000000000
47280  -34.966  -44.448  49.664 0.0000000000
48378  -33.594  -43.581  49.708 0.0000000000
49611  -32.418  -43.053  49.047 0.0000000000
48396  -32.864  -43.391  48.343 0.0000000000
53255  -36.976  -39.710  45.880 0.0000000000
53263  -36.576  -39.664  44.150 0.0000000000
72335  -45.101  -22.646  53.221 0.0000000000
71178  -45.325  -24.006  52.496 0.0000000000
72353  -46.478  -23.170  52.635 0.0000000000
71180  -46.956  -23.950  52.370 0.0000000000
70002  -48.072  -24.920  51.331 0.0000000000
72444  -47.771  -23.650  46.023 0.0000000000
71265  -49.038  -24.193  47.148 0.0000000000
71283  -48.846  -24.357  46.230 0.0000000000
71285  -50.667  -25.023  47.111 0.0000000000
68868  -51.981  -26.709  47.400 0.0000000000
67709  -51.413  -27.502  46.829 0.0000000000
68886  -52.380  -26.616  47.021 0.0000000000
67737  -52.726  -27.383  45.865 0.0000000000
67738  -53.202  -27.099  45.260 0.0000000000
72511  -51.195  -24.077  40.485 0.0000000000
70157  -53.751  -24.412  41.938 0.0000000000
70178  -53.869  -24.204  41.040 0.0000000000
50540  -19.181  -40.488  64.443 0.0000000000
50577  -18.873  -40.659  62.668 0.0000000000
50597  -19.271  -41.188  62.395 0.0000000000
50641  -19.935  -41.588  60.322 0.0000000000
50665  -20.144  -41.568  59.038 0.0000000000
48295  -23.297  -43.752  55.331 0.0000000000
48294  -22.725  -43.333  55.800 0.0000000000
48310  -23.373  -43.688  54.344 0.0000000000
48355  -22.852  -43.516  51.157 0.0000000000
48374  -22.506  -43.400  50.140 0.0000000000
47275  -21.278  -44.433  48.921 0.0000000000
47291  -22.793  -45.119  48.744 0.0000000000
47148  -30.936  -44.997  57.600 0.0000000000
47147  -29.913  -45.042  57.767 0.0000000000
48280  -29.551  -43.872  56.688 0.0000000000
48312  -28.582  -43.482  54.973 0.0000000000
48326  -28.546  -43.489  53.968 0.0000000000
57040  -37.162  -36.744  45.954 0.0000000000
58259  -37.390  -35.744  45.735 0.0000000000
58237  -37.636  -35.822  46.688 0.0000000000
59325  -38.469  -34.486  47.187 0.0000000000
60376  -40.031  -33.515  48.428 0.0000000000
59272  -40.423  -34.284  49.742 0.0000000000
60364  -40.769  -33.355  49.223 0.0000000000
61481  -40.752  -32.511  48.377 0.0000000000
62727  -41.675  -31.797  48.847 0.0000000000
63985  -42.084  -31.341  49.607 0.0000000000
65323  -41.447  -29.969  51.360 0.0000000000
48257  -39.858  -43.697  58.135 0.0000000000
45942  -38.795  -45.074  57.434 0.0000000000
47171  -39.344  -44.018  56.561 0.0000000000
47187  -38.660  -44.305  55.671 0.0000000000
48331  -37.722  -43.862  53.616 0.0000000000
50773  -38.983  -41.422  55.055 0.0000000000
49540  -37.675  -42.850  53.476 0.0000000000
48361  -37.551  -43.809  51.692 0.0000000000
48380  -37.330  -43.638  50.702 0.0000000000
48413  -36.935  -43.197  48.996 0.0000000000
48427  -36.158  -43.285  47.945 0.0000000000
49639  -35.863  -42.887  47.018 0.0000000000
49640  -36.991  -42.576  47.218 0.0000000000
50845  -37.390  -41.459  46.699 0.0000000000
52026  -37.297  -40.366  47.285 0.0000000000
53202  -37.480  -39.567  49.055 0.0000000000
53216  -37.373  -39.418  48.055 0.0000000000
53244  -37.153  -39.593  46.607 0.0000000000
54450  -37.300  -38.545  46.729 0.0000000000
55718  -37.032  -37.564  46.241 0.0000000000
68964  -50.090  -26.099  42.712 0.0000000000
70173  -48.908  -25.396  41.215 0.0000000000
71370  -49.295  -24.611  40.949 0.0000000000
71351  -50.359  -23.834  41.208 0.0000000000
71352  -50.623  -23.746  41.014 0.0000000000
73638  -50.255  -22.972  40.551 0.0000000000
47053  -21.998  -44.464  63.361 0.0000000000
48215  -21.980  -43.589  61.815 0.0000000000
47083  -22.357  -44.087  61.753 0.0000000000
47099  -23.055  -44.147  60.182 0.0000000000
47117  -23.561  -44.245  59.255 0.0000000000
45877  -24.502  -45.510  60.617 0.0000000000
47135  -24.300  -44.730  58.529 0.0000000000
47144  -23.832  -44.407  57.152 0.0000000000
47180  -24.229  -44.725  55.444 0.0000000000
47194  -24.309  -44.945  54.605 0.0000000000
46001  -24.871  -45.468  53.167 0.0000000000
59362  -37.312  -34.858  44.819 0.0000000000
59375  -37.019  -34.125  44.130 0.0000000000
62780  -39.103  -31.707  45.379 0.0000000000
67784  -44.018  -27.238  43.506 0.0000000000
67785  -45.233  -27.318  43.756 0.0000000000
41535  -30.319  -48.524  62.241 0.0000000000
42477  -29.612  -48.331  60.657 0.0000000000
42478  -30.572  -48.497  60.961 0.0000000000
43508  -30.958  -47.575  60.000 0.0000000000
44713  -31.670  -46.368  58.716 0.0000000000
43529  -33.683  -47.871  59.415 0.0000000000
45918  -32.630  -46.292  58.633 0.0000000000
45938  -31.850  -45.720  58.197 0.0000000000
47167  -32.394  -44.348  56.975 0.0000000000
48283  -32.623  -43.566  56.156 0.0000000000
49508  -32.616  -42.807  54.816 0.0000000000
45962  -37.867  -45.875  56.249 0.0000000000
44748  -36.656  -46.439  55.252 0.0000000000
44747  -35.832  -46.205  54.875 0.0000000000
46023  -36.006  -45.465  52.226 0.0000000000
47211  -35.243  -44.980  53.415 0.0000000000
45990  -35.200  -45.086  54.509 0.0000000000
48317  -34.408  -43.876  54.173 0.0000000000
49524  -32.999  -42.587  54.184 0.0000000000
49673  -34.833  -42.048  45.267 0.0000000000
56820  -43.355  -36.611  56.114 0.0000000000
58067  -43.633  -35.482  55.847 0.0000000000
50541  -19.612  -40.879  65.147 0.0000000000
48171  -21.381  -43.820  64.978 0.0000000000
47034  -21.976  -44.725  64.543 0.0000000000
45815  -22.801  -45.678  64.704 0.0000000000
43432  -25.702  -47.338  64.502 0.0000000000
43433  -26.806  -47.607  64.267 0.0000000000
42421  -28.215  -48.143  63.586 0.0000000000
42437  -29.772  -47.808  62.730 0.0000000000
43459  -30.853  -47.717  62.557 0.0000000000
43471  -32.025  -47.326  62.122 0.0000000000
44640  -33.711  -46.740  61.508 0.0000000000
47102  -32.936  -44.704  60.980 0.0000000000
45863  -34.572  -46.160  61.104 0.0000000000
45882  -35.891  -45.763  60.435 0.0000000000
45899  -37.086  -45.302  59.876 0.0000000000
48243  -38.102  -43.597  59.329 0.0000000000
48244  -39.028  -43.567  59.258 0.0000000000
49460  -40.368  -42.505  58.900 0.0000000000
49473  -40.879  -42.240  58.254 0.0000000000
55552  -43.200  -37.431  56.325 0.0000000000
59183  -44.297  -33.929  55.422 0.0000000000
61402  -44.493  -32.412  54.650 0.0000000000
62641  -44.332  -31.612  54.089 0.0000000000
66454  -44.349  -28.905  56.449 0.0000000000
65289  -44.315  -29.893  55.117 0.0000000000
63935  -43.488  -30.664  53.481 0.0000000000
63934  -42.863  -30.302  53.072 0.0000000000
65301  -41.921  -29.311  53.108 0.0000000000
66491  -41.403  -28.699  52.405 0.0000000000
69975  -42.166  -25.299  53.987 0.0000000000
68800  -41.442  -26.959  52.023 0.0000000000
67646  -41.234  -27.647  50.722 0.0000000000
67647  -41.760  -27.203  50.174 0.0000000000
68828  -42.802  -26.855  49.127 0.0000000000
68843  -43.572  -26.707  48.601 0.0000000000
70014  -45.290  -25.507  50.612 0.0000000000
68830  -44.630  -26.349  49.266 0.0000000000
68864  -44.238  -26.603  48.071 0.0000000000
67680  -45.135  -26.713  47.632 0.0000000000
67703  -45.618  -27.043  46.631 0.0000000000
67759  -46.663  -27.610  44.911 0.0000000000
72379  -48.127  -23.259  50.511 0.0000000000
70018  -48.577  -25.175  50.533 0.0000000000
71230  -49.678  -25.177  49.229 0.0000000000
70031  -49.345  -25.482  49.622 0.0000000000
68848  -48.259  -26.531  49.103 0.0000000000
67683  -48.191  -26.935  47.579 0.0000000000
67705  -47.626  -27.094  46.741 0.0000000000
67787  -47.320  -27.635  44.047 0.0000000000
67813  -48.099  -27.729  43.252 0.0000000000
66617  -48.956  -28.154  42.649 0.0000000000
66645  -49.813  -28.753  42.236 0.0000000000
66583  -50.935  -28.143  44.538 0.0000000000
66595  -50.510  -28.304  43.814 0.0000000000
65446  -50.942  -29.481  42.282 0.0000000000
68949  -51.527  -25.888  43.113 0.0000000000
70125  -52.537  -25.317  43.995 0.0000000000
67766  -53.388  -27.007  44.610 0.0000000000
70127  -54.306  -24.787  43.209 0.0000000000
67791  -53.535  -27.327  43.612 0.0000000000
66599  -53.253  -28.552  43.678 0.0000000000
50615  -18.161  -41.041  60.978 0.0000000000
49435  -21.668  -42.717  60.491 0.0000000000
49448  -21.060  -41.835  58.704 0.0000000000
50713  -21.062  -41.735  56.913 0.0000000000
49506  -21.852  -42.265  54.846 0.0000000000
50755  -21.307  -41.886  55.148 0.0000000000
50770  -19.906  -41.600  54.563 0.0000000000
50788  -18.919  -41.823  53.232 0.0000000000
43486  -28.644  -47.966  60.229 0.0000000000
43524  -28.219  -47.152  58.949 0.0000000000
44708  -27.354  -46.534  57.684 0.0000000000
45958  -28.480  -45.345  57.354 0.0000000000
45956  -27.151  -46.086  56.674 0.0000000000
44728  -26.525  -46.370  56.544 0.0000000000
44761  -26.106  -46.118  54.856 0.0000000000
46002  -25.548  -45.675  53.831 0.0000000000
46042  -25.404  -45.424  51.578 0.0000000000
47209  -29.150  -44.007  52.758 0.0000000000
47220  -27.986  -44.608  52.488 0.0000000000
47242  -27.705  -44.938  51.995 0.0000000000
46066  -26.788  -45.529  50.972 0.0000000000
46065  -25.980  -45.559  50.949 0.0000000000
46064  -25.226  -45.676  50.592 0.0000000000
55575  -41.686  -37.386  54.850 0.0000000000
56845  -41.687  -36.736  54.241 0.0000000000
67838  -46.526  -27.842  42.316 0.0000000000
42434  -28.070  -48.474  62.977 0.0000000000
42446  -27.870  -48.417  62.139 0.0000000000
58258  -36.841  -36.053  45.132 0.0000000000
65340  -40.863  -30.023  48.889 0.0000000000
66519  -40.622  -29.142  49.169 0.0000000000
45901  -38.351  -45.499  59.176 0.0000000000
44695  -38.098  -46.093  58.975 0.0000000000
45919  -38.586  -45.474  58.556 0.0000000000
48426  -35.223  -43.442  47.746 0.0000000000
70123  -49.195  -25.486  43.767 0.0000000000
68918  -50.276  -25.587  44.511 0.0000000000
68947  -49.928  -25.924  43.449 0.0000000000
49404  -20.732  -42.512  62.510 0.0000000000
48200  -21.239  -43.019  62.708 0.0000000000
47240  -24.381  -45.260  51.933 0.0000000000
47239  -23.931  -44.823  51.656 0.0000000000
46040  -24.126  -45.127  50.791 0.0000000000
46062  -23.907  -45.275  50.044 0.0000000000
46063  -24.473  -45.515  50.404 0.0000000000
48315  -31.368  -42.721  54.554 0.0000000000
56962  -38.577  -36.375  49.169 0.0000000000
58177  -38.869  -35.854  49.460 0.0000000000
60340  -42.764  -33.010  51.747 0.0000000000
60339  -42.434  -32.996  51.091 0.0000000000
61440  -42.903  -32.563  51.797 0.0000000000
62685  -42.837  -31.888  51.529 0.0000000000
62672  -43.376  -31.646  52.570 0.0000000000
50719  -40.702  -41.741  57.254 0.0000000000
49496  -40.015  -42.155  56.778 0.0000000000
50739  -40.505  -41.356  56.708 0.0000000000
51983  -37.802  -40.287  51.954 0.0000000000
51982  -37.473  -40.764  51.249 0.0000000000
50809  -37.343  -41.807  50.729 0.0000000000
51987  -37.429  -40.814  50.322 0.0000000000
55659  -38.489  -37.344  49.681 0.0000000000
44623  -23.828  -46.234  63.690 0.0000000000
45845  -24.064  -45.776  62.396 0.0000000000
44684  -26.179  -46.359  58.092 0.0000000000
45954  -25.483  -45.965  56.359 0.0000000000
60411  -39.348  -33.056  47.266 0.0000000000
61515  -39.790  -32.351  46.938 0.0000000000
64059  -40.093  -30.404  44.199 0.0000000000
64047  -39.720  -30.831  44.411 0.0000000000
67701  -43.389  -27.088  46.547 0.0000000000
42466  -33.915  -47.862  61.481 0.0000000000
42482  -34.401  -48.185  61.102 0.0000000000
45976  -35.121  -45.332  55.132 0.0000000000
47212  -37.613  -44.713  53.550 0.0000000000
46005  -37.474  -45.580  53.938 0.0000000000
48360  -34.138  -43.674  51.188 0.0000000000
49572  -33.948  -43.101  51.705 0.0000000000
49571  -33.314  -42.504  51.171 0.0000000000
50862  -37.300  -41.327  45.803 0.0000000000
50861  -36.898  -41.310  45.180 0.0000000000
68777  -43.321  -26.809  55.272 0.0000000000
72334  -44.154  -22.745  53.445 0.0000000000
72350  -43.741  -23.460  53.010 0.0000000000
71176  -43.322  -24.029  52.557 0.0000000000
71197  -43.765  -24.567  51.853 0.0000000000
68820  -47.023  -26.105  50.474 0.0000000000
68833  -47.668  -26.307  49.840 0.0000000000
72442  -46.443  -23.624  46.673 0.0000000000
72435  -46.925  -23.326  47.214 0.0000000000
72428  -47.517  -22.739  47.968 0.0000000000
68866  -50.767  -26.927  48.002 0.0000000000
67707  -49.651  -27.286  46.914 0.0000000000
66572  -53.019  -27.754  45.112 0.0000000000
66585  -52.327  -28.593  44.634 0.0000000000
66598  -52.724  -28.894  44.020 0.0000000000
70155  -51.766  -25.435  41.608 0.0000000000
51771  -18.226  -40.191  62.972 0.0000000000
50752  -18.839  -41.621  55.551 0.0000000000
50731  -19.562  -41.469  56.298 0.0000000000
48266  -22.701  -43.380  57.822 0.0000000000
48278  -22.713  -43.361  56.800 0.0000000000
48390  -19.962  -43.409  49.222 0.0000000000
44712  -30.966  -46.174  58.568 0.0000000000
44689  -30.097  -46.583  58.748 0.0000000000
44711  -30.348  -46.058  58.428 0.0000000000
47196  -27.261  -44.298  54.683 0.0000000000
47206  -26.719  -44.680  53.910 0.0000000000
58118  -40.904  -35.845  52.476 0.0000000000
59211  -42.586  -34.335  53.182 0.0000000000
58120  -42.037  -34.595  52.748 0.0000000000
59227  -42.920  -33.657  52.960 0.0000000000
53072  -40.790  -39.402  55.563 0.0000000000
54288  -40.706  -38.868  55.105 0.0000000000
53122  -39.933  -39.045  54.137 0.0000000000
54317  -39.438  -38.792  52.964 0.0000000000
53146  -38.918  -39.094  52.751 0.0000000000
54333  -39.429  -38.277  52.252 0.0000000000
55632  -40.120  -37.128  52.088 0.0000000000
56928  -39.535  -36.798  51.181 0.0000000000
43456  -25.934  -47.116  62.153 0.0000000000
43469  -26.801  -47.134  61.233 0.0000000000
43484  -27.177  -46.991  59.903 0.0000000000
44668  -26.769  -46.627  59.093 0.0000000000
43503  -27.283  -46.897  59.239 0.0000000000
58290  -36.139  -35.751  43.272 0.0000000000
62745  -41.181  -31.712  47.975 0.0000000000
62768  -41.043  -31.618  47.375 0.0000000000
65363  -40.810  -29.834  47.508 0.0000000000
65381  -40.846  -29.987  46.878 0.0000000000
65391  -40.885  -29.729  45.855 0.0000000000
66560  -40.758  -29.424  46.902 0.0000000000
67663  -42.155  -27.271  48.654 0.0000000000
44656  -36.360  -46.600  60.288 0.0000000000
43491  -35.807  -47.449  60.358 0.0000000000
43492  -36.464  -47.072  60.062 0.0000000000
43544  -37.089  -47.100  57.914 0.0000000000
43533  -37.055  -47.156  58.563 0.0000000000
44716  -36.135  -47.101  57.107 0.0000000000
44732  -36.818  -46.674  56.339 0.0000000000
47264  -36.915  -44.065  50.327 0.0000000000
47281  -35.934  -44.395  49.870 0.0000000000
48398  -34.138  -43.928  49.410 0.0000000000
48397  -33.462  -43.560  48.934 0.0000000000
53254  -36.775  -39.681  45.081 0.0000000000
73429  -45.507  -21.954  53.285 0.0000000000
72336  -45.848  -22.656  52.994 0.0000000000
73455  -46.709  -22.267  51.883 0.0000000000
73443  -46.865  -22.786  52.146 0.0000000000
72354  -47.194  -23.442  52.045 0.0000000000
71201  -47.555  -24.322  51.848 0.0000000000
72364  -47.690  -23.620  51.454 0.0000000000
71321  -47.275  -24.621  43.782 0.0000000000
71320  -46.387  -24.410  43.546 0.0000000000
71309  -47.557  -24.245  44.590 0.0000000000
71296  -47.966  -24.036  45.293 0.0000000000
72445  -48.311  -23.979  45.896 0.0000000000
71297  -48.594  -24.408  45.442 0.0000000000
70085  -50.652  -25.104  46.354 0.0000000000
70064  -51.327  -25.430  47.455 0.0000000000
70065  -51.797  -26.088  47.617 0.0000000000
70066  -52.187  -26.380  47.266 0.0000000000
70087  -52.072  -25.550  46.784 0.0000000000
70100  -52.753  -25.830  45.914 0.0000000000
68905  -53.081  -26.528  45.722 0.0000000000
70101  -53.189  -26.032  45.452 0.0000000000
71373  -52.015  -24.343  40.346 0.0000000000
50558  -19.561  -41.186  64.265 0.0000000000
50578  -19.434  -41.200  63.270 0.0000000000
49403  -19.948  -41.753  62.718 0.0000000000
49420  -20.831  -42.324  61.215 0.0000000000
50617  -20.145  -41.723  61.227 0.0000000000
47193  -23.866  -44.244  54.912 0.0000000000
48356  -23.447  -44.161  51.137 0.0000000000
48393  -22.800  -43.941  49.483 0.0000000000
46099  -23.294  -45.992  48.760 0.0000000000
47166  -31.218  -44.250  57.063 0.0000000000
47165  -30.170  -44.250  57.284 0.0000000000
48281  -30.414  -43.671  56.505 0.0000000000
48313  -29.583  -43.071  54.507 0.0000000000
48298  -29.417  -43.483  55.794 0.0000000000
57023  -37.418  -36.608  46.532 0.0000000000
58220  -37.821  -35.714  47.216 0.0000000000
59292  -39.127  -34.815  48.667 0.0000000000
59310  -38.969  -34.600  48.178 0.0000000000
59311  -39.550  -33.904  48.145 0.0000000000
59240  -40.739  -34.819  51.252 0.0000000000
58179  -39.910  -34.879  49.983 0.0000000000
59253  -40.751  -34.477  50.609 0.0000000000
60352  -41.927  -32.903  50.158 0.0000000000
59273  -41.016  -33.504  49.699 0.0000000000
60365  -41.243  -32.836  49.380 0.0000000000
60378  -40.925  -32.831  49.002 0.0000000000
61470  -41.400  -32.511  49.171 0.0000000000
61482  -41.168  -32.354  48.692 0.0000000000
62728  -41.885  -32.095  49.185 0.0000000000
63961  -42.452  -31.297  51.445 0.0000000000
63974  -42.084  -31.084  50.480 0.0000000000
65333  -41.473  -30.326  50.531 0.0000000000
47150  -39.338  -44.437  57.586 0.0000000000
48268  -39.854  -43.470  57.387 0.0000000000
48304  -38.786  -43.339  55.603 0.0000000000
47188  -39.060  -43.729  55.976 0.0000000000
48318  -38.369  -43.721  55.027 0.0000000000
48332  -37.972  -43.552  54.290 0.0000000000
51957  -39.676  -40.537  55.043 0.0000000000
50774  -39.451  -41.120  55.294 0.0000000000
51956  -39.127  -40.678  54.624 0.0000000000
50793  -37.629  -41.810  52.767 0.0000000000
50782  -37.744  -41.987  53.502 0.0000000000
49555  -37.535  -42.869  52.245 0.0000000000
49613  -37.279  -42.570  49.320 0.0000000000
48428  -36.771  -43.083  48.277 0.0000000000
50837  -37.437  -41.553  47.771 0.0000000000
54365  -37.729  -38.964  50.168 0.0000000000
54389  -37.669  -38.793  49.664 0.0000000000
54410  -37.669  -38.311  48.712 0.0000000000
53232  -37.365  -39.287  47.250 0.0000000000
55696  -37.524  -37.452  47.194 0.0000000000
72508  -48.900  -23.549  41.019 0.0000000000
72489  -49.366  -23.182  41.384 0.0000000000
72509  -49.747  -23.983  41.222 0.0000000000
72490  -49.812  -23.314  41.400 0.0000000000
73614  -50.109  -22.581  41.267 0.0000000000
73615  -50.527  -23.093  40.994 0.0000000000
72510  -50.672  -23.623  40.674 0.0000000000
47068  -22.204  -44.229  62.331 0.0000000000
47085  -23.481  -45.008  61.273 0.0000000000
47084  -22.909  -44.523  61.533 0.0000000000
47116  -23.071  -43.890  59.570 0.0000000000
44651  -24.882  -45.924  61.353 0.0000000000
45878  -25.165  -45.687  59.935 0.0000000000
45931  -24.943  -45.243  57.929 0.0000000000
45913  -24.853  -45.182  58.922 0.0000000000
47134  -23.761  -44.283  58.027 0.0000000000
47161  -24.237  -44.746  56.394 0.0000000000
47205  -24.338  -45.040  53.560 0.0000000000
58260  -37.700  -35.340  46.328 0.0000000000
59345  -37.548  -35.071  45.512 0.0000000000
60442  -37.500  -33.724  44.476 0.0000000000
62781  -39.582  -31.741  45.915 0.0000000000
62805  -38.222  -31.619  43.737 0.0000000000
67783  -42.766  -27.577  43.153 0.0000000000
41547  -31.008  -48.801  62.021 0.0000000000
42462  -30.843  -48.714  61.623 0.0000000000
42463  -31.564  -48.674  61.653 0.0000000000
43488  -32.425  -48.060  60.434 0.0000000000
42495  -31.869  -48.174  60.550 0.0000000000
43509  -32.125  -47.587  59.941 0.0000000000
43528  -31.400  -47.165  59.558 0.0000000000
44691  -32.202  -46.794  59.133 0.0000000000
42506  -34.926  -48.290  59.567 0.0000000000
42505  -34.340  -48.351  59.608 0.0000000000
43530  -34.403  -47.908  58.960 0.0000000000
44692  -33.548  -47.008  58.666 0.0000000000
45939  -33.213  -45.854  58.067 0.0000000000
45959  -32.547  -45.168  57.613 0.0000000000
47149  -31.801  -44.879  57.504 0.0000000000
48284  -33.374  -43.695  55.879 0.0000000000
48301  -32.954  -43.163  55.437 0.0000000000
48300  -31.800  -42.997  55.251 0.0000000000
45963  -38.377  -45.495  56.756 0.0000000000
45978  -38.063  -45.559  55.784 0.0000000000
44762  -36.017  -46.048  53.774 0.0000000000
46048  -36.020  -45.157  51.281 0.0000000000
47225  -35.262  -45.035  52.493 0.0000000000
47198  -35.176  -44.904  54.092 0.0000000000
47210  -34.800  -44.401  53.737 0.0000000000
47197  -34.790  -44.587  54.564 0.0000000000
49538  -33.684  -42.695  53.334 0.0000000000
49537  -32.548  -42.218  53.288 0.0000000000
49654  -35.388  -42.452  46.186 0.0000000000
51724  -19.418  -40.456  65.750 0.0000000000
47016  -21.823  -44.387  65.563 0.0000000000
43431  -24.842  -47.187  64.191 0.0000000000
43449  -30.048  -47.500  62.745 0.0000000000
44613  -30.414  -46.872  62.734 0.0000000000
44639  -32.932  -46.729  61.807 0.0000000000
48229  -33.697  -43.514  60.356 0.0000000000
48228  -33.121  -43.932  60.698 0.0000000000
47103  -33.727  -44.676  60.343 0.0000000000
45879  -33.577  -45.392  60.922 0.0000000000
45880  -34.270  -45.587  60.763 0.0000000000
45881  -35.096  -45.848  60.835 0.0000000000
47104  -34.721  -45.132  60.351 0.0000000000
48255  -36.167  -43.171  59.032 0.0000000000
47122  -36.537  -44.552  59.563 0.0000000000
47123  -37.545  -44.530  59.548 0.0000000000
49459  -39.600  -42.677  59.297 0.0000000000
48245  -39.682  -43.478  58.820 0.0000000000
50677  -41.067  -41.602  58.902 0.0000000000
50678  -41.507  -41.233  58.492 0.0000000000
50700  -41.535  -41.458  57.978 0.0000000000
58068  -44.177  -34.625  55.897 0.0000000000
59182  -43.759  -34.569  55.307 0.0000000000
59169  -44.725  -33.921  56.144 0.0000000000
62623  -45.049  -31.490  55.908 0.0000000000
61389  -44.733  -32.360  55.253 0.0000000000
62630  -44.664  -31.638  55.010 0.0000000000
66473  -44.069  -28.760  55.390 0.0000000000
63918  -44.209  -30.680  54.460 0.0000000000
63917  -43.687  -30.285  54.264 0.0000000000
65303  -43.294  -29.978  54.170 0.0000000000
67621  -42.257  -27.516  53.999 0.0000000000
66482  -42.297  -28.664  53.748 0.0000000000
66481  -41.710  -28.498  53.098 0.0000000000
67629  -41.480  -27.817  52.622 0.0000000000
73426  -43.113  -22.460  54.548 0.0000000000
68801  -41.866  -26.153  52.303 0.0000000000
68807  -41.589  -26.996  51.080 0.0000000000
68815  -41.740  -27.048  50.535 0.0000000000
68816  -42.561  -26.593  50.275 0.0000000000
68829  -43.644  -26.555  49.325 0.0000000000
71198  -44.919  -24.586  51.925 0.0000000000
69999  -45.647  -25.089  51.366 0.0000000000
68831  -45.653  -26.225  49.324 0.0000000000
68818  -44.938  -25.944  49.903 0.0000000000
68844  -44.378  -26.540  48.683 0.0000000000
68865  -44.792  -26.552  48.221 0.0000000000
67664  -45.447  -26.663  48.047 0.0000000000
67730  -46.103  -27.347  45.764 0.0000000000
72419  -48.257  -23.000  48.785 0.0000000000
73499  -48.040  -22.591  49.674 0.0000000000
72399  -48.415  -23.324  49.875 0.0000000000
71219  -48.443  -24.125  50.576 0.0000000000
71246  -49.104  -24.104  48.216 0.0000000000
71247  -50.016  -24.987  48.633 0.0000000000
68835  -49.810  -26.150  49.337 0.0000000000
68834  -48.674  -26.041  49.906 0.0000000000
67668  -48.738  -26.785  48.356 0.0000000000
67731  -47.108  -27.301  45.836 0.0000000000
67760  -47.686  -27.491  45.009 0.0000000000
67788  -48.333  -27.494  44.190 0.0000000000
67814  -49.075  -27.790  43.522 0.0000000000
66618  -49.968  -28.307  43.065 0.0000000000
67735  -50.984  -27.822  46.116 0.0000000000
67764  -51.356  -28.099  45.304 0.0000000000
66596  -51.322  -28.584  43.866 0.0000000000
66619  -51.016  -28.892  43.101 0.0000000000
66646  -50.442  -28.833  42.642 0.0000000000
70153  -49.783  -25.985  41.849 0.0000000000
68965  -50.822  -26.044  42.431 0.0000000000
70138  -52.971  -25.117  43.101 0.0000000000
68950  -52.286  -25.561  43.141 0.0000000000
70113  -53.264  -25.678  44.934 0.0000000000
68936  -53.681  -26.063  44.167 0.0000000000
71353  -53.919  -24.012  41.861 0.0000000000
71335  -54.029  -24.192  42.522 0.0000000000
70140  -54.445  -24.684  42.612 0.0000000000
68951  -54.062  -26.247  43.186 0.0000000000
50596  -18.634  -40.952  61.861 0.0000000000
51820  -18.075  -40.750  61.539 0.0000000000
50689  -18.374  -41.073  58.191 0.0000000000
50750  -17.349  -41.661  55.763 0.0000000000
49518  -18.233  -41.914  54.139 0.0000000000
49517  -17.566  -42.214  54.542 0.0000000000
49528  -17.571  -42.755  53.272 0.0000000000
49544  -17.691  -42.925  52.228 0.0000000000
48226  -22.162  -43.309  60.996 0.0000000000
49421  -21.678  -42.925  61.351 0.0000000000
49469  -21.525  -42.205  57.870 0.0000000000
49449  -21.921  -42.621  59.274 0.0000000000
49468  -20.990  -41.750  58.053 0.0000000000
49520  -22.285  -42.686  54.381 0.0000000000
49507  -22.349  -42.723  55.312 0.0000000000
50790  -20.794  -41.839  53.111 0.0000000000
50772  -21.429  -41.886  54.471 0.0000000000
50771  -20.791  -41.683  54.498 0.0000000000
50754  -20.560  -41.625  55.311 0.0000000000
50780  -20.255  -41.764  53.669 0.0000000000
49530  -19.652  -41.854  53.198 0.0000000000
46084  -21.584  -45.517  48.729 0.0000000000
42492  -29.875  -48.011  60.151 0.0000000000
43487  -29.097  -48.126  60.341 0.0000000000
43506  -29.307  -47.801  59.880 0.0000000000
44710  -28.597  -46.566  58.319 0.0000000000
44687  -28.448  -46.891  58.566 0.0000000000
44686  -27.777  -46.846  58.526 0.0000000000
47164  -29.010  -44.608  57.081 0.0000000000
47146  -29.113  -45.354  57.713 0.0000000000
47163  -27.957  -44.993  56.805 0.0000000000
47181  -26.645  -45.305  55.507 0.0000000000
47162  -27.377  -45.412  56.619 0.0000000000
45974  -26.673  -45.691  55.959 0.0000000000
45955  -26.628  -46.140  56.207 0.0000000000
44745  -26.312  -46.209  55.682 0.0000000000
44774  -25.828  -45.814  54.319 0.0000000000
46017  -25.514  -45.358  52.634 0.0000000000
47221  -28.935  -44.675  52.586 0.0000000000
47208  -28.567  -43.952  53.074 0.0000000000
46045  -28.126  -45.737  51.834 0.0000000000
46019  -27.995  -45.226  52.033 0.0000000000
46044  -27.505  -45.374  51.540 0.0000000000
47241  -27.295  -44.749  52.058 0.0000000000
44860  -26.710  -46.698  50.130 0.0000000000
44832  -26.393  -46.077  50.470 0.0000000000
44831  -25.781  -45.922  50.423 0.0000000000
44859  -25.578  -46.393  49.725 0.0000000000
56905  -41.118  -36.039  52.857 0.0000000000
58102  -41.548  -35.856  53.242 0.0000000000
59196  -42.801  -34.749  53.982 0.0000000000
55550  -42.177  -37.773  55.506 0.0000000000
54289  -41.383  -38.425  55.351 0.0000000000
54305  -41.176  -37.942  54.783 0.0000000000
55574  -41.069  -37.670  54.381 0.0000000000
55598  -40.728  -37.564  53.627 0.0000000000
54334  -39.977  -37.996  52.592 0.0000000000
56875  -40.644  -37.059  53.100 0.0000000000
67836  -44.829  -27.798  41.827 0.0000000000
66641  -45.719  -28.213  41.261 0.0000000000
66666  -46.619  -28.705  40.799 0.0000000000
66642  -46.684  -28.230  41.545 0.0000000000
66615  -47.183  -28.111  42.119 0.0000000000
43457  -26.756  -47.887  62.441 0.0000000000
43458  -27.308  -48.263  62.184 0.0000000000
59361  -36.879  -35.093  44.341 0.0000000000
65350  -41.294  -30.643  48.541 0.0000000000
65349  -40.904  -30.115  48.136 0.0000000000
66543  -40.718  -29.235  47.275 0.0000000000
66530  -40.920  -28.394  48.596 0.0000000000
67662  -41.458  -27.745  49.055 0.0000000000
45884  -37.247  -45.937  59.872 0.0000000000
44673  -37.442  -46.433  59.498 0.0000000000
44694  -37.651  -46.639  58.743 0.0000000000
44718  -37.556  -46.681  57.879 0.0000000000
48412  -36.361  -43.706  48.926 0.0000000000
47297  -36.166  -44.101  49.435 0.0000000000
48409  -33.554  -43.537  48.085 0.0000000000
48424  -33.453  -43.077  47.511 0.0000000000
49636  -33.149  -42.544  47.138 0.0000000000
55717  -36.751  -38.092  45.901 0.0000000000
54485  -36.374  -38.693  43.669 0.0000000000
71310  -48.299  -24.553  44.646 0.0000000000
71311  -48.953  -24.803  44.974 0.0000000000
70097  -50.206  -25.173  45.715 0.0000000000
70098  -51.124  -25.268  45.727 0.0000000000
68919  -50.925  -25.629  44.482 0.0000000000
70111  -51.700  -25.390  44.784 0.0000000000
48324  -23.364  -43.680  53.226 0.0000000000
47277  -23.355  -44.737  49.403 0.0000000000
44857  -24.118  -46.011  49.322 0.0000000000
49534  -29.728  -42.961  53.631 0.0000000000
57004  -38.067  -36.454  48.026 0.0000000000
58200  -38.869  -35.346  48.879 0.0000000000
59242  -42.060  -33.705  51.526 0.0000000000
59254  -41.151  -33.871  50.275 0.0000000000
61456  -42.297  -32.446  50.276 0.0000000000
62702  -42.522  -31.979  50.542 0.0000000000
48269  -40.208  -42.678  57.335 0.0000000000
48285  -39.799  -42.919  56.787 0.0000000000
48286  -40.104  -42.479  57.032 0.0000000000
49512  -39.597  -42.291  56.292 0.0000000000
49511  -39.109  -42.297  55.649 0.0000000000
51971  -38.587  -40.632  53.974 0.0000000000
51979  -38.017  -40.644  52.836 0.0000000000
50801  -37.434  -41.875  51.703 0.0000000000
55644  -38.745  -37.591  50.676 0.0000000000
54411  -38.071  -37.692  49.119 0.0000000000
55677  -37.765  -37.673  47.990 0.0000000000
45843  -22.897  -45.332  63.204 0.0000000000
45858  -23.547  -45.334  61.935 0.0000000000
45876  -23.831  -45.321  61.161 0.0000000000
45914  -25.473  -45.699  58.486 0.0000000000
45953  -24.963  -45.315  56.824 0.0000000000
60427  -38.240  -33.468  45.676 0.0000000000
61531  -38.719  -32.390  45.656 0.0000000000
62794  -39.915  -31.290  45.483 0.0000000000
62806  -39.127  -31.145  44.152 0.0000000000
67726  -41.641  -27.744  46.054 0.0000000000
67755  -41.923  -27.658  45.103 0.0000000000
42464  -32.386  -48.324  61.775 0.0000000000
43489  -32.793  -48.155  60.613 0.0000000000
43510  -33.097  -47.899  60.146 0.0000000000
44693  -34.423  -47.359  58.278 0.0000000000
45940  -33.954  -45.908  57.375 0.0000000000
47169  -34.004  -44.581  56.022 0.0000000000
45993  -38.232  -45.031  55.353 0.0000000000
45992  -37.783  -45.498  54.849 0.0000000000
44778  -37.064  -46.059  53.673 0.0000000000
44777  -36.574  -46.153  53.418 0.0000000000
48330  -34.346  -43.596  53.311 0.0000000000
49554  -33.824  -42.773  52.251 0.0000000000
49656  -37.228  -42.110  46.011 0.0000000000
47070  -30.483  -45.238  62.813 0.0000000000
48230  -34.228  -43.229  60.002 0.0000000000
48240  -34.757  -43.614  59.550 0.0000000000
50676  -40.252  -41.723  59.511 0.0000000000
61365  -45.017  -32.475  56.825 0.0000000000
60277  -45.111  -33.175  56.132 0.0000000000
61377  -44.933  -31.892  56.658 0.0000000000
62622  -44.914  -31.347  56.336 0.0000000000
63894  -44.826  -30.637  55.936 0.0000000000
67595  -43.784  -27.295  55.866 0.0000000000
66472  -43.455  -28.513  54.819 0.0000000000
65287  -43.043  -29.175  54.318 0.0000000000
67609  -43.003  -27.705  54.689 0.0000000000
73427  -43.779  -22.230  54.150 0.0000000000
72333  -43.019  -23.153  53.749 0.0000000000
71175  -42.563  -24.260  53.191 0.0000000000
69997  -42.935  -25.513  51.333 0.0000000000
70013  -44.111  -25.647  50.470 0.0000000000
70000  -46.646  -25.171  51.573 0.0000000000
70015  -46.376  -25.605  50.909 0.0000000000
68846  -46.260  -26.472  48.725 0.0000000000
67665  -45.851  -26.756  48.078 0.0000000000
67666  -46.746  -26.813  48.167 0.0000000000
67682  -47.177  -27.045  47.509 0.0000000000
73528  -47.186  -22.446  48.388 0.0000000000
72418  -47.783  -22.600  48.483 0.0000000000
70048  -50.962  -25.813  48.414 0.0000000000
70047  -50.483  -25.482  48.669 0.0000000000
68850  -50.426  -26.491  48.542 0.0000000000
67669  -49.602  -26.838  48.319 0.0000000000
67684  -49.196  -27.017  47.664 0.0000000000
67761  -48.697  -27.306  45.092 0.0000000000
67762  -49.658  -27.479  45.208 0.0000000000
67790  -50.124  -27.830  44.484 0.0000000000
67765  -51.976  -28.412  45.246 0.0000000000
66620  -51.603  -28.966  43.447 0.0000000000
70154  -50.892  -25.693  41.704 0.0000000000
68967  -52.532  -25.442  42.624 0.0000000000
70139  -53.609  -24.577  42.789 0.0000000000
68969  -54.380  -25.247  41.798 0.0000000000
68968  -54.170  -26.229  42.201 0.0000000000
51819  -17.370  -40.537  61.251 0.0000000000
50664  -19.140  -41.185  59.179 0.0000000000
50729  -17.856  -41.370  56.389 0.0000000000
50730  -18.722  -41.441  56.354 0.0000000000
50768  -18.278  -41.718  55.023 0.0000000000
48237  -22.617  -43.494  59.599 0.0000000000
49450  -22.413  -43.087  58.996 0.0000000000
49549  -21.791  -42.517  52.860 0.0000000000
49548  -21.252  -42.245  52.302 0.0000000000
49547  -20.093  -42.046  52.612 0.0000000000
48389  -19.009  -43.401  49.478 0.0000000000
46083  -20.614  -45.230  49.238 0.0000000000
43526  -29.689  -47.278  59.238 0.0000000000
45916  -29.245  -46.361  58.416 0.0000000000
45935  -28.570  -46.027  57.961 0.0000000000
48296  -27.843  -44.130  55.875 0.0000000000
44833  -27.508  -46.497  50.851 0.0000000000
56946  -39.411  -36.341  50.626 0.0000000000
58157  -39.655  -35.735  50.494 0.0000000000
56947  -39.759  -35.929  50.834 0.0000000000
58139  -41.091  -34.785  51.843 0.0000000000
58119  -41.381  -35.272  52.587 0.0000000000
59225  -41.695  -34.364  52.076 0.0000000000
60327  -42.981  -33.149  52.350 0.0000000000
61427  -43.439  -32.458  52.692 0.0000000000
51940  -41.344  -40.166  56.622 0.0000000000
50760  -40.217  -40.914  56.141 0.0000000000
51939  -40.723  -40.325  56.179 0.0000000000
51958  -40.321  -40.082  55.465 0.0000000000
53096  -39.677  -39.717  54.406 0.0000000000
53145  -38.289  -39.663  52.330 0.0000000000
53167  -37.994  -39.457  51.179 0.0000000000
54348  -38.704  -38.250  51.378 0.0000000000
55614  -39.901  -37.662  52.264 0.0000000000
55630  -39.104  -37.626  51.264 0.0000000000
55645  -39.212  -37.105  50.969 0.0000000000
44611  -24.804  -46.864  63.340 0.0000000000
44625  -25.115  -46.707  62.642 0.0000000000
44636  -25.467  -46.475  61.667 0.0000000000
44637  -26.013  -46.675  61.044 0.0000000000
44685  -27.012  -46.712  58.216 0.0000000000
61496  -40.511  -32.381  47.784 0.0000000000
61516  -40.371  -32.129  47.183 0.0000000000
62767  -40.650  -31.661  46.868 0.0000000000
64027  -40.903  -31.039  46.604 0.0000000000
64036  -40.613  -30.745  46.023 0.0000000000
65400  -40.475  -30.075  44.489 0.0000000000
43490  -34.986  -47.391  61.048 0.0000000000
42483  -35.216  -48.005  60.867 0.0000000000
43531  -35.295  -47.805  58.836 0.0000000000
43512  -36.642  -47.222  59.507 0.0000000000
43532  -36.167  -47.511  58.736 0.0000000000
43542  -35.651  -47.427  57.993 0.0000000000
46050  -37.146  -45.265  52.001 0.0000000000
47247  -36.704  -44.945  51.046 0.0000000000
46071  -36.395  -45.042  51.032 0.0000000000
47262  -35.659  -44.778  50.640 0.0000000000
48379  -34.116  -44.081  50.191 0.0000000000
49592  -33.128  -42.959  49.929 0.0000000000
49612  -33.129  -43.333  49.407 0.0000000000
49624  -32.178  -43.033  47.982 0.0000000000
48408  -32.881  -43.189  47.743 0.0000000000
52046  -36.728  -40.568  44.665 0.0000000000
52058  -36.402  -40.552  43.749 0.0000000000
73428  -44.693  -21.881  53.822 0.0000000000
72351  -44.721  -23.358  52.915 0.0000000000
72352  -45.648  -23.330  52.852 0.0000000000
71179  -46.243  -23.980  52.485 0.0000000000
73442  -46.395  -22.386  52.453 0.0000000000
71200  -46.850  -24.580  52.059 0.0000000000
70001  -47.461  -25.130  51.628 0.0000000000
70017  -47.987  -25.534  51.087 0.0000000000
72437  -48.319  -23.805  46.625 0.0000000000
71266  -49.922  -24.661  47.629 0.0000000000
71284  -49.817  -24.754  46.560 0.0000000000
71267  -50.650  -25.161  47.990 0.0000000000
70049  -51.302  -26.233  48.092 0.0000000000
68867  -51.277  -26.665  47.902 0.0000000000
67686  -51.020  -27.236  47.550 0.0000000000
67687  -51.633  -27.133  47.372 0.0000000000
67710  -52.200  -27.218  46.800 0.0000000000
70088  -52.393  -26.138  46.885 0.0000000000
68904  -52.686  -26.609  46.426 0.0000000000
71372  -51.046  -24.245  40.929 0.0000000000
70177  -53.096  -24.726  41.024 0.0000000000
50557  -19.053  -40.522  63.601 0.0000000000
50616  -19.375  -41.432  61.452 0.0000000000
50691  -20.305  -41.593  57.979 0.0000000000
48279  -23.256  -43.779  56.270 0.0000000000
48309  -22.780  -43.241  54.830 0.0000000000
48323  -22.717  -43.146  53.784 0.0000000000
48338  -22.347  -43.010  52.396 0.0000000000
48392  -21.954  -43.775  49.384 0.0000000000
47276  -22.331  -44.589  48.863 0.0000000000
46098  -22.523  -45.842  48.617 0.0000000000
47184  -28.896  -43.959  56.373 0.0000000000
48297  -28.425  -43.806  55.798 0.0000000000
48325  -27.921  -43.746  54.484 0.0000000000
57039  -36.902  -36.669  45.485 0.0000000000
58238  -37.898  -35.221  46.894 0.0000000000
60392  -39.158  -33.728  47.535 0.0000000000
60393  -39.815  -33.020  47.757 0.0000000000
58178  -39.419  -35.406  49.786 0.0000000000
59271  -39.801  -34.731  49.634 0.0000000000
59294  -40.311  -33.737  48.970 0.0000000000
60377  -40.583  -32.928  48.599 0.0000000000
62715  -42.207  -31.936  49.589 0.0000000000
63997  -41.716  -31.230  48.957 0.0000000000
65341  -41.539  -30.645  49.522 0.0000000000
65322  -40.979  -29.516  50.636 0.0000000000
47137  -39.115  -44.515  58.565 0.0000000000
45920  -38.890  -45.051  58.006 0.0000000000
45964  -38.945  -44.783  56.946 0.0000000000
47170  -38.746  -44.740  56.384 0.0000000000
47200  -38.008  -44.541  54.623 0.0000000000
47213  -37.810  -44.195  54.019 0.0000000000
50759  -39.661  -41.403  55.800 0.0000000000
50758  -39.259  -41.720  55.501 0.0000000000
50783  -38.038  -41.932  54.190 0.0000000000
49541  -37.965  -42.782  54.258 0.0000000000
48343  -37.596  -43.842  52.791 0.0000000000
47283  -36.786  -43.825  50.011 0.0000000000
48400  -36.984  -43.467  49.835 0.0000000000
48399  -36.748  -43.629  49.367 0.0000000000
52037  -37.241  -40.528  46.272 0.0000000000
53183  -37.586  -39.684  50.127 0.0000000000
54466  -37.067  -39.012  46.190 0.0000000000
54449  -36.937  -38.403  46.175 0.0000000000
55735  -36.903  -37.139  45.795 0.0000000000
70137  -49.340  -25.793  42.766 0.0000000000
70152  -48.675  -25.645  42.042 0.0000000000
71371  -50.265  -24.491  41.161 0.0000000000
72491  -50.400  -23.354  41.149 0.0000000000
72529  -51.128  -23.901  40.060 0.0000000000
72528  -50.396  -23.496  39.923 0.0000000000
48185  -21.447  -43.852  63.901 0.0000000000
48201  -21.566  -43.653  62.776 0.0000000000
48216  -22.413  -43.865  61.356 0.0000000000
48227  -22.581  -43.761  60.648 0.0000000000
48254  -23.235  -43.726  58.405 0.0000000000
47101  -24.252  -45.148  60.081 0.0000000000
45896  -24.711  -45.299  59.739 0.0000000000
47118  -24.235  -44.873  59.516 0.0000000000
47160  -23.648  -44.233  56.581 0.0000000000
47179  -23.714  -44.288  55.813 0.0000000000
47218  -24.371  -45.110  52.558 0.0000000000
49535  -30.267  -42.741  53.156 0.0000000000
58277  -37.038  -35.567  45.034 0.0000000000
60453  -36.756  -33.992  43.695 0.0000000000
61532  -39.296  -32.212  46.255 0.0000000000
62792  -38.753  -31.665  44.783 0.0000000000
61543  -38.196  -32.306  44.534 0.0000000000
67809  -43.894  -27.591  42.458 0.0000000000
42448  -29.798  -48.345  62.351 0.0000000000
42461  -29.933  -48.605  61.738 0.0000000000
42493  -30.400  -48.076  60.326 0.0000000000
42479  -31.381  -48.467  61.057 0.0000000000
42494  -31.211  -48.064  60.493 0.0000000000
44690  -31.154  -46.712  59.061 0.0000000000
42497  -34.371  -48.427  60.255 0.0000000000
42496  -33.818  -48.322  59.923 0.0000000000
44670  -32.811  -47.107  59.431 0.0000000000
45917  -32.103  -46.326  58.652 0.0000000000
49523  -31.958  -42.492  54.241 0.0000000000
45941  -38.525  -45.609  57.771 0.0000000000
44734  -38.078  -46.097  57.505 0.0000000000
44733  -37.600  -46.296  56.812 0.0000000000
44749  -37.465  -46.134  55.664 0.0000000000
44746  -35.446  -45.888  55.154 0.0000000000
46024  -36.694  -45.592  52.344 0.0000000000
44792  -36.380  -45.757  52.605 0.0000000000
44776  -36.155  -45.987  52.951 0.0000000000
46004  -35.612  -45.639  53.142 0.0000000000
45991  -35.492  -45.530  54.210 0.0000000000
45977  -35.491  -45.785  54.831 0.0000000000
48303  -34.280  -43.999  54.809 0.0000000000
49510  -33.631  -43.304  54.721 0.0000000000
48329  -34.018  -43.317  53.950 0.0000000000
49525  -33.600  -43.054  54.275 0.0000000000
49509  -33.282  -43.043  54.806 0.0000000000
49536  -31.408  -42.352  53.234 0.0000000000
50878  -36.468  -41.456  44.461 0.0000000000
56847  -43.112  -36.162  55.416 0.0000000000
58052  -44.239  -35.174  56.586 0.0000000000
59154  -44.744  -34.062  56.995 0.0000000000
50559  -19.979  -41.475  64.845 0.0000000000
49368  -19.986  -41.655  64.450 0.0000000000
49369  -20.357  -42.200  64.772 0.0000000000
48170  -20.931  -43.099  64.357 0.0000000000
48157  -20.863  -43.090  65.398 0.0000000000
47054  -22.473  -45.180  63.844 0.0000000000
47035  -22.381  -45.238  64.491 0.0000000000
45830  -22.957  -45.632  63.776 0.0000000000
45831  -23.336  -45.979  64.041 0.0000000000
44595  -24.282  -46.700  64.678 0.0000000000
44610  -24.332  -46.733  63.862 0.0000000000
43444  -24.828  -47.100  63.692 0.0000000000
42420  -27.398  -48.188  63.649 0.0000000000
42435  -28.821  -48.119  62.899 0.0000000000
43447  -28.916  -47.792  63.177 0.0000000000
42436  -29.471  -47.948  62.726 0.0000000000
42449  -30.303  -48.205  62.506 0.0000000000
42450  -31.337  -48.383  62.222 0.0000000000
44626  -31.097  -47.130  62.492 0.0000000000
43460  -31.749  -47.738  62.327 0.0000000000
43472  -32.606  -47.621  62.024 0.0000000000
43473  -33.502  -47.462  61.682 0.0000000000
45861  -33.075  -45.761  61.416 0.0000000000
45862  -33.956  -46.078  61.191 0.0000000000
44641  -34.423  -46.770  61.261 0.0000000000
44654  -34.953  -46.590  61.043 0.0000000000
47121  -35.473  -44.765  59.890 0.0000000000
45898  -36.370  -45.269  60.030 0.0000000000
45883  -36.691  -45.898  60.126 0.0000000000
45900  -37.846  -45.513  59.664 0.0000000000
47124  -38.583  -44.606  59.318 0.0000000000
49457  -37.649  -42.552  59.261 0.0000000000
47125  -39.164  -44.097  59.027 0.0000000000
48246  -40.277  -42.994  58.412 0.0000000000
49485  -40.721  -42.139  57.608 0.0000000000
50720  -41.174  -41.395  57.388 0.0000000000
51885  -42.240  -40.092  58.477 0.0000000000
51921  -41.938  -40.352  57.447 0.0000000000
51920  -41.589  -40.532  57.096 0.0000000000
53050  -41.755  -39.803  56.792 0.0000000000
53074  -42.140  -39.247  56.633 0.0000000000
55551  -42.828  -37.467  55.850 0.0000000000
56819  -42.878  -36.805  55.476 0.0000000000
58086  -43.091  -35.310  54.886 0.0000000000
59197  -43.501  -34.191  54.486 0.0000000000
60289  -44.785  -33.097  55.515 0.0000000000
60304  -44.117  -33.341  54.532 0.0000000000
60303  -43.628  -33.516  53.944 0.0000000000
60318  -43.826  -33.084  53.802 0.0000000000
61415  -43.938  -32.409  53.521 0.0000000000
62673  -43.781  -31.901  53.067 0.0000000000
65254  -44.433  -29.627  56.750 0.0000000000
66464  -44.402  -28.830  55.949 0.0000000000
65275  -44.535  -29.734  55.655 0.0000000000
63902  -44.691  -30.750  55.362 0.0000000000
63936  -44.067  -31.097  53.807 0.0000000000
62656  -43.590  -31.213  53.028 0.0000000000
63951  -43.337  -31.066  52.838 0.0000000000
63950  -42.617  -30.777  52.409 0.0000000000
65302  -42.752  -29.768  53.579 0.0000000000
65314  -42.357  -30.035  52.922 0.0000000000
63949  -41.876  -30.378  51.888 0.0000000000
65313  -41.705  -29.785  52.265 0.0000000000
66501  -40.980  -28.862  51.342 0.0000000000
69961  -42.749  -25.349  55.097 0.0000000000
68790  -42.004  -26.300  53.507 0.0000000000
68789  -41.684  -27.082  53.013 0.0000000000
67637  -41.187  -27.796  51.726 0.0000000000
66510  -40.888  -28.382  50.371 0.0000000000
67654  -41.383  -27.743  49.896 0.0000000000
67655  -42.018  -27.217  49.531 0.0000000000
68842  -42.851  -26.926  48.319 0.0000000000
68863  -43.437  -26.806  47.927 0.0000000000
67679  -43.979  -26.827  47.344 0.0000000000
67702  -44.513  -26.961  46.565 0.0000000000
67729  -45.042  -27.115  45.656 0.0000000000
67758  -45.633  -27.399  44.783 0.0000000000
67786  -46.281  -27.675  43.923 0.0000000000
72365  -48.054  -23.703  50.980 0.0000000000
70003  -48.329  -24.672  50.989 0.0000000000
68822  -48.286  -25.730  50.600 0.0000000000
70032  -50.263  -25.666  49.093 0.0000000000
67667  -47.739  -26.778  48.288 0.0000000000
66616  -47.956  -28.154  42.355 0.0000000000
66644  -48.774  -28.672  41.825 0.0000000000
67763  -50.544  -27.766  45.279 0.0000000000
68934  -51.359  -25.777  43.945 0.0000000000
70124  -51.950  -25.543  44.141 0.0000000000
68920  -53.351  -26.363  45.062 0.0000000000
68952  -54.434  -25.379  42.814 0.0000000000
68937  -54.154  -25.395  43.532 0.0000000000
66587  -53.266  -27.776  44.466 0.0000000000
51796  -18.098  -40.516  62.087 0.0000000000
50614  -17.458  -40.753  60.481 0.0000000000
49516  -16.841  -42.670  54.895 0.0000000000
49505  -17.389  -41.903  55.280 0.0000000000
50712  -20.283  -41.547  57.039 0.0000000000
49495  -22.305  -42.758  56.282 0.0000000000
49494  -21.832  -42.248  55.721 0.0000000000
49519  -21.798  -42.156  54.030 0.0000000000
50733  -21.169  -41.862  56.005 0.0000000000
50732  -20.403  -41.564  56.179 0.0000000000
50753  -19.675  -41.522  55.428 0.0000000000
50779  -19.350  -41.680  53.837 0.0000000000
50787  -18.528  -42.057  53.353 0.0000000000
49546  -19.232  -41.986  52.682 0.0000000000
49545  -18.426  -42.358  52.734 0.0000000000
42460  -28.883  -48.382  61.463 0.0000000000
42476  -28.793  -48.244  60.712 0.0000000000
43505  -28.449  -47.553  59.603 0.0000000000
43525  -28.882  -47.286  59.110 0.0000000000
43504  -27.766  -47.145  59.257 0.0000000000
44707  -26.686  -46.546  57.385 0.0000000000
45957  -27.819  -45.689  57.187 0.0000000000
45934  -27.666  -46.212  57.483 0.0000000000
45933  -27.309  -46.381  57.201 0.0000000000
44729  -27.019  -46.483  57.053 0.0000000000
44727  -25.908  -46.400  56.026 0.0000000000
44744  -25.786  -46.248  55.245 0.0000000000
44759  -25.304  -45.812  54.561 0.0000000000
44775  -25.971  -45.979  54.483 0.0000000000
44760  -25.656  -45.939  54.575 0.0000000000
45988  -25.339  -45.771  54.318 0.0000000000
46016  -24.822  -45.443  52.193 0.0000000000
48340  -29.463  -43.755  52.801 0.0000000000
46020  -28.636  -45.484  52.250 0.0000000000
46043  -26.388  -44.975  51.869 0.0000000000
46088  -24.832  -45.851  49.937 0.0000000000
44858  -24.593  -46.168  49.409 0.0000000000
41534  -30.091  -48.451  62.310 0.0000000000
41536  -30.688  -48.601  62.214 0.0000000000
41545  -30.198  -48.575  62.168 0.0000000000
41546  -30.518  -48.714  62.055 0.0000000000
42422  -28.623  -47.952  63.396 0.0000000000
42445  -27.280  -48.329  62.436 0.0000000000
42475  -28.365  -48.059  60.613 0.0000000000
42504  -34.074  -48.212  59.436 0.0000000000
43461  -32.237  -48.064  62.186 0.0000000000
43523  -27.926  -47.085  58.857 0.0000000000
44672  -36.798  -46.769  59.875 0.0000000000
44743  -25.317  -45.918  54.955 0.0000000000
44793  -36.681  -45.945  52.862 0.0000000000
44794  -36.926  -46.013  53.190 0.0000000000
45814  -22.341  -45.241  64.762 0.0000000000
45915  -28.859  -46.472  58.346 0.0000000000
45975  -27.006  -45.481  56.351 0.0000000000
46070  -36.131  -44.975  50.841 0.0000000000
47105  -35.317  -45.372  60.421 0.0000000000
47120  -34.419  -44.411  59.879 0.0000000000
47185  -33.818  -44.127  55.828 0.0000000000
47292  -23.199  -45.437  48.852 0.0000000000
47296  -35.716  -44.190  49.204 0.0000000000
48238  -23.043  -43.722  59.139 0.0000000000
48239  -34.163  -43.776  59.893 0.0000000000
48316  -33.943  -43.520  54.539 0.0000000000
49474  -41.261  -41.852  58.087 0.0000000000
49486  -41.160  -41.850  57.844 0.0000000000
49531  -20.070  -41.906  53.164 0.0000000000
50692  -20.871  -41.691  57.586 0.0000000000
50699  -41.287  -41.709  58.340 0.0000000000
50778  -18.622  -41.828  53.791 0.0000000000
50781  -21.149  -41.775  53.824 0.0000000000
51919  -41.091  -40.706  56.726 0.0000000000
54291  -42.963  -37.851  56.252 0.0000000000
56876  -41.167  -36.633  53.457 0.0000000000
59170  -44.958  -33.707  56.479 0.0000000000
59198  -43.943  -34.000  54.966 0.0000000000
60262  -45.091  -33.116  56.720 0.0000000000
60276  -44.959  -33.426  55.942 0.0000000000
60290  -45.037  -32.874  55.782 0.0000000000
60351  -41.439  -33.204  49.978 0.0000000000
60366  -41.603  -32.819  49.724 0.0000000000
60394  -40.226  -32.933  48.168 0.0000000000
61390  -44.992  -32.294  55.687 0.0000000000
61414  -43.620  -32.624  53.155 0.0000000000
61428  -43.689  -32.097  52.935 0.0000000000
61483  -41.668  -32.166  49.024 0.0000000000
62631  -44.851  -31.382  55.548 0.0000000000
62657  -43.873  -31.497  53.334 0.0000000000
62714  -41.964  -31.597  49.219 0.0000000000
62744  -40.911  -31.875  47.579 0.0000000000
63895  -44.868  -31.063  55.696 0.0000000000
63986  -42.342  -31.586  50.180 0.0000000000
65265  -44.601  -29.678  56.191 0.0000000000
66500  -40.746  -28.945  50.630 0.0000000000
66573  -53.231  -27.437  44.893 0.0000000000
67611  -43.913  -28.113  55.579 0.0000000000
68762  -43.541  -26.768  55.636 0.0000000000
68862  -42.904  -26.964  47.832 0.0000000000
68917  -49.952  -25.531  44.494 0.0000000000
68932  -49.908  -25.658  44.178 0.0000000000
68935  -51.974  -25.643  43.681 0.0000000000
68948  -50.708  -26.012  43.260 0.0000000000
70033  -50.563  -26.065  48.847 0.0000000000
70108  -48.863  -25.053  44.411 0.0000000000
70110  -50.669  -25.404  45.032 0.0000000000
71202  -48.084  -24.261  51.267 0.0000000000
71322  -47.847  -24.614  44.085 0.0000000000
71323  -54.138  -24.382  43.080 0.0000000000
71324  -54.467  -24.654  43.243 0.0000000000
71336  -54.246  -24.358  42.619 0.0000000000
71354  -54.125  -24.212  42.328 0.0000000000
73475  -48.125  -22.859  50.131 0.0000000000
