#!ascii label  , from subject sub.01.dh.02 vox2ras=TkReg
453
74352  -28.208  -23.092  -19.654 0.0000000000
69754  -24.723  -26.833  -16.828 0.0000000000
68592  -29.991  -28.097  -17.346 0.0000000000
65019  -26.783  -30.692  -14.799 0.0000000000
90044  -28.376  -7.545  -24.635 0.0000000000
86884  -29.308  -11.282  -22.295 0.0000000000
78643  -25.069  -18.608  -21.372 0.0000000000
61180  -24.182  -33.299  -11.146 0.0000000000
66265  -25.707  -28.651  -16.309 0.0000000000
66216  -23.792  -28.930  -13.928 0.0000000000
87864  -28.638  -9.591  -23.106 0.0000000000
84984  -26.659  -13.049  -24.230 0.0000000000
73240  -25.377  -22.956  -19.424 0.0000000000
76563  -23.999  -20.327  -19.403 0.0000000000
76577  -27.306  -20.624  -20.820 0.0000000000
79648  -29.062  -17.190  -22.721 0.0000000000
76580  -29.807  -19.953  -20.664 0.0000000000
74340  -31.090  -21.887  -19.403 0.0000000000
70951  -23.869  -24.674  -17.406 0.0000000000
69781  -26.243  -25.783  -20.228 0.0000000000
70961  -29.103  -25.384  -19.021 0.0000000000
67411  -28.153  -28.461  -18.417 0.0000000000
65045  -28.864  -30.349  -16.731 0.0000000000
63668  -28.141  -31.268  -14.379 0.0000000000
80748  -24.102  -16.336  -21.338 0.0000000000
80776  -27.184  -15.588  -23.307 0.0000000000
83967  -29.329  -13.710  -20.705 0.0000000000
64964  -22.727  -30.873  -12.174 0.0000000000
63647  -25.414  -31.863  -12.920 0.0000000000
67376  -23.603  -27.916  -14.453 0.0000000000
66215  -22.702  -29.220  -13.331 0.0000000000
85994  -25.789  -12.550  -24.278 0.0000000000
83985  -24.544  -13.557  -23.207 0.0000000000
74358  -26.536  -23.294  -19.824 0.0000000000
75468  -26.008  -21.575  -20.063 0.0000000000
75470  -27.880  -21.470  -20.505 0.0000000000
76578  -28.248  -20.639  -21.111 0.0000000000
75472  -29.155  -21.347  -20.488 0.0000000000
76566  -30.182  -20.498  -20.273 0.0000000000
74338  -29.290  -22.522  -19.665 0.0000000000
69762  -24.276  -25.896  -17.406 0.0000000000
70957  -24.810  -25.196  -19.164 0.0000000000
69771  -25.671  -26.817  -18.755 0.0000000000
68594  -26.869  -27.213  -19.193 0.0000000000
68587  -25.704  -27.357  -18.123 0.0000000000
66254  -26.677  -29.837  -15.377 0.0000000000
66267  -27.460  -29.669  -16.208 0.0000000000
65034  -28.069  -30.295  -15.774 0.0000000000
65035  -28.731  -30.525  -15.716 0.0000000000
63682  -27.353  -31.277  -14.733 0.0000000000
88928  -26.731  -8.606  -24.307 0.0000000000
88914  -26.345  -8.571  -22.620 0.0000000000
91130  -27.990  -6.770  -24.758 0.0000000000
92255  -28.265  -5.627  -24.457 0.0000000000
91102  -29.197  -6.234  -23.401 0.0000000000
86893  -29.061  -10.576  -23.183 0.0000000000
77640  -24.678  -19.410  -20.406 0.0000000000
78642  -24.277  -18.387  -20.601 0.0000000000
79644  -24.840  -17.454  -21.710 0.0000000000
81893  -25.850  -15.806  -23.417 0.0000000000
79660  -26.234  -16.969  -23.020 0.0000000000
80740  -29.978  -16.514  -21.200 0.0000000000
81882  -29.604  -15.500  -21.730 0.0000000000
82926  -29.674  -14.456  -19.976 0.0000000000
69773  -29.795  -26.250  -18.245 0.0000000000
72128  -30.329  -24.652  -18.448 0.0000000000
62385  -23.338  -32.474  -11.303 0.0000000000
63627  -23.620  -31.736  -11.800 0.0000000000
63645  -23.884  -31.212  -12.314 0.0000000000
62404  -24.875  -32.396  -12.094 0.0000000000
68573  -24.116  -26.828  -15.892 0.0000000000
67402  -25.510  -28.075  -16.997 0.0000000000
67388  -24.535  -27.767  -15.401 0.0000000000
66236  -24.687  -28.654  -14.766 0.0000000000
66218  -25.318  -30.107  -13.907 0.0000000000
86897  -26.858  -9.606  -24.443 0.0000000000
88916  -28.568  -8.250  -23.473 0.0000000000
86891  -27.334  -10.338  -23.902 0.0000000000
85987  -27.742  -11.395  -24.055 0.0000000000
84977  -28.455  -12.688  -23.424 0.0000000000
74324  -24.026  -22.300  -18.473 0.0000000000
75454  -24.335  -21.406  -19.136 0.0000000000
76575  -25.355  -20.452  -20.053 0.0000000000
77655  -26.255  -19.160  -21.451 0.0000000000
78656  -27.285  -18.171  -22.520 0.0000000000
77657  -27.932  -18.787  -21.871 0.0000000000
78645  -29.223  -18.639  -21.593 0.0000000000
79633  -30.239  -17.681  -20.584 0.0000000000
78633  -30.850  -18.879  -19.934 0.0000000000
58970  -24.745  -34.804  -11.111 0.0000000000
60074  -25.400  -34.342  -11.767 0.0000000000
73233  -24.489  -23.698  -18.602 0.0000000000
72140  -25.580  -24.293  -20.249 0.0000000000
72142  -27.460  -24.398  -19.750 0.0000000000
72136  -28.233  -24.406  -19.449 0.0000000000
69784  -28.028  -25.764  -19.374 0.0000000000
68596  -28.459  -26.732  -19.014 0.0000000000
67412  -29.141  -28.489  -18.171 0.0000000000
67404  -26.809  -28.660  -17.530 0.0000000000
66276  -28.539  -29.376  -18.198 0.0000000000
67414  -31.227  -29.543  -18.189 0.0000000000
65047  -30.400  -30.025  -16.664 0.0000000000
65021  -29.268  -30.333  -15.033 0.0000000000
90008  -29.420  -7.358  -22.161 0.0000000000
82994  -25.350  -14.508  -23.787 0.0000000000
82996  -26.760  -14.335  -23.752 0.0000000000
83987  -28.168  -13.493  -22.545 0.0000000000
80765  -28.473  -16.355  -22.803 0.0000000000
82961  -28.607  -14.558  -21.980 0.0000000000
84958  -28.943  -12.358  -21.768 0.0000000000
72138  -30.107  -23.903  -19.135 0.0000000000
73228  -31.041  -23.290  -18.410 0.0000000000
66203  -22.377  -29.829  -12.960 0.0000000000
64999  -23.407  -29.581  -13.304 0.0000000000
65001  -25.026  -30.594  -13.396 0.0000000000
63665  -25.877  -31.529  -13.575 0.0000000000
61198  -25.975  -33.658  -12.544 0.0000000000
62422  -26.325  -32.712  -13.145 0.0000000000
63666  -26.777  -31.832  -13.873 0.0000000000
82958  -23.606  -13.959  -21.604 0.0000000000
74351  -27.734  -22.498  -19.898 0.0000000000
74336  -28.185  -22.377  -20.022 0.0000000000
75471  -28.654  -21.376  -20.643 0.0000000000
75456  -28.321  -22.021  -20.173 0.0000000000
75457  -28.942  -21.906  -20.217 0.0000000000
74337  -28.494  -22.555  -19.881 0.0000000000
69753  -24.414  -26.511  -16.685 0.0000000000
69752  -23.769  -25.938  -16.454 0.0000000000
69763  -24.720  -26.604  -17.317 0.0000000000
69770  -24.992  -26.281  -18.382 0.0000000000
68586  -25.076  -27.013  -17.646 0.0000000000
68583  -25.355  -27.512  -17.330 0.0000000000
66238  -26.359  -30.263  -14.743 0.0000000000
66255  -27.471  -30.035  -15.576 0.0000000000
65033  -27.368  -30.559  -15.281 0.0000000000
63695  -27.728  -30.881  -15.305 0.0000000000
88929  -27.306  -8.558  -24.618 0.0000000000
90042  -27.303  -7.642  -24.388 0.0000000000
90043  -27.941  -7.715  -24.794 0.0000000000
91117  -28.604  -6.219  -24.397 0.0000000000
91118  -28.971  -6.654  -24.095 0.0000000000
90035  -28.660  -7.431  -24.275 0.0000000000
86885  -29.420  -10.705  -22.369 0.0000000000
87849  -29.619  -9.470  -21.629 0.0000000000
86877  -29.425  -10.320  -21.394 0.0000000000
86867  -29.090  -10.891  -21.236 0.0000000000
77639  -24.004  -18.932  -20.023 0.0000000000
79631  -24.521  -17.942  -21.086 0.0000000000
78654  -25.447  -18.017  -21.918 0.0000000000
79645  -25.824  -17.483  -22.555 0.0000000000
81866  -29.888  -15.710  -20.877 0.0000000000
68584  -29.947  -27.165  -17.435 0.0000000000
69774  -30.333  -26.106  -17.948 0.0000000000
68585  -30.155  -27.390  -17.140 0.0000000000
61179  -23.434  -33.176  -10.864 0.0000000000
62386  -24.249  -32.444  -11.602 0.0000000000
61196  -24.828  -33.166  -11.783 0.0000000000
67387  -23.908  -27.288  -15.197 0.0000000000
68564  -24.241  -27.268  -15.582 0.0000000000
66235  -24.060  -28.321  -14.490 0.0000000000
66217  -24.799  -29.608  -13.912 0.0000000000
66237  -25.652  -29.819  -14.575 0.0000000000
86890  -26.597  -10.294  -23.940 0.0000000000
86898  -27.039  -9.793  -24.342 0.0000000000
84983  -25.988  -13.091  -24.405 0.0000000000
85995  -26.308  -12.359  -24.289 0.0000000000
85996  -27.185  -12.282  -24.224 0.0000000000
85988  -28.656  -11.527  -23.827 0.0000000000
84985  -27.448  -13.058  -23.954 0.0000000000
73226  -24.385  -22.740  -18.627 0.0000000000
74335  -24.994  -22.277  -19.253 0.0000000000
76576  -26.343  -20.588  -20.533 0.0000000000
77641  -25.705  -19.590  -20.947 0.0000000000
77642  -26.698  -19.799  -21.170 0.0000000000
77656  -26.976  -19.087  -21.832 0.0000000000
77643  -27.638  -19.760  -21.427 0.0000000000
77645  -29.508  -19.404  -21.033 0.0000000000
77644  -28.669  -19.515  -21.477 0.0000000000
78646  -29.788  -18.370  -20.999 0.0000000000
78647  -30.383  -18.400  -20.377 0.0000000000
77646  -30.216  -19.330  -20.517 0.0000000000
75459  -30.634  -21.402  -19.783 0.0000000000
76567  -31.126  -20.611  -19.661 0.0000000000
58952  -24.379  -35.203  -10.432 0.0000000000
58953  -25.077  -35.310  -10.887 0.0000000000
72117  -23.476  -23.824  -17.098 0.0000000000
72126  -23.906  -24.092  -17.609 0.0000000000
72133  -24.323  -24.173  -18.279 0.0000000000
70958  -25.409  -25.706  -19.547 0.0000000000
70962  -25.148  -24.726  -19.960 0.0000000000
70963  -25.658  -25.274  -20.159 0.0000000000
72141  -26.421  -24.305  -20.228 0.0000000000
70964  -26.678  -25.189  -20.308 0.0000000000
70959  -27.815  -24.881  -19.546 0.0000000000
69782  -26.862  -26.004  -20.230 0.0000000000
68589  -27.557  -27.777  -18.738 0.0000000000
68595  -27.829  -27.131  -19.260 0.0000000000
68590  -28.532  -27.493  -18.509 0.0000000000
67403  -26.161  -28.509  -17.189 0.0000000000
66266  -26.400  -29.103  -16.533 0.0000000000
65044  -28.148  -29.988  -16.897 0.0000000000
65049  -28.162  -29.861  -17.479 0.0000000000
65050  -28.788  -30.135  -17.729 0.0000000000
66277  -29.625  -29.412  -18.283 0.0000000000
65057  -30.757  -30.463  -18.038 0.0000000000
63706  -32.073  -30.536  -17.556 0.0000000000
65046  -29.670  -30.279  -16.661 0.0000000000
63697  -28.331  -31.083  -15.148 0.0000000000
65036  -29.589  -30.253  -15.704 0.0000000000
65020  -28.704  -30.759  -14.964 0.0000000000
66239  -28.998  -30.297  -14.565 0.0000000000
88924  -28.318  -8.868  -23.287 0.0000000000
88917  -28.944  -8.475  -22.769 0.0000000000
75453  -23.781  -20.875  -19.012 0.0000000000
80739  -23.598  -16.292  -20.845 0.0000000000
81865  -23.830  -15.553  -21.321 0.0000000000
82960  -24.393  -15.064  -22.352 0.0000000000
81880  -24.691  -15.558  -22.576 0.0000000000
80775  -26.719  -15.827  -23.437 0.0000000000
81903  -26.177  -15.270  -23.672 0.0000000000
82997  -27.231  -14.634  -23.230 0.0000000000
83986  -27.773  -13.590  -22.906 0.0000000000
82979  -27.620  -14.181  -22.790 0.0000000000
78657  -28.374  -17.979  -22.452 0.0000000000
79662  -27.901  -17.124  -22.945 0.0000000000
79663  -28.520  -17.061  -22.911 0.0000000000
82962  -29.221  -14.952  -21.775 0.0000000000
83978  -29.036  -14.074  -21.478 0.0000000000
83977  -28.664  -13.289  -21.890 0.0000000000
84959  -29.103  -13.050  -21.257 0.0000000000
84951  -29.262  -12.694  -20.447 0.0000000000
72137  -29.367  -24.516  -19.133 0.0000000000
72129  -30.955  -23.886  -18.236 0.0000000000
64980  -22.235  -30.107  -12.712 0.0000000000
64981  -23.087  -30.296  -12.689 0.0000000000
63646  -24.787  -31.590  -12.562 0.0000000000
64982  -24.305  -30.746  -12.806 0.0000000000
63664  -25.182  -31.354  -13.093 0.0000000000
60095  -25.656  -34.057  -12.075 0.0000000000
62423  -26.928  -32.272  -13.549 0.0000000000
67375  -22.949  -27.610  -14.084 0.0000000000
67362  -23.082  -28.358  -13.856 0.0000000000
85985  -25.545  -11.774  -23.980 0.0000000000
84974  -24.857  -12.827  -23.787 0.0000000000
84975  -25.432  -12.964  -24.145 0.0000000000
83993  -25.003  -13.723  -23.783 0.0000000000
74357  -26.182  -23.096  -19.767 0.0000000000
74349  -25.716  -22.605  -19.622 0.0000000000
74350  -26.601  -22.599  -19.877 0.0000000000
75469  -26.997  -21.532  -20.212 0.0000000000
76579  -29.297  -20.566  -20.724 0.0000000000
76565  -29.714  -20.833  -20.372 0.0000000000
75458  -29.683  -21.441  -20.098 0.0000000000
74339  -30.356  -22.544  -19.368 0.0000000000
69761  -24.005  -25.543  -17.021 0.0000000000
70944  -24.057  -25.386  -17.333 0.0000000000
70952  -24.226  -25.065  -17.919 0.0000000000
70953  -24.542  -25.595  -18.408 0.0000000000
69775  -25.229  -25.946  -19.225 0.0000000000
69776  -25.964  -26.379  -19.552 0.0000000000
69777  -27.211  -26.652  -19.790 0.0000000000
68593  -26.125  -27.200  -18.905 0.0000000000
68588  -26.663  -27.631  -18.455 0.0000000000
66253  -25.542  -28.804  -15.629 0.0000000000
63696  -28.036  -31.086  -15.347 0.0000000000
63683  -27.962  -31.494  -14.796 0.0000000000
87856  -26.201  -9.120  -23.124 0.0000000000
90041  -26.805  -8.094  -24.081 0.0000000000
92224  -29.408  -5.374  -22.982 0.0000000000
87857  -29.340  -9.540  -22.532 0.0000000000
88905  -29.508  -8.439  -21.855 0.0000000000
78631  -23.640  -18.038  -19.992 0.0000000000
79630  -23.926  -17.282  -20.756 0.0000000000
79643  -24.379  -16.874  -21.419 0.0000000000
80761  -25.142  -16.125  -22.667 0.0000000000
80750  -25.215  -16.802  -22.424 0.0000000000
80762  -25.760  -16.425  -23.067 0.0000000000
80764  -27.372  -16.321  -23.230 0.0000000000
79649  -29.527  -17.393  -22.097 0.0000000000
80751  -29.225  -16.435  -22.612 0.0000000000
80752  -29.725  -16.456  -22.020 0.0000000000
82943  -29.438  -14.761  -21.140 0.0000000000
69780  -29.314  -25.929  -18.779 0.0000000000
70954  -29.712  -25.298  -18.677 0.0000000000
70955  -30.197  -25.560  -18.272 0.0000000000
70945  -30.615  -25.431  -17.838 0.0000000000
63626  -22.685  -31.504  -11.716 0.0000000000
63644  -23.188  -31.124  -12.138 0.0000000000
63628  -24.308  -31.854  -12.032 0.0000000000
62405  -25.285  -32.305  -12.560 0.0000000000
68572  -23.624  -26.463  -15.609 0.0000000000
68574  -24.692  -27.252  -16.427 0.0000000000
68575  -25.116  -27.621  -16.823 0.0000000000
67397  -24.778  -27.683  -15.952 0.0000000000
67389  -25.003  -28.104  -15.746 0.0000000000
67377  -24.193  -27.910  -14.812 0.0000000000
66252  -24.930  -28.311  -15.398 0.0000000000
65018  -26.178  -30.703  -14.314 0.0000000000
87860  -25.718  -10.122  -23.155 0.0000000000
87861  -26.247  -9.543  -23.629 0.0000000000
87868  -26.745  -9.331  -24.463 0.0000000000
88922  -27.482  -8.845  -24.502 0.0000000000
90022  -28.549  -7.942  -23.973 0.0000000000
87862  -27.407  -9.402  -24.209 0.0000000000
87863  -27.820  -9.536  -23.512 0.0000000000
85986  -26.777  -11.434  -23.972 0.0000000000
86892  -28.221  -10.506  -23.570 0.0000000000
85989  -29.095  -11.639  -23.116 0.0000000000
84968  -29.108  -11.983  -22.917 0.0000000000
75455  -25.233  -21.478  -19.539 0.0000000000
76564  -24.720  -20.719  -19.530 0.0000000000
76574  -24.597  -20.061  -19.772 0.0000000000
78644  -25.786  -18.937  -21.411 0.0000000000
78655  -26.134  -18.440  -21.975 0.0000000000
77658  -28.666  -18.544  -21.895 0.0000000000
78658  -29.146  -18.014  -22.215 0.0000000000
78659  -29.514  -17.945  -21.698 0.0000000000
79632  -29.825  -17.269  -21.303 0.0000000000
80741  -30.361  -16.642  -20.376 0.0000000000
79618  -30.816  -17.754  -19.755 0.0000000000
77632  -30.835  -19.780  -20.059 0.0000000000
67405  -30.328  -28.433  -17.196 0.0000000000
60049  -24.307  -34.266  -10.825 0.0000000000
60073  -24.825  -34.091  -11.636 0.0000000000
73225  -24.138  -23.216  -18.226 0.0000000000
73234  -24.870  -23.154  -19.034 0.0000000000
70956  -24.474  -24.672  -18.570 0.0000000000
72139  -25.150  -24.087  -19.595 0.0000000000
72144  -25.636  -23.774  -19.925 0.0000000000
72146  -26.474  -23.778  -19.972 0.0000000000
73241  -26.970  -23.520  -19.773 0.0000000000
73242  -27.792  -23.470  -19.601 0.0000000000
73236  -28.703  -23.474  -19.500 0.0000000000
70960  -28.403  -25.178  -19.269 0.0000000000
69778  -27.975  -26.367  -19.415 0.0000000000
69772  -29.059  -26.619  -18.530 0.0000000000
68591  -29.549  -27.414  -17.678 0.0000000000
67408  -25.807  -27.916  -17.482 0.0000000000
67409  -26.354  -28.136  -17.853 0.0000000000
67410  -27.245  -28.458  -18.127 0.0000000000
66271  -27.510  -29.367  -17.456 0.0000000000
67413  -30.323  -28.726  -18.013 0.0000000000
67406  -31.031  -29.225  -17.578 0.0000000000
66269  -30.801  -29.486  -17.001 0.0000000000
65037  -30.152  -30.019  -15.999 0.0000000000
90023  -29.018  -7.335  -23.353 0.0000000000
82959  -24.078  -14.499  -21.903 0.0000000000
82978  -24.673  -14.566  -22.987 0.0000000000
81892  -25.350  -15.447  -23.337 0.0000000000
81902  -25.709  -14.929  -23.776 0.0000000000
84006  -26.805  -13.659  -23.983 0.0000000000
84976  -27.917  -13.059  -23.708 0.0000000000
84967  -28.846  -12.386  -22.600 0.0000000000
79646  -26.520  -17.903  -22.577 0.0000000000
79661  -26.886  -17.333  -23.016 0.0000000000
81881  -29.093  -15.720  -22.211 0.0000000000
81895  -28.392  -15.387  -22.406 0.0000000000
82980  -27.997  -14.613  -22.350 0.0000000000
85979  -29.127  -11.709  -22.157 0.0000000000
85972  -29.040  -11.575  -21.490 0.0000000000
73237  -29.671  -23.382  -19.308 0.0000000000
73238  -30.185  -23.310  -19.181 0.0000000000
73227  -30.592  -23.377  -18.823 0.0000000000
74325  -30.727  -22.850  -19.006 0.0000000000
65000  -24.097  -29.897  -13.258 0.0000000000
65002  -25.635  -30.548  -13.935 0.0000000000
63681  -26.621  -31.253  -14.273 0.0000000000
60093  -25.104  -33.599  -12.031 0.0000000000
61197  -25.373  -33.123  -12.417 0.0000000000
61210  -25.844  -33.143  -12.921 0.0000000000
61211  -26.073  -33.260  -12.945 0.0000000000
62421  -25.679  -32.508  -12.980 0.0000000000
60094  -25.390  -33.848  -12.111 0.0000000000
63684  -28.308  -31.281  -14.871 0.0000000000
63704  -31.193  -30.989  -17.849 0.0000000000
63705  -31.510  -30.745  -17.712 0.0000000000
63707  -30.948  -30.895  -18.136 0.0000000000
63708  -31.614  -30.962  -18.036 0.0000000000
63709  -31.931  -30.830  -17.851 0.0000000000
64983  -24.811  -31.088  -12.974 0.0000000000
65048  -30.784  -29.871  -17.027 0.0000000000
65051  -29.771  -30.362  -17.516 0.0000000000
65052  -30.702  -30.427  -17.486 0.0000000000
65053  -31.316  -29.898  -17.106 0.0000000000
65054  -31.994  -30.385  -17.756 0.0000000000
65055  -29.202  -29.825  -18.187 0.0000000000
65056  -29.777  -30.121  -18.163 0.0000000000
65058  -31.443  -30.609  -18.099 0.0000000000
65059  -31.911  -30.626  -18.058 0.0000000000
66270  -26.703  -28.936  -17.185 0.0000000000
66272  -28.222  -29.772  -17.779 0.0000000000
66273  -31.711  -29.787  -17.618 0.0000000000
66274  -32.085  -30.120  -18.086 0.0000000000
66275  -27.827  -29.005  -18.184 0.0000000000
66278  -30.535  -29.786  -18.315 0.0000000000
66279  -31.228  -30.152  -18.272 0.0000000000
66280  -31.744  -30.325  -18.158 0.0000000000
67398  -25.240  -28.092  -16.328 0.0000000000
67399  -25.741  -28.544  -16.701 0.0000000000
67407  -31.797  -29.604  -18.030 0.0000000000
67415  -31.720  -29.950  -18.224 0.0000000000
68565  -24.455  -27.333  -15.852 0.0000000000
68582  -24.983  -27.102  -17.022 0.0000000000
69764  -30.074  -26.756  -17.614 0.0000000000
69769  -24.401  -25.753  -18.063 0.0000000000
69779  -28.627  -25.989  -19.071 0.0000000000
69783  -27.612  -25.956  -19.860 0.0000000000
70965  -27.406  -25.323  -20.006 0.0000000000
70966  -27.798  -25.420  -19.573 0.0000000000
72125  -23.624  -24.393  -17.138 0.0000000000
72127  -29.800  -24.821  -18.767 0.0000000000
72134  -24.679  -24.178  -18.879 0.0000000000
72135  -27.829  -24.560  -19.559 0.0000000000
72143  -28.089  -23.852  -19.539 0.0000000000
72145  -26.041  -23.796  -20.185 0.0000000000
73235  -25.251  -22.751  -19.359 0.0000000000
73239  -25.580  -23.268  -19.587 0.0000000000
73243  -28.219  -23.475  -19.531 0.0000000000
73244  -25.922  -23.417  -19.868 0.0000000000
73245  -26.306  -23.514  -19.924 0.0000000000
73246  -26.613  -23.606  -19.877 0.0000000000
74348  -25.794  -22.980  -19.619 0.0000000000
74356  -25.940  -23.122  -19.729 0.0000000000
78666  -27.505  -17.603  -22.861 0.0000000000
78667  -27.910  -17.640  -22.711 0.0000000000
79647  -28.404  -17.408  -22.820 0.0000000000
80749  -24.654  -16.399  -21.994 0.0000000000
80763  -26.521  -16.512  -23.265 0.0000000000
80774  -26.193  -15.993  -23.421 0.0000000000
81879  -24.289  -15.573  -21.891 0.0000000000
81894  -27.667  -15.319  -22.894 0.0000000000
81904  -26.889  -15.163  -23.492 0.0000000000
81905  -27.222  -15.201  -23.233 0.0000000000
82977  -24.426  -14.008  -22.633 0.0000000000
82995  -26.040  -14.406  -24.128 0.0000000000
83012  -26.186  -14.114  -24.275 0.0000000000
83013  -26.395  -14.077  -24.137 0.0000000000
83994  -25.619  -13.779  -24.240 0.0000000000
83995  -27.060  -13.777  -23.725 0.0000000000
83996  -27.521  -13.587  -23.413 0.0000000000
83997  -27.972  -13.292  -23.069 0.0000000000
84005  -26.240  -13.765  -24.303 0.0000000000
84007  -27.207  -13.523  -23.769 0.0000000000
84978  -28.983  -12.196  -23.075 0.0000000000
84986  -28.054  -12.834  -23.886 0.0000000000
85962  -29.020  -11.305  -20.669 0.0000000000
85980  -29.183  -11.623  -22.623 0.0000000000
85997  -28.026  -12.333  -24.068 0.0000000000
86876  -29.289  -11.077  -21.867 0.0000000000
87869  -27.134  -9.297  -24.633 0.0000000000
88923  -27.967  -8.619  -24.015 0.0000000000
88930  -27.789  -8.348  -24.597 0.0000000000
90034  -28.281  -7.974  -24.521 0.0000000000
