#!ascii label  , from subject sub.01.dh.02 vox2ras=TkReg
1088
64999  -23.407  -29.581  -13.304 0.5555555820
65000  -24.097  -29.897  -13.258 0.6666666865
66237  -25.652  -29.819  -14.575 0.7777777910
66265  -25.707  -28.651  -16.309 0.8888888955
65044  -28.148  -29.988  -16.897 0.8888888955
64980  -22.235  -30.107  -12.712 0.5555555820
66215  -22.702  -29.220  -13.331 0.5555555820
66216  -23.792  -28.930  -13.928 0.6666666865
66235  -24.060  -28.321  -14.490 0.8888888955
66254  -26.677  -29.837  -15.377 0.8888888955
66266  -26.400  -29.103  -16.533 0.8888888955
66271  -27.510  -29.367  -17.456 1.0000000000
65050  -28.788  -30.135  -17.729 0.8888888955
67412  -29.141  -28.489  -18.171 1.0000000000
67375  -22.949  -27.610  -14.084 0.7777777910
68564  -24.241  -27.268  -15.582 1.0000000000
68574  -24.692  -27.252  -16.427 1.0000000000
67402  -25.510  -28.075  -16.997 1.0000000000
68587  -25.704  -27.357  -18.123 1.0000000000
68575  -25.116  -27.621  -16.823 1.0000000000
68588  -26.663  -27.631  -18.455 1.0000000000
68589  -27.557  -27.777  -18.738 1.0000000000
68590  -28.532  -27.493  -18.509 1.0000000000
68594  -26.869  -27.213  -19.193 1.0000000000
68595  -27.829  -27.131  -19.260 1.0000000000
69772  -29.059  -26.619  -18.530 1.0000000000
70960  -28.403  -25.178  -19.269 1.0000000000
70961  -29.103  -25.384  -19.021 0.7777777910
69752  -23.769  -25.938  -16.454 0.8888888955
69754  -24.723  -26.833  -16.828 1.0000000000
68593  -26.125  -27.200  -18.905 1.0000000000
69770  -24.992  -26.281  -18.382 1.0000000000
69776  -25.964  -26.379  -19.552 1.0000000000
69782  -26.862  -26.004  -20.230 1.0000000000
69784  -28.028  -25.764  -19.374 1.0000000000
72137  -29.367  -24.516  -19.133 1.0000000000
72138  -30.107  -23.903  -19.135 0.7777777910
73227  -30.592  -23.377  -18.823 0.7777777910
70951  -23.869  -24.674  -17.406 0.5555555820
73234  -24.870  -23.154  -19.034 0.7777777910
70956  -24.474  -24.672  -18.570 0.8888888955
70963  -25.658  -25.274  -20.159 1.0000000000
69781  -26.243  -25.783  -20.228 1.0000000000
72140  -25.580  -24.293  -20.249 0.8888888955
72141  -26.421  -24.305  -20.228 1.0000000000
72142  -27.460  -24.398  -19.750 1.0000000000
73236  -28.703  -23.474  -19.500 1.0000000000
74337  -28.494  -22.555  -19.881 1.0000000000
74338  -29.290  -22.522  -19.665 0.8888888955
75459  -30.634  -21.402  -19.783 0.7777777910
74340  -31.090  -21.887  -19.403 0.6666666865
75460  -31.156  -21.315  -19.517 0.6666666865
74323  -23.557  -22.297  -17.895 0.4444444478
73225  -24.138  -23.216  -18.226 0.7777777910
74334  -24.478  -22.275  -18.841 0.6666666865
74349  -25.716  -22.605  -19.622 0.7777777910
74357  -26.182  -23.096  -19.767 0.8888888955
74358  -26.536  -23.294  -19.824 0.8888888955
73242  -27.792  -23.470  -19.601 1.0000000000
74351  -27.734  -22.498  -19.898 1.0000000000
74336  -28.185  -22.377  -20.022 1.0000000000
75456  -28.321  -22.021  -20.173 1.0000000000
75472  -29.155  -21.347  -20.488 0.8888888955
76565  -29.714  -20.833  -20.372 0.7777777910
76566  -30.182  -20.498  -20.273 0.7777777910
75446  -31.579  -21.303  -18.983 0.5555555820
77632  -30.835  -19.780  -20.059 0.7777777910
75453  -23.781  -20.875  -19.012 0.6666666865
75444  -23.612  -21.374  -18.486 0.6666666865
75455  -25.233  -21.478  -19.539 0.7777777910
76564  -24.720  -20.719  -19.530 0.7777777910
75468  -26.008  -21.575  -20.063 0.8888888955
75469  -26.997  -21.532  -20.212 0.8888888955
76576  -26.343  -20.588  -20.533 1.0000000000
76577  -27.306  -20.624  -20.820 1.0000000000
76578  -28.248  -20.639  -21.111 1.0000000000
75471  -28.654  -21.376  -20.643 0.8888888955
77645  -29.508  -19.404  -21.033 0.8888888955
76580  -29.807  -19.953  -20.664 0.8888888955
77644  -28.669  -19.515  -21.477 0.8888888955
78646  -29.788  -18.370  -20.999 0.7777777910
78633  -30.850  -18.879  -19.934 0.7777777910
76563  -23.999  -20.327  -19.403 0.6666666865
76575  -25.355  -20.452  -20.053 0.8888888955
77642  -26.698  -19.799  -21.170 1.0000000000
77643  -27.638  -19.760  -21.427 1.0000000000
79632  -29.825  -17.269  -21.303 0.7777777910
79618  -30.816  -17.754  -19.755 0.6666666865
79619  -31.197  -17.903  -19.131 0.5555555820
76574  -24.597  -20.061  -19.772 0.7777777910
77631  -24.136  -19.576  -19.770 0.6666666865
77655  -26.255  -19.160  -21.451 1.0000000000
77656  -26.976  -19.087  -21.832 1.0000000000
78657  -28.374  -17.979  -22.452 0.8888888955
77658  -28.666  -18.544  -21.895 0.8888888955
79648  -29.062  -17.190  -22.721 0.8888888955
78645  -29.223  -18.639  -21.593 0.8888888955
80740  -29.978  -16.514  -21.200 0.7777777910
81866  -29.888  -15.710  -20.877 0.7777777910
80741  -30.361  -16.642  -20.376 0.5555555820
81882  -29.604  -15.500  -21.730 0.7777777910
81853  -29.987  -15.392  -19.964 0.5555555820
81854  -30.481  -15.741  -19.467 0.5555555820
82926  -29.674  -14.456  -19.976 0.6666666865
78630  -23.087  -17.876  -19.225 0.4444444478
77639  -24.004  -18.932  -20.023 0.5555555820
78642  -24.277  -18.387  -20.601 0.7777777910
78644  -25.786  -18.937  -21.411 1.0000000000
78643  -25.069  -18.608  -21.372 0.8888888955
78655  -26.134  -18.440  -21.975 1.0000000000
78656  -27.285  -18.171  -22.520 0.8888888955
79662  -27.901  -17.124  -22.945 0.8888888955
79663  -28.520  -17.061  -22.911 0.8888888955
80751  -29.225  -16.435  -22.612 0.8888888955
80748  -24.102  -16.336  -21.338 0.6666666865
79630  -23.926  -17.282  -20.756 0.6666666865
80750  -25.215  -16.802  -22.424 0.7777777910
79660  -26.234  -16.969  -23.020 0.8888888955
80762  -25.760  -16.425  -23.067 0.7777777910
80764  -27.372  -16.321  -23.230 0.7777777910
79661  -26.886  -17.333  -23.016 0.8888888955
80776  -27.184  -15.588  -23.307 0.7777777910
80765  -28.473  -16.355  -22.803 0.8888888955
82980  -27.997  -14.613  -22.350 0.7777777910
81895  -28.392  -15.387  -22.406 0.7777777910
82962  -29.221  -14.952  -21.775 0.6666666865
83987  -28.168  -13.493  -22.545 0.6666666865
83977  -28.664  -13.289  -21.890 0.6666666865
83978  -29.036  -14.074  -21.478 0.6666666865
85979  -29.127  -11.709  -22.157 0.6666666865
84958  -28.943  -12.358  -21.768 0.5555555820
84951  -29.262  -12.694  -20.447 0.5555555820
84950  -29.036  -12.150  -20.990 0.5555555820
82958  -23.606  -13.959  -21.604 0.3333333433
82941  -23.335  -14.498  -21.057 0.3333333433
82960  -24.393  -15.064  -22.352 0.5555555820
81880  -24.691  -15.558  -22.576 0.6666666865
82978  -24.673  -14.566  -22.987 0.5555555820
81892  -25.350  -15.447  -23.337 0.7777777910
81903  -26.177  -15.270  -23.672 0.7777777910
84006  -26.805  -13.659  -23.983 0.6666666865
82997  -27.231  -14.634  -23.230 0.6666666865
82996  -26.760  -14.335  -23.752 0.6666666865
83986  -27.773  -13.590  -22.906 0.6666666865
84977  -28.455  -12.688  -23.424 0.6666666865
84968  -29.108  -11.983  -22.917 0.6666666865
86884  -29.308  -11.282  -22.295 0.6666666865
85972  -29.040  -11.575  -21.490 0.5555555820
86868  -29.218  -10.397  -20.463 0.5555555820
86867  -29.090  -10.891  -21.236 0.6666666865
83976  -23.755  -13.409  -22.028 0.4444444478
83975  -23.247  -13.454  -21.565 0.4444444478
84965  -24.019  -12.574  -22.588 0.5555555820
83985  -24.544  -13.557  -23.207 0.5555555820
83993  -25.003  -13.723  -23.783 0.6666666865
82994  -25.350  -14.508  -23.787 0.6666666865
84984  -26.659  -13.049  -24.230 0.6666666865
84976  -27.917  -13.059  -23.708 0.6666666865
85989  -29.095  -11.639  -23.116 0.6666666865
87849  -29.619  -9.470  -21.629 0.6666666865
87841  -29.436  -9.392  -20.609 0.6666666865
85994  -25.789  -12.550  -24.278 0.6666666865
84983  -25.988  -13.091  -24.405 0.6666666865
85995  -26.308  -12.359  -24.289 0.6666666865
84985  -27.448  -13.058  -23.954 0.6666666865
85996  -27.185  -12.282  -24.224 0.6666666865
86893  -29.061  -10.576  -23.183 0.6666666865
66253  -25.542  -28.804  -15.629 0.8888888955
67377  -24.193  -27.910  -14.812 1.0000000000
67397  -24.778  -27.683  -15.952 1.0000000000
67403  -26.161  -28.509  -17.189 1.0000000000
67411  -28.153  -28.461  -18.417 1.0000000000
74324  -24.026  -22.300  -18.473 0.5555555820
76562  -23.414  -20.303  -18.809 0.5555555820
77640  -24.678  -19.410  -20.406 0.7777777910
79649  -29.527  -17.393  -22.097 0.8888888955
78617  -22.315  -17.701  -18.649 0.2222222239
82943  -29.438  -14.761  -21.140 0.6666666865
80775  -26.719  -15.827  -23.437 0.7777777910
83956  -29.530  -13.176  -19.802 0.4444444478
84975  -25.432  -12.964  -24.145 0.6666666865
85985  -25.545  -11.774  -23.980 0.6666666865
87832  -29.399  -9.572  -19.617 0.5555555820
84956  -22.860  -12.609  -21.561 0.2222222239
84957  -23.412  -12.557  -22.076 0.3333333433
63644  -23.188  -31.124  -12.138 0.5555555820
63645  -23.884  -31.212  -12.314 0.5555555820
66218  -25.318  -30.107  -13.907 0.5555555820
65002  -25.635  -30.548  -13.935 0.5555555820
65034  -28.069  -30.295  -15.774 0.7777777910
64964  -22.727  -30.873  -12.174 0.5555555820
65018  -26.178  -30.703  -14.314 0.6666666865
66238  -26.359  -30.263  -14.743 0.6666666865
66255  -27.471  -30.035  -15.576 0.8888888955
65045  -28.864  -30.349  -16.731 0.7777777910
65057  -30.757  -30.463  -18.038 0.7777777910
67413  -30.323  -28.726  -18.013 0.8888888955
66191  -21.327  -30.095  -12.101 0.4444444478
67360  -21.801  -28.496  -13.039 0.5555555820
68540  -22.382  -27.422  -13.816 0.2222222239
67386  -23.347  -27.141  -14.720 0.6666666865
69773  -29.795  -26.250  -18.245 0.8888888955
70955  -30.197  -25.560  -18.272 0.6666666865
72128  -30.329  -24.652  -18.448 0.7777777910
72129  -30.955  -23.886  -18.236 0.6666666865
68572  -23.624  -26.463  -15.609 0.5555555820
73228  -31.041  -23.290  -18.410 0.6666666865
70936  -23.198  -25.129  -16.187 0.4444444478
74326  -31.176  -22.568  -18.712 0.5555555820
76555  -32.201  -20.498  -18.519 0.5555555820
73213  -23.059  -23.184  -16.821 0.2222222239
76554  -31.648  -20.339  -19.081 0.5555555820
75431  -23.006  -21.422  -17.664 0.4444444478
78634  -31.286  -18.492  -19.263 0.5555555820
76532  -22.243  -20.069  -17.441 0.3333333433
79600  -31.695  -17.932  -18.609 0.5555555820
77629  -22.856  -18.631  -18.696 0.4444444478
80719  -31.106  -16.500  -18.711 0.4444444478
78596  -21.830  -18.064  -18.066 0.3333333433
82908  -30.593  -14.742  -18.449 0.5555555820
83944  -29.832  -13.462  -19.045 0.4444444478
81852  -22.943  -15.380  -20.416 0.3333333433
81864  -23.407  -15.509  -20.842 0.4444444478
84944  -29.407  -12.193  -19.634 0.4444444478
86858  -29.323  -10.473  -19.548 0.4444444478
88858  -29.703  -9.058  -18.893 0.2222222239
85984  -24.734  -12.210  -23.698 0.6666666865
85986  -26.777  -11.434  -23.972 0.6666666865
85987  -27.742  -11.395  -24.055 0.6666666865
86892  -28.221  -10.506  -23.570 0.6666666865
87864  -28.638  -9.591  -23.106 0.6666666865
88905  -29.508  -8.439  -21.855 0.6666666865
87857  -29.340  -9.540  -22.532 0.6666666865
88890  -29.672  -8.396  -20.841 0.6666666865
88874  -29.793  -8.365  -19.571 0.3333333433
85978  -25.315  -11.204  -23.410 0.5555555820
66203  -22.377  -29.829  -12.960 0.5555555820
64981  -23.087  -30.296  -12.689 0.5555555820
64982  -24.305  -30.746  -12.806 0.6666666865
65001  -25.026  -30.594  -13.396 0.6666666865
66217  -24.799  -29.608  -13.912 0.7777777910
66236  -24.687  -28.654  -14.766 0.8888888955
67389  -25.003  -28.104  -15.746 1.0000000000
65049  -28.162  -29.861  -17.479 1.0000000000
66267  -27.460  -29.669  -16.208 0.8888888955
66202  -21.735  -29.465  -12.676 0.4444444478
67376  -23.603  -27.916  -14.453 0.8888888955
67362  -23.082  -28.358  -13.856 0.5555555820
66252  -24.930  -28.311  -15.398 0.8888888955
66276  -28.539  -29.376  -18.198 1.0000000000
67404  -26.809  -28.660  -17.530 1.0000000000
67410  -27.245  -28.458  -18.127 1.0000000000
66277  -29.625  -29.412  -18.283 1.0000000000
67361  -22.366  -28.231  -13.548 0.6666666865
67388  -24.535  -27.767  -15.401 1.0000000000
67387  -23.908  -27.288  -15.197 0.8888888955
68573  -24.116  -26.828  -15.892 0.8888888955
69753  -24.414  -26.511  -16.685 1.0000000000
67408  -25.807  -27.916  -17.482 1.0000000000
68583  -25.355  -27.512  -17.330 1.0000000000
67409  -26.354  -28.136  -17.853 1.0000000000
68586  -25.076  -27.013  -17.646 1.0000000000
69771  -25.671  -26.817  -18.755 1.0000000000
68591  -29.549  -27.414  -17.678 0.8888888955
68596  -28.459  -26.732  -19.014 1.0000000000
69777  -27.211  -26.652  -19.790 1.0000000000
69778  -27.975  -26.367  -19.415 1.0000000000
69780  -29.314  -25.929  -18.779 1.0000000000
70954  -29.712  -25.298  -18.677 0.7777777910
69762  -24.276  -25.896  -17.406 1.0000000000
69761  -24.005  -25.543  -17.021 0.5555555820
69763  -24.720  -26.604  -17.317 1.0000000000
69775  -25.229  -25.946  -19.225 1.0000000000
70953  -24.542  -25.595  -18.408 0.8888888955
70958  -25.409  -25.706  -19.547 1.0000000000
70964  -26.678  -25.189  -20.308 1.0000000000
70959  -27.815  -24.881  -19.546 1.0000000000
72136  -28.233  -24.406  -19.449 1.0000000000
73237  -29.671  -23.382  -19.308 0.8888888955
73238  -30.185  -23.310  -19.181 0.7777777910
74325  -30.727  -22.850  -19.006 0.6666666865
72116  -23.193  -24.192  -16.595 0.5555555820
70943  -23.724  -25.055  -17.011 0.5555555820
72117  -23.476  -23.824  -17.098 0.6666666865
72133  -24.323  -24.173  -18.279 0.6666666865
70944  -24.057  -25.386  -17.333 0.7777777910
70952  -24.226  -25.065  -17.919 0.7777777910
73233  -24.489  -23.698  -18.602 0.7777777910
73226  -24.385  -22.740  -18.627 0.6666666865
73240  -25.377  -22.956  -19.424 0.8888888955
72139  -25.150  -24.087  -19.595 0.8888888955
72144  -25.636  -23.774  -19.925 0.8888888955
70957  -24.810  -25.196  -19.164 0.8888888955
70962  -25.148  -24.726  -19.960 1.0000000000
72146  -26.474  -23.778  -19.972 0.8888888955
73241  -26.970  -23.520  -19.773 1.0000000000
74352  -28.208  -23.092  -19.654 1.0000000000
75457  -28.942  -21.906  -20.217 0.8888888955
75458  -29.683  -21.441  -20.098 0.8888888955
74339  -30.356  -22.544  -19.368 0.7777777910
76567  -31.126  -20.611  -19.661 0.6666666865
75432  -31.842  -21.870  -18.236 0.5555555820
74313  -22.959  -22.304  -17.258 0.3333333433
73214  -23.538  -23.161  -17.444 0.3333333433
72126  -23.906  -24.092  -17.609 0.6666666865
75454  -24.335  -21.406  -19.136 0.6666666865
74335  -24.994  -22.277  -19.253 0.7777777910
74350  -26.601  -22.599  -19.877 0.8888888955
75470  -27.880  -21.470  -20.505 1.0000000000
76579  -29.297  -20.566  -20.724 0.7777777910
77646  -30.216  -19.330  -20.517 0.7777777910
77633  -31.379  -19.538  -19.391 0.5555555820
79633  -30.239  -17.681  -20.584 0.7777777910
78647  -30.383  -18.400  -20.377 0.7777777910
76553  -22.952  -20.456  -18.007 0.4444444478
77641  -25.705  -19.590  -20.947 0.8888888955
77657  -27.932  -18.787  -21.871 0.8888888955
78659  -29.514  -17.945  -21.698 0.7777777910
80730  -30.975  -16.673  -19.223 0.5555555820
80731  -31.216  -17.415  -19.027 0.5555555820
77630  -23.454  -19.173  -19.325 0.5555555820
78658  -29.146  -18.014  -22.215 0.8888888955
80752  -29.725  -16.456  -22.020 0.8888888955
81867  -30.181  -15.882  -20.194 0.6666666865
81881  -29.093  -15.720  -22.211 0.8888888955
82927  -30.062  -14.962  -19.336 0.5555555820
78631  -23.640  -18.038  -19.992 0.5555555820
78654  -25.447  -18.017  -21.918 0.7777777910
79631  -24.521  -17.942  -21.086 0.7777777910
79646  -26.520  -17.903  -22.577 0.8888888955
79645  -25.824  -17.483  -22.555 0.7777777910
82907  -29.998  -14.272  -18.981 0.5555555820
80739  -23.598  -16.292  -20.845 0.5555555820
79629  -23.431  -16.740  -20.490 0.5555555820
81865  -23.830  -15.553  -21.321 0.4444444478
79643  -24.379  -16.874  -21.419 0.6666666865
80761  -25.142  -16.125  -22.667 0.6666666865
79644  -24.840  -17.454  -21.710 0.7777777910
79614  -23.564  -17.487  -20.231 0.6666666865
81893  -25.850  -15.806  -23.417 0.7777777910
82979  -27.620  -14.181  -22.790 0.6666666865
82961  -28.607  -14.558  -21.980 0.6666666865
84967  -28.846  -12.386  -22.600 0.6666666865
84959  -29.103  -13.050  -21.257 0.5555555820
83967  -29.329  -13.710  -20.705 0.5555555820
85952  -29.337  -11.306  -19.612 0.4444444478
84935  -29.739  -12.519  -18.995 0.4444444478
85963  -29.138  -10.958  -20.073 0.5555555820
82942  -23.654  -15.028  -21.247 0.4444444478
82959  -24.078  -14.499  -21.903 0.5555555820
81902  -25.709  -14.929  -23.776 0.7777777910
86885  -29.420  -10.705  -22.369 0.6666666865
86877  -29.425  -10.320  -21.394 0.6666666865
83984  -24.200  -13.456  -22.592 0.5555555820
84974  -24.857  -12.827  -23.787 0.6666666865
85988  -28.656  -11.527  -23.827 0.6666666865
77617  -22.942  -19.540  -18.467 0.4444444478
79613  -23.199  -17.100  -20.035 0.3333333433
89977  -29.821  -7.330  -20.181 0.3333333433
64963  -22.026  -30.568  -12.135 0.4444444478
63626  -22.685  -31.504  -11.716 0.5555555820
68592  -29.991  -28.097  -17.346 0.7777777910
66214  -22.094  -28.879  -13.216 0.4444444478
67395  -23.575  -26.839  -15.213 0.7777777910
73200  -22.517  -23.291  -16.117 0.1111111119
74312  -22.482  -22.352  -16.675 0.1111111119
76533  -22.579  -20.832  -17.547 0.4444444478
76552  -22.652  -19.736  -17.950 0.3333333433
80738  -23.153  -16.211  -20.413 0.3333333433
89993  -29.703  -7.395  -21.161 0.4444444478
62406  -26.665  -33.083  -12.319 0.4444444478
62367  -27.250  -32.206  -10.875 0.2222222239
62386  -24.249  -32.444  -11.602 0.4444444478
62404  -24.875  -32.396  -12.094 0.4444444478
63646  -24.787  -31.590  -12.562 0.4444444478
63647  -25.414  -31.863  -12.920 0.4444444478
62422  -26.325  -32.712  -13.145 0.4444444478
62423  -26.928  -32.272  -13.549 0.4444444478
63648  -27.575  -31.790  -12.777 0.2222222239
63665  -25.877  -31.529  -13.575 0.4444444478
63666  -26.777  -31.832  -13.873 0.4444444478
63630  -27.906  -31.083  -12.512 0.1111111119
64966  -28.228  -30.429  -11.572 0.1111111119
63682  -27.353  -31.277  -14.733 0.4444444478
63668  -28.141  -31.268  -14.379 0.3333333433
63681  -26.621  -31.253  -14.273 0.4444444478
63667  -27.455  -31.720  -13.852 0.3333333433
64984  -28.331  -30.446  -13.013 0.2222222239
63683  -27.962  -31.494  -14.796 0.3333333433
65019  -26.783  -30.692  -14.799 0.5555555820
65021  -29.268  -30.333  -15.033 0.2222222239
66240  -29.760  -29.813  -14.848 0.1111111119
66241  -30.778  -28.976  -14.638 0.1111111119
65036  -29.589  -30.253  -15.704 0.3333333433
65037  -30.152  -30.019  -15.999 0.3333333433
65046  -29.670  -30.279  -16.661 0.4444444478
63706  -32.073  -30.536  -17.556 0.5555555820
67406  -31.031  -29.225  -17.578 0.6666666865
67401  -30.555  -28.436  -16.524 0.4444444478
68577  -30.919  -27.212  -16.140 0.3333333433
69755  -30.644  -26.826  -16.775 0.5555555820
68584  -29.947  -27.165  -17.435 0.6666666865
69765  -30.544  -26.332  -17.381 0.5555555820
69766  -30.914  -26.139  -16.929 0.5555555820
69756  -31.060  -26.383  -16.497 0.4444444478
72110  -31.601  -24.981  -16.902 0.3333333433
69774  -30.333  -26.106  -17.948 0.5555555820
72120  -31.947  -23.873  -17.208 0.4444444478
73215  -31.468  -23.300  -17.807 0.5555555820
72119  -31.220  -24.706  -17.496 0.4444444478
74314  -31.600  -22.512  -18.005 0.4444444478
86891  -27.334  -10.338  -23.902 0.5555555820
87863  -27.820  -9.536  -23.512 0.5555555820
88924  -28.318  -8.868  -23.287 0.5555555820
88917  -28.944  -8.475  -22.769 0.5555555820
90008  -29.420  -7.358  -22.161 0.5555555820
61198  -25.975  -33.658  -12.544 0.4444444478
62388  -27.254  -32.431  -12.008 0.2222222239
63649  -27.954  -31.197  -13.470 0.2222222239
66239  -28.998  -30.297  -14.565 0.2222222239
66219  -28.962  -29.877  -13.781 0.1111111119
66257  -30.433  -29.609  -15.957 0.4444444478
65047  -30.400  -30.025  -16.664 0.4444444478
67405  -30.328  -28.433  -17.196 0.6666666865
73216  -32.033  -23.228  -17.272 0.4444444478
77619  -31.932  -19.747  -18.828 0.4444444478
87862  -27.407  -9.402  -24.209 0.5555555820
88922  -27.482  -8.845  -24.502 0.5555555820
67390  -31.254  -28.022  -15.500 0.2222222239
60073  -24.825  -34.091  -11.636 0.4444444478
60074  -25.400  -34.342  -11.767 0.4444444478
60075  -25.841  -34.192  -11.738 0.4444444478
61161  -26.355  -33.597  -10.593 0.2222222239
62366  -26.690  -32.745  -10.173 0.2222222239
62385  -23.338  -32.474  -11.303 0.4444444478
61180  -24.182  -33.299  -11.146 0.4444444478
63629  -27.646  -31.482  -11.618 0.1111111119
64965  -27.808  -30.948  -11.012 0.1111111119
66204  -28.904  -29.571  -12.505 0.1111111119
66220  -29.939  -28.976  -13.389 0.1111111119
66221  -30.743  -28.776  -13.709 0.1111111119
67378  -31.195  -28.603  -13.801 0.1111111119
68555  -31.662  -27.561  -14.885 0.2222222239
69748  -31.475  -26.234  -15.927 0.1111111119
68566  -31.439  -27.065  -15.395 0.2222222239
72111  -32.148  -24.707  -16.560 0.2222222239
75447  -32.080  -21.239  -18.437 0.4444444478
77620  -32.540  -19.449  -18.359 0.3333333433
78618  -31.909  -18.926  -18.823 0.4444444478
81840  -30.994  -15.956  -18.511 0.4444444478
85938  -29.706  -11.572  -18.838 0.3333333433
85977  -24.612  -11.655  -23.187 0.4444444478
86890  -26.597  -10.294  -23.940 0.5555555820
86897  -26.858  -9.606  -24.443 0.5555555820
88916  -28.568  -8.250  -23.473 0.5555555820
90023  -29.018  -7.335  -23.353 0.5555555820
87868  -26.745  -9.331  -24.463 0.5555555820
63627  -23.620  -31.736  -11.800 0.4444444478
63628  -24.308  -31.854  -12.032 0.4444444478
65033  -27.368  -30.559  -15.281 0.5555555820
63695  -27.728  -30.881  -15.305 0.5555555820
67414  -31.227  -29.543  -18.189 0.6666666865
70945  -30.615  -25.431  -17.838 0.5555555820
72118  -30.704  -24.941  -17.926 0.5555555820
86849  -29.565  -10.738  -18.884 0.3333333433
63664  -25.182  -31.354  -13.093 0.4444444478
65035  -28.731  -30.525  -15.716 0.3333333433
63696  -28.036  -31.086  -15.347 0.3333333433
61211  -26.073  -33.260  -12.945 0.4444444478
62407  -27.089  -32.451  -13.009 0.4444444478
62387  -26.774  -33.003  -11.281 0.3333333433
61196  -24.828  -33.166  -11.783 0.4444444478
62405  -25.285  -32.305  -12.560 0.4444444478
60093  -25.104  -33.599  -12.031 0.4444444478
61197  -25.373  -33.123  -12.417 0.4444444478
61210  -25.844  -33.143  -12.921 0.4444444478
62421  -25.679  -32.508  -12.980 0.4444444478
65020  -28.704  -30.759  -14.964 0.3333333433
63697  -28.331  -31.083  -15.148 0.3333333433
65003  -28.431  -30.626  -14.077 0.2222222239
66256  -30.033  -29.984  -15.626 0.2222222239
66269  -30.801  -29.486  -17.001 0.4444444478
66258  -30.899  -28.872  -15.815 0.4444444478
68567  -31.662  -26.458  -15.311 0.1111111119
68585  -30.155  -27.390  -17.140 0.5555555820
68576  -30.452  -27.573  -16.633 0.5555555820
70946  -30.940  -25.633  -17.275 0.5555555820
70937  -31.436  -25.537  -16.680 0.3333333433
74315  -32.156  -22.417  -17.422 0.4444444478
86898  -27.039  -9.793  -24.342 0.5555555820
60095  -25.656  -34.057  -12.075 0.4444444478
88929  -27.306  -8.558  -24.618 0.5555555820
66242  -31.166  -28.542  -15.104 0.2222222239
58971  -25.109  -34.779  -11.458 0.4444444478
60051  -26.040  -34.351  -10.976 0.4444444478
61181  -26.308  -33.707  -11.609 0.4444444478
63609  -27.570  -31.333  -10.470 0.1111111119
55156  -23.495  -38.557  -5.833 0.1111111119
57760  -22.245  -36.799  -8.519 0.3333333433
56481  -23.535  -37.964  -7.775 0.2222222239
56457  -23.739  -37.955  -6.801 0.2222222239
56436  -24.072  -37.845  -6.022 0.1111111119
61143  -21.144  -34.136  -9.439 0.3333333433
58931  -21.404  -35.350  -8.747 0.3333333433
58909  -21.795  -36.141  -8.629 0.3333333433
57785  -23.213  -36.702  -9.209 0.3333333433
56514  -24.073  -37.367  -9.066 0.3333333433
57762  -24.412  -36.900  -8.727 0.2222222239
56482  -24.127  -37.447  -7.502 0.2222222239
56458  -24.491  -37.283  -6.574 0.1111111119
57737  -24.358  -37.012  -8.009 0.2222222239
62382  -20.769  -32.642  -10.107 0.2222222239
61156  -20.707  -33.413  -9.551 0.2222222239
60023  -21.742  -34.751  -9.203 0.3333333433
58932  -22.409  -35.768  -9.088 0.3333333433
62383  -21.516  -32.337  -10.683 0.2222222239
62362  -21.081  -33.167  -9.907 0.3333333433
62364  -22.259  -32.917  -10.488 0.3333333433
61158  -22.220  -33.715  -10.033 0.3333333433
61159  -22.980  -33.581  -10.486 0.3333333433
61144  -21.831  -34.168  -9.625 0.3333333433
60048  -23.538  -34.488  -10.248 0.3333333433
58934  -24.033  -35.804  -10.039 0.3333333433
57787  -24.735  -35.946  -9.768 0.3333333433
57807  -24.781  -35.640  -10.292 0.3333333433
58911  -25.035  -35.646  -9.384 0.3333333433
57763  -24.709  -36.182  -9.030 0.1111111119
58894  -25.083  -35.480  -8.536 0.2222222239
63624  -20.695  -31.660  -10.796 0.2222222239
63625  -21.644  -31.556  -11.425 0.3333333433
62365  -22.870  -32.876  -10.847 0.3333333433
61179  -23.434  -33.176  -10.864 0.3333333433
60049  -24.307  -34.266  -10.825 0.3333333433
58952  -24.379  -35.203  -10.432 0.3333333433
58970  -24.745  -34.804  -11.111 0.3333333433
58935  -25.132  -35.468  -10.072 0.3333333433
60009  -25.369  -34.903  -9.365 0.1111111119
64962  -21.004  -30.718  -11.589 0.3333333433
58953  -25.077  -35.310  -10.887 0.3333333433
60050  -25.543  -34.737  -11.274 0.3333333433
74301  -32.580  -22.413  -16.747 0.2222222239
75433  -32.448  -21.210  -17.827 0.2222222239
75417  -32.741  -21.527  -16.841 0.2222222239
80720  -31.423  -16.839  -18.384 0.3333333433
79579  -32.040  -17.448  -18.006 0.2222222239
57761  -22.793  -37.084  -8.761 0.3333333433
56502  -23.341  -37.590  -8.624 0.3333333433
57717  -24.519  -36.855  -7.361 0.1111111119
61157  -21.397  -33.605  -9.799 0.3333333433
58933  -23.411  -35.711  -9.643 0.3333333433
57786  -24.159  -36.572  -9.599 0.3333333433
62384  -22.360  -32.285  -11.103 0.3333333433
60026  -25.522  -34.884  -10.460 0.3333333433
53947  -22.785  -39.333  -6.054 0.1111111119
55141  -23.564  -38.998  -5.147 0.1111111119
58908  -20.946  -35.922  -8.405 0.3333333433
57759  -21.517  -36.758  -8.126 0.3333333433
56479  -21.818  -37.739  -7.720 0.3333333433
56480  -22.374  -38.074  -7.880 0.3333333433
55196  -22.978  -38.354  -8.056 0.3333333433
55157  -24.118  -38.116  -5.548 0.1111111119
60022  -20.886  -34.647  -8.965 0.3333333433
56437  -24.746  -37.616  -5.489 0.1111111119
61178  -20.454  -32.896  -9.656 0.2222222239
56459  -25.104  -36.879  -6.039 0.1111111119
63623  -20.202  -32.059  -10.170 0.2222222239
57738  -24.693  -36.254  -7.955 0.1111111119
59999  -25.547  -34.696  -8.172 0.1111111119
60027  -25.803  -34.151  -9.978 0.1111111119
76539  -32.801  -20.152  -17.812 0.2222222239
81841  -31.521  -15.915  -17.604 0.2222222239
80706  -32.114  -16.752  -17.480 0.2222222239
66201  -21.204  -29.055  -12.315 0.2222222239
78599  -33.060  -18.870  -17.874 0.2222222239
55142  -24.261  -38.607  -4.962 0.1111111119
56500  -22.046  -37.221  -8.168 0.3333333433
57784  -22.602  -36.543  -8.894 0.3333333433
56501  -22.545  -37.596  -8.268 0.3333333433
55215  -22.914  -37.950  -8.261 0.3333333433
61142  -20.542  -34.084  -9.112 0.2222222239
58930  -20.537  -35.184  -8.625 0.2222222239
56513  -23.739  -37.186  -9.250 0.3333333433
56503  -24.052  -37.498  -8.353 0.2222222239
62363  -21.529  -33.042  -10.154 0.3333333433
60047  -22.854  -34.125  -10.122 0.3333333433
60024  -22.703  -34.692  -9.673 0.3333333433
60025  -23.402  -35.031  -9.857 0.3333333433
61160  -23.723  -33.742  -10.668 0.3333333433
55173  -22.892  -38.788  -7.043 0.2222222239
57758  -20.634  -36.439  -7.796 0.3333333433
55195  -22.219  -38.785  -7.700 0.3333333433
61141  -20.288  -34.097  -8.929 0.2222222239
60021  -20.021  -34.501  -8.702 0.2222222239
76518  -32.866  -20.661  -17.267 0.1111111119
76520  -33.759  -20.243  -16.024 0.1111111119
76519  -33.384  -20.367  -16.636 0.1111111119
77601  -33.302  -19.587  -17.396 0.1111111119
77578  -33.765  -19.409  -16.821 0.1111111119
78619  -32.426  -18.452  -18.269 0.1111111119
78600  -33.633  -18.583  -17.156 0.1111111119
79580  -32.850  -17.708  -17.553 0.1111111119
83945  -30.315  -13.605  -18.337 0.2222222239
85924  -30.338  -11.853  -17.767 0.1111111119
84936  -30.145  -12.692  -18.359 0.2222222239
86835  -29.893  -10.822  -18.265 0.1111111119
84922  -30.584  -12.748  -17.587 0.1111111119
86820  -30.539  -11.412  -17.297 0.1111111119
87797  -29.730  -10.361  -18.426 0.1111111119
87860  -25.718  -10.122  -23.155 0.4444444478
86889  -25.836  -10.637  -23.480 0.4444444478
87816  -30.041  -9.268  -18.351 0.1111111119
90022  -28.549  -7.942  -23.973 0.4444444478
91068  -29.851  -6.628  -20.606 0.3333333433
89978  -30.182  -7.158  -19.223 0.1111111119
88859  -30.299  -8.381  -18.484 0.1111111119
89965  -30.793  -7.276  -18.413 0.1111111119
90044  -28.376  -7.545  -24.635 0.4444444478
90043  -27.941  -7.715  -24.794 0.4444444478
91117  -28.604  -6.219  -24.397 0.4444444478
90035  -28.660  -7.431  -24.275 0.4444444478
91118  -28.971  -6.654  -24.095 0.4444444478
91102  -29.197  -6.234  -23.401 0.4444444478
91086  -29.419  -6.288  -22.510 0.4444444478
92206  -29.683  -5.214  -21.837 0.4444444478
92193  -29.821  -5.479  -21.234 0.2222222239
92194  -30.093  -5.364  -20.657 0.2222222239
91077  -29.988  -6.093  -20.606 0.2222222239
92183  -30.659  -5.008  -19.769 0.2222222239
92170  -30.817  -5.512  -19.245 0.2222222239
97747  -31.393  0.419  -21.573 0.1111111119
96058  -31.360  -1.650  -20.319 0.1111111119
94225  -32.471  -3.837  -18.844 0.1111111119
87856  -26.201  -9.120  -23.124 0.4444444478
88914  -26.345  -8.571  -22.620 0.4444444478
88921  -26.586  -8.612  -23.614 0.4444444478
90041  -26.805  -8.094  -24.081 0.3333333433
91130  -27.990  -6.770  -24.758 0.4444444478
92240  -28.749  -5.625  -24.340 0.4444444478
93316  -29.325  -4.490  -24.300 0.4444444478
92241  -29.180  -5.546  -24.010 0.4444444478
92224  -29.408  -5.374  -22.982 0.4444444478
93285  -29.560  -4.454  -22.571 0.4444444478
94310  -29.246  -3.551  -24.599 0.3333333433
94269  -29.594  -3.513  -22.216 0.3333333433
94270  -29.808  -3.653  -21.462 0.1111111119
94255  -30.443  -3.437  -20.808 0.1111111119
93257  -30.579  -4.362  -20.314 0.2222222239
94256  -31.002  -3.693  -20.195 0.1111111119
96042  -31.645  -2.337  -20.028 0.1111111119
91129  -27.518  -6.538  -24.283 0.3333333433
93301  -29.540  -4.552  -23.507 0.4444444478
95204  -29.362  -2.569  -23.954 0.2222222239
94296  -29.638  -3.622  -23.821 0.2222222239
95178  -29.608  -2.978  -22.226 0.2222222239
95179  -29.892  -2.619  -21.681 0.1111111119
95191  -29.591  -2.846  -22.831 0.1111111119
95192  -29.772  -1.987  -22.410 0.1111111119
96057  -30.542  -1.539  -21.111 0.1111111119
96088  -29.441  -1.718  -23.131 0.1111111119
96075  -30.109  -1.450  -21.907 0.1111111119
90032  -27.009  -7.690  -23.546 0.3333333433
91116  -27.096  -6.535  -23.550 0.3333333433
92223  -26.644  -5.967  -22.992 0.3333333433
92239  -26.690  -5.679  -23.455 0.3333333433
93314  -27.970  -4.608  -24.358 0.3333333433
93315  -28.767  -4.509  -24.668 0.3333333433
94309  -28.442  -3.618  -24.593 0.2222222239
96102  -29.022  -1.737  -23.776 0.1111111119
96932  -29.431  -0.642  -22.773 0.1111111119
97746  -30.557  0.263  -21.884 0.1111111119
98580  -30.261  1.783  -23.321 0.1111111119
92205  -26.105  -5.588  -21.807 0.1111111119
92238  -26.053  -5.087  -23.610 0.2222222239
93299  -26.279  -4.375  -23.438 0.2222222239
93300  -27.095  -4.665  -23.647 0.3333333433
94295  -27.028  -3.665  -23.555 0.2222222239
94308  -27.692  -3.664  -24.142 0.3333333433
95214  -27.361  -2.757  -24.088 0.2222222239
96114  -28.190  -1.875  -24.294 0.1111111119
96956  -27.503  -0.871  -25.076 0.1111111119
96944  -28.608  -0.553  -24.078 0.1111111119
96945  -28.858  -1.009  -23.461 0.1111111119
98564  -29.407  0.627  -23.200 0.1111111119
97760  -30.033  0.009  -22.278 0.1111111119
97761  -31.573  1.056  -22.115 0.1111111119
97762  -32.208  0.879  -22.100 0.1111111119
93270  -26.024  -4.528  -21.700 0.1111111119
93269  -25.568  -4.516  -22.315 0.1111111119
94282  -26.294  -3.566  -22.338 0.1111111119
96087  -26.372  -1.389  -22.834 0.1111111119
95202  -26.620  -2.604  -22.973 0.1111111119
96100  -27.026  -2.222  -24.113 0.2222222239
96099  -26.469  -1.752  -23.998 0.1111111119
96112  -26.716  -1.119  -24.779 0.1111111119
97784  -26.127  0.032  -24.566 0.1111111119
96967  -27.509  -0.419  -25.246 0.1111111119
97786  -27.742  0.165  -25.124 0.1111111119
94268  -26.720  -3.473  -21.302 0.1111111119
95177  -26.996  -2.440  -21.048 0.1111111119
95190  -26.701  -2.444  -22.034 0.1111111119
96086  -25.957  -0.858  -22.277 0.1111111119
96916  -25.454  -0.264  -22.208 0.1111111119
97771  -26.459  0.690  -23.747 0.1111111119
96055  -27.071  -1.853  -20.728 0.1111111119
96056  -27.173  -1.213  -20.373 0.1111111119
96918  -26.551  -0.504  -21.157 0.1111111119
75418  -33.230  -21.398  -16.153 0.1111111119
76540  -33.099  -20.179  -17.287 0.1111111119
77579  -34.035  -19.588  -16.115 0.1111111119
82889  -31.536  -14.851  -16.928 0.1111111119
86836  -30.379  -10.867  -17.513 0.1111111119
87861  -26.247  -9.543  -23.629 0.4444444478
91076  -29.728  -6.223  -21.330 0.4444444478
91069  -30.292  -6.169  -19.884 0.2222222239
91056  -30.765  -6.240  -18.849 0.1111111119
89951  -31.097  -8.005  -17.760 0.1111111119
91131  -28.495  -7.066  -24.634 0.4444444478
93258  -31.041  -4.114  -19.898 0.2222222239
95163  -30.644  -2.404  -20.763 0.1111111119
96043  -32.093  -2.073  -19.866 0.1111111119
92255  -28.265  -5.627  -24.457 0.3333333433
96919  -30.571  -0.485  -21.559 0.1111111119
95203  -26.920  -2.763  -23.570 0.2222222239
96113  -27.336  -1.580  -24.631 0.1111111119
96930  -26.055  -0.495  -23.074 0.1111111119
97772  -27.560  0.729  -24.258 0.1111111119
96917  -25.914  -0.395  -21.428 0.1111111119
96074  -26.986  -0.754  -21.067 0.1111111119
76500  -33.870  -20.166  -15.458 0.1111111119
82909  -31.184  -15.165  -17.836 0.2222222239
87798  -30.084  -9.995  -17.951 0.1111111119
86883  -25.274  -10.696  -22.978 0.4444444478
88928  -26.731  -8.606  -24.307 0.4444444478
94283  -29.580  -3.795  -23.022 0.2222222239
93256  -27.268  -4.188  -19.621 0.1111111119
95161  -27.162  -2.420  -20.429 0.1111111119
96073  -26.666  -1.200  -21.542 0.1111111119
76470  -33.638  -20.924  -14.925 0.1111111119
74302  -32.944  -22.427  -16.111 0.1111111119
76499  -33.581  -20.827  -15.778 0.1111111119
76471  -33.976  -20.113  -14.583 0.1111111119
78582  -34.564  -18.559  -15.816 0.1111111119
78581  -34.148  -18.851  -16.563 0.1111111119
79563  -34.150  -17.974  -16.484 0.1111111119
80708  -33.275  -17.204  -16.889 0.1111111119
81828  -32.226  -15.776  -16.715 0.1111111119
80707  -32.884  -16.623  -16.849 0.1111111119
84911  -31.417  -12.749  -16.436 0.1111111119
86821  -30.835  -11.099  -16.898 0.1111111119
87787  -31.222  -10.512  -16.890 0.1111111119
87799  -31.064  -9.895  -17.255 0.1111111119
91057  -31.667  -6.319  -18.252 0.1111111119
89952  -32.103  -7.657  -17.421 0.1111111119
87855  -25.358  -9.612  -22.616 0.4444444478
93238  -33.611  -4.822  -18.669 0.1111111119
94241  -33.011  -3.351  -19.241 0.1111111119
88903  -26.465  -8.190  -21.943 0.2222222239
90020  -27.165  -7.669  -22.518 0.2222222239
91100  -26.860  -6.567  -22.659 0.2222222239
96044  -32.801  -1.927  -19.792 0.1111111119
89992  -25.968  -6.916  -21.444 0.1111111119
92222  -26.113  -5.684  -22.810 0.2222222239
97748  -32.601  0.307  -21.407 0.1111111119
97763  -33.324  0.552  -22.391 0.1111111119
91075  -26.068  -6.403  -20.955 0.1111111119
91066  -25.601  -6.323  -19.959 0.1111111119
93255  -26.792  -4.540  -20.420 0.1111111119
98567  -31.767  1.418  -22.607 0.1111111119
93244  -26.581  -4.923  -19.029 0.1111111119
93245  -27.269  -4.025  -18.937 0.1111111119
98578  -28.269  1.392  -23.934 0.1111111119
98579  -29.256  1.290  -23.798 0.1111111119
99494  -29.753  2.207  -24.048 0.1111111119
99495  -30.618  2.625  -24.131 0.1111111119
94237  -27.443  -2.768  -19.751 0.1111111119
95145  -27.399  -2.139  -19.606 0.1111111119
97744  -25.690  0.304  -22.375 0.1111111119
98576  -26.691  1.127  -22.864 0.1111111119
96903  -26.365  0.088  -20.991 0.1111111119
88875  -30.237  -7.783  -18.884 0.1111111119
77600  -32.959  -19.511  -17.888 0.1111111119
85923  -30.054  -11.421  -18.145 0.2222222239
90042  -27.303  -7.642  -24.388 0.4444444478
79581  -33.544  -17.666  -16.866 0.1111111119
83931  -30.797  -13.727  -17.650 0.1111111119
85911  -30.685  -11.880  -17.124 0.1111111119
84923  -30.911  -13.101  -17.032 0.1111111119
88845  -30.661  -9.031  -17.801 0.1111111119
89966  -31.541  -7.189  -17.856 0.1111111119
93271  -29.659  -4.267  -21.814 0.2222222239
93272  -29.953  -4.483  -21.106 0.2222222239
93235  -31.572  -4.545  -19.083 0.2222222239
92171  -31.492  -5.332  -18.788 0.1111111119
97735  -32.027  0.177  -21.058 0.1111111119
98554  -30.611  0.716  -22.096 0.1111111119
96905  -31.016  -0.788  -20.823 0.1111111119
96906  -31.794  -0.346  -20.643 0.1111111119
96059  -32.405  -1.217  -20.087 0.1111111119
93237  -33.122  -4.271  -18.491 0.1111111119
93236  -32.154  -4.528  -18.719 0.1111111119
94240  -32.199  -3.338  -19.279 0.2222222239
95146  -31.849  -2.792  -19.718 0.2222222239
92254  -27.452  -5.599  -23.986 0.3333333433
96933  -30.018  -0.776  -22.218 0.1111111119
91115  -27.133  -7.103  -23.095 0.3333333433
95216  -28.721  -2.728  -24.422 0.1111111119
96101  -28.541  -1.341  -24.059 0.1111111119
97759  -29.482  0.222  -22.820 0.1111111119
98553  -30.304  0.480  -22.227 0.1111111119
98565  -29.967  0.880  -22.675 0.1111111119
98566  -30.937  1.274  -22.427 0.1111111119
91085  -26.411  -6.422  -21.871 0.1111111119
91067  -26.145  -5.952  -20.431 0.1111111119
92221  -25.306  -4.964  -23.263 0.1111111119
94294  -26.323  -3.705  -23.093 0.1111111119
95215  -27.991  -2.701  -24.422 0.2222222239
96966  -27.056  -0.702  -25.231 0.1111111119
96957  -28.041  -0.772  -24.731 0.1111111119
97774  -29.025  0.046  -23.507 0.1111111119
92192  -26.344  -5.449  -20.895 0.1111111119
94281  -25.857  -3.954  -22.746 0.1111111119
96943  -26.314  -0.876  -23.559 0.1111111119
96942  -26.050  -0.306  -23.904 0.1111111119
97796  -26.407  -0.320  -24.856 0.1111111119
97798  -27.169  -0.011  -25.641 0.1111111119
97773  -28.466  0.346  -24.377 0.1111111119
94253  -27.280  -3.257  -20.162 0.1111111119
97757  -25.777  0.200  -23.000 0.1111111119
75404  -33.335  -21.822  -15.352 0.1111111119
82888  -31.101  -14.438  -17.573 0.1111111119
95147  -32.561  -2.655  -19.616 0.1111111119
95148  -33.382  -2.441  -19.769 0.1111111119
97732  -26.495  0.752  -21.078 0.1111111119
77557  -34.366  -19.427  -15.208 0.1111111119
83932  -31.210  -13.790  -16.911 0.1111111119
85912  -31.190  -11.772  -16.597 0.1111111119
92172  -32.397  -5.333  -18.424 0.1111111119
95149  -33.726  -2.634  -19.801 0.1111111119
96908  -33.513  -0.802  -20.831 0.1111111119
89991  -25.302  -7.368  -20.901 0.1111111119
96907  -32.923  -0.391  -20.751 0.1111111119
98563  -26.862  1.726  -22.468 0.1111111119
98577  -27.410  1.591  -23.370 0.1111111119
55194  -21.381  -38.622  -7.377 0.2222222239
70926  -22.770  -25.209  -15.431 0.2222222239
68563  -23.288  -26.486  -15.022 0.3333333433
69747  -23.272  -25.856  -15.585 0.4444444478
86881  -23.560  -10.735  -22.366 0.2222222239
87847  -24.359  -9.144  -22.196 0.1111111119
87848  -25.088  -9.038  -22.246 0.1111111119
80727  -22.647  -16.079  -19.905 0.2222222239
79596  -22.507  -16.898  -19.375 0.1111111119
68554  -22.772  -26.801  -14.340 0.2222222239
80715  -22.253  -16.001  -19.405 0.1111111119
83966  -22.840  -13.603  -20.937 0.1111111119
84949  -22.583  -12.687  -20.821 0.1111111119
86873  -23.097  -10.631  -21.948 0.1111111119
87846  -23.087  -9.359  -21.970 0.1111111119
88901  -23.837  -8.694  -21.724 0.1111111119
88902  -25.316  -8.550  -21.761 0.1111111119
85976  -23.891  -11.641  -22.385 0.2222222239
68529  -21.617  -28.144  -12.830 0.2222222239
68553  -22.147  -26.914  -13.824 0.2222222239
75430  -22.239  -21.341  -17.114 0.2222222239
85969  -23.146  -11.622  -22.062 0.1111111119
86882  -24.471  -10.718  -22.513 0.3333333433
87854  -23.914  -9.870  -22.523 0.3333333433
69735  -22.382  -26.174  -14.160 0.2222222239
87853  -23.283  -10.095  -22.350 0.1111111119
85968  -22.784  -11.623  -21.420 0.1111111119
86872  -22.916  -10.597  -21.243 0.1111111119
67379  -31.530  -28.192  -14.399 0.1111111119
56478  -20.908  -37.867  -7.176 0.1111111119
53964  -21.955  -39.644  -7.241 0.1111111119
130541  -19.438  -37.750  -6.516 0.1111111119
57734  -20.108  -36.635  -7.316 0.1111111119
58907  -20.032  -35.581  -8.072 0.1111111119
58929  -20.129  -35.118  -8.573 0.1111111119
67347  -21.049  -28.577  -12.134 0.1111111119
72098  -22.311  -24.479  -15.234 0.1111111119
69736  -22.884  -25.949  -14.832 0.1111111119
77616  -22.412  -18.911  -18.022 0.2222222239
77593  -21.752  -18.886  -17.477 0.2222222239
56476  -19.670  -37.099  -6.818 0.1111111119
72109  -22.686  -24.383  -15.898 0.1111111119
55155  -19.422  -38.250  -6.274 0.1111111119
55193  -20.844  -38.683  -6.999 0.1111111119
53962  -21.064  -39.080  -7.120 0.1111111119
55172  -22.358  -39.362  -7.226 0.1111111119
55212  -18.851  -37.128  -6.532 0.1111111119
57733  -19.551  -36.461  -7.223 0.1111111119
58906  -19.145  -35.568  -7.580 0.1111111119
60008  -19.549  -35.064  -8.116 0.1111111119
60020  -19.530  -33.727  -8.634 0.1111111119
61177  -20.116  -33.057  -9.258 0.1111111119
62381  -20.233  -32.539  -9.725 0.1111111119
68538  -21.491  -27.441  -12.843 0.1111111119
72088  -22.285  -24.821  -14.583 0.1111111119
78595  -21.551  -17.600  -17.620 0.2222222239
78616  -21.780  -17.080  -18.339 0.1111111119
53944  -20.724  -39.441  -6.499 0.1111111119
68539  -21.774  -27.589  -13.232 0.1111111119
76531  -21.534  -19.856  -16.921 0.2222222239
67348  -21.450  -28.605  -12.586 0.1111111119
62380  -19.903  -32.536  -9.373 0.1111111119
63607  -19.959  -31.717  -9.801 0.1111111119
63608  -20.135  -31.461  -10.361 0.1111111119
60072  -19.886  -33.182  -9.049 0.1111111119
57736  -21.112  -37.149  -7.611 0.1111111119
57757  -20.151  -36.156  -7.684 0.1111111119
57735  -20.607  -37.074  -7.363 0.1111111119
53963  -21.460  -39.327  -7.184 0.1111111119
68528  -21.432  -27.897  -12.561 0.1111111119
56477  -20.271  -37.388  -6.986 0.1111111119
56454  -19.929  -37.720  -6.680 0.1111111119
55170  -19.924  -38.333  -6.440 0.1111111119
56499  -19.225  -36.779  -6.874 0.1111111119
58892  -19.510  -35.983  -7.540 0.1111111119
68520  -21.083  -27.840  -12.009 0.1111111119
77592  -21.265  -18.835  -16.974 0.1111111119
60007  -19.177  -34.597  -7.896 0.1111111119
67338  -20.923  -28.580  -11.409 0.1111111119
69723  -21.510  -27.185  -13.025 0.1111111119
79577  -21.704  -16.553  -17.635 0.1111111119
79595  -22.018  -16.401  -18.903 0.1111111119
81851  -22.576  -15.262  -20.013 0.1111111119
80726  -22.344  -15.444  -19.644 0.1111111119
82923  -22.324  -14.700  -19.832 0.1111111119
53943  -20.225  -38.857  -6.339 0.1111111119
55171  -20.462  -38.614  -6.648 0.1111111119
55192  -19.138  -37.242  -6.594 0.1111111119
55213  -19.045  -36.966  -6.672 0.1111111119
55214  -22.655  -38.168  -8.019 0.3333333433
56455  -20.360  -38.037  -6.782 0.1111111119
56456  -20.642  -38.306  -6.899 0.1111111119
56497  -18.643  -36.853  -6.599 0.1111111119
56498  -18.954  -36.762  -6.786 0.1111111119
57756  -19.036  -36.270  -7.206 0.1111111119
57806  -24.446  -35.862  -10.031 0.3333333433
58893  -19.859  -36.127  -7.564 0.1111111119
58910  -22.278  -36.301  -8.779 0.3333333433
58951  -23.760  -35.282  -10.077 0.3333333433
60045  -19.676  -33.220  -8.948 0.1111111119
60046  -19.923  -33.531  -8.901 0.1111111119
60071  -19.856  -33.051  -9.114 0.1111111119
60094  -25.390  -33.848  -12.111 0.4444444478
61155  -20.277  -33.757  -9.050 0.2222222239
63622  -19.982  -32.170  -9.736 0.1111111119
63684  -28.308  -31.281  -14.871 0.3333333433
63704  -31.193  -30.989  -17.849 0.5555555820
63705  -31.510  -30.745  -17.712 0.5555555820
63707  -30.948  -30.895  -18.136 0.5555555820
63708  -31.614  -30.962  -18.036 0.5555555820
63709  -31.931  -30.830  -17.851 0.5555555820
64983  -24.811  -31.088  -12.974 0.4444444478
65048  -30.784  -29.871  -17.027 0.4444444478
65051  -29.771  -30.362  -17.516 0.7777777910
65052  -30.702  -30.427  -17.486 0.5555555820
65053  -31.316  -29.898  -17.106 0.5555555820
65054  -31.994  -30.385  -17.756 0.5555555820
65055  -29.202  -29.825  -18.187 1.0000000000
65056  -29.777  -30.121  -18.163 1.0000000000
65058  -31.443  -30.609  -18.099 0.5555555820
65059  -31.911  -30.626  -18.058 0.5555555820
66268  -30.598  -29.750  -16.738 0.4444444478
66270  -26.703  -28.936  -17.185 1.0000000000
66272  -28.222  -29.772  -17.779 1.0000000000
66273  -31.711  -29.787  -17.618 0.6666666865
66274  -32.085  -30.120  -18.086 0.5555555820
66275  -27.827  -29.005  -18.184 1.0000000000
66278  -30.535  -29.786  -18.315 0.6666666865
66279  -31.228  -30.152  -18.272 0.6666666865
66280  -31.744  -30.325  -18.158 0.5555555820
67396  -23.789  -26.842  -15.477 0.7777777910
67398  -25.240  -28.092  -16.328 1.0000000000
67399  -25.741  -28.544  -16.701 1.0000000000
67400  -30.221  -28.009  -16.815 0.5555555820
67407  -31.797  -29.604  -18.030 0.6666666865
67415  -31.720  -29.950  -18.224 0.6666666865
68565  -24.455  -27.333  -15.852 1.0000000000
68582  -24.983  -27.102  -17.022 1.0000000000
69764  -30.074  -26.756  -17.614 0.6666666865
69769  -24.401  -25.753  -18.063 0.8888888955
69779  -28.627  -25.989  -19.071 1.0000000000
69783  -27.612  -25.956  -19.860 1.0000000000
70927  -31.695  -25.664  -16.163 0.3333333433
70965  -27.406  -25.323  -20.006 1.0000000000
70966  -27.798  -25.420  -19.573 1.0000000000
72125  -23.624  -24.393  -17.138 0.5555555820
72127  -29.800  -24.821  -18.767 0.8888888955
72134  -24.679  -24.178  -18.879 0.7777777910
72135  -27.829  -24.560  -19.559 1.0000000000
72143  -28.089  -23.852  -19.539 1.0000000000
72145  -26.041  -23.796  -20.185 0.8888888955
73235  -25.251  -22.751  -19.359 0.8888888955
73239  -25.580  -23.268  -19.587 0.8888888955
73243  -28.219  -23.475  -19.531 1.0000000000
73244  -25.922  -23.417  -19.868 0.8888888955
73245  -26.306  -23.514  -19.924 0.8888888955
73246  -26.613  -23.606  -19.877 0.8888888955
74348  -25.794  -22.980  -19.619 0.8888888955
74356  -25.940  -23.122  -19.729 0.8888888955
75445  -24.093  -21.844  -18.747 0.6666666865
78666  -27.505  -17.603  -22.861 0.8888888955
78667  -27.910  -17.640  -22.711 0.8888888955
79601  -32.254  -17.895  -18.112 0.1111111119
79647  -28.404  -17.408  -22.820 0.8888888955
80749  -24.654  -16.399  -21.994 0.6666666865
80763  -26.521  -16.512  -23.265 0.7777777910
80774  -26.193  -15.993  -23.421 0.7777777910
81879  -24.289  -15.573  -21.891 0.4444444478
81894  -27.667  -15.319  -22.894 0.7777777910
81904  -26.889  -15.163  -23.492 0.6666666865
81905  -27.222  -15.201  -23.233 0.7777777910
82924  -22.717  -14.557  -20.403 0.1111111119
82977  -24.426  -14.008  -22.633 0.5555555820
82995  -26.040  -14.406  -24.128 0.7777777910
83012  -26.186  -14.114  -24.275 0.6666666865
83013  -26.395  -14.077  -24.137 0.6666666865
83994  -25.619  -13.779  -24.240 0.6666666865
83995  -27.060  -13.777  -23.725 0.6666666865
83996  -27.521  -13.587  -23.413 0.6666666865
83997  -27.972  -13.292  -23.069 0.6666666865
84005  -26.240  -13.765  -24.303 0.6666666865
84007  -27.207  -13.523  -23.769 0.6666666865
84910  -30.900  -12.447  -16.893 0.1111111119
84943  -29.082  -11.853  -20.222 0.4444444478
84966  -24.371  -12.714  -23.266 0.5555555820
84978  -28.983  -12.196  -23.075 0.6666666865
84986  -28.054  -12.834  -23.886 0.6666666865
85939  -30.020  -12.003  -18.427 0.2222222239
85951  -29.093  -11.355  -20.131 0.4444444478
85962  -29.020  -11.305  -20.669 0.5555555820
85980  -29.183  -11.623  -22.623 0.6666666865
85997  -28.026  -12.333  -24.068 0.6666666865
86837  -30.863  -10.576  -17.112 0.1111111119
86876  -29.289  -11.077  -21.867 0.6666666865
87815  -29.544  -9.902  -18.735 0.1111111119
87869  -27.134  -9.297  -24.633 0.5555555820
88904  -27.000  -8.164  -21.781 0.2222222239
88913  -25.504  -8.930  -22.319 0.2222222239
88915  -26.983  -8.240  -22.168 0.2222222239
88923  -27.967  -8.619  -24.015 0.5555555820
88930  -27.789  -8.348  -24.597 0.5555555820
90007  -26.743  -7.911  -21.730 0.2222222239
90021  -27.073  -7.811  -21.912 0.2222222239
90033  -27.152  -7.086  -24.044 0.3333333433
90034  -28.281  -7.974  -24.521 0.4444444478
91043  -32.141  -6.807  -17.736 0.1111111119
91101  -26.909  -6.118  -23.121 0.3333333433
92184  -31.142  -4.953  -19.255 0.2222222239
92204  -25.463  -5.035  -22.402 0.1111111119
92207  -29.885  -5.135  -21.197 0.2222222239
92237  -25.718  -4.665  -23.503 0.2222222239
92256  -28.917  -5.159  -24.453 0.4444444478
93246  -30.872  -4.469  -19.865 0.2222222239
93247  -31.199  -4.409  -19.529 0.2222222239
93283  -25.437  -4.372  -22.800 0.1111111119
93284  -25.752  -4.154  -22.374 0.1111111119
93298  -25.745  -4.355  -23.218 0.1111111119
94223  -31.548  -4.139  -19.306 0.2222222239
94224  -31.883  -3.971  -19.063 0.2222222239
94239  -31.484  -3.646  -19.616 0.2222222239
94242  -33.773  -3.141  -19.602 0.1111111119
94254  -27.401  -3.675  -19.467 0.1111111119
94293  -25.775  -4.086  -23.006 0.1111111119
95144  -27.303  -2.522  -20.032 0.1111111119
95162  -27.129  -2.030  -20.204 0.1111111119
95164  -31.246  -2.857  -20.236 0.1111111119
95165  -33.625  -2.079  -19.996 0.1111111119
96072  -25.804  -0.760  -21.797 0.1111111119
96089  -29.742  -1.312  -22.471 0.1111111119
96115  -28.772  -2.066  -24.120 0.1111111119
96123  -26.816  -0.854  -25.082 0.1111111119
96124  -26.968  -1.092  -25.031 0.1111111119
96904  -27.040  -0.323  -20.755 0.1111111119
96920  -31.175  -0.255  -21.099 0.1111111119
96921  -33.182  0.044  -21.248 0.1111111119
96931  -26.264  -0.905  -23.158 0.1111111119
96954  -26.056  -0.204  -24.276 0.1111111119
96955  -26.380  -0.609  -24.381 0.1111111119
96965  -26.620  -0.631  -25.015 0.1111111119
97736  -32.347  0.007  -20.891 0.1111111119
97758  -26.148  0.640  -22.637 0.1111111119
97770  -25.648  0.080  -23.816 0.1111111119
97783  -25.784  -0.115  -24.213 0.1111111119
97785  -26.897  0.397  -24.922 0.1111111119
97797  -26.611  -0.157  -25.222 0.1111111119
