#!ascii label  , from subject sub.01.dh.02 vox2ras=TkReg
392
10903  -35.416  -84.219  5.772 0.0000000000
10232  -31.942  -84.423  3.190 0.0000000000
12420  -39.550  -80.984  4.915 0.0000000000
9559  -35.404  -85.467  3.596 0.0000000000
12519  -37.533  -81.105  0.456 0.0000000000
13195  -36.061  -80.631  8.990 0.0000000000
14852  -34.500  -78.808  6.556 0.0000000000
16514  -30.305  -76.072  9.624 0.0000000000
14088  -38.841  -79.521  2.729 0.0000000000
12484  -39.324  -81.157  2.348 0.0000000000
14132  -40.668  -79.584  0.223 0.0000000000
14843  -36.402  -79.082  7.560 0.0000000000
15684  -34.502  -77.363  8.668 0.0000000000
19354  -31.197  -73.495  8.692 0.0000000000
18369  -32.279  -75.180  6.856 0.0000000000
7456  -34.893  -88.131  5.389 0.0000000000
9557  -33.520  -85.579  3.273 0.0000000000
8187  -33.712  -88.202  2.752 0.0000000000
8185  -31.400  -87.693  2.389 0.0000000000
10892  -37.306  -82.967  6.328 0.0000000000
8810  -36.516  -86.206  4.907 0.0000000000
11691  -35.934  -82.676  2.047 0.0000000000
11690  -34.628  -82.321  1.912 0.0000000000
13207  -37.950  -80.580  7.477 0.0000000000
14028  -37.125  -79.683  5.520 0.0000000000
14895  -35.931  -78.457  3.178 0.0000000000
16495  -32.577  -75.732  10.539 0.0000000000
15694  -32.486  -77.531  7.348 0.0000000000
16581  -34.039  -76.741  4.669 0.0000000000
17499  -36.837  -75.499  2.995 0.0000000000
7480  -35.094  -88.603  3.765 0.0000000000
14061  -31.822  -79.303  3.763 0.0000000000
10212  -29.251  -83.764  4.158 0.0000000000
9549  -25.799  -85.701  3.077 0.0000000000
14934  -38.879  -78.709  1.422 0.0000000000
14111  -39.850  -79.403  1.740 0.0000000000
9541  -35.022  -85.854  5.493 0.0000000000
9556  -32.468  -85.424  3.249 0.0000000000
8838  -32.291  -86.888  3.025 0.0000000000
8817  -31.062  -86.062  2.765 0.0000000000
8835  -29.673  -86.875  2.679 0.0000000000
8816  -30.087  -86.103  3.051 0.0000000000
11628  -38.445  -81.786  5.934 0.0000000000
11653  -38.419  -81.919  4.942 0.0000000000
12502  -38.799  -81.040  1.415 0.0000000000
11693  -37.454  -82.114  2.676 0.0000000000
11708  -36.383  -82.279  1.420 0.0000000000
10979  -35.224  -82.663  1.962 0.0000000000
12499  -36.064  -81.625  0.814 0.0000000000
12395  -37.309  -81.305  7.810 0.0000000000
12377  -36.970  -80.733  8.379 0.0000000000
14853  -35.777  -79.066  6.806 0.0000000000
14854  -36.658  -79.365  6.842 0.0000000000
14014  -35.367  -79.354  5.858 0.0000000000
14043  -36.774  -79.606  4.551 0.0000000000
14041  -35.318  -78.968  4.568 0.0000000000
16494  -31.322  -76.148  10.534 0.0000000000
15670  -32.965  -77.010  9.108 0.0000000000
16532  -31.265  -76.629  8.546 0.0000000000
18371  -33.919  -74.683  5.966 0.0000000000
17454  -33.118  -76.014  5.808 0.0000000000
17456  -34.310  -75.365  5.088 0.0000000000
16583  -35.315  -76.433  3.832 0.0000000000
8823  -36.353  -85.961  4.452 0.0000000000
8167  -36.172  -87.008  4.858 0.0000000000
8173  -35.619  -87.438  4.147 0.0000000000
6863  -32.898  -89.789  1.742 0.0000000000
14876  -30.675  -78.580  4.285 0.0000000000
12436  -30.820  -80.996  4.376 0.0000000000
10209  -26.743  -83.755  3.923 0.0000000000
14046  -39.594  -80.014  4.081 0.0000000000
12439  -39.749  -80.832  4.111 0.0000000000
13267  -40.413  -80.122  3.036 0.0000000000
13286  -40.074  -80.628  1.876 0.0000000000
13305  -39.414  -80.687  0.768 0.0000000000
13989  -36.459  -79.321  8.955 0.0000000000
14832  -35.735  -78.056  8.867 0.0000000000
15696  -34.287  -77.756  8.057 0.0000000000
18346  -30.578  -74.480  8.743 0.0000000000
17433  -31.166  -75.523  7.814 0.0000000000
19370  -31.678  -73.856  8.047 0.0000000000
19386  -33.755  -74.035  6.697 0.0000000000
19387  -34.712  -73.970  6.386 0.0000000000
9558  -34.528  -85.627  3.342 0.0000000000
8172  -34.577  -87.791  3.253 0.0000000000
8170  -33.037  -87.312  3.175 0.0000000000
7490  -32.065  -88.461  1.906 0.0000000000
7503  -30.615  -89.176  1.342 0.0000000000
7488  -29.936  -88.399  1.780 0.0000000000
7487  -28.856  -88.396  1.854 0.0000000000
8181  -27.165  -87.606  2.469 0.0000000000
10891  -36.824  -83.513  6.188 0.0000000000
9543  -36.294  -85.430  5.286 0.0000000000
10213  -36.637  -84.222  4.525 0.0000000000
10237  -36.285  -84.374  3.833 0.0000000000
12459  -38.438  -81.671  3.403 0.0000000000
11670  -36.779  -82.630  3.176 0.0000000000
10236  -35.723  -84.329  3.254 0.0000000000
10257  -34.602  -84.004  2.655 0.0000000000
10256  -33.795  -83.856  2.649 0.0000000000
10957  -32.762  -83.276  2.854 0.0000000000
11626  -37.121  -82.679  6.737 0.0000000000
12406  -37.963  -81.708  7.184 0.0000000000
13228  -38.579  -80.541  5.989 0.0000000000
13997  -37.580  -79.984  7.729 0.0000000000
14017  -37.998  -80.067  6.722 0.0000000000
13245  -38.388  -80.247  5.548 0.0000000000
14066  -38.478  -79.724  3.703 0.0000000000
14087  -37.791  -79.341  2.960 0.0000000000
14932  -37.261  -78.144  2.029 0.0000000000
15671  -33.970  -76.983  9.227 0.0000000000
15683  -33.632  -77.437  8.562 0.0000000000
14840  -33.051  -78.151  7.274 0.0000000000
16551  -31.935  -76.294  7.090 0.0000000000
15703  -32.844  -77.510  6.330 0.0000000000
14864  -33.718  -78.252  5.699 0.0000000000
15752  -34.981  -77.581  3.930 0.0000000000
15754  -35.995  -77.188  3.019 0.0000000000
8163  -35.831  -87.091  5.215 0.0000000000
6843  -35.159  -88.974  4.797 0.0000000000
8188  -34.224  -88.464  2.918 0.0000000000
6852  -34.229  -89.636  3.156 0.0000000000
13304  -35.553  -80.737  0.944 0.0000000000
12481  -33.551  -81.359  2.400 0.0000000000
11687  -32.353  -82.715  2.871 0.0000000000
11650  -31.216  -81.700  3.951 0.0000000000
10933  -30.563  -83.415  3.617 0.0000000000
9552  -28.430  -85.331  3.502 0.0000000000
8813  -27.039  -86.171  3.273 0.0000000000
15791  -38.767  -77.715  0.959 0.0000000000
14935  -39.698  -78.996  1.169 0.0000000000
10200  -35.256  -84.963  5.582 0.0000000000
9555  -31.472  -85.273  3.090 0.0000000000
9554  -30.478  -85.203  3.100 0.0000000000
12419  -39.028  -81.271  5.611 0.0000000000
11640  -38.617  -81.755  5.325 0.0000000000
12438  -38.941  -81.512  4.504 0.0000000000
12501  -37.897  -81.506  1.120 0.0000000000
12500  -36.941  -81.677  0.935 0.0000000000
12518  -36.694  -81.202  0.547 0.0000000000
12375  -35.432  -81.101  8.930 0.0000000000
12376  -36.437  -80.924  8.495 0.0000000000
13196  -36.567  -80.200  8.799 0.0000000000
14026  -35.278  -79.191  4.929 0.0000000000
14865  -34.522  -78.937  5.338 0.0000000000
16492  -29.812  -75.890  10.613 0.0000000000
16474  -29.840  -75.838  11.115 0.0000000000
16493  -30.191  -76.179  10.402 0.0000000000
16515  -31.059  -76.540  9.554 0.0000000000
18372  -34.933  -74.508  5.716 0.0000000000
18382  -34.320  -75.011  5.395 0.0000000000
18404  -35.588  -75.292  4.423 0.0000000000
18384  -35.972  -74.823  4.874 0.0000000000
8822  -35.911  -86.259  4.007 0.0000000000
8821  -35.077  -86.571  3.599 0.0000000000
12434  -28.659  -81.329  4.728 0.0000000000
10913  -27.742  -83.059  4.348 0.0000000000
10912  -26.893  -83.152  4.123 0.0000000000
14067  -39.503  -79.754  3.535 0.0000000000
13266  -39.979  -80.174  3.723 0.0000000000
14068  -40.143  -79.755  3.159 0.0000000000
14112  -40.470  -79.747  1.515 0.0000000000
13307  -40.521  -80.215  1.254 0.0000000000
13306  -40.123  -80.584  0.999 0.0000000000
13323  -40.526  -80.257  0.473 0.0000000000
14842  -35.262  -78.283  7.831 0.0000000000
15697  -34.852  -77.680  8.287 0.0000000000
18328  -30.021  -74.359  9.569 0.0000000000
19353  -30.532  -73.782  9.226 0.0000000000
18347  -31.217  -74.266  8.224 0.0000000000
7474  -34.739  -89.118  5.199 0.0000000000
8820  -34.060  -86.635  3.332 0.0000000000
8837  -31.666  -86.918  2.800 0.0000000000
7489  -31.005  -88.424  1.801 0.0000000000
8183  -29.269  -87.667  2.328 0.0000000000
8182  -28.207  -87.612  2.341 0.0000000000
7486  -27.773  -88.335  1.917 0.0000000000
10904  -37.013  -83.748  5.885 0.0000000000
10917  -36.866  -83.473  4.367 0.0000000000
12460  -39.617  -81.219  3.425 0.0000000000
11669  -36.002  -82.897  2.830 0.0000000000
10936  -35.849  -83.541  3.004 0.0000000000
10258  -35.152  -84.121  2.811 0.0000000000
11706  -35.090  -82.403  1.733 0.0000000000
10959  -34.350  -83.143  2.236 0.0000000000
10255  -33.275  -83.651  2.777 0.0000000000
10958  -33.471  -83.110  2.530 0.0000000000
11611  -37.455  -82.089  7.177 0.0000000000
12396  -38.125  -81.187  7.340 0.0000000000
12407  -38.487  -81.313  6.642 0.0000000000
13217  -38.342  -80.566  6.837 0.0000000000
14833  -36.297  -78.717  8.416 0.0000000000
13996  -36.951  -79.561  8.174 0.0000000000
14016  -37.309  -79.622  6.407 0.0000000000
14029  -38.044  -80.055  5.912 0.0000000000
14044  -38.013  -79.992  4.803 0.0000000000
14063  -35.885  -78.868  3.760 0.0000000000
14064  -36.418  -79.184  3.658 0.0000000000
14896  -36.542  -78.869  3.081 0.0000000000
14913  -36.953  -78.514  2.445 0.0000000000
14912  -36.228  -78.064  2.649 0.0000000000
16517  -33.338  -76.444  9.789 0.0000000000
15682  -32.672  -77.450  8.357 0.0000000000
15695  -33.312  -77.885  7.885 0.0000000000
14839  -32.728  -77.962  7.213 0.0000000000
17434  -31.710  -75.666  7.222 0.0000000000
17441  -32.175  -75.907  6.760 0.0000000000
16565  -33.529  -76.688  5.231 0.0000000000
16564  -32.995  -76.613  5.845 0.0000000000
15717  -33.264  -77.392  5.708 0.0000000000
15704  -33.283  -77.877  6.081 0.0000000000
15732  -33.725  -77.514  5.017 0.0000000000
14877  -34.126  -78.257  4.877 0.0000000000
15733  -34.370  -77.571  4.444 0.0000000000
17498  -36.271  -75.811  3.390 0.0000000000
16604  -35.757  -76.642  3.421 0.0000000000
16605  -36.355  -76.608  2.895 0.0000000000
16621  -36.986  -76.642  2.219 0.0000000000
8808  -36.153  -86.405  5.316 0.0000000000
8166  -35.603  -87.705  4.888 0.0000000000
7481  -35.424  -88.537  4.538 0.0000000000
6842  -34.850  -89.466  4.388 0.0000000000
6841  -34.563  -89.690  3.752 0.0000000000
6189  -33.111  -90.420  2.251 0.0000000000
6851  -33.551  -89.719  2.392 0.0000000000
14109  -35.221  -79.735  1.040 0.0000000000
11688  -32.907  -82.267  2.810 0.0000000000
11668  -32.453  -81.743  3.072 0.0000000000
10915  -29.639  -83.017  4.223 0.0000000000
10916  -30.175  -83.102  3.999 0.0000000000
11666  -31.077  -82.866  3.542 0.0000000000
10932  -29.947  -83.558  3.987 0.0000000000
10230  -29.934  -84.304  3.602 0.0000000000
10229  -28.873  -84.552  3.868 0.0000000000
9550  -26.446  -85.437  3.440 0.0000000000
9551  -27.395  -85.363  3.565 0.0000000000
8812  -26.281  -86.153  3.117 0.0000000000
14915  -38.766  -79.223  2.064 0.0000000000
14089  -39.748  -79.568  2.661 0.0000000000
14131  -40.190  -79.207  0.884 0.0000000000
19355  -31.905  -73.252  8.197 0.0000000000
20364  -32.820  -72.483  8.450 0.0000000000
8162  -35.262  -87.537  5.366 0.0000000000
8819  -32.923  -86.681  3.326 0.0000000000
8818  -31.972  -86.213  3.054 0.0000000000
8836  -30.700  -86.898  2.673 0.0000000000
8184  -30.329  -87.669  2.281 0.0000000000
8815  -29.053  -86.127  3.165 0.0000000000
11639  -37.974  -82.286  5.421 0.0000000000
11652  -38.011  -82.132  4.376 0.0000000000
12483  -38.156  -81.523  2.113 0.0000000000
11709  -37.220  -81.964  1.707 0.0000000000
10960  -35.307  -83.261  2.424 0.0000000000
11707  -35.563  -82.439  1.586 0.0000000000
12498  -35.121  -81.717  1.388 0.0000000000
13197  -37.338  -80.395  8.166 0.0000000000
14015  -36.387  -79.488  6.132 0.0000000000
14027  -36.092  -79.497  5.228 0.0000000000
14042  -35.761  -79.102  4.366 0.0000000000
14879  -35.560  -78.628  3.888 0.0000000000
16516  -32.199  -76.535  9.744 0.0000000000
15669  -31.987  -76.958  8.913 0.0000000000
15681  -31.951  -77.043  8.065 0.0000000000
18370  -33.059  -74.744  6.523 0.0000000000
17442  -32.827  -75.742  6.199 0.0000000000
17443  -33.334  -75.208  6.021 0.0000000000
17455  -33.605  -75.706  5.458 0.0000000000
17473  -34.447  -75.859  4.703 0.0000000000
16582  -34.759  -76.699  4.163 0.0000000000
17474  -35.215  -75.888  4.168 0.0000000000
17475  -35.822  -75.580  3.933 0.0000000000
18435  -36.680  -75.273  3.365 0.0000000000
8174  -36.193  -86.619  4.481 0.0000000000
7491  -33.060  -88.863  2.199 0.0000000000
14039  -30.320  -79.294  4.425 0.0000000000
13244  -30.763  -79.986  4.407 0.0000000000
12435  -29.748  -81.275  4.718 0.0000000000
11648  -29.228  -82.211  4.492 0.0000000000
10914  -28.709  -83.033  4.407 0.0000000000
10211  -28.274  -83.819  4.187 0.0000000000
10210  -27.332  -83.804  4.081 0.0000000000
10227  -26.747  -84.468  3.779 0.0000000000
13247  -39.403  -80.462  4.461 0.0000000000
12461  -40.293  -80.616  3.316 0.0000000000
12485  -40.193  -80.851  2.703 0.0000000000
14090  -40.292  -79.789  2.455 0.0000000000
13287  -40.435  -80.273  2.355 0.0000000000
13285  -39.571  -80.788  1.496 0.0000000000
12520  -38.499  -80.854  0.582 0.0000000000
17412  -29.764  -74.944  9.831 0.0000000000
17413  -30.080  -75.357  9.384 0.0000000000
16531  -30.590  -76.111  8.928 0.0000000000
17426  -30.675  -75.412  8.508 0.0000000000
18358  -31.004  -74.858  8.120 0.0000000000
18360  -32.468  -74.443  7.090 0.0000000000
19371  -32.439  -73.658  7.611 0.0000000000
19385  -33.010  -74.038  7.008 0.0000000000
18373  -35.648  -74.545  5.445 0.0000000000
8171  -33.529  -87.404  3.101 0.0000000000
8186  -32.628  -87.657  2.800 0.0000000000
7504  -31.623  -89.183  1.373 0.0000000000
7501  -28.424  -89.029  1.254 0.0000000000
7500  -27.307  -89.018  1.450 0.0000000000
10194  -36.146  -84.159  5.913 0.0000000000
10201  -36.032  -84.576  5.687 0.0000000000
10195  -36.364  -84.052  5.882 0.0000000000
10202  -36.656  -84.205  5.476 0.0000000000
10203  -37.053  -83.749  5.110 0.0000000000
9545  -36.504  -85.256  4.822 0.0000000000
9560  -36.139  -85.167  4.090 0.0000000000
12437  -38.460  -81.725  4.124 0.0000000000
11671  -37.537  -82.262  3.533 0.0000000000
10937  -36.396  -83.559  3.616 0.0000000000
10235  -34.910  -84.707  3.150 0.0000000000
10234  -34.068  -84.708  2.994 0.0000000000
10233  -33.014  -84.339  3.013 0.0000000000
10935  -32.245  -83.724  3.003 0.0000000000
10890  -35.973  -83.758  6.132 0.0000000000
11610  -36.712  -82.133  7.306 0.0000000000
11627  -37.811  -82.292  6.448 0.0000000000
13229  -39.169  -80.716  5.259 0.0000000000
14004  -37.295  -79.637  7.258 0.0000000000
13216  -38.105  -80.286  7.110 0.0000000000
14018  -38.319  -80.388  6.502 0.0000000000
13246  -38.826  -80.307  5.094 0.0000000000
14045  -39.054  -79.974  4.334 0.0000000000
14065  -37.391  -79.626  3.771 0.0000000000
14914  -38.155  -78.955  2.226 0.0000000000
14933  -37.717  -78.299  1.844 0.0000000000
14841  -33.957  -78.248  7.385 0.0000000000
16541  -30.938  -76.076  8.234 0.0000000000
16542  -31.538  -76.422  7.676 0.0000000000
15693  -32.014  -76.940  7.592 0.0000000000
16552  -32.372  -76.656  6.621 0.0000000000
14850  -32.794  -78.034  6.936 0.0000000000
14851  -33.395  -78.239  6.609 0.0000000000
14878  -34.962  -78.548  4.401 0.0000000000
14894  -35.324  -78.169  3.707 0.0000000000
16603  -35.221  -76.958  3.696 0.0000000000
15753  -35.515  -77.526  3.340 0.0000000000
15770  -35.938  -77.733  2.875 0.0000000000
15771  -36.466  -77.464  2.515 0.0000000000
16639  -37.189  -77.001  1.888 0.0000000000
9542  -35.789  -85.689  5.565 0.0000000000
8807  -35.546  -86.594  5.474 0.0000000000
7475  -35.144  -88.538  5.140 0.0000000000
6824  -34.928  -89.168  4.953 0.0000000000
7493  -34.511  -88.802  3.168 0.0000000000
7492  -33.964  -88.955  2.633 0.0000000000
6853  -34.696  -89.255  3.605 0.0000000000
14955  -40.431  -78.647  0.037 0.0000000000
13336  -40.085  -80.105  -0.697 0.0000000000
13321  -39.259  -80.436  -0.036 0.0000000000
13320  -38.169  -80.405  -0.219 0.0000000000
13319  -37.114  -80.574  0.144 0.0000000000
12517  -36.365  -81.228  0.643 0.0000000000
13303  -34.780  -80.613  1.433 0.0000000000
12482  -34.359  -81.477  1.907 0.0000000000
11689  -33.835  -82.314  2.199 0.0000000000
10934  -31.497  -83.441  3.209 0.0000000000
12457  -31.587  -81.099  3.748 0.0000000000
12458  -32.235  -81.173  3.256 0.0000000000
11667  -31.796  -82.258  3.348 0.0000000000
10231  -30.960  -84.329  3.216 0.0000000000
9553  -29.479  -85.279  3.402 0.0000000000
8814  -28.018  -86.145  3.236 0.0000000000
8833  -27.602  -86.870  2.825 0.0000000000
10956  -32.050  -83.086  2.844 0.0000000000
10978  -34.918  -82.747  2.050 0.0000000000
11649  -30.488  -82.335  4.066 0.0000000000
12462  -40.480  -80.313  2.935 0.0000000000
12486  -40.429  -80.516  2.848 0.0000000000
13208  -38.346  -80.909  7.142 0.0000000000
13227  -38.362  -80.286  5.841 0.0000000000
13243  -30.053  -80.206  4.681 0.0000000000
13322  -40.084  -80.460  0.181 0.0000000000
14005  -37.846  -80.071  7.280 0.0000000000
14030  -38.254  -80.269  6.300 0.0000000000
14086  -36.956  -79.247  3.097 0.0000000000
14110  -39.247  -79.408  2.076 0.0000000000
15716  -32.980  -77.188  5.919 0.0000000000
15789  -37.208  -77.577  1.924 0.0000000000
16543  -32.046  -76.782  7.257 0.0000000000
17390  -29.723  -75.380  10.422 0.0000000000
17391  -29.956  -75.820  9.931 0.0000000000
17472  -33.852  -76.222  4.958 0.0000000000
17497  -35.669  -76.055  3.745 0.0000000000
17516  -36.720  -76.003  2.752 0.0000000000
18327  -29.718  -74.593  10.144 0.0000000000
18359  -31.672  -74.651  7.547 0.0000000000
18403  -35.046  -75.484  4.536 0.0000000000
20386  -32.421  -72.917  8.124 0.0000000000
