#!ascii label  , from subject sub.01.dh.02 vox2ras=TkReg
1598
4306  -29.783  -93.510  1.521 0.1000000015
3775  -29.359  -94.238  1.581 0.1000000015
3774  -28.800  -94.763  1.652 0.1000000015
3789  -29.099  -94.171  0.808 0.1000000015
3788  -28.642  -94.581  0.556 0.1000000015
4317  -28.750  -93.875  0.149 0.1000000015
3253  -28.275  -95.191  -0.380 0.1000000015
3802  -28.695  -94.530  -0.904 0.1000000015
3803  -28.959  -94.162  -1.659 0.1000000015
3820  -28.878  -94.536  -2.133 0.1000000015
4350  -28.976  -93.711  -2.193 0.1000000015
3842  -29.176  -94.007  -2.772 0.1000000015
4384  -29.061  -93.593  -3.228 0.1000000015
4968  -27.720  -92.100  -4.126 0.1000000015
3841  -28.925  -94.417  -3.021 0.1000000015
4383  -28.897  -93.385  -4.064 0.1000000015
3868  -29.036  -93.945  -3.410 0.1000000015
5528  -29.596  -91.735  1.463 0.1000000015
4904  -29.268  -92.643  1.357 0.1000000015
4318  -29.226  -93.867  1.024 0.1000000015
4903  -28.139  -92.642  0.957 0.1000000015
4305  -28.929  -93.377  0.981 0.1000000015
4920  -28.284  -93.276  0.520 0.1000000015
4331  -28.155  -93.447  -0.518 0.1000000015
4348  -28.330  -93.355  -1.394 0.1000000015
4366  -28.802  -93.278  -2.567 0.1000000015
7580  -25.610  -88.540  -3.954 0.1000000015
6908  -24.552  -89.699  -4.185 0.1000000015
5606  -24.837  -90.922  -4.139 0.1000000015
5608  -26.209  -91.763  -3.719 0.1000000015
4967  -27.006  -92.021  -3.839 0.1000000015
4955  -28.055  -92.305  -2.947 0.1000000015
4969  -28.620  -92.650  -3.712 0.1000000015
6204  -29.894  -90.779  1.326 0.1000000015
6203  -28.773  -90.816  1.270 0.2000000030
6858  -28.000  -89.895  1.066 0.1000000015
6202  -27.626  -90.856  1.135 0.1000000015
5527  -28.437  -91.770  1.297 0.1000000015
9615  -30.116  -85.112  -1.187 0.1000000015
9628  -29.989  -86.033  -1.283 0.1000000015
5526  -27.337  -91.836  0.779 0.1000000015
4902  -27.601  -92.414  0.696 0.1000000015
4316  -28.128  -93.433  0.125 0.1000000015
8906  -29.843  -86.810  -2.024 0.1000000015
8241  -29.346  -87.160  -2.099 0.1000000015
8905  -28.927  -86.855  -1.730 0.1000000015
8238  -27.042  -87.946  -2.046 0.1000000015
7548  -26.370  -88.332  -2.358 0.1000000015
5551  -27.116  -92.041  0.471 0.1000000015
4935  -27.585  -92.966  -1.088 0.1000000015
8239  -28.047  -87.506  -2.202 0.1000000015
8255  -27.532  -88.224  -2.747 0.1000000015
7561  -25.082  -88.840  -2.837 0.1000000015
6886  -24.469  -89.553  -1.937 0.1000000015
5591  -24.869  -90.816  -2.449 0.1000000015
4943  -28.231  -92.901  -2.087 0.1000000015
7563  -27.051  -88.439  -3.006 0.1000000015
6236  -24.567  -90.361  -2.583 0.1000000015
5593  -26.229  -91.901  -2.481 0.1000000015
4954  -27.066  -92.134  -3.185 0.1000000015
6252  -24.557  -90.284  -3.672 0.1000000015
6253  -24.899  -90.794  -3.242 0.1000000015
4956  -28.695  -92.907  -2.821 0.1000000015
7501  -28.424  -89.029  1.254 0.1000000015
6859  -29.145  -89.913  0.964 0.2000000030
6860  -30.248  -89.936  1.073 0.1000000015
6861  -31.286  -89.935  0.990 0.2000000030
6857  -26.856  -89.897  1.275 0.1000000015
11029  -30.661  -83.290  -1.610 0.1000000015
10300  -30.908  -84.433  -1.452 0.1000000015
6201  -26.442  -90.921  0.860 0.1000000015
5525  -26.802  -91.443  0.657 0.1000000015
6210  -25.776  -91.209  0.596 0.1000000015
9627  -28.991  -86.167  -1.370 0.1000000015
8904  -28.202  -87.011  -1.697 0.1000000015
8903  -27.415  -87.190  -1.608 0.1000000015
4918  -26.469  -91.949  -0.114 0.1000000015
8227  -26.782  -87.366  -1.440 0.1000000015
8237  -26.098  -88.183  -1.781 0.1000000015
7546  -24.925  -88.754  -1.688 0.1000000015
6873  -24.016  -89.783  -1.264 0.1000000015
6214  -24.123  -90.284  -0.879 0.1000000015
5578  -26.286  -91.953  -1.655 0.1000000015
4934  -26.733  -92.273  -0.764 0.1000000015
4942  -27.150  -92.242  -1.913 0.1000000015
8182  -28.207  -87.612  2.341 0.1000000015
8183  -29.269  -87.667  2.328 0.1000000015
7486  -27.773  -88.335  1.917 0.1000000015
7487  -28.856  -88.396  1.854 0.1000000015
7488  -29.936  -88.399  1.780 0.2000000030
7503  -30.615  -89.176  1.342 0.2000000030
7502  -29.541  -89.110  1.273 0.2000000030
7504  -31.623  -89.183  1.373 0.2000000030
7500  -27.307  -89.018  1.450 0.1000000015
7499  -26.224  -88.962  1.677 0.1000000015
6856  -25.704  -89.770  1.385 0.1000000015
11012  -30.389  -83.762  -1.419 0.1000000015
10298  -29.488  -84.321  -0.868 0.1000000015
10297  -28.314  -84.365  -0.321 0.1000000015
6200  -25.217  -90.523  1.032 0.1000000015
11746  -30.910  -82.223  -1.944 0.1000000015
9614  -29.118  -85.280  -0.950 0.1000000015
8888  -26.798  -86.657  -1.034 0.1000000015
7529  -24.875  -88.236  -0.926 0.1000000015
7515  -24.251  -88.288  -0.044 0.1000000015
6865  -24.210  -89.553  0.287 0.1000000015
6199  -24.544  -90.202  0.820 0.1000000015
5549  -25.711  -91.643  -0.088 0.1000000015
11747  -31.666  -82.034  -2.382 0.1000000015
7530  -25.477  -88.275  -1.499 0.1000000015
6874  -24.197  -89.144  -0.931 0.1000000015
5564  -24.978  -91.380  -0.748 0.1000000015
5565  -25.990  -91.829  -0.931 0.1000000015
12562  -31.959  -81.162  -2.552 0.1000000015
12563  -32.724  -81.213  -2.890 0.1000000015
11765  -33.003  -82.107  -3.060 0.1000000015
13360  -33.168  -80.386  -3.160 0.1000000015
8813  -27.039  -86.171  3.273 0.1000000015
8812  -26.281  -86.153  3.117 0.1000000015
8832  -26.623  -86.847  2.884 0.1000000015
8835  -29.673  -86.875  2.679 0.1000000015
8184  -30.329  -87.669  2.281 0.2000000030
8831  -25.655  -86.567  2.705 0.1000000015
8180  -26.137  -87.532  2.476 0.1000000015
8181  -27.165  -87.606  2.469 0.1000000015
7489  -31.005  -88.424  1.801 0.2000000030
14988  -31.019  -78.428  -1.858 0.1000000015
13348  -30.927  -80.218  -1.850 0.1000000015
12545  -30.347  -81.148  -1.481 0.1000000015
12544  -29.683  -81.701  -1.070 0.1000000015
11011  -29.898  -83.403  -1.243 0.1000000015
11732  -29.418  -82.477  -0.819 0.1000000015
11010  -29.053  -83.393  -0.511 0.1000000015
9573  -24.930  -86.000  2.240 0.1000000015
8178  -24.746  -87.066  2.028 0.1000000015
7484  -25.829  -88.166  2.018 0.1000000015
11745  -30.118  -82.480  -1.423 0.1000000015
9600  -27.089  -85.123  -0.170 0.1000000015
9599  -26.362  -85.120  0.330 0.1000000015
9612  -26.539  -85.764  -0.372 0.1000000015
7497  -24.486  -88.357  1.049 0.1000000015
7498  -25.157  -88.622  1.704 0.1000000015
15010  -31.665  -78.318  -2.398 0.1000000015
9613  -27.811  -85.671  -0.819 0.1000000015
9611  -25.780  -85.728  0.104 0.1000000015
8213  -24.511  -87.356  0.574 0.1000000015
6855  -24.685  -89.555  1.248 0.1000000015
14162  -31.318  -79.315  -2.108 0.1000000015
13358  -31.607  -80.256  -2.355 0.1000000015
14179  -32.020  -79.345  -2.586 0.1000000015
13359  -32.376  -80.301  -2.750 0.1000000015
14180  -32.807  -79.421  -3.016 0.1000000015
14181  -33.696  -79.511  -3.302 0.1000000015
13361  -34.047  -80.494  -3.394 0.1000000015
8834  -28.626  -86.843  2.697 0.1000000015
9549  -25.799  -85.701  3.077 0.1000000015
9550  -26.446  -85.437  3.440 0.1000000015
8814  -28.018  -86.145  3.236 0.1000000015
10226  -25.783  -84.667  3.229 0.1000000015
8815  -29.053  -86.127  3.165 0.1000000015
10269  -25.635  -84.466  1.732 0.1000000015
10254  -25.504  -84.625  2.398 0.1000000015
8185  -31.400  -87.693  2.389 0.2000000030
14161  -30.727  -79.316  -1.587 0.1000000015
11731  -28.767  -82.438  -0.136 0.1000000015
10281  -25.570  -84.847  1.362 0.1000000015
8853  -24.739  -86.344  1.636 0.1000000015
8836  -30.700  -86.898  2.673 0.1000000015
8837  -31.666  -86.918  2.800 0.2000000030
13333  -29.973  -80.292  -0.952 0.1000000015
10283  -27.228  -84.315  0.355 0.1000000015
9598  -25.445  -85.412  0.895 0.1000000015
8869  -24.773  -86.369  0.934 0.1000000015
15863  -31.684  -77.561  -2.379 0.1000000015
15011  -32.448  -78.450  -2.831 0.1000000015
15865  -32.867  -77.552  -3.062 0.1000000015
16724  -33.276  -76.599  -3.211 0.1000000015
15012  -33.291  -78.513  -3.206 0.1000000015
15866  -33.780  -77.555  -3.344 0.1000000015
15013  -34.260  -78.590  -3.463 0.1000000015
10931  -26.265  -83.594  3.461 0.1000000015
10209  -26.743  -83.755  3.923 0.1000000015
10210  -27.332  -83.804  4.081 0.1000000015
11665  -26.400  -82.725  3.168 0.1000000015
10227  -26.747  -84.468  3.779 0.1000000015
10228  -27.824  -84.555  3.836 0.1000000015
10954  -25.781  -83.978  2.894 0.1000000015
9552  -28.430  -85.331  3.502 0.1000000015
8816  -30.087  -86.103  3.051 0.1000000015
10282  -26.110  -84.354  1.088 0.1000000015
10975  -25.820  -83.919  2.178 0.1000000015
9553  -29.479  -85.279  3.402 0.1000000015
14987  -30.419  -78.465  -1.349 0.1000000015
14144  -30.178  -79.375  -1.063 0.1000000015
14143  -29.556  -79.568  -0.451 0.1000000015
12533  -29.701  -81.010  -0.917 0.1000000015
12531  -28.586  -81.699  0.274 0.1000000015
10994  -28.335  -83.280  0.147 0.1000000015
10993  -27.563  -83.199  0.689 0.1000000015
10992  -26.784  -83.586  0.961 0.1000000015
10270  -25.947  -84.014  1.672 0.1000000015
16705  -31.089  -76.746  -1.802 0.1000000015
10284  -27.888  -83.811  0.267 0.1000000015
8818  -31.972  -86.213  3.054 0.1000000015
16722  -31.728  -76.812  -2.322 0.1000000015
17603  -32.145  -75.798  -2.448 0.1000000015
16723  -32.489  -76.669  -2.770 0.1000000015
17604  -32.854  -75.729  -2.905 0.1000000015
18550  -34.040  -74.820  -3.189 0.1000000015
16725  -34.248  -76.534  -3.362 0.1000000015
17607  -35.309  -75.226  -3.519 0.1000000015
11645  -26.720  -82.459  3.729 0.1000000015
10912  -26.893  -83.152  4.123 0.1000000015
10913  -27.742  -83.059  4.348 0.1000000015
12455  -26.677  -81.980  3.217 0.1000000015
10211  -28.274  -83.819  4.187 0.1000000015
11685  -26.538  -82.457  2.630 0.1000000015
12478  -26.711  -82.051  2.722 0.1000000015
10977  -26.947  -82.880  1.238 0.1000000015
11705  -26.858  -82.345  1.959 0.1000000015
10229  -28.873  -84.552  3.868 0.1000000015
16704  -30.489  -76.708  -1.335 0.1000000015
12532  -29.152  -81.402  -0.390 0.1000000015
11720  -28.185  -82.354  0.570 0.1000000015
11719  -27.532  -82.134  1.197 0.1000000015
12496  -27.460  -81.340  1.715 0.1000000015
10230  -29.934  -84.304  3.602 0.1000000015
15828  -30.138  -77.573  -1.077 0.1000000015
14967  -29.852  -78.508  -0.764 0.1000000015
13317  -29.058  -80.355  -0.040 0.1000000015
9554  -30.478  -85.203  3.100 0.1000000015
17588  -31.428  -75.824  -1.973 0.1000000015
18533  -32.623  -74.361  -2.434 0.1000000015
18532  -31.864  -74.719  -2.184 0.1000000015
19551  -33.128  -73.706  -2.500 0.1000000015
18549  -33.282  -74.732  -2.779 0.1000000015
19552  -34.032  -73.782  -2.995 0.1000000015
18551  -34.765  -74.499  -3.410 0.1000000015
14105  -27.686  -79.896  2.389 0.1000000015
13281  -27.318  -80.647  2.588 0.1000000015
12456  -27.032  -81.244  3.159 0.1000000015
11647  -28.184  -82.236  4.610 0.1000000015
13301  -27.702  -80.375  1.874 0.1000000015
14127  -28.949  -79.384  0.268 0.1000000015
13316  -28.513  -80.233  0.604 0.1000000015
12497  -27.805  -80.791  1.448 0.1000000015
12479  -26.944  -81.665  2.546 0.1000000015
10914  -28.709  -83.033  4.407 0.1000000015
18531  -30.879  -74.910  -1.583 0.1000000015
17568  -30.282  -75.749  -1.148 0.1000000015
14966  -29.298  -78.497  -0.104 0.1000000015
12516  -28.669  -80.993  0.277 0.1000000015
12515  -28.052  -81.260  0.957 0.1000000015
10932  -29.947  -83.558  3.987 0.1000000015
9555  -31.472  -85.273  3.090 0.1000000015
19543  -32.320  -73.596  -2.184 0.1000000015
20577  -32.873  -72.909  -2.255 0.1000000015
20567  -33.230  -72.190  -1.949 0.1000000015
20578  -33.644  -72.863  -2.444 0.1000000015
20568  -34.108  -72.004  -2.153 0.1000000015
21534  -34.637  -71.113  -2.111 0.1000000015
19553  -35.140  -73.431  -3.233 0.1000000015
12432  -27.081  -81.548  3.835 0.1000000015
11646  -27.276  -82.290  4.343 0.1000000015
12434  -28.659  -81.329  4.728 0.1000000015
17567  -29.662  -75.616  -0.497 0.1000000015
15809  -29.040  -77.540  0.227 0.1000000015
14948  -28.789  -78.426  0.569 0.1000000015
13302  -28.069  -80.210  1.284 0.1000000015
19542  -31.446  -73.611  -1.579 0.1000000015
19541  -30.663  -73.939  -1.110 0.1000000015
18517  -30.156  -74.687  -0.848 0.1000000015
16684  -29.877  -76.627  -0.812 0.1000000015
15827  -29.578  -77.554  -0.458 0.1000000015
10212  -29.251  -83.764  4.158 0.1000000015
20566  -32.253  -72.411  -1.694 0.1000000015
21532  -32.918  -71.751  -1.574 0.1000000015
21519  -33.191  -70.745  -1.221 0.1000000015
21533  -33.594  -71.214  -1.586 0.1000000015
22451  -33.599  -70.339  -1.223 0.1000000015
23400  -33.993  -69.653  -1.027 0.1000000015
22452  -34.425  -70.285  -1.553 0.1000000015
23401  -35.185  -69.149  -1.216 0.1000000015
14082  -27.861  -79.327  2.554 0.1000000015
14060  -27.640  -79.789  3.520 0.1000000015
13240  -27.564  -80.705  4.145 0.1000000015
13241  -28.185  -80.490  4.521 0.1000000015
14037  -28.572  -79.523  4.454 0.1000000015
14909  -28.087  -78.532  2.440 0.1000000015
14126  -28.436  -79.211  1.018 0.1000000015
20549  -31.722  -71.848  -0.981 0.1000000015
19526  -30.957  -73.190  -0.869 0.1000000015
21518  -32.572  -71.162  -1.123 0.1000000015
23385  -33.185  -69.418  -0.361 0.1000000015
24281  -35.696  -68.496  -1.012 0.1000000015
14081  -27.557  -79.735  3.010 0.1000000015
14036  -27.866  -79.756  3.978 0.1000000015
14928  -28.331  -78.436  1.575 0.1000000015
19525  -30.209  -73.475  -0.316 0.1000000015
16683  -29.286  -76.585  -0.153 0.1000000015
15808  -28.578  -77.537  1.056 0.1000000015
22436  -32.366  -70.241  -0.357 0.1000000015
23386  -34.244  -68.926  -0.698 0.1000000015
24266  -34.536  -68.274  -0.532 0.1000000015
24267  -35.272  -68.250  -0.774 0.1000000015
25182  -35.726  -67.542  -0.475 0.1000000015
15767  -28.181  -77.544  2.843 0.1000000015
16660  -28.583  -76.709  1.042 0.1000000015
16635  -28.494  -76.655  1.580 0.1000000015
15786  -28.275  -77.529  1.980 0.1000000015
20548  -30.954  -72.239  -0.296 0.1000000015
20547  -30.283  -72.621  0.257 0.1000000015
18516  -29.648  -74.574  -0.045 0.1000000015
17548  -29.104  -75.560  0.375 0.1000000015
21517  -31.725  -71.018  -0.313 0.1000000015
25180  -34.255  -67.810  -0.136 0.1000000015
25181  -34.941  -67.676  -0.367 0.1000000015
26157  -35.469  -66.637  0.559 0.1000000015
25167  -35.368  -67.165  -0.078 0.1000000015
17531  -28.854  -75.156  1.195 0.1000000015
19503  -29.848  -73.062  0.451 0.1000000015
19524  -29.649  -73.749  0.381 0.1000000015
18498  -29.336  -74.454  0.842 0.1000000015
22419  -31.759  -70.112  0.270 0.1000000015
23370  -32.853  -69.039  0.144 0.1000000015
24265  -33.783  -68.409  -0.215 0.1000000015
25166  -34.635  -67.251  0.191 0.1000000015
26140  -35.021  -66.031  1.286 0.1000000015
23369  -32.401  -69.366  0.176 0.1000000015
25164  -32.744  -68.138  0.574 0.1000000015
25165  -33.511  -67.589  0.502 0.1000000015
26139  -33.971  -66.314  1.608 0.1000000015
27199  -34.673  -65.858  2.102 0.1000000015
26124  -34.021  -65.969  2.176 0.1000000015
24254  -32.143  -68.831  0.548 0.1000000015
25151  -33.050  -67.166  1.082 0.1000000015
26155  -33.528  -66.848  1.070 0.1000000015
26123  -33.331  -66.057  2.232 0.1000000015
3224  -28.268  -95.214  1.158 0.1000000015
4332  -28.700  -93.859  -1.194 0.1000000015
4919  -27.354  -92.694  0.228 0.1000000015
7579  -24.816  -89.002  -3.977 0.1000000015
5622  -24.723  -91.164  -4.930 0.1000000015
5607  -25.328  -91.229  -3.684 0.1000000015
5623  -25.417  -91.571  -4.655 0.1000000015
9626  -28.309  -86.440  -1.404 0.1000000015
7547  -25.645  -88.477  -2.165 0.1000000015
7562  -26.030  -88.427  -3.023 0.1000000015
6897  -24.521  -89.557  -3.191 0.1000000015
6223  -24.286  -90.163  -1.675 0.1000000015
5592  -25.314  -91.242  -2.719 0.1000000015
5576  -24.762  -90.858  -1.815 0.1000000015
5577  -25.533  -91.610  -1.718 0.1000000015
4917  -26.109  -91.824  -0.163 0.1000000015
8889  -27.686  -86.577  -1.333 0.1000000015
8226  -25.929  -87.602  -1.143 0.1000000015
5566  -26.551  -92.064  -1.297 0.1000000015
7485  -26.719  -88.284  2.039 0.1000000015
12546  -31.180  -81.177  -2.166 0.1000000015
8887  -25.627  -86.513  -0.395 0.1000000015
8225  -24.837  -87.385  -0.364 0.1000000015
6209  -24.778  -90.898  0.211 0.1000000015
11050  -32.545  -82.730  -2.663 0.1000000015
9551  -27.395  -85.363  3.565 0.1000000015
8179  -25.109  -87.473  2.158 0.1000000015
9586  -25.238  -85.213  1.761 0.1000000015
8198  -24.683  -87.170  1.561 0.1000000015
8199  -24.763  -87.908  1.679 0.1000000015
8886  -24.827  -86.672  0.153 0.1000000015
8817  -31.062  -86.062  2.765 0.1000000015
17605  -33.679  -75.638  -3.204 0.1000000015
10976  -26.343  -83.375  1.726 0.1000000015
18548  -32.552  -75.066  -2.534 0.1000000015
17606  -34.560  -75.506  -3.390 0.1000000015
12514  -27.674  -81.574  1.282 0.1000000015
20569  -34.880  -71.835  -2.451 0.1000000015
22453  -35.613  -70.292  -2.036 0.1000000015
16661  -28.802  -76.651  0.558 0.1000000015
14842  -35.262  -78.283  7.831 0.5000000000
11608  -34.619  -82.164  7.130 0.5000000000
12393  -35.015  -81.637  7.959 0.5000000000
14843  -36.402  -79.082  7.560 0.5000000000
11609  -35.713  -82.180  7.259 0.5000000000
14852  -34.500  -78.808  6.556 0.5000000000
14853  -35.777  -79.066  6.806 0.5000000000
12394  -36.119  -81.510  7.937 0.5000000000
14014  -35.367  -79.354  5.858 0.4000000060
14015  -36.387  -79.488  6.132 0.4000000060
10890  -35.973  -83.758  6.132 0.5000000000
10194  -36.146  -84.159  5.913 0.5000000000
10891  -36.824  -83.513  6.188 0.5000000000
10904  -37.013  -83.748  5.885 0.5000000000
10214  -36.967  -83.648  4.742 0.5000000000
10203  -37.053  -83.749  5.110 0.5000000000
11651  -37.085  -82.813  4.018 0.4000000060
11671  -37.537  -82.262  3.533 0.4000000060
13183  -32.745  -80.796  9.792 0.1000000015
12392  -33.891  -81.693  7.845 0.5000000000
15696  -34.287  -77.756  8.057 0.5000000000
14833  -36.297  -78.717  8.416 0.5000000000
14840  -33.051  -78.151  7.274 0.5000000000
14841  -33.957  -78.248  7.385 0.5000000000
14850  -32.794  -78.034  6.936 0.5000000000
16552  -32.372  -76.656  6.621 0.5000000000
15703  -32.844  -77.510  6.330 0.5000000000
14851  -33.395  -78.239  6.609 0.5000000000
16564  -32.995  -76.613  5.845 0.4000000060
15704  -33.283  -77.877  6.081 0.3000000119
14864  -33.718  -78.252  5.699 0.5000000000
14865  -34.522  -78.937  5.338 0.4000000060
14016  -37.309  -79.622  6.407 0.6999999881
14004  -37.295  -79.637  7.258 0.5000000000
15717  -33.264  -77.392  5.708 0.3000000119
15732  -33.725  -77.514  5.017 0.3000000119
14877  -34.126  -78.257  4.877 0.3000000119
14026  -35.278  -79.191  4.929 0.4000000060
14017  -37.998  -80.067  6.722 0.6000000238
13207  -37.950  -80.580  7.477 0.6000000238
12395  -37.309  -81.305  7.810 0.6000000238
11625  -36.321  -82.862  6.707 0.3000000119
14041  -35.318  -78.968  4.568 0.3000000119
14043  -36.774  -79.606  4.551 0.4000000060
14029  -38.044  -80.055  5.912 0.5000000000
13217  -38.342  -80.566  6.837 0.6000000238
12406  -37.963  -81.708  7.184 0.6000000238
11626  -37.121  -82.679  6.737 0.5000000000
14879  -35.560  -78.628  3.888 0.4000000060
14044  -38.013  -79.992  4.803 0.5000000000
13228  -38.579  -80.541  5.989 0.5000000000
11628  -38.445  -81.786  5.934 0.5000000000
11627  -37.811  -82.292  6.448 0.5000000000
10892  -37.306  -82.967  6.328 0.5000000000
14895  -35.931  -78.457  3.178 0.4000000060
14064  -36.418  -79.184  3.658 0.4000000060
14066  -38.478  -79.724  3.703 0.5000000000
13246  -38.826  -80.307  5.094 0.5000000000
12419  -39.028  -81.271  5.611 0.4000000060
10905  -37.304  -83.283  5.775 0.5000000000
14065  -37.391  -79.626  3.771 0.4000000060
14045  -39.054  -79.974  4.334 0.5000000000
12420  -39.550  -80.984  4.915 0.5000000000
12438  -38.941  -81.512  4.504 0.4000000060
11653  -38.419  -81.919  4.942 0.4000000060
10918  -37.261  -83.027  4.875 0.5000000000
13266  -39.979  -80.174  3.723 0.5000000000
12439  -39.749  -80.832  4.111 0.4000000060
12437  -38.460  -81.725  4.124 0.4000000060
12461  -40.293  -80.616  3.316 0.3000000119
12460  -39.617  -81.219  3.425 0.4000000060
12459  -38.438  -81.671  3.403 0.3000000119
12483  -38.156  -81.523  2.113 0.3000000119
11693  -37.454  -82.114  2.676 0.3000000119
13162  -32.571  -80.554  11.518 0.1000000015
13171  -32.753  -80.547  10.528 0.1000000015
13184  -33.624  -80.635  10.006 0.4000000060
12360  -33.463  -81.018  9.290 0.4000000060
12374  -34.249  -81.333  8.703 0.5000000000
12361  -34.426  -80.941  9.472 0.4000000060
12375  -35.432  -81.101  8.930 0.5000000000
15697  -34.852  -77.680  8.287 0.5000000000
15685  -35.166  -77.542  8.692 0.5000000000
14832  -35.735  -78.056  8.867 0.5000000000
14839  -32.728  -77.962  7.213 0.5000000000
15695  -33.312  -77.885  7.885 0.5000000000
15693  -32.014  -76.940  7.592 0.5000000000
15694  -32.486  -77.531  7.348 0.5000000000
13196  -36.567  -80.200  8.799 0.6000000238
17441  -32.175  -75.907  6.760 0.4000000060
17454  -33.118  -76.014  5.808 0.2000000030
17443  -33.334  -75.208  6.021 0.2000000030
16565  -33.529  -76.688  5.231 0.3000000119
15733  -34.370  -77.571  4.444 0.3000000119
15752  -34.981  -77.581  3.930 0.4000000060
17455  -33.605  -75.706  5.458 0.3000000119
16582  -34.759  -76.699  4.163 0.3000000119
17456  -34.310  -75.365  5.088 0.3000000119
16583  -35.315  -76.433  3.832 0.4000000060
15753  -35.515  -77.526  3.340 0.4000000060
16604  -35.757  -76.642  3.421 0.3000000119
15770  -35.938  -77.733  2.875 0.4000000060
14087  -37.791  -79.341  2.960 0.4000000060
15754  -35.995  -77.188  3.019 0.3000000119
14932  -37.261  -78.144  2.029 0.3000000119
14915  -38.766  -79.223  2.064 0.3000000119
14067  -39.503  -79.754  3.535 0.4000000060
14111  -39.850  -79.403  1.740 0.3000000119
14090  -40.292  -79.789  2.455 0.3000000119
12485  -40.193  -80.851  2.703 0.4000000060
12484  -39.324  -81.157  2.348 0.3000000119
14131  -40.190  -79.207  0.884 0.2000000030
14112  -40.470  -79.747  1.515 0.2000000030
13286  -40.074  -80.628  1.876 0.3000000119
14132  -40.668  -79.584  0.223 0.1000000015
13323  -40.526  -80.257  0.473 0.2000000030
13285  -39.571  -80.788  1.496 0.4000000060
16707  -40.540  -76.742  -1.847 0.1000000015
13172  -33.769  -80.048  10.868 0.1000000015
13185  -34.591  -80.398  9.987 0.5000000000
12362  -35.075  -80.740  9.576 0.4000000060
15684  -34.502  -77.363  8.668 0.5000000000
13988  -36.003  -79.204  9.657 0.4000000060
13186  -35.660  -80.183  9.570 0.5000000000
15682  -32.672  -77.450  8.357 0.5000000000
15683  -33.632  -77.437  8.562 0.5000000000
13195  -36.061  -80.631  8.990 0.4000000060
17434  -31.710  -75.666  7.222 0.4000000060
16542  -31.538  -76.422  7.676 0.4000000060
16551  -31.935  -76.294  7.090 0.5000000000
18360  -32.468  -74.443  7.090 0.3000000119
18369  -32.279  -75.180  6.856 0.3000000119
18370  -33.059  -74.744  6.523 0.3000000119
18371  -33.919  -74.683  5.966 0.2000000030
18382  -34.320  -75.011  5.395 0.2000000030
19387  -34.712  -73.970  6.386 0.1000000015
18372  -34.933  -74.508  5.716 0.3000000119
18373  -35.648  -74.545  5.445 0.1000000015
18383  -34.986  -75.000  4.931 0.3000000119
17475  -35.822  -75.580  3.933 0.3000000119
18384  -35.972  -74.823  4.874 0.2000000030
18435  -36.680  -75.273  3.365 0.2000000030
16621  -36.986  -76.642  2.219 0.2000000030
15790  -38.048  -77.668  1.404 0.2000000030
17517  -37.388  -75.636  2.420 0.2000000030
16640  -37.543  -76.832  1.662 0.2000000030
15791  -38.767  -77.715  0.959 0.2000000030
17535  -37.873  -76.071  1.646 0.2000000030
16641  -38.492  -76.783  1.122 0.1000000015
14954  -39.684  -78.489  0.684 0.2000000030
17552  -40.154  -75.841  0.409 0.1000000015
15815  -40.042  -77.709  0.131 0.1000000015
14972  -41.114  -78.766  -0.770 0.1000000015
14149  -40.988  -79.420  -1.253 0.1000000015
16668  -40.521  -76.791  -0.148 0.1000000015
16688  -41.124  -76.818  -0.984 0.1000000015
14973  -41.382  -78.795  -1.514 0.1000000015
16708  -41.258  -76.845  -1.550 0.1000000015
15847  -41.437  -78.137  -1.908 0.1000000015
17589  -41.192  -75.790  -1.738 0.1000000015
18534  -40.846  -75.060  -1.530 0.1000000015
13173  -34.907  -79.686  10.277 0.3000000119
14814  -34.575  -77.980  11.321 0.3000000119
15655  -34.786  -77.241  10.801 0.3000000119
14815  -35.071  -78.070  10.552 0.3000000119
13174  -35.506  -79.513  9.955 0.5000000000
16518  -34.330  -76.481  9.836 0.4000000060
16519  -35.030  -76.747  9.930 0.5000000000
14825  -35.718  -78.153  9.762 0.4000000060
16515  -31.059  -76.540  9.554 0.4000000060
15669  -31.987  -76.958  8.913 0.4000000060
15670  -32.965  -77.010  9.108 0.5000000000
15671  -33.970  -76.983  9.227 0.5000000000
18346  -30.578  -74.480  8.743 0.4000000060
17426  -30.675  -75.412  8.508 0.4000000060
16541  -30.938  -76.076  8.234 0.4000000060
16532  -31.265  -76.629  8.546 0.5000000000
18347  -31.217  -74.266  8.224 0.4000000060
18358  -31.004  -74.858  8.120 0.4000000060
19353  -30.532  -73.782  9.226 0.4000000060
19354  -31.197  -73.495  8.692 0.3000000119
19370  -31.678  -73.856  8.047 0.3000000119
19371  -32.439  -73.658  7.611 0.3000000119
19385  -33.010  -74.038  7.008 0.3000000119
20387  -33.109  -72.875  7.845 0.3000000119
19372  -33.441  -73.418  7.262 0.2000000030
19373  -34.380  -73.305  6.961 0.1000000015
19374  -35.236  -73.314  6.712 0.1000000015
19388  -36.025  -73.898  6.194 0.1000000015
19405  -36.283  -74.390  5.380 0.1000000015
18405  -36.433  -74.969  3.966 0.2000000030
19406  -36.925  -74.001  5.381 0.1000000015
18386  -37.292  -74.142  4.861 0.1000000015
18406  -37.577  -74.336  4.158 0.2000000030
18437  -38.259  -74.602  3.232 0.2000000030
17518  -38.247  -75.415  1.955 0.1000000015
18462  -38.988  -74.920  2.348 0.1000000015
17537  -39.330  -75.795  1.097 0.1000000015
18503  -39.899  -75.271  1.064 0.1000000015
17553  -41.283  -75.789  -0.231 0.1000000015
17572  -42.073  -75.868  -1.052 0.1000000015
17590  -42.162  -75.551  -1.639 0.1000000015
18536  -42.981  -74.401  -1.475 0.1000000015
18535  -41.718  -74.846  -1.671 0.1000000015
19530  -42.453  -73.475  -0.788 0.1000000015
19487  -42.191  -73.066  0.095 0.1000000015
19486  -41.745  -73.019  0.273 0.1000000015
20478  -42.027  -72.566  1.656 0.1000000015
14802  -34.375  -77.930  11.867 0.3000000119
13967  -34.145  -78.622  11.891 0.2000000030
15642  -34.475  -77.110  11.761 0.3000000119
16497  -34.572  -76.299  10.727 0.4000000060
16516  -32.199  -76.535  9.744 0.4000000060
16517  -33.338  -76.444  9.789 0.4000000060
16496  -33.856  -75.808  10.304 0.3000000119
17412  -29.764  -74.944  9.831 0.3000000119
16514  -30.305  -76.072  9.624 0.3000000119
16495  -32.577  -75.732  10.539 0.4000000060
17393  -33.554  -74.884  10.688 0.3000000119
20342  -30.463  -73.087  10.147 0.3000000119
18328  -30.021  -74.359  9.569 0.3000000119
19332  -30.307  -73.461  9.918 0.3000000119
20343  -30.793  -72.815  9.973 0.3000000119
20362  -31.266  -72.834  9.311 0.3000000119
20344  -31.778  -72.323  9.923 0.3000000119
19355  -31.905  -73.252  8.197 0.3000000119
20364  -32.820  -72.483  8.450 0.3000000119
20388  -34.054  -72.755  7.640 0.2000000030
20389  -35.172  -72.571  7.364 0.1000000015
20390  -36.374  -72.267  7.480 0.1000000015
20399  -36.820  -72.844  6.687 0.1000000015
19389  -37.311  -73.404  5.982 0.1000000015
19407  -37.935  -73.772  5.062 0.1000000015
18407  -38.603  -74.185  3.909 0.2000000030
19427  -38.854  -73.874  4.546 0.2000000030
18463  -39.821  -74.589  2.614 0.1000000015
18439  -40.150  -74.440  3.290 0.1000000015
18464  -40.688  -74.488  2.416 0.1000000015
18504  -40.713  -75.116  0.725 0.1000000015
18486  -41.208  -74.606  1.394 0.1000000015
17554  -42.447  -75.376  -0.433 0.1000000015
18505  -41.815  -75.034  0.416 0.1000000015
17574  -42.901  -75.281  -0.690 0.1000000015
17592  -43.139  -75.123  -0.783 0.1000000015
19488  -43.278  -73.138  -0.184 0.1000000015
130371  -43.870  -73.457  -0.910 0.1000000015
20529  -44.061  -72.996  -0.222 0.1000000015
20505  -42.643  -72.884  0.754 0.1000000015
20506  -43.669  -72.677  0.593 0.1000000015
20450  -42.545  -72.357  2.576 0.1000000015
20479  -43.129  -72.539  1.594 0.1000000015
21452  -43.108  -72.027  3.501 0.1000000015
13954  -34.155  -78.895  12.821 0.2000000030
15612  -34.948  -77.604  13.292 0.2000000030
16462  -35.006  -76.379  13.132 0.2000000030
16461  -34.764  -76.266  12.476 0.3000000119
16478  -34.660  -76.207  11.592 0.3000000119
16494  -31.322  -76.148  10.534 0.3000000119
17394  -34.491  -75.250  10.524 0.3000000119
16474  -29.840  -75.838  11.115 0.3000000119
16492  -29.812  -75.890  10.613 0.3000000119
16493  -30.191  -76.179  10.402 0.3000000119
16477  -32.201  -75.282  11.124 0.3000000119
17392  -32.659  -74.994  10.930 0.3000000119
19314  -29.935  -73.555  10.949 0.3000000119
18307  -29.694  -74.233  10.884 0.3000000119
16476  -31.558  -75.676  11.644 0.3000000119
17372  -32.386  -74.894  11.705 0.3000000119
18289  -33.478  -74.423  11.430 0.2000000030
18290  -34.257  -74.509  11.521 0.2000000030
20297  -30.385  -72.864  11.522 0.2000000030
20325  -30.362  -73.050  10.582 0.2000000030
20326  -31.177  -72.377  10.905 0.3000000119
21351  -32.623  -72.052  9.414 0.3000000119
21368  -32.639  -72.255  8.855 0.3000000119
21369  -33.174  -72.020  8.866 0.2000000030
20366  -34.609  -72.095  8.188 0.1000000015
21370  -34.038  -71.747  8.854 0.2000000030
20367  -35.726  -71.787  8.201 0.1000000015
20369  -38.160  -72.412  8.490 0.1000000015
20346  -37.997  -72.104  9.403 0.1000000015
19334  -39.583  -73.192  9.978 0.1000000015
20391  -37.493  -72.362  7.551 0.1000000015
20370  -39.110  -72.827  8.305 0.1000000015
19335  -40.316  -73.645  9.663 0.1000000015
19318  -40.896  -73.996  10.332 0.1000000015
18291  -41.928  -74.450  10.770 0.1000000015
20400  -37.878  -72.888  6.733 0.1000000015
20392  -38.478  -72.668  7.517 0.1000000015
19375  -40.053  -73.157  7.990 0.1000000015
19357  -40.667  -73.582  8.729 0.1000000015
18329  -41.694  -74.552  9.902 0.1000000015
18312  -42.202  -74.865  10.378 0.1000000015
19390  -38.373  -73.229  5.975 0.1000000015
19391  -39.327  -73.170  6.161 0.1000000015
19428  -39.804  -73.870  4.741 0.2000000030
18408  -39.518  -74.242  4.003 0.1000000015
18409  -40.509  -74.244  4.083 0.1000000015
18465  -41.758  -74.531  2.236 0.1000000015
18487  -42.300  -74.676  1.155 0.1000000015
18489  -43.830  -74.567  -0.381 0.1000000015
19489  -44.836  -73.921  -0.137 0.1000000015
130374  -44.216  -73.965  -0.983 0.1000000015
20530  -44.809  -72.921  -0.400 0.1000000015
20507  -44.573  -72.475  0.451 0.1000000015
20480  -44.153  -72.274  1.475 0.1000000015
17305  -34.925  -75.347  15.135 0.2000000030
17357  -34.965  -76.056  13.137 0.2000000030
17374  -34.848  -75.309  11.519 0.3000000119
17304  -33.961  -75.386  15.167 0.2000000030
17319  -35.182  -75.493  14.424 0.2000000030
18245  -34.417  -74.930  12.842 0.2000000030
17356  -34.769  -75.387  12.751 0.3000000119
16458  -29.906  -75.781  12.104 0.3000000119
16459  -30.599  -75.965  12.469 0.3000000119
17371  -31.850  -75.248  12.466 0.3000000119
18265  -29.275  -74.469  12.595 0.3000000119
17353  -29.368  -75.349  12.808 0.3000000119
16460  -31.267  -75.645  12.903 0.3000000119
20269  -30.456  -72.592  12.690 0.2000000030
19265  -29.694  -73.556  12.536 0.3000000119
18266  -32.944  -74.355  12.087 0.2000000030
18267  -33.758  -74.334  12.194 0.2000000030
20270  -31.053  -72.098  12.319 0.2000000030
20298  -30.916  -72.361  11.844 0.2000000030
21303  -31.501  -71.804  11.827 0.2000000030
20327  -31.896  -72.016  10.601 0.3000000119
21331  -31.890  -71.775  11.058 0.3000000119
21332  -32.656  -71.434  10.490 0.3000000119
21352  -33.423  -71.534  9.532 0.2000000030
21333  -33.739  -70.934  10.187 0.2000000030
21353  -34.404  -71.239  9.550 0.2000000030
21354  -35.416  -71.090  9.671 0.2000000030
21356  -37.030  -71.450  9.736 0.1000000015
19392  -40.264  -73.243  6.758 0.1000000015
19376  -41.097  -73.526  7.739 0.1000000015
19358  -41.587  -74.081  8.494 0.1000000015
18348  -42.018  -74.628  9.108 0.1000000015
19409  -40.074  -73.403  5.564 0.1000000015
19393  -41.602  -73.600  6.765 0.1000000015
19377  -42.158  -74.192  7.574 0.1000000015
19410  -41.176  -73.470  5.792 0.1000000015
19411  -42.089  -73.988  5.988 0.1000000015
19395  -42.806  -74.567  6.679 0.1000000015
19429  -40.855  -73.750  4.841 0.1000000015
18411  -42.810  -74.580  4.440 0.1000000015
18410  -41.586  -74.298  4.159 0.1000000015
18440  -41.164  -74.414  3.239 0.1000000015
18441  -42.284  -74.580  3.201 0.1000000015
18442  -43.423  -74.894  3.133 0.1000000015
18466  -42.857  -74.676  2.023 0.1000000015
18488  -43.212  -74.785  0.886 0.1000000015
19510  -45.146  -73.135  -0.360 0.1000000015
15565  -35.134  -77.155  16.867 0.3000000119
16414  -33.587  -75.945  15.744 0.3000000119
17303  -33.219  -75.417  15.237 0.3000000119
17317  -33.242  -75.025  14.648 0.2000000030
17336  -33.583  -74.778  13.753 0.2000000030
18244  -34.018  -74.579  12.932 0.2000000030
16413  -32.669  -76.015  15.344 0.3000000119
17302  -32.795  -75.290  14.971 0.3000000119
18268  -34.444  -74.734  12.272 0.2000000030
16427  -30.038  -76.193  14.449 0.3000000119
16429  -31.848  -76.133  14.760 0.3000000119
17335  -32.413  -74.987  13.915 0.3000000119
18243  -33.147  -74.331  12.983 0.2000000030
20226  -29.767  -73.263  14.269 0.2000000030
18242  -29.064  -74.687  13.566 0.3000000119
17315  -29.464  -75.506  14.886 0.3000000119
20247  -30.330  -72.527  13.762 0.2000000030
21273  -30.740  -72.048  13.523 0.2000000030
21274  -31.270  -71.565  12.905 0.2000000030
21304  -32.256  -71.244  11.508 0.2000000030
22257  -33.523  -70.420  11.507 0.3000000119
22282  -34.121  -70.528  10.892 0.2000000030
21334  -34.765  -70.779  10.295 0.2000000030
18412  -43.974  -75.440  4.522 0.1000000015
18467  -44.012  -74.670  1.617 0.1000000015
15551  -35.550  -77.787  17.127 0.1000000015
14722  -35.020  -78.547  17.495 0.2000000030
15550  -34.639  -77.754  17.121 0.3000000119
15564  -34.373  -76.993  16.857 0.3000000119
14736  -33.550  -77.806  17.055 0.3000000119
15586  -32.521  -76.934  15.887 0.3000000119
16411  -30.556  -76.747  15.480 0.3000000119
15584  -30.974  -77.141  15.699 0.3000000119
18212  -29.383  -74.725  15.207 0.3000000119
17301  -29.607  -75.318  15.640 0.3000000119
16410  -29.903  -76.043  15.705 0.3000000119
19217  -30.185  -73.432  15.631 0.2000000030
21248  -30.667  -72.164  14.268 0.2000000030
21249  -31.054  -71.471  14.003 0.1000000015
22228  -32.720  -70.476  12.247 0.2000000030
22190  -32.167  -70.258  14.536 0.1000000015
22227  -31.967  -70.763  12.908 0.2000000030
22207  -33.187  -69.767  12.953 0.2000000030
22229  -33.838  -69.931  12.364 0.3000000119
14735  -33.013  -78.031  17.064 0.3000000119
15562  -32.347  -77.640  16.529 0.3000000119
15561  -31.469  -77.737  16.912 0.3000000119
15560  -30.878  -77.207  16.232 0.3000000119
18201  -30.187  -74.822  16.704 0.3000000119
16390  -30.056  -76.028  16.649 0.3000000119
16391  -30.336  -76.629  16.431 0.3000000119
19205  -30.584  -73.852  16.622 0.2000000030
20213  -30.671  -73.021  15.972 0.2000000030
21197  -32.029  -71.843  16.366 0.1000000015
23130  -32.839  -69.567  14.353 0.1000000015
23148  -33.132  -69.475  13.605 0.1000000015
14702  -32.300  -78.214  18.868 0.3000000119
14685  -32.565  -78.066  19.449 0.2000000030
14719  -31.797  -78.178  17.941 0.3000000119
15547  -30.719  -77.190  17.128 0.3000000119
15534  -30.835  -77.055  18.048 0.3000000119
19191  -30.968  -74.120  17.381 0.2000000030
17272  -30.726  -75.384  18.131 0.3000000119
16383  -30.307  -76.216  17.394 0.3000000119
20188  -32.060  -73.119  17.271 0.2000000030
19192  -31.545  -73.759  17.510 0.2000000030
21182  -33.825  -71.615  17.147 0.1000000015
21181  -33.005  -71.902  17.043 0.1000000015
21183  -34.913  -71.617  17.357 0.1000000015
21199  -33.174  -71.397  16.863 0.1000000015
22144  -32.687  -70.936  16.329 0.1000000015
23106  -32.753  -69.932  15.153 0.1000000015
22145  -33.325  -70.794  16.614 0.1000000015
22169  -33.094  -70.076  15.815 0.1000000015
23107  -33.653  -69.261  15.210 0.1000000015
24010  -34.050  -68.783  14.241 0.1000000015
15522  -32.412  -77.602  19.571 0.2000000030
16371  -32.329  -76.483  19.659 0.2000000030
16378  -31.155  -76.928  18.727 0.2000000030
18181  -32.222  -74.475  18.666 0.2000000030
17262  -30.969  -75.793  18.814 0.2000000030
19182  -33.286  -73.743  18.249 0.1000000015
19181  -32.405  -73.955  18.216 0.2000000030
20191  -34.637  -72.621  17.688 0.1000000015
22125  -34.207  -70.998  17.100 0.1000000015
22146  -34.353  -70.247  16.754 0.1000000015
23080  -33.726  -69.877  16.198 0.1000000015
23108  -34.738  -68.855  15.530 0.1000000015
23986  -34.398  -68.681  14.886 0.1000000015
22126  -35.183  -70.782  17.099 0.1000000015
22147  -35.349  -69.910  16.748 0.1000000015
23082  -35.689  -69.074  16.112 0.1000000015
22127  -36.393  -70.446  17.163 0.1000000015
22148  -36.094  -69.700  16.710 0.1000000015
13997  -37.580  -79.984  7.729 0.4000000060
13996  -36.951  -79.561  8.174 0.4000000060
14854  -36.658  -79.365  6.842 0.5000000000
13989  -36.459  -79.321  8.955 0.4000000060
13197  -37.338  -80.395  8.166 0.6000000238
11610  -36.712  -82.133  7.306 0.5000000000
11624  -35.339  -82.837  6.546 0.3000000119
12376  -36.437  -80.924  8.495 0.5000000000
10917  -36.866  -83.473  4.367 0.4000000060
11652  -38.011  -82.132  4.376 0.4000000060
14027  -36.092  -79.497  5.228 0.3000000119
13216  -38.105  -80.286  7.110 0.6000000238
16581  -34.039  -76.741  4.669 0.3000000119
14878  -34.962  -78.548  4.401 0.4000000060
14042  -35.761  -79.102  4.366 0.4000000060
14028  -37.125  -79.683  5.520 0.5000000000
14018  -38.319  -80.388  6.502 0.6000000238
12396  -38.125  -81.187  7.340 0.6000000238
12377  -36.970  -80.733  8.379 0.6000000238
13245  -38.388  -80.247  5.548 0.5000000000
12407  -38.487  -81.313  6.642 0.6000000238
11611  -37.455  -82.089  7.177 0.5000000000
14063  -35.885  -78.868  3.760 0.4000000060
14894  -35.324  -78.169  3.707 0.4000000060
13229  -39.169  -80.716  5.259 0.5000000000
14896  -36.542  -78.869  3.081 0.4000000060
14912  -36.228  -78.064  2.649 0.3000000119
13247  -39.403  -80.462  4.461 0.5000000000
11640  -38.617  -81.755  5.325 0.4000000060
11639  -37.974  -82.286  5.421 0.5000000000
14046  -39.594  -80.014  4.081 0.5000000000
13267  -40.413  -80.122  3.036 0.4000000060
14068  -40.143  -79.755  3.159 0.4000000060
15673  -35.375  -77.390  9.420 0.5000000000
14826  -36.208  -78.607  9.169 0.4000000060
15681  -31.951  -77.043  8.065 0.5000000000
17442  -32.827  -75.742  6.199 0.3000000119
17473  -34.447  -75.859  4.703 0.3000000119
16603  -35.221  -76.958  3.696 0.4000000060
17474  -35.215  -75.888  4.168 0.3000000119
18404  -35.588  -75.292  4.423 0.3000000119
17498  -36.271  -75.811  3.390 0.3000000119
16605  -36.355  -76.608  2.895 0.3000000119
15771  -36.466  -77.464  2.515 0.3000000119
14914  -38.155  -78.955  2.226 0.3000000119
14913  -36.953  -78.514  2.445 0.3000000119
14088  -38.841  -79.521  2.729 0.3000000119
14933  -37.717  -78.299  1.844 0.3000000119
16639  -37.189  -77.001  1.888 0.2000000030
14934  -38.879  -78.709  1.422 0.3000000119
14089  -39.748  -79.568  2.661 0.3000000119
14935  -39.698  -78.996  1.169 0.2000000030
13287  -40.435  -80.273  2.355 0.4000000060
13307  -40.521  -80.215  1.254 0.3000000119
13306  -40.123  -80.584  0.999 0.2000000030
14955  -40.431  -78.647  0.037 0.2000000030
13337  -40.640  -80.097  -0.248 0.2000000030
15846  -40.990  -77.770  -2.225 0.1000000015
15672  -34.812  -76.994  9.255 0.4000000060
13980  -35.318  -78.924  10.210 0.4000000060
13187  -36.230  -79.737  9.285 0.5000000000
17433  -31.166  -75.523  7.814 0.4000000060
19386  -33.755  -74.035  6.697 0.2000000030
18385  -36.744  -74.442  4.786 0.2000000030
17499  -36.837  -75.499  2.995 0.2000000030
18436  -37.301  -75.006  3.164 0.2000000030
16622  -37.413  -76.267  1.966 0.2000000030
17516  -36.720  -76.003  2.752 0.2000000030
18461  -37.933  -75.069  2.626 0.2000000030
17536  -38.622  -75.941  1.410 0.1000000015
14953  -39.150  -78.171  0.872 0.2000000030
16642  -38.946  -76.281  1.011 0.1000000015
16667  -39.470  -76.741  0.593 0.1000000015
15814  -39.343  -77.670  0.624 0.2000000030
15816  -40.806  -77.828  -0.603 0.1000000015
14163  -40.865  -79.167  -1.979 0.1000000015
15831  -41.487  -77.843  -1.340 0.1000000015
14991  -41.214  -78.652  -2.217 0.1000000015
18522  -41.901  -74.077  -1.342 0.1000000015
13978  -33.875  -79.402  11.587 0.3000000119
13979  -34.501  -78.951  10.943 0.3000000119
15656  -35.277  -77.331  10.160 0.3000000119
16498  -34.953  -76.852  10.389 0.3000000119
16531  -30.590  -76.111  8.928 0.4000000060
17413  -30.080  -75.357  9.384 0.4000000060
20363  -32.009  -72.590  8.791 0.3000000119
20398  -35.912  -72.915  6.807 0.1000000015
19426  -38.228  -73.974  4.387 0.2000000030
18484  -39.445  -75.242  1.611 0.1000000015
18485  -40.085  -74.806  1.720 0.1000000015
17591  -42.938  -75.217  -1.149 0.1000000015
130372  -43.853  -74.151  -1.177 0.1000000015
14788  -34.378  -77.995  12.465 0.2000000030
13966  -33.716  -79.409  12.318 0.2000000030
18327  -29.718  -74.593  10.144 0.3000000119
18308  -29.897  -74.039  10.178 0.3000000119
20365  -33.639  -72.349  8.321 0.1000000015
18438  -39.210  -74.352  3.201 0.1000000015
130369  -42.847  -75.016  0.177 0.1000000015
15627  -34.739  -77.289  12.904 0.2000000030
15613  -35.371  -77.396  13.459 0.2000000030
15628  -35.050  -76.739  13.135 0.2000000030
17370  -29.525  -75.080  11.665 0.3000000119
16475  -30.520  -76.089  11.396 0.3000000119
19290  -30.095  -73.133  12.155 0.3000000119
18287  -29.526  -74.168  11.825 0.3000000119
19266  -30.068  -73.112  12.543 0.3000000119
21371  -35.052  -71.572  8.928 0.1000000015
21372  -36.055  -71.372  9.067 0.1000000015
20368  -37.078  -71.688  8.688 0.1000000015
20347  -38.859  -72.678  9.430 0.1000000015
19317  -40.029  -73.556  10.475 0.1000000015
19356  -39.767  -73.161  9.027 0.1000000015
19336  -41.191  -74.071  9.387 0.1000000015
18311  -41.609  -74.360  10.520 0.1000000015
19293  -41.450  -73.843  11.142 0.1000000015
20401  -38.815  -72.862  6.709 0.1000000015
20393  -39.363  -72.918  7.337 0.1000000015
20402  -39.434  -73.034  6.739 0.1000000015
17375  -43.164  -75.281  11.135 0.1000000015
19408  -39.050  -73.530  5.329 0.1000000015
16416  -35.563  -75.727  15.718 0.2000000030
17318  -34.214  -75.172  14.446 0.2000000030
17338  -35.026  -75.810  13.646 0.2000000030
16415  -34.561  -75.761  15.794 0.3000000119
17337  -34.442  -75.129  13.535 0.2000000030
16442  -29.905  -75.954  13.195 0.3000000119
17354  -31.816  -75.196  13.294 0.3000000119
16443  -30.698  -76.159  13.553 0.3000000119
16444  -31.572  -75.689  13.891 0.3000000119
17355  -32.368  -74.742  12.751 0.3000000119
20246  -29.831  -73.170  13.576 0.3000000119
19245  -29.303  -73.898  13.331 0.3000000119
22256  -32.841  -70.810  11.185 0.3000000119
21355  -36.321  -71.165  9.810 0.2000000030
21373  -36.635  -71.406  9.320 0.1000000015
19394  -42.402  -74.193  6.716 0.1000000015
19430  -41.908  -73.954  5.070 0.1000000015
16393  -34.077  -76.372  16.353 0.3000000119
16394  -35.142  -76.400  16.397 0.3000000119
15563  -33.384  -77.173  16.547 0.3000000119
16430  -32.396  -75.480  14.665 0.3000000119
16412  -31.987  -76.640  15.410 0.3000000119
17333  -29.327  -75.545  13.876 0.3000000119
16428  -30.998  -76.582  14.579 0.3000000119
15601  -31.458  -76.769  15.182 0.3000000119
19229  -29.436  -73.837  14.455 0.3000000119
19230  -29.886  -73.530  15.116 0.3000000119
20227  -30.221  -72.869  14.757 0.2000000030
18224  -29.115  -74.892  14.421 0.3000000119
22283  -35.042  -70.488  11.095 0.2000000030
21335  -35.835  -70.778  10.566 0.2000000030
15552  -36.551  -77.627  17.205 0.1000000015
14721  -33.852  -78.327  17.547 0.2000000030
15549  -33.942  -77.574  17.101 0.3000000119
15585  -31.557  -77.205  15.879 0.3000000119
19204  -30.080  -74.372  16.229 0.3000000119
18200  -29.772  -74.781  15.978 0.3000000119
20228  -30.737  -72.364  14.946 0.2000000030
21230  -31.133  -71.865  14.877 0.2000000030
22205  -31.634  -70.743  13.735 0.1000000015
22189  -31.556  -70.999  14.716 0.1000000015
22206  -32.427  -70.032  13.441 0.2000000030
14703  -33.398  -78.737  18.676 0.3000000119
14720  -32.726  -78.446  17.862 0.3000000119
17278  -30.322  -75.356  17.276 0.3000000119
19206  -31.130  -73.353  16.837 0.2000000030
20201  -31.562  -72.693  16.597 0.2000000030
21213  -31.632  -71.736  15.793 0.2000000030
22167  -31.614  -71.323  15.286 0.1000000015
22168  -32.272  -70.802  15.737 0.1000000015
21198  -32.588  -71.366  16.513 0.1000000015
20202  -32.342  -72.076  16.771 0.1000000015
23131  -33.441  -69.117  14.120 0.1000000015
15535  -31.578  -77.644  18.512 0.3000000119
16377  -30.769  -76.278  18.510 0.3000000119
18180  -31.375  -74.753  18.343 0.2000000030
20189  -32.617  -72.656  17.263 0.1000000015
19194  -33.387  -73.124  17.758 0.1000000015
17264  -32.489  -75.510  19.434 0.2000000030
18166  -31.989  -74.999  18.967 0.2000000030
19183  -34.320  -73.535  18.168 0.1000000015
23081  -34.543  -69.467  16.160 0.1000000015
10903  -35.416  -84.219  5.772 0.3000000119
10901  -33.704  -84.319  5.590 0.3000000119
10902  -34.626  -84.267  5.657 0.3000000119
8158  -31.557  -87.774  5.388 0.2000000030
7451  -30.188  -88.763  5.436 0.2000000030
10198  -33.392  -85.055  5.570 0.4000000060
9539  -33.067  -85.871  5.571 0.3000000119
10200  -35.256  -84.963  5.582 0.4000000060
8803  -31.763  -86.853  5.580 0.3000000119
9540  -34.093  -85.902  5.438 0.4000000060
8804  -32.803  -86.789  5.429 0.3000000119
7452  -31.462  -88.815  5.161 0.2000000030
9541  -35.022  -85.854  5.493 0.4000000060
8160  -33.619  -87.718  5.313 0.4000000060
10201  -36.032  -84.576  5.687 0.4000000060
10195  -36.364  -84.052  5.882 0.4000000060
8805  -33.841  -86.781  5.357 0.4000000060
8159  -32.574  -87.728  5.294 0.3000000119
7473  -32.045  -88.955  5.088 0.3000000119
9542  -35.789  -85.689  5.565 0.4000000060
8806  -34.768  -86.746  5.476 0.4000000060
7453  -32.323  -88.653  5.164 0.4000000060
10202  -36.656  -84.205  5.476 0.4000000060
8162  -35.262  -87.537  5.366 0.4000000060
7454  -33.327  -88.658  5.249 0.3000000119
8808  -36.153  -86.405  5.316 0.4000000060
8807  -35.546  -86.594  5.474 0.4000000060
7456  -34.893  -88.131  5.389 0.4000000060
9543  -36.294  -85.430  5.286 0.4000000060
7474  -34.739  -89.118  5.199 0.3000000119
8163  -35.831  -87.091  5.215 0.4000000060
7475  -35.144  -88.538  5.140 0.4000000060
8810  -36.516  -86.206  4.907 0.4000000060
8167  -36.172  -87.008  4.858 0.4000000060
8166  -35.603  -87.705  4.888 0.4000000060
6824  -34.928  -89.168  4.953 0.3000000119
9545  -36.504  -85.256  4.822 0.4000000060
6843  -35.159  -88.974  4.797 0.3000000119
6160  -34.481  -89.901  4.770 0.2000000030
10213  -36.637  -84.222  4.525 0.3000000119
8823  -36.353  -85.961  4.452 0.4000000060
8173  -35.619  -87.438  4.147 0.4000000060
6842  -34.850  -89.466  4.388 0.2000000030
6841  -34.563  -89.690  3.752 0.2000000030
5492  -33.702  -90.929  3.668 0.3000000119
9560  -36.139  -85.167  4.090 0.3000000119
7480  -35.094  -88.603  3.765 0.3000000119
6853  -34.696  -89.255  3.605 0.2000000030
6176  -34.285  -90.319  3.964 0.2000000030
5491  -33.269  -91.474  3.825 0.2000000030
10237  -36.285  -84.374  3.833 0.3000000119
8822  -35.911  -86.259  4.007 0.4000000060
7493  -34.511  -88.802  3.168 0.1000000015
11670  -36.779  -82.630  3.176 0.3000000119
10236  -35.723  -84.329  3.254 0.3000000119
9559  -35.404  -85.467  3.596 0.2000000030
8172  -34.577  -87.791  3.253 0.2000000030
6852  -34.229  -89.636  3.156 0.1000000015
5507  -33.405  -91.141  3.270 0.2000000030
10235  -34.910  -84.707  3.150 0.2000000030
8188  -34.224  -88.464  2.918 0.1000000015
6851  -33.551  -89.719  2.392 0.1000000015
6190  -33.634  -90.544  3.008 0.1000000015
10936  -35.849  -83.541  3.004 0.3000000119
11692  -36.605  -82.458  2.263 0.1000000015
11669  -36.002  -82.897  2.830 0.3000000119
10258  -35.152  -84.121  2.811 0.2000000030
8820  -34.060  -86.635  3.332 0.1000000015
8187  -33.712  -88.202  2.752 0.1000000015
6863  -32.898  -89.789  1.742 0.1000000015
6189  -33.111  -90.420  2.251 0.1000000015
11709  -37.220  -81.964  1.707 0.2000000030
11691  -35.934  -82.676  2.047 0.2000000030
10960  -35.307  -83.261  2.424 0.2000000030
9558  -34.528  -85.627  3.342 0.1000000015
8171  -33.529  -87.404  3.101 0.1000000015
7491  -33.060  -88.863  2.199 0.1000000015
6207  -32.561  -90.587  1.726 0.1000000015
5530  -31.603  -91.546  1.755 0.1000000015
10257  -34.602  -84.004  2.655 0.2000000030
10234  -34.068  -84.708  2.994 0.1000000015
9557  -33.520  -85.579  3.273 0.1000000015
8186  -32.628  -87.657  2.800 0.1000000015
7505  -32.415  -89.227  1.567 0.1000000015
6206  -31.869  -90.709  1.256 0.1000000015
4906  -31.205  -92.217  1.988 0.1000000015
8838  -32.291  -86.888  3.025 0.1000000015
7490  -32.065  -88.461  1.906 0.1000000015
6205  -30.942  -90.744  1.315 0.1000000015
22230  -34.729  -69.930  12.330 0.2000000030
12502  -38.799  -81.040  1.415 0.2000000030
12501  -37.897  -81.506  1.120 0.1000000015
11707  -35.563  -82.439  1.586 0.1000000015
10979  -35.224  -82.663  1.962 0.1000000015
8819  -32.923  -86.681  3.326 0.1000000015
6862  -32.234  -89.895  1.131 0.1000000015
10199  -34.364  -85.069  5.518 0.4000000060
8161  -34.523  -87.633  5.414 0.4000000060
7455  -34.388  -88.641  5.355 0.3000000119
8174  -36.193  -86.619  4.481 0.4000000060
7481  -35.424  -88.537  4.538 0.2000000030
10937  -36.396  -83.559  3.616 0.3000000119
8821  -35.077  -86.571  3.599 0.4000000060
5506  -32.777  -91.385  2.720 0.1000000015
7492  -33.964  -88.955  2.633 0.1000000015
5531  -32.237  -91.209  1.837 0.1000000015
11708  -36.383  -82.279  1.420 0.1000000015
8170  -33.037  -87.312  3.175 0.1000000015
5529  -30.645  -91.636  1.579 0.1000000015
9556  -32.468  -85.424  3.249 0.1000000015
10959  -34.350  -83.143  2.236 0.1000000015
12391  -32.792  -81.794  7.835 0.3000000119
11606  -32.311  -82.279  7.125 0.2000000030
11621  -31.682  -82.863  6.614 0.3000000119
11607  -33.464  -82.273  7.097 0.3000000119
11622  -32.950  -82.902  6.220 0.2000000030
10886  -32.109  -83.796  5.856 0.2000000030
10885  -30.778  -83.560  6.643 0.1000000015
10193  -31.347  -84.504  6.024 0.2000000030
10192  -30.355  -84.571  6.369 0.1000000015
10899  -32.396  -84.294  5.670 0.2000000030
9532  -29.992  -85.588  6.132 0.1000000015
9533  -31.026  -85.277  5.965 0.1000000015
9537  -30.949  -86.100  5.736 0.1000000015
8796  -29.322  -85.910  6.221 0.1000000015
9536  -30.333  -86.287  5.817 0.1000000015
8801  -29.661  -86.624  5.848 0.1000000015
11623  -34.219  -82.821  6.414 0.3000000119
10900  -32.819  -84.322  5.614 0.2000000030
10197  -32.314  -84.833  5.664 0.2000000030
9534  -31.624  -85.096  5.779 0.2000000030
8156  -29.327  -87.758  5.643 0.1000000015
8800  -28.498  -86.891  5.881 0.1000000015
10888  -33.933  -83.544  5.838 0.3000000119
9538  -31.921  -85.823  5.640 0.2000000030
8802  -30.779  -86.887  5.626 0.1000000015
8155  -28.225  -87.808  5.745 0.1000000015
7450  -28.985  -88.759  5.552 0.1000000015
8157  -30.479  -87.755  5.476 0.1000000015
10889  -34.957  -83.527  5.971 0.2000000030
6791  -28.520  -89.826  5.220 0.1000000015
6792  -29.864  -89.729  5.327 0.1000000015
6793  -31.049  -89.743  5.131 0.1000000015
6794  -32.126  -89.752  5.129 0.1000000015
6819  -28.233  -90.653  4.904 0.1000000015
6795  -32.891  -89.518  5.251 0.3000000119
6138  -29.712  -90.617  5.042 0.1000000015
10887  -33.085  -83.710  5.682 0.3000000119
6818  -27.450  -90.151  4.813 0.1000000015
6820  -32.360  -89.425  5.167 0.2000000030
5472  -31.387  -91.990  4.867 0.1000000015
5471  -30.430  -92.204  4.812 0.1000000015
4860  -30.175  -93.070  4.803 0.1000000015
6140  -31.958  -90.795  5.166 0.2000000030
5473  -32.203  -91.580  5.126 0.2000000030
4861  -31.148  -92.769  4.711 0.2000000030
4862  -32.223  -92.330  4.429 0.1000000015
5462  -32.569  -91.192  5.226 0.1000000015
4266  -31.490  -92.992  4.260 0.1000000015
6142  -33.499  -90.083  5.335 0.2000000030
6141  -33.010  -90.583  5.278 0.2000000030
5474  -33.131  -91.372  4.829 0.1000000015
6158  -33.442  -90.870  5.144 0.1000000015
4863  -32.877  -91.854  4.230 0.1000000015
6796  -33.889  -89.555  5.331 0.2000000030
6159  -33.993  -90.401  4.997 0.2000000030
4882  -32.681  -91.971  3.672 0.1000000015
6822  -34.273  -89.775  5.222 0.2000000030
5475  -33.721  -90.954  4.289 0.1000000015
4881  -32.318  -92.429  3.532 0.1000000015
6157  -31.413  -91.306  5.036 0.1000000015
12373  -33.191  -81.442  8.600 0.2000000030
12390  -31.746  -81.850  7.874 0.1000000015
13163  -33.274  -79.949  11.914 0.1000000015
14776  -34.816  -78.249  13.430 0.1000000015
16417  -36.418  -76.114  15.361 0.2000000030
14777  -35.970  -78.328  13.838 0.1000000015
17306  -35.725  -75.498  15.081 0.1000000015
17320  -35.958  -75.925  14.759 0.1000000015
15614  -36.530  -77.285  14.038 0.1000000015
16446  -35.503  -76.536  13.602 0.1000000015
16431  -35.710  -76.189  14.252 0.1000000015
15566  -35.941  -76.921  16.831 0.2000000030
13942  -35.356  -79.495  14.050 0.1000000015
16447  -36.081  -76.678  14.161 0.1000000015
16432  -36.653  -76.625  14.612 0.1000000015
12359  -32.549  -81.203  9.265 0.1000000015
15523  -32.949  -77.615  19.979 0.1000000015
14668  -33.555  -77.900  20.049 0.1000000015
14687  -34.205  -78.608  19.447 0.1000000015
14688  -35.263  -78.878  19.368 0.1000000015
14706  -36.733  -78.986  18.498 0.1000000015
14704  -34.614  -79.038  18.364 0.1000000015
15505  -35.585  -77.601  20.577 0.1000000015
14671  -36.076  -78.467  20.134 0.1000000015
14690  -37.922  -78.951  19.848 0.1000000015
15504  -34.601  -77.484  20.433 0.1000000015
14670  -34.946  -78.195  20.043 0.1000000015
14689  -36.226  -79.092  19.296 0.1000000015
13871  -36.957  -79.182  19.171 0.1000000015
14708  -38.972  -78.232  18.405 0.1000000015
16359  -33.247  -76.580  20.054 0.1000000015
14659  -38.387  -78.034  20.828 0.1000000015
15486  -35.604  -77.066  20.836 0.1000000015
15487  -36.169  -77.159  21.003 0.1000000015
15506  -36.562  -77.827  20.779 0.1000000015
14672  -37.264  -78.397  20.567 0.1000000015
16360  -34.444  -76.491  20.556 0.1000000015
13862  -36.836  -79.052  19.891 0.1000000015
14691  -38.711  -78.598  19.395 0.1000000015
17251  -33.799  -75.898  19.993 0.1000000015
17265  -33.349  -75.409  19.546 0.1000000015
15470  -37.637  -76.821  21.873 0.1000000015
15488  -37.300  -77.452  21.346 0.1000000015
16346  -36.442  -76.528  21.427 0.1000000015
16344  -35.019  -76.126  20.892 0.1000000015
17252  -34.488  -75.613  20.312 0.1000000015
18167  -32.809  -74.929  19.099 0.1000000015
22258  -34.425  -70.262  11.673 0.1000000015
21305  -35.767  -70.541  11.361 0.1000000015
21306  -36.510  -70.808  11.333 0.1000000015
17267  -34.732  -75.228  19.998 0.1000000015
18168  -33.764  -74.868  19.186 0.1000000015
18182  -33.078  -74.347  18.725 0.1000000015
23170  -34.355  -69.664  12.706 0.1000000015
22260  -36.112  -70.421  11.937 0.1000000015
21308  -38.549  -72.068  11.712 0.1000000015
21336  -36.811  -71.225  10.587 0.1000000015
21338  -38.142  -71.981  11.024 0.1000000015
15471  -38.271  -77.000  21.918 0.1000000015
15489  -38.746  -77.826  21.128 0.1000000015
13892  -35.560  -78.800  17.716 0.1000000015
14724  -37.189  -78.338  17.748 0.1000000015
16358  -32.806  -76.724  19.907 0.1000000015
14705  -35.689  -79.070  18.407 0.1000000015
14707  -37.826  -78.883  18.692 0.1000000015
17237  -34.854  -75.808  20.714 0.1000000015
21337  -37.632  -71.695  10.402 0.1000000015
13305  -39.414  -80.687  0.768 0.1000000015
12520  -38.499  -80.854  0.582 0.1000000015
12357  -30.467  -81.767  9.305 0.1000000015
12371  -31.150  -81.667  8.602 0.1000000015
12349  -30.572  -81.704  10.252 0.1000000015
12369  -29.747  -82.254  8.597 0.1000000015
11585  -30.054  -82.579  10.747 0.1000000015
12358  -31.544  -81.353  9.567 0.1000000015
12342  -30.778  -81.823  11.197 0.1000000015
10837  -30.582  -83.362  11.246 0.1000000015
11574  -30.716  -82.609  11.511 0.1000000015
9450  -35.681  -86.300  12.797 0.1000000015
8705  -36.211  -86.270  12.770 0.1000000015
7402  -35.205  -88.985  9.868 0.1000000015
7401  -34.175  -89.061  9.516 0.1000000015
8101  -33.583  -88.068  9.263 0.1000000015
7400  -33.077  -89.081  9.362 0.1000000015
8770  -32.940  -86.983  9.284 0.1000000015
10856  -30.041  -83.503  10.730 0.1000000015
10159  -30.546  -84.226  10.767 0.1000000015
11605  -31.289  -82.341  7.363 0.1000000015
8100  -32.234  -88.039  9.190 0.1000000015
8769  -31.602  -86.530  9.452 0.1000000015
9508  -30.693  -85.609  9.674 0.1000000015
10158  -29.832  -84.036  10.388 0.1000000015
10139  -31.115  -83.975  11.327 0.1000000015
11620  -30.886  -82.810  7.062 0.1000000015
7398  -31.315  -88.869  9.058 0.1000000015
8768  -30.299  -86.502  9.339 0.1000000015
9489  -31.013  -85.044  10.246 0.1000000015
10160  -31.447  -84.613  10.815 0.1000000015
8044  -35.875  -87.362  12.209 0.1000000015
7371  -35.832  -88.554  11.216 0.1000000015
8104  -35.905  -88.412  10.215 0.1000000015
12350  -31.363  -81.233  10.617 0.1000000015
8103  -35.657  -88.293  9.914 0.1000000015
8102  -34.785  -88.019  9.521 0.1000000015
9509  -31.421  -85.649  9.826 0.1000000015
10838  -31.395  -83.265  12.058 0.1000000015
8757  -32.455  -86.148  9.896 0.1000000015
9490  -31.927  -85.344  10.219 0.1000000015
10140  -31.855  -84.229  11.463 0.1000000015
8706  -36.436  -86.037  12.851 0.1000000015
10117  -37.031  -85.250  13.534 0.1000000015
10801  -36.477  -83.808  14.697 0.1000000015
13170  -32.038  -80.850  10.161 0.1000000015
8064  -36.368  -87.491  11.465 0.1000000015
13182  -32.206  -81.030  9.695 0.1000000015
8084  -36.048  -87.706  10.436 0.1000000015
8082  -34.910  -87.463  9.731 0.1000000015
8771  -34.073  -87.247  9.449 0.1000000015
8758  -33.552  -86.392  9.841 0.1000000015
10161  -32.321  -84.824  10.833 0.1000000015
9491  -32.967  -85.495  10.407 0.1000000015
10104  -37.294  -84.506  14.087 0.1000000015
9431  -36.759  -85.729  12.994 0.1000000015
9432  -37.329  -85.489  12.877 0.1000000015
10802  -37.709  -83.411  14.617 0.1000000015
10787  -37.393  -82.679  15.213 0.1000000015
11575  -31.150  -82.128  12.042 0.1000000015
12343  -31.593  -81.245  11.585 0.1000000015
13161  -31.974  -80.748  10.884 0.1000000015
8743  -37.077  -86.524  11.523 0.1000000015
9451  -37.204  -85.838  12.602 0.1000000015
12372  -32.169  -81.588  8.640 0.1000000015
10839  -32.242  -83.926  12.071 0.1000000015
8083  -35.390  -87.531  9.913 0.1000000015
9469  -32.907  -84.956  10.874 0.1000000015
8759  -34.724  -86.829  9.959 0.1000000015
9492  -34.109  -85.778  10.355 0.1000000015
10118  -37.791  -84.844  12.977 0.1000000015
11556  -31.761  -82.488  12.710 0.1000000015
10141  -32.814  -84.552  11.468 0.1000000015
9493  -35.233  -85.891  10.397 0.1000000015
8760  -35.797  -86.738  10.334 0.1000000015
12334  -32.344  -81.556  12.889 0.1000000015
10820  -32.287  -83.252  12.701 0.1000000015
9452  -37.639  -85.604  12.277 0.1000000015
10142  -33.864  -84.542  11.595 0.1000000015
10126  -33.139  -83.986  12.294 0.1000000015
8744  -37.361  -86.028  11.307 0.1000000015
9471  -34.572  -85.149  10.945 0.1000000015
9470  -33.534  -85.064  10.917 0.1000000015
8761  -36.790  -86.496  10.885 0.1000000015
9472  -35.660  -85.224  10.973 0.1000000015
9494  -36.284  -85.826  10.596 0.1000000015
11557  -32.628  -82.425  13.185 0.1000000015
12314  -32.958  -81.065  13.203 0.1000000015
10127  -34.185  -83.911  12.211 0.1000000015
10821  -33.633  -83.064  12.996 0.1000000015
10131  -37.949  -85.065  12.286 0.1000000015
10143  -35.015  -84.404  11.601 0.1000000015
10128  -34.772  -83.863  12.055 0.1000000015
12315  -33.602  -81.382  13.588 0.1000000015
10809  -34.043  -82.767  13.265 0.1000000015
10822  -34.757  -83.413  12.515 0.1000000015
10810  -34.464  -82.833  13.150 0.1000000015
8762  -37.305  -85.914  11.056 0.1000000015
9474  -37.716  -85.409  11.542 0.1000000015
10786  -36.657  -82.916  15.210 0.1000000015
12279  -37.945  -81.169  17.203 0.1000000015
12288  -38.006  -81.407  16.152 0.1000000015
11529  -38.230  -82.362  15.182 0.1000000015
7386  -35.946  -88.590  10.614 0.1000000015
8099  -30.904  -87.648  9.118 0.1000000015
9488  -30.111  -84.828  10.190 0.1000000015
10171  -29.137  -84.294  9.870 0.1000000015
8728  -36.865  -86.410  12.309 0.1000000015
12333  -31.713  -81.656  12.360 0.1000000015
10819  -31.719  -83.049  12.612 0.1000000015
10144  -36.156  -84.652  11.371 0.1000000015
11558  -33.329  -82.210  13.433 0.1000000015
12287  -37.322  -81.428  16.731 0.1000000015
1747  -22.313  -98.911  4.726 0.1000000015
1734  -21.657  -98.727  5.549 0.1000000015
1391  -22.233  -98.914  0.735 0.1000000015
1373  -21.854  -99.149  1.784 0.1000000015
1353  -21.888  -99.152  2.816 0.1000000015
1330  -21.625  -99.219  3.910 0.1000000015
1409  -21.868  -99.054  -0.026 0.1000000015
1824  -22.724  -98.542  -0.242 0.1000000015
1839  -22.330  -98.248  -1.179 0.1000000015
1735  -22.817  -98.347  5.914 0.1000000015
1722  -22.353  -97.828  6.526 0.1000000015
1340  -22.108  -99.028  3.695 0.1000000015
1721  -21.609  -98.029  6.391 0.1000000015
1802  -22.607  -98.654  1.499 0.1000000015
1339  -21.522  -99.325  3.304 0.1000000015
1812  -22.940  -98.587  0.765 0.1000000015
1840  -23.342  -98.197  -1.121 0.1000000015
4278  -23.076  -92.801  3.395 0.1000000015
3721  -22.534  -94.368  4.339 0.1000000015
2194  -23.666  -97.455  5.727 0.1000000015
2193  -22.708  -97.242  6.171 0.1000000015
2648  -22.263  -96.300  5.875 0.1000000015
3158  -22.668  -95.449  4.991 0.1000000015
1736  -23.891  -98.079  5.346 0.1000000015
2180  -21.940  -97.304  6.505 0.1000000015
1764  -22.769  -98.548  3.952 0.1000000015
4876  -23.777  -92.248  3.343 0.1000000015
3738  -23.191  -93.724  3.637 0.1000000015
5486  -23.637  -91.343  3.446 0.1000000015
3159  -23.348  -95.753  4.936 0.1000000015
3175  -22.870  -95.007  4.559 0.1000000015
2649  -23.442  -96.438  5.449 0.1000000015
1786  -22.666  -98.511  2.712 0.1000000015
1803  -23.453  -98.149  1.523 0.1000000015
1813  -23.543  -98.380  0.367 0.1000000015
1748  -23.293  -98.428  4.753 0.1000000015
4260  -22.409  -93.145  3.757 0.1000000015
1749  -24.113  -98.061  4.634 0.1000000015
4857  -22.529  -92.485  3.566 0.1000000015
2206  -24.926  -97.678  4.568 0.1000000015
2196  -25.600  -97.341  5.155 0.1000000015
2197  -26.444  -97.317  5.079 0.1000000015
3722  -23.362  -94.464  3.911 0.1000000015
2663  -23.860  -95.854  4.908 0.1000000015
2664  -24.614  -96.252  5.149 0.1000000015
2195  -24.616  -97.492  5.317 0.1000000015
2651  -25.268  -96.802  5.397 0.1000000015
3177  -24.450  -95.551  4.540 0.1000000015
3192  -24.279  -94.926  3.987 0.1000000015
3178  -25.489  -95.672  4.849 0.1000000015
2650  -24.361  -96.910  5.583 0.1000000015
2207  -25.889  -97.323  4.602 0.1000000015
1331  -21.862  -99.150  4.251 0.1000000015
1763  -21.219  -99.278  3.696 0.1000000015
3176  -23.436  -95.169  4.395 0.1000000015
3191  -23.764  -94.713  3.919 0.1000000015
3821  -29.115  -93.957  -2.192 0.1000000015
4333  -28.948  -93.850  -1.868 0.1000000015
4349  -28.752  -93.465  -2.051 0.1000000015
4367  -29.005  -93.546  -2.635 0.1000000015
4933  -26.205  -91.874  -0.392 0.1000000015
4944  -28.648  -93.147  -2.398 0.1000000015
4957  -28.882  -93.237  -2.832 0.1000000015
4970  -28.950  -93.187  -3.228 0.1000000015
4984  -28.471  -92.631  -4.906 0.1000000015
5461  -32.298  -91.251  5.233 0.2000000030
5548  -25.085  -91.370  -0.165 0.1000000015
5550  -26.571  -91.674  0.470 0.1000000015
5609  -26.931  -92.027  -4.276 0.1000000015
6177  -34.444  -90.047  4.559 0.2000000030
6211  -26.247  -91.261  0.639 0.1000000015
6213  -23.882  -90.047  -1.075 0.1000000015
6222  -23.993  -90.049  -1.294 0.1000000015
6237  -24.888  -90.808  -2.734 0.1000000015
6797  -34.413  -89.382  5.254 0.2000000030
6821  -32.344  -89.160  5.140 0.2000000030
6823  -34.539  -89.612  5.011 0.2000000030
6885  -24.132  -89.873  -1.549 0.1000000015
7385  -35.633  -89.046  10.237 0.1000000015
7403  -35.785  -88.725  10.110 0.1000000015
7472  -32.065  -89.224  5.093 0.3000000119
8045  -36.333  -87.024  12.089 0.1000000015
8256  -28.035  -87.993  -2.758 0.1000000015
8727  -36.106  -86.752  12.496 0.1000000015
8729  -37.488  -86.065  11.762 0.1000000015
8756  -31.828  -85.931  9.880 0.1000000015
8772  -34.629  -87.401  9.636 0.1000000015
8830  -24.867  -86.510  2.166 0.1000000015
8833  -27.602  -86.870  2.825 0.1000000015
8870  -25.231  -86.102  0.311 0.1000000015
9453  -38.013  -85.161  11.943 0.1000000015
9496  -37.476  -85.611  11.198 0.1000000015
9574  -25.261  -85.632  2.475 0.1000000015
9585  -24.849  -85.879  1.980 0.1000000015
9597  -24.929  -85.817  1.440 0.1000000015
9616  -30.891  -84.939  -1.384 0.1000000015
10116  -36.423  -85.352  13.498 0.1000000015
10296  -27.596  -84.850  -0.257 0.1000000015
10299  -30.322  -84.298  -1.320 0.1000000015
10309  -30.730  -84.000  -1.469 0.1000000015
10915  -29.639  -83.017  4.223 0.1000000015
10930  -25.889  -84.065  3.233 0.1000000015
10955  -26.137  -83.231  2.624 0.1000000015
10978  -34.918  -82.747  2.050 0.1000000015
11028  -30.198  -83.069  -1.456 0.1000000015
11686  -26.763  -82.131  2.468 0.1000000015
11704  -26.439  -82.836  2.227 0.1000000015
11764  -32.334  -81.958  -2.637 0.1000000015
12335  -32.918  -81.727  13.348 0.1000000015
12356  -29.724  -82.161  9.068 0.1000000015
12431  -26.774  -81.980  3.640 0.1000000015
12433  -27.728  -81.409  4.505 0.1000000015
12462  -40.480  -80.313  2.935 0.4000000060
12486  -40.429  -80.516  2.848 0.4000000060
13208  -38.346  -80.909  7.142 0.6000000238
13227  -38.362  -80.286  5.841 0.5000000000
13263  -27.378  -80.467  3.494 0.1000000015
13322  -40.084  -80.460  0.181 0.2000000030
13332  -29.511  -80.533  -0.531 0.1000000015
13347  -30.452  -80.077  -1.362 0.1000000015
13863  -37.357  -79.007  20.030 0.1000000015
13872  -37.397  -79.133  19.458 0.1000000015
13879  -35.306  -78.982  17.831 0.1000000015
13880  -35.661  -78.923  17.893 0.1000000015
13881  -37.229  -79.093  18.820 0.1000000015
13882  -37.374  -79.146  19.021 0.1000000015
13891  -35.370  -78.715  17.593 0.1000000015
14005  -37.846  -80.071  7.280 0.6000000238
14030  -38.254  -80.269  6.300 0.6000000238
14086  -36.956  -79.247  3.097 0.4000000060
14106  -28.044  -79.428  1.888 0.1000000015
14110  -39.247  -79.408  2.076 0.3000000119
14150  -41.314  -79.024  -1.640 0.1000000015
14164  -41.088  -79.148  -2.070 0.1000000015
14165  -41.219  -79.169  -1.784 0.1000000015
14658  -38.019  -78.050  20.925 0.1000000015
14669  -33.993  -78.012  20.051 0.1000000015
14686  -33.158  -78.160  19.713 0.1000000015
14701  -31.848  -78.073  18.461 0.3000000119
14723  -35.940  -78.561  17.700 0.1000000015
14734  -32.237  -78.125  17.223 0.3000000119
14908  -27.870  -79.049  2.959 0.1000000015
14947  -28.530  -78.400  1.048 0.1000000015
14992  -41.418  -78.790  -1.853 0.1000000015
15502  -32.830  -77.078  20.028 0.1000000015
15503  -33.576  -77.435  20.192 0.1000000015
15507  -37.025  -77.902  20.934 0.1000000015
15521  -31.747  -77.132  19.143 0.2000000030
15536  -31.958  -77.697  19.064 0.3000000119
15548  -31.231  -77.619  17.715 0.3000000119
15587  -33.122  -76.498  15.966 0.3000000119
15600  -31.068  -76.999  15.321 0.3000000119
15716  -32.980  -77.188  5.919 0.5000000000
15789  -37.208  -77.577  1.924 0.2000000030
15832  -41.517  -78.654  -1.646 0.1000000015
15843  -30.716  -77.580  -1.613 0.1000000015
15844  -31.293  -77.571  -2.086 0.1000000015
15848  -41.477  -78.515  -1.659 0.1000000015
15864  -32.129  -77.557  -2.643 0.1000000015
16345  -35.533  -76.476  20.948 0.1000000015
16361  -35.145  -77.029  20.718 0.1000000015
16369  -30.925  -76.134  18.877 0.2000000030
16370  -31.256  -76.330  19.102 0.2000000030
16372  -33.050  -75.988  19.717 0.2000000030
16382  -30.094  -75.999  17.010 0.3000000119
16392  -33.531  -76.477  16.181 0.3000000119
16445  -32.018  -75.546  14.326 0.3000000119
16543  -32.046  -76.782  7.257 0.5000000000
16666  -38.979  -77.210  0.751 0.2000000030
17238  -35.365  -75.764  20.880 0.1000000015
17253  -35.195  -75.315  20.358 0.1000000015
17263  -31.596  -75.500  19.056 0.2000000030
17266  -34.201  -75.297  19.756 0.1000000015
17273  -31.138  -75.343  18.619 0.2000000030
17277  -30.120  -75.737  16.920 0.3000000119
17288  -29.908  -75.445  16.360 0.3000000119
17289  -30.135  -75.346  16.811 0.3000000119
17316  -32.696  -75.131  14.591 0.3000000119
17334  -31.886  -75.246  13.716 0.3000000119
17373  -32.950  -74.628  11.189 0.2000000030
17390  -29.723  -75.380  10.422 0.3000000119
17391  -29.956  -75.820  9.931 0.3000000119
17472  -33.852  -76.222  4.958 0.3000000119
17497  -35.669  -76.055  3.745 0.4000000060
17519  -38.938  -75.475  1.724 0.1000000015
17547  -28.568  -76.016  1.050 0.1000000015
17555  -43.076  -75.093  -0.480 0.1000000015
17573  -42.758  -75.398  -0.883 0.1000000015
17587  -30.882  -75.988  -1.499 0.1000000015
18153  -35.432  -75.066  20.085 0.1000000015
18165  -31.642  -75.076  18.805 0.2000000030
18179  -30.921  -74.918  18.038 0.3000000119
18189  -30.743  -74.670  17.554 0.2000000030
18190  -31.137  -74.309  17.719 0.2000000030
18288  -32.900  -74.498  11.574 0.2000000030
18309  -33.961  -74.514  11.058 0.3000000119
18310  -34.398  -74.686  10.902 0.3000000119
18359  -31.672  -74.651  7.547 0.4000000060
18403  -35.046  -75.484  4.536 0.3000000119
18460  -37.531  -75.208  2.737 0.2000000030
19180  -31.868  -74.210  18.214 0.2000000030
19193  -32.534  -73.369  17.737 0.2000000030
19195  -33.988  -72.973  17.707 0.1000000015
19216  -29.844  -74.052  15.619 0.3000000119
19289  -29.882  -73.515  11.547 0.3000000119
19315  -30.019  -73.592  10.533 0.3000000119
19333  -30.789  -73.246  9.395 0.3000000119
19412  -42.764  -74.521  6.191 0.1000000015
20190  -33.578  -72.479  17.438 0.1000000015
20200  -30.949  -73.201  16.529 0.2000000030
20214  -30.960  -72.403  15.491 0.2000000030
20268  -30.009  -73.117  12.830 0.3000000119
20296  -30.073  -73.216  11.057 0.3000000119
20324  -30.080  -73.329  10.774 0.3000000119
20386  -32.421  -72.917  8.124 0.3000000119
20565  -31.447  -72.650  -1.103 0.1000000015
20579  -34.568  -72.666  -2.709 0.1000000015
21214  -32.107  -71.416  16.115 0.1000000015
21229  -30.688  -72.326  14.700 0.2000000030
21275  -31.941  -71.173  12.280 0.2000000030
22124  -33.757  -71.112  17.018 0.1000000015
22280  -32.875  -70.927  10.774 0.3000000119
22281  -33.261  -70.758  10.791 0.2000000030
22420  -32.251  -69.844  -0.037 0.1000000015
22435  -31.939  -70.448  -0.145 0.1000000015
22437  -33.056  -70.302  -0.865 0.1000000015
23368  -31.848  -69.245  0.563 0.1000000015
23384  -32.548  -69.712  -0.152 0.1000000015
23387  -34.804  -68.649  -0.816 0.1000000015
23399  -33.447  -69.920  -0.883 0.1000000015
24239  -32.269  -68.341  0.715 0.1000000015
24255  -32.594  -68.716  0.398 0.1000000015
24256  -33.132  -68.569  0.204 0.1000000015
24268  -36.075  -67.999  -0.860 0.1000000015
26138  -32.902  -66.708  1.599 0.1000000015
26156  -34.326  -66.709  0.799 0.1000000015
27182  -34.108  -65.641  2.765 0.1000000015
130370  -43.787  -73.161  -0.540 0.1000000015
130373  -44.667  -73.589  -0.532 0.1000000015
