#!ascii label  , from subject sub.01.dh.02 vox2ras=TkReg
385
66204  -28.904  -29.571  -12.505 0.0000000000
68592  -29.991  -28.097  -17.346 0.0000000000
86884  -29.308  -11.282  -22.295 0.0000000000
81867  -30.181  -15.882  -20.194 0.0000000000
75433  -32.448  -21.210  -17.827 0.0000000000
70901  -32.582  -25.453  -12.701 0.0000000000
87864  -28.638  -9.591  -23.106 0.0000000000
78634  -31.286  -18.492  -19.263 0.0000000000
74340  -31.090  -21.887  -19.403 0.0000000000
66257  -30.433  -29.609  -15.957 0.0000000000
68567  -31.662  -26.458  -15.311 0.0000000000
67365  -31.644  -28.223  -13.267 0.0000000000
60051  -26.040  -34.351  -10.976 0.0000000000
63668  -28.141  -31.268  -14.379 0.0000000000
95215  -27.991  -2.701  -24.422 0.0000000000
94296  -29.638  -3.622  -23.821 0.0000000000
92206  -29.683  -5.214  -21.837 0.0000000000
89977  -29.821  -7.330  -20.181 0.0000000000
88858  -29.703  -9.058  -18.893 0.0000000000
83967  -29.329  -13.710  -20.705 0.0000000000
85924  -30.338  -11.853  -17.767 0.0000000000
82889  -31.536  -14.851  -16.928 0.0000000000
79580  -32.850  -17.708  -17.553 0.0000000000
76520  -33.759  -20.243  -16.024 0.0000000000
72119  -31.220  -24.706  -17.496 0.0000000000
73188  -32.976  -23.113  -15.610 0.0000000000
76566  -30.182  -20.498  -20.273 0.0000000000
74338  -29.290  -22.522  -19.665 0.0000000000
66220  -29.939  -28.976  -13.389 0.0000000000
67378  -31.195  -28.603  -13.801 0.0000000000
67363  -30.403  -28.572  -12.329 0.0000000000
57738  -24.693  -36.254  -7.955 0.0000000000
58894  -25.083  -35.480  -8.536 0.0000000000
59999  -25.547  -34.696  -8.172 0.0000000000
65035  -28.731  -30.525  -15.716 0.0000000000
63682  -27.353  -31.277  -14.733 0.0000000000
93285  -29.560  -4.454  -22.571 0.0000000000
86893  -29.061  -10.576  -23.183 0.0000000000
88905  -29.508  -8.439  -21.855 0.0000000000
87849  -29.619  -9.470  -21.629 0.0000000000
88874  -29.793  -8.365  -19.571 0.0000000000
86868  -29.218  -10.397  -20.463 0.0000000000
82926  -29.674  -14.456  -19.976 0.0000000000
84935  -29.739  -12.519  -18.995 0.0000000000
82907  -29.998  -14.272  -18.981 0.0000000000
83931  -30.797  -13.727  -17.650 0.0000000000
81840  -30.994  -15.956  -18.511 0.0000000000
77619  -31.932  -19.747  -18.828 0.0000000000
78619  -32.426  -18.452  -18.269 0.0000000000
77600  -32.959  -19.511  -17.888 0.0000000000
77578  -33.765  -19.409  -16.821 0.0000000000
76519  -33.384  -20.367  -16.636 0.0000000000
69773  -29.795  -26.250  -18.245 0.0000000000
72128  -30.329  -24.652  -18.448 0.0000000000
69765  -30.544  -26.332  -17.381 0.0000000000
69725  -32.169  -26.161  -14.236 0.0000000000
70928  -32.018  -25.544  -15.727 0.0000000000
72089  -32.594  -24.553  -14.320 0.0000000000
74260  -32.820  -22.964  -14.126 0.0000000000
73139  -32.639  -24.194  -12.853 0.0000000000
61161  -26.355  -33.597  -10.593 0.0000000000
62406  -26.665  -33.083  -12.319 0.0000000000
62367  -27.250  -32.206  -10.875 0.0000000000
63629  -27.646  -31.482  -11.618 0.0000000000
79633  -30.239  -17.681  -20.584 0.0000000000
79618  -30.816  -17.754  -19.755 0.0000000000
78633  -30.850  -18.879  -19.934 0.0000000000
76567  -31.126  -20.611  -19.661 0.0000000000
75432  -31.842  -21.870  -18.236 0.0000000000
67401  -30.555  -28.436  -16.524 0.0000000000
68577  -30.919  -27.212  -16.140 0.0000000000
67390  -31.254  -28.022  -15.500 0.0000000000
67380  -31.884  -27.477  -14.292 0.0000000000
68530  -32.363  -27.051  -12.921 0.0000000000
60010  -25.838  -34.015  -8.805 0.0000000000
67414  -31.227  -29.543  -18.189 0.0000000000
65047  -30.400  -30.025  -16.664 0.0000000000
65021  -29.268  -30.333  -15.033 0.0000000000
66219  -28.962  -29.877  -13.781 0.0000000000
96956  -27.503  -0.871  -25.076 0.0000000000
93314  -27.970  -4.608  -24.358 0.0000000000
94309  -28.442  -3.618  -24.593 0.0000000000
95191  -29.591  -2.846  -22.831 0.0000000000
94270  -29.808  -3.653  -21.462 0.0000000000
93257  -30.579  -4.362  -20.314 0.0000000000
90008  -29.420  -7.358  -22.161 0.0000000000
91076  -29.728  -6.223  -21.330 0.0000000000
92183  -30.659  -5.008  -19.769 0.0000000000
91056  -30.765  -6.240  -18.849 0.0000000000
89965  -30.793  -7.276  -18.413 0.0000000000
88845  -30.661  -9.031  -17.801 0.0000000000
84958  -28.943  -12.358  -21.768 0.0000000000
85952  -29.337  -11.306  -19.612 0.0000000000
86835  -29.893  -10.822  -18.265 0.0000000000
87787  -31.222  -10.512  -16.890 0.0000000000
85912  -31.190  -11.772  -16.597 0.0000000000
82868  -32.343  -14.838  -16.249 0.0000000000
80720  -31.423  -16.839  -18.384 0.0000000000
80706  -32.114  -16.752  -17.480 0.0000000000
72138  -30.107  -23.903  -19.135 0.0000000000
73228  -31.041  -23.290  -18.410 0.0000000000
73216  -32.033  -23.228  -17.272 0.0000000000
70937  -31.436  -25.537  -16.680 0.0000000000
72111  -32.148  -24.707  -16.560 0.0000000000
74301  -32.580  -22.413  -16.747 0.0000000000
75404  -33.335  -21.822  -15.352 0.0000000000
75387  -33.417  -21.781  -14.339 0.0000000000
63667  -27.455  -31.720  -13.852 0.0000000000
63630  -27.906  -31.083  -12.512 0.0000000000
64966  -28.228  -30.429  -11.572 0.0000000000
66205  -29.651  -28.858  -11.945 0.0000000000
57718  -24.956  -36.275  -6.744 0.0000000000
58860  -25.545  -35.581  -6.426 0.0000000000
86885  -29.420  -10.705  -22.369 0.0000000000
86877  -29.425  -10.320  -21.394 0.0000000000
87841  -29.436  -9.392  -20.609 0.0000000000
86867  -29.090  -10.891  -21.236 0.0000000000
80740  -29.978  -16.514  -21.200 0.0000000000
81866  -29.888  -15.710  -20.877 0.0000000000
81853  -29.987  -15.392  -19.964 0.0000000000
82927  -30.062  -14.962  -19.336 0.0000000000
82908  -30.593  -14.742  -18.449 0.0000000000
81854  -30.481  -15.741  -19.467 0.0000000000
76555  -32.201  -20.498  -18.519 0.0000000000
77620  -32.540  -19.449  -18.359 0.0000000000
76539  -32.801  -20.152  -17.812 0.0000000000
76540  -33.099  -20.179  -17.287 0.0000000000
76518  -32.866  -20.661  -17.267 0.0000000000
68584  -29.947  -27.165  -17.435 0.0000000000
69774  -30.333  -26.106  -17.948 0.0000000000
68585  -30.155  -27.390  -17.140 0.0000000000
69720  -32.401  -26.228  -13.301 0.0000000000
70915  -32.332  -25.419  -14.761 0.0000000000
70906  -32.420  -25.415  -13.776 0.0000000000
72083  -32.557  -24.656  -13.336 0.0000000000
72072  -32.685  -24.538  -12.231 0.0000000000
62366  -26.690  -32.745  -10.173 0.0000000000
78646  -29.788  -18.370  -20.999 0.0000000000
78647  -30.383  -18.400  -20.377 0.0000000000
77646  -30.216  -19.330  -20.517 0.0000000000
75459  -30.634  -21.402  -19.783 0.0000000000
75460  -31.156  -21.315  -19.517 0.0000000000
75446  -31.579  -21.303  -18.983 0.0000000000
66258  -30.899  -28.872  -15.815 0.0000000000
67379  -31.530  -28.192  -14.399 0.0000000000
67366  -32.004  -27.663  -13.557 0.0000000000
67352  -32.218  -27.817  -12.585 0.0000000000
67351  -31.814  -28.365  -12.273 0.0000000000
57737  -24.358  -37.012  -8.009 0.0000000000
56482  -24.127  -37.447  -7.502 0.0000000000
63706  -32.073  -30.536  -17.556 0.0000000000
63697  -28.331  -31.083  -15.148 0.0000000000
65036  -29.589  -30.253  -15.704 0.0000000000
65020  -28.704  -30.759  -14.964 0.0000000000
66239  -28.998  -30.297  -14.565 0.0000000000
65003  -28.431  -30.626  -14.077 0.0000000000
95214  -27.361  -2.757  -24.088 0.0000000000
96113  -27.336  -1.580  -24.631 0.0000000000
96114  -28.190  -1.875  -24.294 0.0000000000
93316  -29.325  -4.490  -24.300 0.0000000000
93315  -28.767  -4.509  -24.668 0.0000000000
94310  -29.246  -3.551  -24.599 0.0000000000
95204  -29.362  -2.569  -23.954 0.0000000000
94269  -29.594  -3.513  -22.216 0.0000000000
93271  -29.659  -4.267  -21.814 0.0000000000
94255  -30.443  -3.437  -20.808 0.0000000000
93272  -29.953  -4.483  -21.106 0.0000000000
88917  -28.944  -8.475  -22.769 0.0000000000
89993  -29.703  -7.395  -21.161 0.0000000000
91068  -29.851  -6.628  -20.606 0.0000000000
91077  -29.988  -6.093  -20.606 0.0000000000
91069  -30.292  -6.169  -19.884 0.0000000000
92170  -30.817  -5.512  -19.245 0.0000000000
89978  -30.182  -7.158  -19.223 0.0000000000
88875  -30.237  -7.783  -18.884 0.0000000000
88859  -30.299  -8.381  -18.484 0.0000000000
89951  -31.097  -8.005  -17.760 0.0000000000
87816  -30.041  -9.268  -18.351 0.0000000000
82962  -29.221  -14.952  -21.775 0.0000000000
83978  -29.036  -14.074  -21.478 0.0000000000
84959  -29.103  -13.050  -21.257 0.0000000000
84950  -29.036  -12.150  -20.990 0.0000000000
84951  -29.262  -12.694  -20.447 0.0000000000
84936  -30.145  -12.692  -18.359 0.0000000000
85938  -29.706  -11.572  -18.838 0.0000000000
85923  -30.054  -11.421  -18.145 0.0000000000
86836  -30.379  -10.867  -17.513 0.0000000000
86820  -30.539  -11.412  -17.297 0.0000000000
86821  -30.835  -11.099  -16.898 0.0000000000
85911  -30.685  -11.880  -17.124 0.0000000000
82888  -31.101  -14.438  -17.573 0.0000000000
83932  -31.210  -13.790  -16.911 0.0000000000
83920  -31.777  -13.817  -16.146 0.0000000000
79619  -31.197  -17.903  -19.131 0.0000000000
80731  -31.216  -17.415  -19.027 0.0000000000
79600  -31.695  -17.932  -18.609 0.0000000000
79579  -32.040  -17.448  -18.006 0.0000000000
80707  -32.884  -16.623  -16.849 0.0000000000
80708  -33.275  -17.204  -16.889 0.0000000000
77579  -34.035  -19.588  -16.115 0.0000000000
76500  -33.870  -20.166  -15.458 0.0000000000
72137  -29.367  -24.516  -19.133 0.0000000000
72118  -30.704  -24.941  -17.926 0.0000000000
72129  -30.955  -23.886  -18.236 0.0000000000
73215  -31.468  -23.300  -17.807 0.0000000000
72120  -31.947  -23.873  -17.208 0.0000000000
69756  -31.060  -26.383  -16.497 0.0000000000
69748  -31.475  -26.234  -15.927 0.0000000000
72099  -32.653  -24.675  -15.401 0.0000000000
73187  -32.922  -23.822  -15.946 0.0000000000
73201  -32.518  -23.279  -16.694 0.0000000000
73202  -32.898  -23.174  -16.104 0.0000000000
74302  -32.944  -22.427  -16.111 0.0000000000
74291  -33.085  -22.618  -15.389 0.0000000000
74261  -32.996  -22.558  -13.720 0.0000000000
75369  -33.458  -21.716  -13.328 0.0000000000
64965  -27.808  -30.948  -11.012 0.0000000000
75458  -29.683  -21.441  -20.098 0.0000000000
74339  -30.356  -22.544  -19.368 0.0000000000
66240  -29.760  -29.813  -14.848 0.0000000000
66241  -30.778  -28.976  -14.638 0.0000000000
66221  -30.743  -28.776  -13.709 0.0000000000
67364  -30.982  -28.537  -12.961 0.0000000000
67350  -31.159  -28.531  -11.871 0.0000000000
67349  -30.433  -28.557  -11.391 0.0000000000
57717  -24.519  -36.855  -7.361 0.0000000000
60009  -25.369  -34.903  -9.365 0.0000000000
65045  -28.864  -30.349  -16.731 0.0000000000
65034  -28.069  -30.295  -15.774 0.0000000000
63696  -28.036  -31.086  -15.347 0.0000000000
63683  -27.962  -31.494  -14.796 0.0000000000
94308  -27.692  -3.664  -24.142 0.0000000000
93301  -29.540  -4.552  -23.507 0.0000000000
92241  -29.180  -5.546  -24.010 0.0000000000
92224  -29.408  -5.374  -22.982 0.0000000000
91086  -29.419  -6.288  -22.510 0.0000000000
87857  -29.340  -9.540  -22.532 0.0000000000
88890  -29.672  -8.396  -20.841 0.0000000000
87832  -29.399  -9.572  -19.617 0.0000000000
82943  -29.438  -14.761  -21.140 0.0000000000
83956  -29.530  -13.176  -19.802 0.0000000000
83944  -29.832  -13.462  -19.045 0.0000000000
83945  -30.315  -13.605  -18.337 0.0000000000
84922  -30.584  -12.748  -17.587 0.0000000000
82909  -31.184  -15.165  -17.836 0.0000000000
78618  -31.909  -18.926  -18.823 0.0000000000
78599  -33.060  -18.870  -17.874 0.0000000000
78600  -33.633  -18.583  -17.156 0.0000000000
77601  -33.302  -19.587  -17.396 0.0000000000
70954  -29.712  -25.298  -18.677 0.0000000000
70955  -30.197  -25.560  -18.272 0.0000000000
70945  -30.615  -25.431  -17.838 0.0000000000
70946  -30.940  -25.633  -17.275 0.0000000000
69737  -31.912  -26.067  -15.028 0.0000000000
69749  -31.725  -26.056  -15.494 0.0000000000
73176  -32.885  -23.584  -14.905 0.0000000000
73177  -32.968  -22.997  -15.157 0.0000000000
74277  -32.803  -23.179  -14.370 0.0000000000
73161  -32.677  -23.549  -13.685 0.0000000000
73162  -32.749  -22.952  -13.110 0.0000000000
74239  -33.131  -22.468  -12.724 0.0000000000
73140  -32.836  -23.491  -12.370 0.0000000000
61181  -26.308  -33.707  -11.609 0.0000000000
62387  -26.774  -33.003  -11.281 0.0000000000
62388  -27.254  -32.431  -12.008 0.0000000000
63609  -27.570  -31.333  -10.470 0.0000000000
79632  -29.825  -17.269  -21.303 0.0000000000
80741  -30.361  -16.642  -20.376 0.0000000000
77632  -30.835  -19.780  -20.059 0.0000000000
77633  -31.379  -19.538  -19.391 0.0000000000
76554  -31.648  -20.339  -19.081 0.0000000000
75447  -32.080  -21.239  -18.437 0.0000000000
67405  -30.328  -28.433  -17.196 0.0000000000
68576  -30.452  -27.573  -16.633 0.0000000000
68566  -31.439  -27.065  -15.395 0.0000000000
66242  -31.166  -28.542  -15.104 0.0000000000
68555  -31.662  -27.561  -14.885 0.0000000000
68556  -31.847  -26.841  -14.716 0.0000000000
68541  -32.129  -26.931  -13.839 0.0000000000
69709  -32.686  -26.253  -12.350 0.0000000000
56457  -23.739  -37.955  -6.801 0.0000000000
60027  -25.803  -34.151  -9.978 0.0000000000
61145  -26.303  -33.379  -9.468 0.0000000000
67413  -30.323  -28.726  -18.013 0.0000000000
67406  -31.031  -29.225  -17.578 0.0000000000
66269  -30.801  -29.486  -17.001 0.0000000000
65046  -29.670  -30.279  -16.661 0.0000000000
65037  -30.152  -30.019  -15.999 0.0000000000
66256  -30.033  -29.984  -15.626 0.0000000000
96112  -26.716  -1.119  -24.779 0.0000000000
93300  -27.095  -4.665  -23.647 0.0000000000
95216  -28.721  -2.728  -24.422 0.0000000000
96102  -29.022  -1.737  -23.776 0.0000000000
94283  -29.580  -3.795  -23.022 0.0000000000
95178  -29.608  -2.978  -22.226 0.0000000000
95179  -29.892  -2.619  -21.681 0.0000000000
95163  -30.644  -2.404  -20.763 0.0000000000
94256  -31.002  -3.693  -20.195 0.0000000000
90023  -29.018  -7.335  -23.353 0.0000000000
92193  -29.821  -5.479  -21.234 0.0000000000
92194  -30.093  -5.364  -20.657 0.0000000000
93258  -31.041  -4.114  -19.898 0.0000000000
93235  -31.572  -4.545  -19.083 0.0000000000
91057  -31.667  -6.319  -18.252 0.0000000000
85979  -29.127  -11.709  -22.157 0.0000000000
85972  -29.040  -11.575  -21.490 0.0000000000
85963  -29.138  -10.958  -20.073 0.0000000000
86858  -29.323  -10.473  -19.548 0.0000000000
84944  -29.407  -12.193  -19.634 0.0000000000
86849  -29.565  -10.738  -18.884 0.0000000000
87797  -29.730  -10.361  -18.426 0.0000000000
87798  -30.084  -9.995  -17.951 0.0000000000
87799  -31.064  -9.895  -17.255 0.0000000000
84923  -30.911  -13.101  -17.032 0.0000000000
84911  -31.417  -12.749  -16.436 0.0000000000
84912  -32.408  -12.665  -16.020 0.0000000000
83921  -32.775  -13.739  -15.825 0.0000000000
80730  -30.975  -16.673  -19.223 0.0000000000
80719  -31.106  -16.500  -18.711 0.0000000000
81841  -31.521  -15.915  -17.604 0.0000000000
81828  -32.226  -15.776  -16.715 0.0000000000
78581  -34.148  -18.851  -16.563 0.0000000000
73237  -29.671  -23.382  -19.308 0.0000000000
73238  -30.185  -23.310  -19.181 0.0000000000
73227  -30.592  -23.377  -18.823 0.0000000000
74325  -30.727  -22.850  -19.006 0.0000000000
74326  -31.176  -22.568  -18.712 0.0000000000
74314  -31.600  -22.512  -18.005 0.0000000000
74315  -32.156  -22.417  -17.422 0.0000000000
69755  -30.644  -26.826  -16.775 0.0000000000
69766  -30.914  -26.139  -16.929 0.0000000000
72110  -31.601  -24.981  -16.902 0.0000000000
75417  -32.741  -21.527  -16.841 0.0000000000
75418  -33.230  -21.398  -16.153 0.0000000000
76499  -33.581  -20.827  -15.778 0.0000000000
74278  -33.046  -22.686  -14.680 0.0000000000
76470  -33.638  -20.924  -14.925 0.0000000000
63648  -27.575  -31.790  -12.777 0.0000000000
63649  -27.954  -31.197  -13.470 0.0000000000
64984  -28.331  -30.446  -13.013 0.0000000000
63684  -28.308  -31.281  -14.871 0.0000000000
63704  -31.193  -30.989  -17.849 0.0000000000
63705  -31.510  -30.745  -17.712 0.0000000000
63707  -30.948  -30.895  -18.136 0.0000000000
63708  -31.614  -30.962  -18.036 0.0000000000
63709  -31.931  -30.830  -17.851 0.0000000000
65048  -30.784  -29.871  -17.027 0.0000000000
65052  -30.702  -30.427  -17.486 0.0000000000
65053  -31.316  -29.898  -17.106 0.0000000000
65054  -31.994  -30.385  -17.756 0.0000000000
65058  -31.443  -30.609  -18.099 0.0000000000
65059  -31.911  -30.626  -18.058 0.0000000000
66268  -30.598  -29.750  -16.738 0.0000000000
66273  -31.711  -29.787  -17.618 0.0000000000
66274  -32.085  -30.120  -18.086 0.0000000000
66278  -30.535  -29.786  -18.315 0.0000000000
66279  -31.228  -30.152  -18.272 0.0000000000
66280  -31.744  -30.325  -18.158 0.0000000000
67400  -30.221  -28.009  -16.815 0.0000000000
67407  -31.797  -29.604  -18.030 0.0000000000
67415  -31.720  -29.950  -18.224 0.0000000000
69764  -30.074  -26.756  -17.614 0.0000000000
70882  -32.702  -25.727  -12.240 0.0000000000
70902  -32.647  -25.058  -12.312 0.0000000000
70927  -31.695  -25.664  -16.163 0.0000000000
70938  -31.853  -25.372  -16.299 0.0000000000
72071  -32.605  -24.781  -12.679 0.0000000000
79601  -32.254  -17.895  -18.112 0.0000000000
81810  -32.448  -15.359  -16.436 0.0000000000
84910  -30.900  -12.447  -16.893 0.0000000000
84943  -29.082  -11.853  -20.222 0.0000000000
85939  -30.020  -12.003  -18.427 0.0000000000
85951  -29.093  -11.355  -20.131 0.0000000000
85962  -29.020  -11.305  -20.669 0.0000000000
85980  -29.183  -11.623  -22.623 0.0000000000
86837  -30.863  -10.576  -17.112 0.0000000000
86876  -29.289  -11.077  -21.867 0.0000000000
87815  -29.544  -9.902  -18.735 0.0000000000
92184  -31.142  -4.953  -19.255 0.0000000000
92207  -29.885  -5.135  -21.197 0.0000000000
93246  -30.872  -4.469  -19.865 0.0000000000
93247  -31.199  -4.409  -19.529 0.0000000000
94223  -31.548  -4.139  -19.306 0.0000000000
94239  -31.484  -3.646  -19.616 0.0000000000
96115  -28.772  -2.066  -24.120 0.0000000000
