#!ascii label  , from subject sub.01.dh.02 vox2ras=TkReg
1008
56457  -23.739  -37.955  -6.801 0.4285714328
57737  -24.358  -37.012  -8.009 0.2857142985
57738  -24.693  -36.254  -7.955 0.4285714328
58860  -25.545  -35.581  -6.426 0.4285714328
57763  -24.709  -36.182  -9.030 0.2857142985
58894  -25.083  -35.480  -8.536 0.4285714328
59999  -25.547  -34.696  -8.172 0.4285714328
60009  -25.369  -34.903  -9.365 0.4285714328
60010  -25.838  -34.015  -8.805 0.4285714328
60027  -25.803  -34.151  -9.978 0.4285714328
61161  -26.355  -33.597  -10.593 0.4285714328
62406  -26.665  -33.083  -12.319 0.5714285970
62366  -26.690  -32.745  -10.173 0.4285714328
62367  -27.250  -32.206  -10.875 0.2857142985
62388  -27.254  -32.431  -12.008 0.7142857313
64965  -27.808  -30.948  -11.012 0.7142857313
64966  -28.228  -30.429  -11.572 0.4285714328
63629  -27.646  -31.482  -11.618 0.7142857313
66204  -28.904  -29.571  -12.505 0.5714285970
63630  -27.906  -31.083  -12.512 0.5714285970
64984  -28.331  -30.446  -13.013 0.5714285970
66205  -29.651  -28.858  -11.945 0.4285714328
66220  -29.939  -28.976  -13.389 0.5714285970
67364  -30.982  -28.537  -12.961 0.5714285970
66240  -29.760  -29.813  -14.848 0.7142857313
66221  -30.743  -28.776  -13.709 0.7142857313
67378  -31.195  -28.603  -13.801 0.7142857313
67365  -31.644  -28.223  -13.267 0.5714285970
65036  -29.589  -30.253  -15.704 0.5714285970
66241  -30.778  -28.976  -14.638 0.8571428657
67366  -32.004  -27.663  -13.557 0.5714285970
66257  -30.433  -29.609  -15.957 0.7142857313
68556  -31.847  -26.841  -14.716 0.7142857313
68530  -32.363  -27.051  -12.921 0.5714285970
66242  -31.166  -28.542  -15.104 0.7142857313
67380  -31.884  -27.477  -14.292 0.7142857313
69725  -32.169  -26.161  -14.236 0.5714285970
68555  -31.662  -27.561  -14.885 0.7142857313
69720  -32.401  -26.228  -13.301 0.5714285970
67390  -31.254  -28.022  -15.500 0.5714285970
68566  -31.439  -27.065  -15.395 0.7142857313
69737  -31.912  -26.067  -15.028 0.7142857313
70915  -32.332  -25.419  -14.761 0.7142857313
69748  -31.475  -26.234  -15.927 0.7142857313
69749  -31.725  -26.056  -15.494 0.7142857313
70928  -32.018  -25.544  -15.727 0.7142857313
73188  -32.976  -23.113  -15.610 0.7142857313
73176  -32.885  -23.584  -14.905 0.5714285970
68577  -30.919  -27.212  -16.140 0.5714285970
74291  -33.085  -22.618  -15.389 0.5714285970
75404  -33.335  -21.822  -15.352 0.5714285970
72111  -32.148  -24.707  -16.560 0.8571428657
70937  -31.436  -25.537  -16.680 0.8571428657
74302  -32.944  -22.427  -16.111 0.7142857313
74301  -32.580  -22.413  -16.747 0.7142857313
73201  -32.518  -23.279  -16.694 0.7142857313
76539  -32.801  -20.152  -17.812 0.8571428657
76519  -33.384  -20.367  -16.636 0.5714285970
75417  -32.741  -21.527  -16.841 0.8571428657
74315  -32.156  -22.417  -17.422 0.8571428657
73216  -32.033  -23.228  -17.272 0.8571428657
77620  -32.540  -19.449  -18.359 0.8571428657
78619  -32.426  -18.452  -18.269 0.8571428657
80720  -31.423  -16.839  -18.384 0.8571428657
75433  -32.448  -21.210  -17.827 0.8571428657
78618  -31.909  -18.926  -18.823 0.8571428657
79619  -31.197  -17.903  -19.131 1.0000000000
79600  -31.695  -17.932  -18.609 1.0000000000
77619  -31.932  -19.747  -18.828 0.8571428657
80731  -31.216  -17.415  -19.027 1.0000000000
78634  -31.286  -18.492  -19.263 1.0000000000
81854  -30.481  -15.741  -19.467 1.0000000000
82926  -29.674  -14.456  -19.976 0.7142857313
80730  -30.975  -16.673  -19.223 1.0000000000
80741  -30.361  -16.642  -20.376 1.0000000000
82927  -30.062  -14.962  -19.336 1.0000000000
85963  -29.138  -10.958  -20.073 1.0000000000
85972  -29.040  -11.575  -21.490 0.8571428657
87849  -29.619  -9.470  -21.629 0.8571428657
87841  -29.436  -9.392  -20.609 1.0000000000
92193  -29.821  -5.479  -21.234 0.8571428657
89993  -29.703  -7.395  -21.161 0.8571428657
94269  -29.594  -3.513  -22.216 0.8571428657
93271  -29.659  -4.267  -21.814 0.8571428657
94283  -29.580  -3.795  -23.022 0.7142857313
92241  -29.180  -5.546  -24.010 0.5714285970
95204  -29.362  -2.569  -23.954 0.7142857313
95191  -29.591  -2.846  -22.831 0.5714285970
94309  -28.442  -3.618  -24.593 0.5714285970
93316  -29.325  -4.490  -24.300 0.5714285970
94308  -27.692  -3.664  -24.142 0.4285714328
96114  -28.190  -1.875  -24.294 0.4285714328
95202  -26.620  -2.604  -22.973 0.2857142985
95203  -26.920  -2.763  -23.570 0.2857142985
95190  -26.701  -2.444  -22.034 0.2857142985
75418  -33.230  -21.398  -16.153 0.5714285970
73187  -32.922  -23.822  -15.946 0.7142857313
73202  -32.898  -23.174  -16.104 0.7142857313
76518  -32.866  -20.661  -17.267 0.8571428657
77600  -32.959  -19.511  -17.888 0.8571428657
78599  -33.060  -18.870  -17.874 0.8571428657
79579  -32.040  -17.448  -18.006 0.8571428657
95161  -27.162  -2.420  -20.429 0.1428571492
57762  -24.412  -36.900  -8.727 0.2857142985
58911  -25.035  -35.646  -9.384 0.2857142985
58935  -25.132  -35.468  -10.072 0.2857142985
61145  -26.303  -33.379  -9.468 0.4285714328
60051  -26.040  -34.351  -10.976 0.5714285970
62387  -26.774  -33.003  -11.281 0.5714285970
63609  -27.570  -31.333  -10.470 0.4285714328
62407  -27.089  -32.451  -13.009 0.2857142985
63649  -27.954  -31.197  -13.470 0.5714285970
67349  -30.433  -28.557  -11.391 0.4285714328
65003  -28.431  -30.626  -14.077 0.7142857313
66239  -28.998  -30.297  -14.565 0.7142857313
67363  -30.403  -28.572  -12.329 0.5714285970
67350  -31.159  -28.531  -11.871 0.4285714328
67379  -31.530  -28.192  -14.399 0.7142857313
65037  -30.152  -30.019  -15.999 0.5714285970
66256  -30.033  -29.984  -15.626 0.5714285970
70906  -32.420  -25.415  -13.776 0.5714285970
66258  -30.899  -28.872  -15.815 0.5714285970
68567  -31.662  -26.458  -15.311 0.7142857313
72089  -32.594  -24.553  -14.320 0.5714285970
76540  -33.099  -20.179  -17.287 0.5714285970
75447  -32.080  -21.239  -18.437 1.0000000000
80719  -31.106  -16.500  -18.711 1.0000000000
78633  -30.850  -18.879  -19.934 1.0000000000
81853  -29.987  -15.392  -19.964 0.8571428657
83967  -29.329  -13.710  -20.705 0.7142857313
83956  -29.530  -13.176  -19.802 1.0000000000
84935  -29.739  -12.519  -18.995 1.0000000000
84950  -29.036  -12.150  -20.990 0.7142857313
84944  -29.407  -12.193  -19.634 1.0000000000
84959  -29.103  -13.050  -21.257 0.7142857313
86868  -29.218  -10.397  -20.463 0.8571428657
91076  -29.728  -6.223  -21.330 0.8571428657
88890  -29.672  -8.396  -20.841 1.0000000000
93285  -29.560  -4.454  -22.571 0.7142857313
95215  -27.991  -2.701  -24.422 0.7142857313
94310  -29.246  -3.551  -24.599 0.7142857313
93314  -27.970  -4.608  -24.358 0.4285714328
96099  -26.469  -1.752  -23.998 0.2857142985
96113  -27.336  -1.580  -24.631 0.4285714328
96102  -29.022  -1.737  -23.776 0.4285714328
96956  -27.503  -0.871  -25.076 0.4285714328
96087  -26.372  -1.389  -22.834 0.2857142985
96112  -26.716  -1.119  -24.779 0.4285714328
63667  -27.455  -31.720  -13.852 0.4285714328
63668  -28.141  -31.268  -14.379 0.4285714328
95214  -27.361  -2.757  -24.088 0.4285714328
96100  -27.026  -2.222  -24.113 0.2857142985
56482  -24.127  -37.447  -7.502 0.4285714328
57717  -24.519  -36.855  -7.361 0.4285714328
56503  -24.052  -37.498  -8.353 0.2857142985
57718  -24.956  -36.275  -6.744 0.4285714328
60026  -25.522  -34.884  -10.460 0.2857142985
61181  -26.308  -33.707  -11.609 0.4285714328
63648  -27.575  -31.790  -12.777 0.5714285970
66219  -28.962  -29.877  -13.781 0.5714285970
67351  -31.814  -28.365  -12.273 0.5714285970
65021  -29.268  -30.333  -15.033 0.7142857313
65020  -28.704  -30.759  -14.964 0.7142857313
68541  -32.129  -26.931  -13.839 0.5714285970
67401  -30.555  -28.436  -16.524 0.7142857313
72099  -32.653  -24.675  -15.401 0.7142857313
69756  -31.060  -26.383  -16.497 0.8571428657
76555  -32.201  -20.498  -18.519 0.8571428657
81867  -30.181  -15.882  -20.194 1.0000000000
82943  -29.438  -14.761  -21.140 0.8571428657
92206  -29.683  -5.214  -21.837 0.8571428657
93301  -29.540  -4.552  -23.507 0.7142857313
94296  -29.638  -3.622  -23.821 0.7142857313
93315  -28.767  -4.509  -24.668 0.5714285970
93300  -27.095  -4.665  -23.647 0.4285714328
94282  -26.294  -3.566  -22.338 0.2857142985
94295  -27.028  -3.665  -23.555 0.2857142985
95177  -26.996  -2.440  -21.048 0.1428571492
84951  -29.262  -12.694  -20.447 1.0000000000
95216  -28.721  -2.728  -24.422 0.5714285970
98578  -28.269  1.392  -23.934 0.2857142985
98577  -27.410  1.591  -23.370 0.1428571492
97786  -27.742  0.165  -25.124 0.2857142985
99486  -27.430  2.310  -22.568 0.1428571492
96942  -26.050  -0.306  -23.904 0.1428571492
97798  -27.169  -0.011  -25.641 0.2857142985
97771  -26.459  0.690  -23.747 0.1428571492
98579  -29.256  1.290  -23.798 0.2857142985
97773  -28.466  0.346  -24.377 0.2857142985
97762  -32.208  0.879  -22.100 0.2857142985
98553  -30.304  0.480  -22.227 0.2857142985
98563  -26.862  1.726  -22.468 0.1428571492
96957  -28.041  -0.772  -24.731 0.2857142985
96075  -30.109  -1.450  -21.907 0.2857142985
97774  -29.025  0.046  -23.507 0.2857142985
96043  -32.093  -2.073  -19.866 0.1428571492
97746  -30.557  0.263  -21.884 0.2857142985
97759  -29.482  0.222  -22.820 0.2857142985
98576  -26.691  1.127  -22.864 0.1428571492
96945  -28.858  -1.009  -23.461 0.2857142985
96944  -28.608  -0.553  -24.078 0.2857142985
94257  -34.515  -3.371  -20.297 0.1428571492
95148  -33.382  -2.441  -19.769 0.1428571492
96905  -31.016  -0.788  -20.823 0.4285714328
96088  -29.441  -1.718  -23.131 0.2857142985
92171  -31.492  -5.332  -18.788 0.2857142985
94255  -30.443  -3.437  -20.808 0.4285714328
96101  -28.541  -1.341  -24.059 0.2857142985
91058  -32.651  -6.200  -18.086 0.1428571492
94240  -32.199  -3.338  -19.279 0.2857142985
95179  -29.892  -2.619  -21.681 0.4285714328
93257  -30.579  -4.362  -20.314 0.5714285970
94270  -29.808  -3.653  -21.462 0.7142857313
89952  -32.103  -7.657  -17.421 0.1428571492
91057  -31.667  -6.319  -18.252 0.1428571492
92170  -30.817  -5.512  -19.245 0.4285714328
87800  -32.046  -9.428  -16.990 0.2857142985
88845  -30.661  -9.031  -17.801 0.7142857313
92194  -30.093  -5.364  -20.657 0.7142857313
87832  -29.399  -9.572  -19.617 0.8571428657
88875  -30.237  -7.783  -18.884 0.8571428657
91069  -30.292  -6.169  -19.884 0.5714285970
86822  -31.539  -10.894  -16.496 0.2857142985
87788  -31.777  -10.151  -16.751 0.2857142985
89978  -30.182  -7.158  -19.223 0.7142857313
90008  -29.420  -7.358  -22.161 0.5714285970
89977  -29.821  -7.330  -20.181 0.8571428657
85913  -32.008  -11.634  -16.183 0.1428571492
87798  -30.084  -9.995  -17.951 0.7142857313
84912  -32.408  -12.665  -16.020 0.1428571492
76566  -30.182  -20.498  -20.273 0.5714285970
79618  -30.816  -17.754  -19.755 0.8571428657
79633  -30.239  -17.681  -20.584 0.4285714328
80740  -29.978  -16.514  -21.200 0.5714285970
85952  -29.337  -11.306  -19.612 0.8571428657
83945  -30.315  -13.605  -18.337 0.8571428657
86858  -29.323  -10.473  -19.548 0.8571428657
83920  -31.777  -13.817  -16.146 0.2857142985
85923  -30.054  -11.421  -18.145 0.8571428657
87797  -29.730  -10.361  -18.426 0.8571428657
83921  -32.775  -13.739  -15.825 0.4285714328
85911  -30.685  -11.880  -17.124 0.7142857313
86836  -30.379  -10.867  -17.513 0.7142857313
76565  -29.714  -20.833  -20.372 0.2857142985
77646  -30.216  -19.330  -20.517 0.5714285970
82907  -29.998  -14.272  -18.981 0.8571428657
83944  -29.832  -13.462  -19.045 0.8571428657
84936  -30.145  -12.692  -18.359 0.8571428657
85938  -29.706  -11.572  -18.838 0.8571428657
82889  -31.536  -14.851  -16.928 0.4285714328
83931  -30.797  -13.727  -17.650 0.8571428657
85924  -30.338  -11.853  -17.767 0.8571428657
82868  -32.343  -14.838  -16.249 0.4285714328
69774  -30.333  -26.106  -17.948 0.7142857313
70954  -29.712  -25.298  -18.677 0.4285714328
69765  -30.544  -26.332  -17.381 0.7142857313
72129  -30.955  -23.886  -18.236 0.8571428657
73227  -30.592  -23.377  -18.823 0.5714285970
74339  -30.356  -22.544  -19.368 0.5714285970
74338  -29.290  -22.522  -19.665 0.4285714328
74326  -31.176  -22.568  -18.712 0.8571428657
74340  -31.090  -21.887  -19.403 0.5714285970
76567  -31.126  -20.611  -19.661 0.7142857313
80706  -32.114  -16.752  -17.480 0.7142857313
82909  -31.184  -15.165  -17.836 0.7142857313
82908  -30.593  -14.742  -18.449 0.8571428657
80692  -33.871  -16.720  -16.367 0.2857142985
80707  -32.884  -16.623  -16.849 0.4285714328
81828  -32.226  -15.776  -16.715 0.5714285970
68592  -29.991  -28.097  -17.346 0.4285714328
69773  -29.795  -26.250  -18.245 0.4285714328
72120  -31.947  -23.873  -17.208 0.7142857313
72119  -31.220  -24.706  -17.496 0.7142857313
75432  -31.842  -21.870  -18.236 0.8571428657
79581  -33.544  -17.666  -16.866 0.2857142985
79580  -32.850  -17.708  -17.553 0.5714285970
66269  -30.801  -29.486  -17.001 0.4285714328
67414  -31.227  -29.543  -18.189 0.5714285970
68576  -30.452  -27.573  -16.633 0.5714285970
68585  -30.155  -27.390  -17.140 0.5714285970
72110  -31.601  -24.981  -16.902 0.7142857313
76520  -33.759  -20.243  -16.024 0.4285714328
77578  -33.765  -19.409  -16.821 0.4285714328
78581  -34.148  -18.851  -16.563 0.4285714328
78600  -33.633  -18.583  -17.156 0.4285714328
63697  -28.331  -31.083  -15.148 0.5714285970
70901  -32.582  -25.453  -12.701 0.4285714328
75387  -33.417  -21.781  -14.339 0.4285714328
73177  -32.968  -22.997  -15.157 0.4285714328
76499  -33.581  -20.827  -15.778 0.4285714328
62348  -26.775  -32.601  -9.039 0.1428571492
72083  -32.557  -24.656  -13.336 0.4285714328
73161  -32.677  -23.549  -13.685 0.4285714328
74261  -32.996  -22.558  -13.720 0.4285714328
62349  -27.172  -31.918  -9.696 0.1428571492
63593  -27.821  -30.922  -9.231 0.1428571492
66193  -29.759  -28.858  -10.806 0.2857142985
67343  -33.303  -27.662  -11.334 0.2857142985
69677  -33.528  -26.324  -10.978 0.2857142985
68522  -33.348  -27.052  -11.387 0.2857142985
70848  -33.483  -25.483  -10.911 0.2857142985
69710  -33.053  -26.489  -11.673 0.2857142985
68521  -32.797  -27.245  -11.959 0.2857142985
72050  -33.034  -24.332  -11.686 0.2857142985
72072  -32.685  -24.538  -12.231 0.4285714328
62335  -27.416  -31.987  -8.406 0.1428571492
64928  -28.393  -30.368  -9.619 0.2857142985
64951  -28.604  -29.959  -10.288 0.2857142985
67291  -31.757  -28.685  -9.624 0.2857142985
67327  -32.782  -28.595  -10.653 0.2857142985
67341  -31.953  -28.457  -11.293 0.2857142985
67340  -31.215  -28.498  -10.928 0.2857142985
66129  -30.259  -29.659  -8.402 0.2857142985
63578  -28.830  -30.684  -8.442 0.2857142985
66155  -29.990  -29.350  -9.065 0.2857142985
66154  -29.494  -29.579  -9.383 0.2857142985
64950  -27.980  -30.599  -10.361 0.2857142985
67324  -30.491  -28.729  -9.686 0.2857142985
58879  -25.356  -35.230  -7.252 0.2857142985
61128  -26.602  -33.281  -8.198 0.1428571492
61129  -27.172  -32.695  -7.903 0.1428571492
56436  -24.072  -37.845  -6.022 0.2857142985
60000  -26.127  -34.132  -7.710 0.2857142985
56437  -24.746  -37.616  -5.489 0.1428571492
55156  -23.495  -38.557  -5.833 0.2857142985
53947  -22.785  -39.333  -6.054 0.1428571492
63594  -28.538  -30.482  -9.105 0.1428571492
64930  -29.638  -29.792  -8.820 0.2857142985
67290  -30.995  -28.648  -9.393 0.2857142985
67326  -31.942  -28.638  -10.426 0.2857142985
67352  -32.218  -27.817  -12.585 0.4285714328
69709  -32.686  -26.253  -12.350 0.4285714328
70883  -32.896  -25.437  -11.727 0.2857142985
73113  -33.387  -23.649  -11.393 0.2857142985
72128  -30.329  -24.652  -18.448 0.7142857313
73162  -32.749  -22.952  -13.110 0.4285714328
75460  -31.156  -21.315  -19.517 0.5714285970
74278  -33.046  -22.686  -14.680 0.4285714328
79563  -34.150  -17.974  -16.484 0.2857142985
80708  -33.275  -17.204  -16.889 0.5714285970
92224  -29.408  -5.374  -22.982 0.4285714328
91086  -29.419  -6.288  -22.510 0.5714285970
81811  -32.813  -15.470  -16.347 0.2857142985
88858  -29.703  -9.058  -18.893 0.8571428657
91068  -29.851  -6.628  -20.606 0.8571428657
87787  -31.222  -10.512  -16.890 0.5714285970
93235  -31.572  -4.545  -19.083 0.4285714328
98562  -26.432  1.155  -22.158 0.1428571492
96058  -31.360  -1.650  -20.319 0.2857142985
98564  -29.407  0.627  -23.200 0.2857142985
56458  -24.491  -37.283  -6.574 0.1428571492
56481  -23.535  -37.964  -7.775 0.2857142985
63577  -28.115  -31.284  -8.217 0.1428571492
66192  -29.021  -29.457  -11.179 0.2857142985
66181  -29.398  -29.421  -9.967 0.2857142985
67325  -31.169  -28.609  -10.100 0.2857142985
67293  -33.645  -28.818  -9.836 0.2857142985
67328  -33.608  -28.178  -10.694 0.2857142985
67406  -31.031  -29.225  -17.578 0.5714285970
68591  -29.549  -27.414  -17.678 0.2857142985
72019  -33.576  -24.579  -10.884 0.2857142985
74220  -33.505  -22.589  -11.685 0.2857142985
70945  -30.615  -25.431  -17.838 0.7142857313
70946  -30.940  -25.633  -17.275 0.5714285970
72137  -29.367  -24.516  -19.133 0.4285714328
74239  -33.131  -22.468  -12.724 0.4285714328
76579  -29.297  -20.566  -20.724 0.2857142985
75458  -29.683  -21.441  -20.098 0.5714285970
74277  -32.803  -23.179  -14.370 0.4285714328
74325  -30.727  -22.850  -19.006 0.7142857313
76580  -29.807  -19.953  -20.664 0.2857142985
76445  -33.674  -20.885  -13.963 0.1428571492
76500  -33.870  -20.166  -15.458 0.4285714328
77557  -34.366  -19.427  -15.208 0.1428571492
78582  -34.564  -18.559  -15.816 0.1428571492
80691  -33.192  -16.065  -16.486 0.2857142985
84923  -30.911  -13.101  -17.032 0.7142857313
85912  -31.190  -11.772  -16.597 0.4285714328
86823  -32.481  -10.488  -16.485 0.1428571492
89965  -30.793  -7.276  -18.413 0.5714285970
88846  -31.588  -8.751  -17.360 0.1428571492
91044  -32.845  -6.938  -17.663 0.1428571492
97757  -25.777  0.200  -23.000 0.1428571492
91056  -30.765  -6.240  -18.849 0.5714285970
89953  -33.088  -7.668  -17.429 0.1428571492
92172  -32.397  -5.333  -18.424 0.1428571492
96057  -30.542  -1.539  -21.111 0.2857142985
96042  -31.645  -2.337  -20.028 0.2857142985
94225  -32.471  -3.837  -18.844 0.2857142985
93237  -33.122  -4.271  -18.491 0.1428571492
93248  -33.514  -3.731  -19.092 0.1428571492
95149  -33.726  -2.634  -19.801 0.1428571492
97735  -32.027  0.177  -21.058 0.2857142985
97748  -32.601  0.307  -21.407 0.2857142985
96907  -32.923  -0.391  -20.751 0.1428571492
96908  -33.513  -0.802  -20.831 0.1428571492
57701  -25.580  -36.185  -5.889 0.1428571492
62324  -27.720  -32.433  -7.314 0.1428571492
68505  -33.860  -27.338  -10.851 0.2857142985
95180  -34.533  -2.253  -20.874 0.1428571492
97763  -33.324  0.552  -22.391 0.2857142985
56459  -25.104  -36.879  -6.039 0.1428571492
58880  -25.816  -35.096  -6.506 0.1428571492
59986  -25.774  -34.570  -7.404 0.1428571492
69755  -30.644  -26.826  -16.775 0.5714285970
69766  -30.914  -26.139  -16.929 0.7142857313
74314  -31.600  -22.512  -18.005 0.7142857313
81841  -31.521  -15.915  -17.604 0.7142857313
76554  -31.648  -20.339  -19.081 0.8571428657
77633  -31.379  -19.538  -19.391 0.8571428657
81840  -30.994  -15.956  -18.511 0.8571428657
93272  -29.953  -4.483  -21.106 0.7142857313
95178  -29.608  -2.978  -22.226 0.5714285970
95192  -29.772  -1.987  -22.410 0.2857142985
77601  -33.302  -19.587  -17.396 0.4285714328
67339  -30.495  -28.608  -10.471 0.2857142985
77632  -30.835  -19.780  -20.059 0.5714285970
86849  -29.565  -10.738  -18.884 0.8571428657
88874  -29.793  -8.365  -19.571 0.8571428657
96966  -27.056  -0.702  -25.231 0.2857142985
96967  -27.509  -0.419  -25.246 0.2857142985
97796  -26.407  -0.320  -24.856 0.2857142985
73215  -31.468  -23.300  -17.807 0.8571428657
98591  -28.159  2.121  -23.648 0.1428571492
97772  -27.560  0.729  -24.258 0.2857142985
97784  -26.127  0.032  -24.566 0.1428571492
97747  -31.393  0.419  -21.573 0.2857142985
98565  -29.967  0.880  -22.675 0.2857142985
97760  -30.033  0.009  -22.278 0.2857142985
96933  -30.018  -0.776  -22.218 0.2857142985
96919  -30.571  -0.485  -21.559 0.2857142985
96059  -32.405  -1.217  -20.087 0.1428571492
96044  -32.801  -1.927  -19.792 0.1428571492
96932  -29.431  -0.642  -22.773 0.2857142985
95166  -33.963  -2.349  -20.082 0.1428571492
95147  -32.561  -2.655  -19.616 0.1428571492
96061  -34.121  -1.642  -20.635 0.1428571492
96906  -31.794  -0.346  -20.643 0.1428571492
93236  -32.154  -4.528  -18.719 0.1428571492
94256  -31.002  -3.693  -20.195 0.4285714328
95163  -30.644  -2.404  -20.763 0.5714285970
92173  -33.242  -5.389  -18.359 0.1428571492
89966  -31.541  -7.189  -17.856 0.1428571492
95146  -31.849  -2.792  -19.718 0.2857142985
94241  -33.011  -3.351  -19.241 0.2857142985
93258  -31.041  -4.114  -19.898 0.4285714328
92183  -30.659  -5.008  -19.769 0.5714285970
91077  -29.988  -6.093  -20.606 0.7142857313
89951  -31.097  -8.005  -17.760 0.4285714328
87799  -31.064  -9.895  -17.255 0.5714285970
87816  -30.041  -9.268  -18.351 0.7142857313
88859  -30.299  -8.381  -18.484 0.7142857313
86821  -30.835  -11.099  -16.898 0.5714285970
84911  -31.417  -12.749  -16.436 0.4285714328
86835  -29.893  -10.822  -18.265 0.8571428657
78647  -30.383  -18.400  -20.377 0.5714285970
79632  -29.825  -17.269  -21.303 0.4285714328
78646  -29.788  -18.370  -20.999 0.4285714328
84922  -30.584  -12.748  -17.587 0.8571428657
83932  -31.210  -13.790  -16.911 0.4285714328
86820  -30.539  -11.412  -17.297 0.8571428657
82888  -31.101  -14.438  -17.573 0.7142857313
68584  -29.947  -27.165  -17.435 0.5714285970
70955  -30.197  -25.560  -18.272 0.4285714328
72118  -30.704  -24.941  -17.926 0.7142857313
73228  -31.041  -23.290  -18.410 0.7142857313
72138  -30.107  -23.903  -19.135 0.4285714328
73238  -30.185  -23.310  -19.181 0.5714285970
75459  -30.634  -21.402  -19.783 0.5714285970
73237  -29.671  -23.382  -19.308 0.4285714328
73236  -28.703  -23.474  -19.500 0.2857142985
75446  -31.579  -21.303  -18.983 0.8571428657
67405  -30.328  -28.433  -17.196 0.5714285970
67413  -30.323  -28.726  -18.013 0.5714285970
77579  -34.035  -19.588  -16.115 0.4285714328
74260  -32.820  -22.964  -14.126 0.4285714328
75369  -33.458  -21.716  -13.328 0.4285714328
76470  -33.638  -20.924  -14.925 0.4285714328
73139  -32.639  -24.194  -12.853 0.4285714328
66182  -29.943  -28.856  -9.955 0.2857142985
67342  -32.661  -28.110  -11.553 0.2857142985
73140  -32.836  -23.491  -12.370 0.4285714328
64929  -29.173  -29.986  -9.139 0.2857142985
66156  -30.712  -28.914  -8.906 0.2857142985
55157  -24.118  -38.116  -5.548 0.1428571492
97744  -25.690  0.304  -22.375 0.1428571492
58861  -26.251  -35.299  -5.929 0.1428571492
96916  -25.454  -0.264  -22.208 0.1428571492
88905  -29.508  -8.439  -21.855 0.5714285970
86885  -29.420  -10.705  -22.369 0.4285714328
86893  -29.061  -10.576  -23.183 0.4285714328
87857  -29.340  -9.540  -22.532 0.5714285970
86884  -29.308  -11.282  -22.295 0.4285714328
83978  -29.036  -14.074  -21.478 0.4285714328
84958  -28.943  -12.358  -21.768 0.4285714328
85979  -29.127  -11.709  -22.157 0.5714285970
86867  -29.090  -10.891  -21.236 0.5714285970
86877  -29.425  -10.320  -21.394 0.5714285970
81866  -29.888  -15.710  -20.877 0.5714285970
69641  -34.865  -26.243  -9.833 0.1428571492
61198  -25.975  -33.658  -12.544 0.2857142985
70829  -35.948  -26.389  -9.039 0.1428571492
70810  -36.077  -25.545  -8.873 0.1428571492
70827  -34.856  -25.519  -9.760 0.1428571492
71987  -36.252  -25.151  -8.827 0.1428571492
60075  -25.841  -34.192  -11.738 0.2857142985
66158  -34.454  -28.893  -9.474 0.1428571492
67295  -35.312  -27.991  -9.484 0.1428571492
67329  -34.241  -27.747  -10.381 0.1428571492
68474  -35.546  -27.374  -9.370 0.1428571492
69618  -36.777  -26.795  -8.219 0.1428571492
68475  -35.868  -27.411  -9.067 0.1428571492
71961  -38.662  -24.403  -6.678 0.1428571492
70812  -37.503  -25.723  -7.994 0.1428571492
70813  -38.118  -24.973  -8.003 0.1428571492
60074  -25.400  -34.342  -11.767 0.2857142985
66131  -31.938  -28.871  -8.140 0.1428571492
66132  -32.922  -28.965  -8.356 0.1428571492
67260  -33.178  -28.914  -9.174 0.1428571492
67234  -36.031  -28.647  -8.299 0.1428571492
66134  -34.766  -29.170  -8.793 0.1428571492
68431  -36.489  -27.768  -8.174 0.1428571492
66135  -35.519  -28.884  -8.711 0.1428571492
68418  -37.049  -27.570  -6.681 0.1428571492
70772  -37.821  -26.253  -5.464 0.1428571492
70773  -38.359  -25.730  -5.393 0.1428571492
70796  -37.655  -25.830  -6.798 0.1428571492
60050  -25.543  -34.737  -11.274 0.2857142985
58970  -24.745  -34.804  -11.111 0.2857142985
58952  -24.379  -35.203  -10.432 0.2857142985
66130  -30.899  -29.417  -8.216 0.1428571492
66111  -32.645  -29.141  -7.465 0.1428571492
66112  -33.601  -29.181  -7.645 0.1428571492
66086  -36.012  -29.032  -7.122 0.1428571492
66133  -33.831  -29.130  -8.636 0.1428571492
67212  -36.730  -28.251  -6.738 0.1428571492
69591  -37.518  -26.653  -6.141 0.1428571492
71962  -39.428  -24.267  -6.087 0.1428571492
71949  -38.881  -24.919  -5.691 0.1428571492
64903  -29.829  -30.056  -8.293 0.1428571492
66109  -31.109  -29.742  -7.598 0.1428571492
64882  -31.209  -29.841  -7.290 0.1428571492
66083  -33.336  -29.373  -6.676 0.1428571492
66082  -32.443  -29.467  -6.737 0.1428571492
66061  -35.986  -29.442  -6.224 0.1428571492
66084  -34.297  -29.302  -6.866 0.1428571492
67195  -36.524  -28.808  -6.528 0.1428571492
69581  -38.125  -26.415  -4.877 0.1428571492
67172  -37.386  -28.427  -4.983 0.1428571492
70774  -39.298  -25.734  -5.077 0.1428571492
69582  -38.729  -26.196  -4.847 0.1428571492
64845  -30.928  -30.364  -6.721 0.1428571492
63579  -29.394  -30.456  -8.225 0.1428571492
64805  -33.023  -30.107  -5.680 0.1428571492
64804  -32.428  -30.328  -5.672 0.1428571492
64846  -31.448  -29.979  -6.705 0.1428571492
66059  -34.066  -29.604  -6.036 0.1428571492
64848  -32.881  -29.612  -6.178 0.1428571492
66110  -31.671  -29.463  -7.340 0.1428571492
64764  -36.600  -30.528  -4.719 0.1428571492
64808  -35.623  -30.155  -5.372 0.1428571492
66034  -37.116  -29.538  -4.970 0.1428571492
66035  -37.706  -29.166  -4.428 0.1428571492
64809  -36.456  -29.793  -5.435 0.1428571492
69567  -37.943  -27.070  -4.657 0.1428571492
66062  -36.808  -29.101  -5.742 0.1428571492
63496  -33.580  -31.179  -4.996 0.1428571492
63550  -31.850  -30.207  -5.929 0.1428571492
64762  -34.942  -30.728  -4.897 0.1428571492
63497  -34.402  -31.410  -4.768 0.1428571492
64763  -35.699  -30.843  -4.732 0.1428571492
67173  -37.844  -28.556  -4.346 0.1428571492
64765  -37.512  -30.066  -4.352 0.1428571492
64761  -34.116  -30.642  -5.053 0.1428571492
66060  -34.973  -29.529  -6.091 0.1428571492
66085  -35.229  -29.204  -7.000 0.1428571492
67292  -32.616  -28.774  -9.815 0.1428571492
71950  -39.843  -24.990  -5.482 0.1428571492
73022  -39.890  -23.721  -6.561 0.1428571492
68432  -36.786  -27.513  -7.673 0.1428571492
69678  -34.263  -26.705  -10.379 0.1428571492
58953  -25.077  -35.310  -10.887 0.2857142985
68387  -38.151  -27.915  -4.225 0.1428571492
68388  -39.203  -27.827  -3.974 0.1428571492
82962  -29.221  -14.952  -21.775 0.4285714328
73021  -39.175  -23.956  -6.795 0.1428571492
70785  -38.174  -25.236  -6.261 0.1428571492
71974  -38.464  -24.451  -7.606 0.1428571492
72020  -34.174  -24.639  -10.289 0.1428571492
88917  -28.944  -8.475  -22.769 0.4285714328
90023  -29.018  -7.335  -23.353 0.4285714328
97764  -33.947  0.220  -22.468 0.1428571492
98568  -32.509  1.258  -22.739 0.1428571492
70849  -34.149  -25.532  -10.284 0.1428571492
67258  -31.408  -28.715  -8.842 0.1428571492
64881  -30.663  -30.146  -7.485 0.1428571492
64880  -30.075  -30.389  -7.698 0.1428571492
68506  -34.303  -27.315  -10.387 0.1428571492
69642  -35.479  -26.672  -9.445 0.1428571492
70828  -35.618  -25.621  -9.257 0.1428571492
68450  -36.216  -27.483  -8.676 0.1428571492
68473  -34.835  -27.322  -9.925 0.1428571492
70811  -36.425  -25.875  -8.662 0.1428571492
72001  -34.844  -24.648  -9.770 0.1428571492
72002  -35.811  -24.527  -9.195 0.1428571492
66157  -34.092  -29.065  -9.232 0.1428571492
67262  -35.115  -28.679  -9.289 0.1428571492
67294  -34.498  -28.302  -9.922 0.1428571492
67263  -35.768  -28.249  -8.876 0.1428571492
69603  -37.199  -26.672  -7.254 0.1428571492
67264  -36.226  -28.102  -8.392 0.1428571492
70797  -38.072  -25.075  -7.228 0.1428571492
67259  -32.315  -28.740  -9.005 0.1428571492
66114  -35.521  -29.116  -7.954 0.1428571492
66115  -36.149  -28.776  -7.706 0.1428571492
66113  -34.554  -29.228  -7.829 0.1428571492
67236  -36.694  -28.027  -7.228 0.1428571492
67211  -36.436  -28.533  -7.197 0.1428571492
68407  -37.367  -27.543  -5.643 0.1428571492
67196  -36.949  -28.279  -6.040 0.1428571492
68386  -37.644  -27.469  -4.874 0.1428571492
63567  -30.201  -30.561  -7.372 0.1428571492
63549  -31.245  -30.471  -6.084 0.1428571492
66058  -33.416  -29.691  -5.952 0.1428571492
64847  -32.255  -29.829  -6.159 0.1428571492
64760  -33.493  -30.578  -5.321 0.1428571492
64807  -34.587  -30.076  -5.428 0.1428571492
66016  -38.110  -29.665  -4.065 0.1428571492
53964  -21.955  -39.644  -7.241 0.1428571492
55173  -22.892  -38.788  -7.043 0.1428571492
55194  -21.381  -38.622  -7.377 0.1428571492
55195  -22.219  -38.785  -7.700 0.1428571492
55196  -22.978  -38.354  -8.056 0.1428571492
56502  -23.341  -37.590  -8.624 0.1428571492
56514  -24.073  -37.367  -9.066 0.1428571492
57785  -23.213  -36.702  -9.209 0.1428571492
58934  -24.033  -35.804  -10.039 0.1428571492
57786  -24.159  -36.572  -9.599 0.1428571492
57787  -24.735  -35.946  -9.768 0.1428571492
58932  -22.409  -35.768  -9.088 0.1428571492
58933  -23.411  -35.711  -9.643 0.1428571492
60048  -23.538  -34.488  -10.248 0.1428571492
61160  -23.723  -33.742  -10.668 0.1428571492
60073  -24.825  -34.091  -11.636 0.1428571492
60093  -25.104  -33.599  -12.031 0.2857142985
60095  -25.656  -34.057  -12.075 0.1428571492
61197  -25.373  -33.123  -12.417 0.2857142985
62423  -26.928  -32.272  -13.549 0.2857142985
65045  -28.864  -30.349  -16.731 0.4285714328
65047  -30.400  -30.025  -16.664 0.4285714328
63706  -32.073  -30.536  -17.556 0.4285714328
81882  -29.604  -15.500  -21.730 0.2857142985
85988  -28.656  -11.527  -23.827 0.2857142985
87864  -28.638  -9.591  -23.106 0.4285714328
58971  -25.109  -34.779  -11.458 0.1428571492
62404  -24.875  -32.396  -12.094 0.1428571492
61210  -25.844  -33.143  -12.921 0.2857142985
57761  -22.793  -37.084  -8.761 0.1428571492
61180  -24.182  -33.299  -11.146 0.1428571492
61196  -24.828  -33.166  -11.783 0.1428571492
63647  -25.414  -31.863  -12.920 0.2857142985
62422  -26.325  -32.712  -13.145 0.2857142985
62421  -25.679  -32.508  -12.980 0.2857142985
63665  -25.877  -31.529  -13.575 0.2857142985
63683  -27.962  -31.494  -14.796 0.4285714328
63696  -28.036  -31.086  -15.347 0.4285714328
65034  -28.069  -30.295  -15.774 0.2857142985
79649  -29.527  -17.393  -22.097 0.2857142985
80752  -29.725  -16.456  -22.020 0.2857142985
81881  -29.093  -15.720  -22.211 0.2857142985
83977  -28.664  -13.289  -21.890 0.2857142985
84977  -28.455  -12.688  -23.424 0.2857142985
84976  -27.917  -13.059  -23.708 0.2857142985
85989  -29.095  -11.639  -23.116 0.2857142985
63666  -26.777  -31.832  -13.873 0.2857142985
78659  -29.514  -17.945  -21.698 0.2857142985
80751  -29.225  -16.435  -22.612 0.2857142985
78658  -29.146  -18.014  -22.215 0.2857142985
81895  -28.392  -15.387  -22.406 0.2857142985
82979  -27.620  -14.181  -22.790 0.2857142985
82961  -28.607  -14.558  -21.980 0.2857142985
83987  -28.168  -13.493  -22.545 0.2857142985
83986  -27.773  -13.590  -22.906 0.2857142985
84967  -28.846  -12.386  -22.600 0.2857142985
80765  -28.473  -16.355  -22.803 0.2857142985
80764  -27.372  -16.321  -23.230 0.2857142985
82980  -27.997  -14.613  -22.350 0.2857142985
65035  -28.731  -30.525  -15.716 0.4285714328
65046  -29.670  -30.279  -16.661 0.4285714328
57807  -24.781  -35.640  -10.292 0.1428571492
56513  -23.739  -37.186  -9.250 0.1428571492
55215  -22.914  -37.950  -8.261 0.1428571492
84968  -29.108  -11.983  -22.917 0.2857142985
61211  -26.073  -33.260  -12.945 0.1428571492
60049  -24.307  -34.266  -10.825 0.1428571492
55172  -22.358  -39.362  -7.226 0.1428571492
56501  -22.545  -37.596  -8.268 0.1428571492
60025  -23.402  -35.031  -9.857 0.1428571492
60024  -22.703  -34.692  -9.673 0.1428571492
62405  -25.285  -32.305  -12.560 0.2857142985
63682  -27.353  -31.277  -14.733 0.4285714328
80776  -27.184  -15.588  -23.307 0.2857142985
66277  -29.625  -29.412  -18.283 0.2857142985
65057  -30.757  -30.463  -18.038 0.2857142985
100447  -30.653  3.220  -26.141 0.1428571492
100448  -31.661  3.461  -25.768 0.1428571492
99495  -30.618  2.625  -24.131 0.1428571492
98581  -31.232  1.941  -23.242 0.1428571492
98567  -31.767  1.418  -22.607 0.1428571492
100461  -31.294  3.535  -26.871 0.1428571492
98593  -29.134  2.275  -24.367 0.1428571492
99519  -27.474  2.665  -25.901 0.1428571492
67412  -29.141  -28.489  -18.171 0.2857142985
100438  -32.495  2.923  -24.954 0.1428571492
97761  -31.573  1.056  -22.115 0.1428571492
99496  -31.708  2.440  -23.920 0.1428571492
98582  -32.157  1.872  -23.240 0.1428571492
98554  -30.611  0.716  -22.096 0.1428571492
99494  -29.753  2.207  -24.048 0.1428571492
98566  -30.937  1.274  -22.427 0.1428571492
99509  -29.614  2.757  -24.792 0.1428571492
99508  -28.505  2.640  -25.272 0.1428571492
98592  -28.557  2.213  -24.084 0.1428571492
98580  -30.261  1.783  -23.321 0.1428571492
100436  -30.929  3.172  -25.033 0.1428571492
100427  -31.829  2.759  -24.355 0.1428571492
99510  -30.279  2.947  -24.839 0.1428571492
100460  -30.309  3.324  -27.174 0.1428571492
99511  -32.174  2.628  -24.319 0.1428571492
78657  -28.374  -17.979  -22.452 0.1428571492
79648  -29.062  -17.190  -22.721 0.1428571492
79663  -28.520  -17.061  -22.911 0.1428571492
82997  -27.231  -14.634  -23.230 0.1428571492
82994  -25.350  -14.508  -23.787 0.1428571492
78645  -29.223  -18.639  -21.593 0.1428571492
82996  -26.760  -14.335  -23.752 0.1428571492
84975  -25.432  -12.964  -24.145 0.1428571492
85994  -25.789  -12.550  -24.278 0.1428571492
85985  -25.545  -11.774  -23.980 0.2857142985
75471  -28.654  -21.376  -20.643 0.1428571492
77645  -29.508  -19.404  -21.033 0.1428571492
77658  -28.666  -18.544  -21.895 0.1428571492
82869  -33.220  -14.663  -15.983 0.1428571492
79662  -27.901  -17.124  -22.945 0.1428571492
84985  -27.448  -13.058  -23.954 0.1428571492
85987  -27.742  -11.395  -24.055 0.1428571492
85986  -26.777  -11.434  -23.972 0.1428571492
86890  -26.597  -10.294  -23.940 0.2857142985
87862  -27.407  -9.402  -24.209 0.2857142985
91116  -27.096  -6.535  -23.550 0.2857142985
91115  -27.133  -7.103  -23.095 0.2857142985
92239  -26.690  -5.679  -23.455 0.2857142985
96943  -26.314  -0.876  -23.559 0.1428571492
94268  -26.720  -3.473  -21.302 0.1428571492
88924  -28.318  -8.868  -23.287 0.2857142985
86898  -27.039  -9.793  -24.342 0.2857142985
90022  -28.549  -7.942  -23.973 0.2857142985
91118  -28.971  -6.654  -24.095 0.2857142985
90043  -27.941  -7.715  -24.794 0.2857142985
90041  -26.805  -8.094  -24.081 0.2857142985
92240  -28.749  -5.625  -24.340 0.2857142985
91129  -27.518  -6.538  -24.283 0.2857142985
90032  -27.009  -7.690  -23.546 0.2857142985
93299  -26.279  -4.375  -23.438 0.1428571492
91100  -26.860  -6.567  -22.659 0.2857142985
96073  -26.666  -1.200  -21.542 0.1428571492
88914  -26.345  -8.571  -22.620 0.1428571492
85978  -25.315  -11.204  -23.410 0.2857142985
92238  -26.053  -5.087  -23.610 0.1428571492
92222  -26.113  -5.684  -22.810 0.2857142985
93269  -25.568  -4.516  -22.315 0.1428571492
92205  -26.105  -5.588  -21.807 0.1428571492
84965  -24.019  -12.574  -22.588 0.2857142985
89992  -25.968  -6.916  -21.444 0.1428571492
93255  -26.792  -4.540  -20.420 0.1428571492
83966  -22.840  -13.603  -20.937 0.1428571492
79564  -34.850  -17.367  -15.888 0.1428571492
75472  -29.155  -21.347  -20.488 0.1428571492
77643  -27.638  -19.760  -21.427 0.1428571492
77657  -27.932  -18.787  -21.871 0.1428571492
79646  -26.520  -17.903  -22.577 0.1428571492
79660  -26.234  -16.969  -23.020 0.1428571492
81892  -25.350  -15.447  -23.337 0.1428571492
84006  -26.805  -13.659  -23.983 0.1428571492
83984  -24.200  -13.456  -22.592 0.1428571492
85996  -27.185  -12.282  -24.224 0.1428571492
85984  -24.734  -12.210  -23.698 0.2857142985
86897  -26.858  -9.606  -24.443 0.1428571492
87868  -26.745  -9.331  -24.463 0.1428571492
88929  -27.306  -8.558  -24.618 0.2857142985
88921  -26.586  -8.612  -23.614 0.1428571492
90042  -27.303  -7.642  -24.388 0.1428571492
91075  -26.068  -6.403  -20.955 0.1428571492
91085  -26.411  -6.422  -21.871 0.1428571492
94294  -26.323  -3.705  -23.093 0.1428571492
92192  -26.344  -5.449  -20.895 0.1428571492
93270  -26.024  -4.528  -21.700 0.1428571492
81812  -33.622  -15.510  -16.216 0.1428571492
92255  -28.265  -5.627  -24.457 0.2857142985
94281  -25.857  -3.954  -22.746 0.1428571492
92254  -27.452  -5.599  -23.986 0.2857142985
88916  -28.568  -8.250  -23.473 0.2857142985
75457  -28.942  -21.906  -20.217 0.1428571492
74337  -28.494  -22.555  -19.881 0.1428571492
91102  -29.197  -6.234  -23.401 0.2857142985
86892  -28.221  -10.506  -23.570 0.1428571492
87863  -27.820  -9.536  -23.512 0.1428571492
79661  -26.886  -17.333  -23.016 0.1428571492
80775  -26.719  -15.827  -23.437 0.1428571492
78656  -27.285  -18.171  -22.520 0.1428571492
81903  -26.177  -15.270  -23.672 0.1428571492
81902  -25.709  -14.929  -23.776 0.1428571492
83993  -25.003  -13.723  -23.783 0.1428571492
84984  -26.659  -13.049  -24.230 0.1428571492
77644  -28.669  -19.515  -21.477 0.1428571492
84974  -24.857  -12.827  -23.787 0.1428571492
84983  -25.988  -13.091  -24.405 0.1428571492
85995  -26.308  -12.359  -24.289 0.1428571492
76578  -28.248  -20.639  -21.111 0.1428571492
86891  -27.334  -10.338  -23.902 0.2857142985
88922  -27.482  -8.845  -24.502 0.2857142985
90020  -27.165  -7.669  -22.518 0.1428571492
92223  -26.644  -5.967  -22.992 0.2857142985
90044  -28.376  -7.545  -24.635 0.2857142985
90035  -28.660  -7.431  -24.275 0.2857142985
91131  -28.495  -7.066  -24.634 0.2857142985
91130  -27.990  -6.770  -24.758 0.2857142985
91117  -28.604  -6.219  -24.397 0.2857142985
92221  -25.306  -4.964  -23.263 0.1428571492
86889  -25.836  -10.637  -23.480 0.1428571492
88928  -26.731  -8.606  -24.307 0.2857142985
63645  -23.884  -31.212  -12.314 0.1428571492
65000  -24.097  -29.897  -13.258 0.1428571492
66217  -24.799  -29.608  -13.912 0.1428571492
66237  -25.652  -29.819  -14.575 0.1428571492
65002  -25.635  -30.548  -13.935 0.1428571492
65018  -26.178  -30.703  -14.314 0.1428571492
63681  -26.621  -31.253  -14.273 0.1428571492
66253  -25.542  -28.804  -15.629 0.1428571492
66255  -27.471  -30.035  -15.576 0.1428571492
63695  -27.728  -30.881  -15.305 0.1428571492
66267  -27.460  -29.669  -16.208 0.1428571492
66266  -26.400  -29.103  -16.533 0.1428571492
65044  -28.148  -29.988  -16.897 0.1428571492
66276  -28.539  -29.376  -18.198 0.1428571492
68590  -28.532  -27.493  -18.509 0.1428571492
69772  -29.059  -26.619  -18.530 0.1428571492
85977  -24.612  -11.655  -23.187 0.1428571492
63628  -24.308  -31.854  -12.032 0.1428571492
64982  -24.305  -30.746  -12.806 0.1428571492
66218  -25.318  -30.107  -13.907 0.1428571492
90006  -26.339  -7.534  -21.741 0.1428571492
69780  -29.314  -25.929  -18.779 0.1428571492
63664  -25.182  -31.354  -13.093 0.1428571492
63646  -24.787  -31.590  -12.562 0.1428571492
65050  -28.788  -30.135  -17.729 0.1428571492
65001  -25.026  -30.594  -13.396 0.1428571492
66216  -23.792  -28.930  -13.928 0.1428571492
66254  -26.677  -29.837  -15.377 0.1428571492
66238  -26.359  -30.263  -14.743 0.1428571492
65019  -26.783  -30.692  -14.799 0.1428571492
66265  -25.707  -28.651  -16.309 0.1428571492
65033  -27.368  -30.559  -15.281 0.1428571492
66252  -24.930  -28.311  -15.398 0.1428571492
63644  -23.188  -31.124  -12.138 0.1428571492
57806  -24.446  -35.862  -10.031 0.1428571492
58951  -23.760  -35.282  -10.077 0.1428571492
60094  -25.390  -33.848  -12.111 0.1428571492
62334  -26.987  -32.636  -8.385 0.1428571492
63684  -28.308  -31.281  -14.871 0.5714285970
63704  -31.193  -30.989  -17.849 0.4285714328
63705  -31.510  -30.745  -17.712 0.4285714328
63707  -30.948  -30.895  -18.136 0.4285714328
63708  -31.614  -30.962  -18.036 0.4285714328
63709  -31.931  -30.830  -17.851 0.4285714328
64806  -33.786  -30.106  -5.543 0.1428571492
64902  -29.309  -30.318  -8.533 0.1428571492
64904  -30.408  -29.840  -8.105 0.1428571492
64983  -24.811  -31.088  -12.974 0.1428571492
65048  -30.784  -29.871  -17.027 0.4285714328
65051  -29.771  -30.362  -17.516 0.2857142985
65052  -30.702  -30.427  -17.486 0.4285714328
65053  -31.316  -29.898  -17.106 0.4285714328
65054  -31.994  -30.385  -17.756 0.4285714328
65055  -29.202  -29.825  -18.187 0.2857142985
65056  -29.777  -30.121  -18.163 0.2857142985
65058  -31.443  -30.609  -18.099 0.4285714328
65059  -31.911  -30.626  -18.058 0.4285714328
66081  -31.931  -29.644  -6.712 0.1428571492
66268  -30.598  -29.750  -16.738 0.5714285970
66273  -31.711  -29.787  -17.618 0.5714285970
66274  -32.085  -30.120  -18.086 0.4285714328
66278  -30.535  -29.786  -18.315 0.5714285970
66279  -31.228  -30.152  -18.272 0.5714285970
66280  -31.744  -30.325  -18.158 0.4285714328
67235  -36.440  -28.225  -7.826 0.1428571492
67261  -33.695  -29.015  -9.250 0.1428571492
67289  -30.512  -28.856  -9.243 0.2857142985
67400  -30.221  -28.009  -16.815 0.5714285970
67407  -31.797  -29.604  -18.030 0.5714285970
67415  -31.720  -29.950  -18.224 0.5714285970
68365  -38.373  -28.323  -4.047 0.1428571492
68449  -35.755  -27.720  -9.105 0.1428571492
68451  -36.588  -27.403  -8.199 0.1428571492
69566  -37.733  -27.121  -4.874 0.1428571492
69568  -38.685  -26.906  -4.418 0.1428571492
69580  -37.690  -26.900  -5.185 0.1428571492
69617  -36.288  -26.722  -8.764 0.1428571492
69643  -35.931  -27.021  -9.100 0.1428571492
69764  -30.074  -26.756  -17.614 0.5714285970
70784  -37.799  -25.862  -5.967 0.1428571492
70882  -32.702  -25.727  -12.240 0.4285714328
70902  -32.647  -25.058  -12.312 0.4285714328
70927  -31.695  -25.664  -16.163 0.8571428657
70938  -31.853  -25.372  -16.299 0.7142857313
72071  -32.605  -24.781  -12.679 0.4285714328
72127  -29.800  -24.821  -18.767 0.2857142985
73020  -38.897  -24.097  -6.895 0.1428571492
73035  -38.868  -24.005  -7.227 0.1428571492
73085  -33.704  -23.787  -10.867 0.1428571492
73086  -34.222  -23.790  -10.366 0.1428571492
78666  -27.505  -17.603  -22.861 0.1428571492
78667  -27.910  -17.640  -22.711 0.1428571492
79601  -32.254  -17.895  -18.112 0.8571428657
79647  -28.404  -17.408  -22.820 0.1428571492
80774  -26.193  -15.993  -23.421 0.1428571492
81810  -32.448  -15.359  -16.436 0.4285714328
81829  -32.764  -15.996  -16.580 0.2857142985
81894  -27.667  -15.319  -22.894 0.2857142985
81904  -26.889  -15.163  -23.492 0.1428571492
81905  -27.222  -15.201  -23.233 0.2857142985
82995  -26.040  -14.406  -24.128 0.1428571492
83012  -26.186  -14.114  -24.275 0.1428571492
83013  -26.395  -14.077  -24.137 0.1428571492
83994  -25.619  -13.779  -24.240 0.1428571492
83995  -27.060  -13.777  -23.725 0.1428571492
83996  -27.521  -13.587  -23.413 0.2857142985
83997  -27.972  -13.292  -23.069 0.2857142985
84005  -26.240  -13.765  -24.303 0.1428571492
84007  -27.207  -13.523  -23.769 0.2857142985
84910  -30.900  -12.447  -16.893 0.7142857313
84943  -29.082  -11.853  -20.222 0.8571428657
84966  -24.371  -12.714  -23.266 0.2857142985
84978  -28.983  -12.196  -23.075 0.2857142985
84986  -28.054  -12.834  -23.886 0.1428571492
85939  -30.020  -12.003  -18.427 0.8571428657
85951  -29.093  -11.355  -20.131 0.8571428657
85962  -29.020  -11.305  -20.669 0.8571428657
85980  -29.183  -11.623  -22.623 0.4285714328
85997  -28.026  -12.333  -24.068 0.2857142985
86837  -30.863  -10.576  -17.112 0.5714285970
86876  -29.289  -11.077  -21.867 0.4285714328
87789  -32.316  -9.860  -16.732 0.2857142985
87815  -29.544  -9.902  -18.735 0.8571428657
87869  -27.134  -9.297  -24.633 0.1428571492
88903  -26.465  -8.190  -21.943 0.1428571492
88904  -27.000  -8.164  -21.781 0.1428571492
88913  -25.504  -8.930  -22.319 0.1428571492
88915  -26.983  -8.240  -22.168 0.1428571492
88923  -27.967  -8.619  -24.015 0.2857142985
88930  -27.789  -8.348  -24.597 0.2857142985
90007  -26.743  -7.911  -21.730 0.1428571492
90021  -27.073  -7.811  -21.912 0.1428571492
90033  -27.152  -7.086  -24.044 0.2857142985
90034  -28.281  -7.974  -24.521 0.2857142985
91043  -32.141  -6.807  -17.736 0.1428571492
91101  -26.909  -6.118  -23.121 0.2857142985
92184  -31.142  -4.953  -19.255 0.4285714328
92204  -25.463  -5.035  -22.402 0.1428571492
92207  -29.885  -5.135  -21.197 0.7142857313
92237  -25.718  -4.665  -23.503 0.1428571492
92256  -28.917  -5.159  -24.453 0.2857142985
93246  -30.872  -4.469  -19.865 0.5714285970
93247  -31.199  -4.409  -19.529 0.4285714328
93283  -25.437  -4.372  -22.800 0.1428571492
93284  -25.752  -4.154  -22.374 0.1428571492
93298  -25.745  -4.355  -23.218 0.1428571492
94223  -31.548  -4.139  -19.306 0.4285714328
94224  -31.883  -3.971  -19.063 0.2857142985
94239  -31.484  -3.646  -19.616 0.4285714328
94242  -33.773  -3.141  -19.602 0.1428571492
94293  -25.775  -4.086  -23.006 0.1428571492
95144  -27.303  -2.522  -20.032 0.1428571492
95162  -27.129  -2.030  -20.204 0.1428571492
95164  -31.246  -2.857  -20.236 0.2857142985
95165  -33.625  -2.079  -19.996 0.1428571492
96060  -33.461  -1.480  -20.210 0.1428571492
96072  -25.804  -0.760  -21.797 0.1428571492
96089  -29.742  -1.312  -22.471 0.2857142985
96115  -28.772  -2.066  -24.120 0.4285714328
96123  -26.816  -0.854  -25.082 0.2857142985
96124  -26.968  -1.092  -25.031 0.2857142985
96920  -31.175  -0.255  -21.099 0.2857142985
96921  -33.182  0.044  -21.248 0.1428571492
96931  -26.264  -0.905  -23.158 0.1428571492
96954  -26.056  -0.204  -24.276 0.1428571492
96955  -26.380  -0.609  -24.381 0.2857142985
96965  -26.620  -0.631  -25.015 0.2857142985
97736  -32.347  0.007  -20.891 0.1428571492
97758  -26.148  0.640  -22.637 0.1428571492
97770  -25.648  0.080  -23.816 0.1428571492
97783  -25.784  -0.115  -24.213 0.1428571492
97785  -26.897  0.397  -24.922 0.2857142985
97797  -26.611  -0.157  -25.222 0.2857142985
99497  -32.531  2.240  -23.898 0.1428571492
99512  -32.760  2.630  -24.646 0.1428571492
100426  -31.418  2.883  -24.401 0.1428571492
100437  -32.036  3.113  -24.775 0.1428571492
