#!ascii label  , from subject sub.01.dh.02 vox2ras=TkReg
949
97770  41.720  2.281  28.581 0.0000000000
97852  45.740  2.299  16.376 0.0000000000
99548  42.731  5.094  18.062 0.0000000000
93167  47.733  -2.675  8.730 0.0000000000
96021  39.909  0.423  20.889 0.0000000000
102444  47.574  8.075  22.790 0.0000000000
97026  49.219  1.425  11.140 0.0000000000
97906  37.369  1.737  10.223 0.0000000000
99471  49.646  3.758  24.201 0.0000000000
98651  43.331  4.003  22.170 0.0000000000
93081  43.323  -1.942  16.974 0.0000000000
102509  38.564  7.589  14.022 0.0000000000
97902  41.640  2.545  10.130 0.0000000000
100382  48.279  5.386  16.954 0.0000000000
98755  47.298  3.792  10.016 0.0000000000
99646  38.356  3.798  8.929 0.0000000000
100330  45.000  5.334  25.656 0.0000000000
99478  41.542  4.198  24.968 0.0000000000
94102  42.208  -1.208  19.120 0.0000000000
102464  43.225  8.549  18.651 0.0000000000
103248  41.841  9.115  15.225 0.0000000000
101766  39.756  6.784  17.007 0.0000000000
99605  39.589  4.303  13.550 0.0000000000
99602  42.733  4.413  13.722 0.0000000000
98671  47.385  3.060  20.554 0.0000000000
99511  49.176  4.261  20.177 0.0000000000
98687  47.833  3.644  17.371 0.0000000000
95231  51.423  -0.329  8.709 0.0000000000
98738  49.003  3.354  11.078 0.0000000000
97072  48.952  1.414  8.384 0.0000000000
97914  46.384  2.235  8.937 0.0000000000
94209  46.994  -1.685  9.669 0.0000000000
90982  44.067  -4.455  11.380 0.0000000000
96888  38.844  0.780  26.495 0.0000000000
97802  39.249  2.922  23.874 0.0000000000
101090  44.486  6.331  20.820 0.0000000000
95193  45.822  -0.346  13.813 0.0000000000
97873  46.879  2.202  13.765 0.0000000000
94196  47.798  -1.123  11.851 0.0000000000
93145  50.865  -2.538  10.351 0.0000000000
100274  51.566  5.786  26.962 0.0000000000
100292  47.813  5.531  27.039 0.0000000000
99490  46.655  3.962  23.366 0.0000000000
97821  45.306  2.313  20.461 0.0000000000
97814  41.397  2.534  21.072 0.0000000000
96027  43.032  0.763  19.238 0.0000000000
96067  44.010  0.319  16.638 0.0000000000
93109  45.260  -2.568  14.592 0.0000000000
96889  36.851  1.781  27.376 0.0000000000
102548  41.675  8.528  10.184 0.0000000000
101823  38.929  6.854  9.765 0.0000000000
99622  38.141  4.340  11.828 0.0000000000
97904  39.301  1.766  10.450 0.0000000000
96123  40.984  0.838  10.355 0.0000000000
100325  49.736  5.503  23.897 0.0000000000
100361  47.613  4.950  20.923 0.0000000000
99545  46.000  4.786  17.375 0.0000000000
98708  48.361  3.971  14.107 0.0000000000
99583  47.316  5.009  14.370 0.0000000000
99600  45.032  4.271  13.747 0.0000000000
98758  44.141  3.476  10.289 0.0000000000
97062  43.519  1.878  8.734 0.0000000000
99648  37.198  4.404  8.609 0.0000000000
100463  38.460  4.893  7.964 0.0000000000
99435  43.478  3.945  27.658 0.0000000000
98614  41.552  3.251  26.308 0.0000000000
101097  41.869  6.225  18.911 0.0000000000
102470  41.091  8.031  17.874 0.0000000000
100386  41.025  5.829  17.578 0.0000000000
99576  40.842  4.972  15.605 0.0000000000
99574  42.930  4.747  15.785 0.0000000000
98680  46.775  2.953  18.252 0.0000000000
98679  47.426  3.314  18.618 0.0000000000
98696  47.162  3.372  16.598 0.0000000000
94225  50.223  -1.318  8.504 0.0000000000
96156  49.734  0.553  8.183 0.0000000000
95234  48.453  -0.470  8.495 0.0000000000
96158  48.125  0.433  8.903 0.0000000000
94218  47.349  -2.030  9.022 0.0000000000
92090  45.919  -3.792  9.353 0.0000000000
92089  46.879  -3.706  8.921 0.0000000000
95991  37.988  0.699  25.426 0.0000000000
102453  45.196  8.027  20.936 0.0000000000
101748  45.889  7.450  21.960 0.0000000000
93127  46.598  -2.279  13.146 0.0000000000
95202  46.874  -0.296  12.805 0.0000000000
93136  47.933  -2.229  11.876 0.0000000000
93134  49.959  -2.840  10.914 0.0000000000
92079  51.213  -3.322  10.306 0.0000000000
93154  51.229  -2.807  9.541 0.0000000000
99492  44.451  4.862  23.689 0.0000000000
99475  45.208  5.186  24.482 0.0000000000
99501  44.903  4.241  22.850 0.0000000000
98661  45.803  3.094  21.808 0.0000000000
97811  44.548  2.639  21.066 0.0000000000
97817  38.691  1.858  22.016 0.0000000000
98654  39.879  3.224  22.208 0.0000000000
96913  40.404  1.402  20.880 0.0000000000
93067  42.589  -1.803  18.274 0.0000000000
96028  42.484  0.314  19.455 0.0000000000
96057  42.838  -0.245  17.940 0.0000000000
96943  43.713  1.006  18.357 0.0000000000
95162  43.744  -0.515  16.573 0.0000000000
94169  44.595  -1.236  15.191 0.0000000000
93093  44.032  -2.389  15.869 0.0000000000
90922  47.158  -4.427  15.322 0.0000000000
102499  39.902  8.757  14.742 0.0000000000
103272  42.003  9.178  13.097 0.0000000000
102518  40.220  8.671  12.411 0.0000000000
102549  40.711  8.375  10.347 0.0000000000
101805  38.919  7.610  11.483 0.0000000000
101148  38.218  5.545  10.895 0.0000000000
101798  38.165  6.901  13.196 0.0000000000
98746  40.849  3.350  11.897 0.0000000000
98732  39.380  3.503  12.506 0.0000000000
97903  40.423  2.005  10.512 0.0000000000
96149  40.510  0.996  9.767 0.0000000000
96148  41.365  1.346  9.771 0.0000000000
99432  50.769  4.594  25.722 0.0000000000
100303  51.210  5.398  25.061 0.0000000000
99469  50.833  4.456  24.045 0.0000000000
99519  48.706  4.578  19.173 0.0000000000
99508  48.888  4.738  21.065 0.0000000000
99520  47.739  4.716  19.188 0.0000000000
99521  46.511  4.706  19.281 0.0000000000
99544  47.324  5.301  17.128 0.0000000000
97013  47.764  1.694  12.208 0.0000000000
97872  47.590  2.751  13.559 0.0000000000
97879  48.352  3.040  12.813 0.0000000000
99638  48.039  4.042  10.455 0.0000000000
99627  48.511  4.091  11.812 0.0000000000
99614  46.687  4.158  12.250 0.0000000000
99599  46.333  4.482  13.709 0.0000000000
98725  45.538  3.838  11.834 0.0000000000
98726  44.610  3.756  11.977 0.0000000000
98757  45.122  3.562  10.155 0.0000000000
97043  45.908  1.123  10.434 0.0000000000
97061  44.568  2.166  9.233 0.0000000000
97029  45.083  1.233  11.035 0.0000000000
96121  43.980  1.027  11.596 0.0000000000
102438  49.788  8.482  23.737 0.0000000000
98762  37.138  3.459  9.846 0.0000000000
98748  37.268  3.094  10.320 0.0000000000
100279  46.352  5.276  28.525 0.0000000000
100295  44.650  4.585  27.959 0.0000000000
99453  43.448  4.669  26.172 0.0000000000
99503  42.765  4.479  22.987 0.0000000000
95115  40.845  -0.447  20.233 0.0000000000
103224  42.540  9.074  17.049 0.0000000000
102490  40.017  8.474  15.924 0.0000000000
101782  38.891  7.031  15.339 0.0000000000
101130  38.512  5.999  14.275 0.0000000000
100412  39.373  5.718  15.232 0.0000000000
99603  41.503  4.188  13.529 0.0000000000
98729  41.929  3.872  12.158 0.0000000000
98646  48.092  3.394  22.053 0.0000000000
98644  50.001  3.606  22.223 0.0000000000
98658  48.681  3.468  21.140 0.0000000000
98673  49.110  3.931  18.945 0.0000000000
99542  48.748  4.607  17.283 0.0000000000
96131  50.736  0.113  10.096 0.0000000000
97887  49.426  2.120  10.609 0.0000000000
97057  50.217  1.492  9.226 0.0000000000
98753  49.022  2.759  9.340 0.0000000000
98768  48.333  3.068  8.627 0.0000000000
98782  46.504  3.215  8.323 0.0000000000
97925  47.457  2.445  8.222 0.0000000000
96146  47.269  0.675  9.958 0.0000000000
95210  46.448  -0.974  10.816 0.0000000000
90993  45.084  -4.497  10.384 0.0000000000
96874  40.429  1.614  27.957 0.0000000000
97793  40.846  2.581  26.293 0.0000000000
96896  39.203  1.749  25.509 0.0000000000
96905  38.054  1.695  23.169 0.0000000000
96011  38.371  0.543  21.826 0.0000000000
103209  44.401  9.153  18.862 0.0000000000
102460  43.183  7.803  19.707 0.0000000000
99524  43.207  5.323  19.284 0.0000000000
96979  45.595  1.625  15.124 0.0000000000
96978  46.203  2.022  14.648 0.0000000000
96083  45.997  1.030  13.994 0.0000000000
96102  47.480  0.661  12.481 0.0000000000
96117  48.160  0.624  11.736 0.0000000000
93135  49.038  -2.414  11.175 0.0000000000
94207  49.459  -1.510  10.743 0.0000000000
95207  49.875  -0.181  10.567 0.0000000000
95214  52.250  -1.231  10.039 0.0000000000
93164  51.191  -2.075  8.861 0.0000000000
92094  48.971  -2.737  8.870 0.0000000000
91002  47.462  -4.601  9.559 0.0000000000
100276  49.889  5.640  27.481 0.0000000000
99451  49.054  4.352  25.047 0.0000000000
100293  46.646  5.358  27.381 0.0000000000
100328  47.132  5.054  24.971 0.0000000000
99489  47.889  3.864  23.504 0.0000000000
98647  47.096  3.258  22.210 0.0000000000
97829  46.142  2.484  19.883 0.0000000000
97835  45.547  2.196  18.285 0.0000000000
98629  40.640  3.438  24.854 0.0000000000
98653  40.878  3.997  22.590 0.0000000000
98652  42.217  3.985  22.298 0.0000000000
96019  41.538  0.288  20.135 0.0000000000
97824  42.027  1.962  20.527 0.0000000000
97812  43.488  2.743  20.896 0.0000000000
96920  43.943  1.605  19.535 0.0000000000
96942  44.356  1.352  18.065 0.0000000000
96956  45.087  1.753  16.790 0.0000000000
96085  44.897  0.146  14.801 0.0000000000
93118  45.544  -1.843  14.139 0.0000000000
92050  46.497  -3.487  13.605 0.0000000000
92023  44.879  -3.731  15.347 0.0000000000
90942  46.540  -4.251  14.468 0.0000000000
96876  39.245  1.396  28.201 0.0000000000
95968  37.955  0.680  27.459 0.0000000000
95980  35.825  0.329  26.795 0.0000000000
102529  43.424  8.511  11.076 0.0000000000
102574  41.841  8.075  7.941 0.0000000000
101155  38.522  5.801  9.788 0.0000000000
100443  38.142  4.616  10.662 0.0000000000
98747  37.911  3.083  10.933 0.0000000000
99621  38.536  4.175  12.596 0.0000000000
98733  38.576  3.267  11.709 0.0000000000
97905  38.201  1.685  10.338 0.0000000000
101740  48.501  6.881  23.717 0.0000000000
99498  50.039  4.580  22.245 0.0000000000
100343  48.407  5.593  22.835 0.0000000000
101080  46.851  6.521  22.576 0.0000000000
100357  45.453  5.741  21.199 0.0000000000
100368  44.531  5.384  20.066 0.0000000000
99546  44.759  4.629  17.573 0.0000000000
97857  47.250  3.323  15.358 0.0000000000
99569  48.187  4.301  15.754 0.0000000000
99568  48.348  4.656  15.420 0.0000000000
98724  48.672  3.530  12.289 0.0000000000
99597  48.113  4.536  13.533 0.0000000000
100395  47.757  5.393  15.668 0.0000000000
99571  46.325  4.974  15.388 0.0000000000
99572  45.350  4.580  15.551 0.0000000000
99573  44.181  4.567  15.668 0.0000000000
99601  43.871  4.324  13.765 0.0000000000
98727  43.617  3.832  12.044 0.0000000000
98774  42.737  3.317  9.784 0.0000000000
98783  45.386  3.160  8.538 0.0000000000
97929  43.421  2.690  8.261 0.0000000000
97076  42.511  2.209  8.492 0.0000000000
97046  42.675  1.357  9.447 0.0000000000
90971  43.199  -4.489  12.289 0.0000000000
100464  37.818  5.028  7.726 0.0000000000
101169  38.627  6.054  7.709 0.0000000000
97780  42.240  2.579  28.429 0.0000000000
98598  42.605  3.017  27.780 0.0000000000
97781  41.671  2.462  27.685 0.0000000000
100384  42.179  5.480  18.377 0.0000000000
100385  41.541  5.745  18.019 0.0000000000
100396  42.068  5.297  17.743 0.0000000000
99562  41.694  5.152  16.673 0.0000000000
99561  42.488  5.021  16.982 0.0000000000
97843  46.282  2.688  17.883 0.0000000000
98688  46.981  3.170  17.614 0.0000000000
97851  46.379  2.801  16.898 0.0000000000
94226  48.989  -1.452  8.291 0.0000000000
95233  49.434  -0.416  8.178 0.0000000000
94217  47.792  -1.466  8.754 0.0000000000
93156  47.638  -2.244  8.803 0.0000000000
93157  47.014  -2.622  8.900 0.0000000000
92096  47.528  -3.161  8.704 0.0000000000
103182  47.950  8.850  22.105 0.0000000000
102447  47.038  8.676  21.590 0.0000000000
102448  46.293  7.991  21.888 0.0000000000
102445  46.801  7.688  22.508 0.0000000000
93126  47.248  -2.539  12.553 0.0000000000
92078  51.460  -3.924  10.401 0.0000000000
92085  51.078  -3.865  10.008 0.0000000000
97051  37.795  1.015  10.246 0.0000000000
99502  43.851  4.473  22.884 0.0000000000
98650  44.386  3.844  22.189 0.0000000000
98662  44.908  3.153  21.724 0.0000000000
98663  43.929  3.337  21.552 0.0000000000
96915  38.880  1.350  21.652 0.0000000000
97816  39.341  2.279  21.820 0.0000000000
96914  39.714  1.324  21.102 0.0000000000
93066  42.887  -2.085  17.649 0.0000000000
94130  42.749  -1.303  17.920 0.0000000000
94129  43.134  -1.321  17.296 0.0000000000
95148  43.350  -0.605  17.082 0.0000000000
94143  43.653  -1.315  16.609 0.0000000000
94156  43.844  -1.620  16.320 0.0000000000
93094  43.705  -2.071  16.404 0.0000000000
102508  39.115  8.258  13.838 0.0000000000
102507  39.985  8.814  13.543 0.0000000000
102519  39.146  8.168  12.547 0.0000000000
102533  39.582  8.221  11.474 0.0000000000
101806  38.329  7.032  12.010 0.0000000000
98745  41.450  3.404  11.556 0.0000000000
97891  40.767  2.792  11.268 0.0000000000
97890  41.404  3.022  10.929 0.0000000000
97048  40.886  1.701  10.156 0.0000000000
97047  41.420  2.034  9.748 0.0000000000
99450  50.155  4.217  25.268 0.0000000000
99449  50.914  4.433  24.919 0.0000000000
98626  50.378  3.680  23.707 0.0000000000
100372  48.654  5.045  17.823 0.0000000000
99530  48.185  5.062  18.109 0.0000000000
99531  46.938  4.830  18.241 0.0000000000
99543  48.117  5.347  17.444 0.0000000000
97027  48.281  1.395  11.716 0.0000000000
97880  47.949  2.371  12.469 0.0000000000
97889  48.115  2.058  11.954 0.0000000000
99628  47.634  4.204  11.229 0.0000000000
99629  46.836  3.963  11.339 0.0000000000
98739  46.828  3.837  10.742 0.0000000000
98740  46.015  3.845  11.053 0.0000000000
98756  46.163  3.589  10.032 0.0000000000
96134  46.190  0.547  10.807 0.0000000000
97028  45.550  0.995  10.983 0.0000000000
96119  45.568  0.446  11.379 0.0000000000
96120  44.473  0.901  11.641 0.0000000000
99647  37.662  3.518  8.672 0.0000000000
99641  36.964  4.004  9.697 0.0000000000
99640  37.801  3.771  9.785 0.0000000000
100281  44.823  4.381  28.673 0.0000000000
99421  44.346  4.200  28.707 0.0000000000
99454  42.394  3.954  26.247 0.0000000000
99477  42.744  4.722  25.021 0.0000000000
99494  42.191  4.621  23.930 0.0000000000
103215  43.472  9.023  17.901 0.0000000000
103223  43.521  9.468  16.859 0.0000000000
102469  42.206  8.681  17.767 0.0000000000
101765  40.188  7.171  17.432 0.0000000000
102471  40.517  7.688  17.533 0.0000000000
101773  39.815  7.465  16.951 0.0000000000
102491  39.440  7.732  16.125 0.0000000000
101774  39.465  7.070  16.567 0.0000000000
101122  39.311  6.325  15.800 0.0000000000
100411  39.871  5.647  15.870 0.0000000000
99588  42.146  4.555  14.752 0.0000000000
99589  40.793  4.646  14.827 0.0000000000
99619  41.733  4.035  12.738 0.0000000000
99618  42.298  4.178  12.825 0.0000000000
98659  47.465  3.179  21.314 0.0000000000
98670  48.135  3.390  20.346 0.0000000000
98674  48.407  3.558  19.294 0.0000000000
98678  48.608  3.978  18.143 0.0000000000
98677  49.013  4.235  18.549 0.0000000000
98686  48.419  4.178  16.971 0.0000000000
96130  51.139  0.303  9.657 0.0000000000
97041  50.399  1.140  10.008 0.0000000000
97056  50.853  0.893  9.420 0.0000000000
97071  49.903  1.387  8.534 0.0000000000
97923  49.064  1.980  8.534 0.0000000000
97924  48.207  2.375  8.430 0.0000000000
98780  47.825  3.009  7.897 0.0000000000
95218  47.485  -0.578  9.720 0.0000000000
96145  47.680  0.401  9.577 0.0000000000
96132  47.378  0.117  10.115 0.0000000000
95219  46.968  -0.587  10.367 0.0000000000
94197  46.639  -1.325  10.411 0.0000000000
94210  46.385  -2.322  9.923 0.0000000000
91004  45.643  -4.624  9.892 0.0000000000
92080  45.341  -3.774  10.159 0.0000000000
96887  39.629  1.311  26.867 0.0000000000
96897  38.740  0.991  25.825 0.0000000000
96900  38.163  1.510  24.557 0.0000000000
96906  37.568  1.056  23.400 0.0000000000
96908  38.308  1.397  22.286 0.0000000000
96004  38.009  0.883  22.274 0.0000000000
101752  44.692  7.475  21.028 0.0000000000
102454  44.186  7.745  20.451 0.0000000000
102455  43.716  7.428  20.343 0.0000000000
101093  43.080  6.445  19.859 0.0000000000
101091  43.841  6.432  20.345 0.0000000000
96084  45.462  0.455  14.416 0.0000000000
96992  45.886  1.383  14.391 0.0000000000
96093  45.898  0.220  13.865 0.0000000000
95201  47.493  -0.473  12.256 0.0000000000
96103  46.930  0.308  12.905 0.0000000000
95209  48.190  -0.199  11.629 0.0000000000
92070  48.465  -3.135  11.738 0.0000000000
92069  49.420  -3.434  11.575 0.0000000000
93146  49.934  -2.176  10.735 0.0000000000
94206  50.341  -1.583  10.515 0.0000000000
95217  49.853  -1.043  10.513 0.0000000000
95216  50.383  -0.629  10.346 0.0000000000
94205  51.334  -1.603  10.314 0.0000000000
93155  50.356  -2.934  9.454 0.0000000000
93153  52.013  -2.333  9.352 0.0000000000
93165  49.855  -2.355  8.939 0.0000000000
92087  49.399  -3.236  9.315 0.0000000000
91001  48.815  -4.083  9.660 0.0000000000
100277  48.657  5.755  28.132 0.0000000000
101032  49.661  6.141  28.545 0.0000000000
100291  49.060  5.333  26.732 0.0000000000
100306  49.470  4.670  25.851 0.0000000000
100294  45.598  5.102  27.687 0.0000000000
100309  45.823  5.419  26.477 0.0000000000
99491  45.548  4.520  23.541 0.0000000000
99474  46.312  4.802  24.254 0.0000000000
99473  47.384  4.488  24.137 0.0000000000
98638  47.481  3.489  22.824 0.0000000000
98639  46.739  3.508  22.736 0.0000000000
97810  45.503  2.701  21.237 0.0000000000
97820  46.165  2.608  20.722 0.0000000000
97830  45.192  1.959  19.370 0.0000000000
97797  39.649  2.608  24.905 0.0000000000
97796  40.428  2.761  25.532 0.0000000000
98630  39.909  3.359  24.161 0.0000000000
98666  40.668  3.106  21.606 0.0000000000
98665  41.718  3.374  21.602 0.0000000000
95114  41.559  -0.557  19.822 0.0000000000
96029  41.966  -0.156  19.770 0.0000000000
96922  42.537  1.260  20.037 0.0000000000
97823  42.988  2.098  20.336 0.0000000000
96921  43.345  1.555  19.792 0.0000000000
97822  44.171  2.003  20.187 0.0000000000
96932  43.488  1.165  19.167 0.0000000000
96055  43.896  0.661  17.285 0.0000000000
96958  43.919  0.896  17.701 0.0000000000
96957  44.348  1.184  17.178 0.0000000000
96941  44.993  1.737  17.699 0.0000000000
96968  44.630  1.148  16.202 0.0000000000
96076  44.658  0.317  15.394 0.0000000000
93110  44.579  -2.223  15.266 0.0000000000
94168  45.069  -1.433  14.588 0.0000000000
93117  45.879  -2.631  13.928 0.0000000000
93108  45.589  -3.102  14.389 0.0000000000
90924  45.456  -4.180  15.543 0.0000000000
90941  47.455  -4.428  14.394 0.0000000000
97765  39.480  1.862  28.460 0.0000000000
97775  37.160  2.066  27.484 0.0000000000
96877  38.297  1.364  27.940 0.0000000000
96878  37.282  1.316  27.562 0.0000000000
95969  37.141  0.462  27.292 0.0000000000
102516  42.231  8.807  12.138 0.0000000000
102515  43.170  8.923  11.975 0.0000000000
102530  42.456  8.623  11.140 0.0000000000
102546  43.735  8.110  10.144 0.0000000000
102547  42.719  8.348  10.117 0.0000000000
102562  43.068  7.871  8.931 0.0000000000
102563  41.916  8.403  9.105 0.0000000000
101822  39.507  7.484  9.723 0.0000000000
101161  39.232  6.762  8.386 0.0000000000
101162  38.892  6.242  8.658 0.0000000000
101143  38.107  5.199  11.263 0.0000000000
100436  38.059  4.825  11.561 0.0000000000
99631  37.870  3.895  10.909 0.0000000000
99630  38.204  3.751  11.558 0.0000000000
100423  39.102  5.258  14.392 0.0000000000
100429  38.515  5.177  13.489 0.0000000000
99606  38.968  4.574  13.573 0.0000000000
97892  39.687  2.386  11.134 0.0000000000
97883  39.191  2.817  11.688 0.0000000000
97893  38.581  2.451  10.893 0.0000000000
97050  39.075  1.141  9.981 0.0000000000
96136  41.122  1.003  9.835 0.0000000000
101046  51.969  6.465  26.468 0.0000000000
100304  50.941  5.560  24.770 0.0000000000
101055  50.766  6.114  25.053 0.0000000000
101067  49.998  6.006  24.676 0.0000000000
102427  49.499  7.327  24.338 0.0000000000
101068  49.150  6.165  23.976 0.0000000000
98657  49.601  3.885  21.248 0.0000000000
99497  50.223  4.234  22.040 0.0000000000
99506  50.010  4.123  21.595 0.0000000000
100360  48.397  4.870  21.096 0.0000000000
100353  48.811  4.972  21.641 0.0000000000
100354  47.854  5.170  21.586 0.0000000000
101079  47.478  6.151  22.737 0.0000000000
100349  47.291  5.527  22.045 0.0000000000
101086  46.265  5.737  21.790 0.0000000000
100356  46.068  5.503  21.351 0.0000000000
99532  45.659  4.648  18.440 0.0000000000
99522  45.246  4.849  19.570 0.0000000000
99533  44.447  4.729  18.580 0.0000000000
97865  46.793  2.475  14.347 0.0000000000
97858  46.496  2.771  15.545 0.0000000000
98715  48.174  3.481  13.743 0.0000000000
98709  47.918  3.594  14.389 0.0000000000
98701  48.114  4.205  14.908 0.0000000000
99613  47.923  4.493  12.504 0.0000000000
99582  47.902  4.889  14.190 0.0000000000
100419  48.135  5.084  14.786 0.0000000000
100408  47.784  5.270  14.979 0.0000000000
99557  47.085  5.305  16.009 0.0000000000
99570  47.147  5.216  15.168 0.0000000000
99585  45.696  4.597  14.627 0.0000000000
99586  44.581  4.403  14.690 0.0000000000
99587  43.398  4.530  14.722 0.0000000000
98742  43.909  3.628  11.173 0.0000000000
98743  43.003  3.766  11.230 0.0000000000
98773  43.445  3.371  9.604 0.0000000000
97926  46.619  2.748  8.211 0.0000000000
97927  45.472  2.865  8.405 0.0000000000
97916  44.493  2.514  8.530 0.0000000000
97917  43.742  2.437  8.348 0.0000000000
97075  43.091  2.060  8.211 0.0000000000
97063  42.418  1.643  8.805 0.0000000000
96106  43.550  0.884  12.105 0.0000000000
97014  43.211  1.260  11.349 0.0000000000
92072  44.404  -3.824  11.287 0.0000000000
90983  43.628  -4.505  11.770 0.0000000000
99660  38.153  4.167  7.109 0.0000000000
99652  38.803  4.023  8.132 0.0000000000
98597  43.193  3.300  28.555 0.0000000000
99436  42.750  3.469  27.106 0.0000000000
99455  41.653  3.763  25.748 0.0000000000
102461  42.379  7.572  19.367 0.0000000000
102465  42.008  8.044  18.831 0.0000000000
101758  41.424  6.892  18.781 0.0000000000
101099  40.856  6.614  18.100 0.0000000000
100398  40.712  5.668  16.980 0.0000000000
100399  40.200  5.799  16.536 0.0000000000
100409  41.215  5.260  16.595 0.0000000000
99575  41.586  4.940  15.919 0.0000000000
97833  46.889  2.843  19.494 0.0000000000
98675  47.533  3.187  19.779 0.0000000000
95232  50.499  -0.349  8.365 0.0000000000
96155  50.676  0.504  8.505 0.0000000000
96157  48.759  0.518  8.356 0.0000000000
95226  47.810  -0.458  9.066 0.0000000000
93158  46.309  -3.083  9.114 0.0000000000
91003  46.422  -4.528  9.414 0.0000000000
95986  38.249  0.483  26.190 0.0000000000
102457  45.838  8.909  20.015 0.0000000000
102452  46.208  8.703  20.736 0.0000000000
101749  45.290  7.001  21.712 0.0000000000
94178  46.000  -1.427  13.596 0.0000000000
95192  46.321  -0.539  13.315 0.0000000000
94188  46.524  -1.194  13.000 0.0000000000
94187  47.188  -1.444  12.492 0.0000000000
92068  50.613  -3.430  11.074 0.0000000000
93144  51.923  -2.392  10.088 0.0000000000
92086  50.813  -3.482  9.798 0.0000000000
100278  47.428  5.417  28.360 0.0000000000
99476  43.978  5.216  24.959 0.0000000000
99500  45.824  3.885  22.857 0.0000000000
98648  46.234  3.407  22.367 0.0000000000
98649  45.332  3.578  22.302 0.0000000000
97805  39.152  2.837  22.856 0.0000000000
98641  39.803  3.547  23.232 0.0000000000
98667  40.062  2.705  21.694 0.0000000000
97815  40.430  2.098  21.208 0.0000000000
94116  42.478  -1.261  18.555 0.0000000000
95123  42.102  -0.574  19.444 0.0000000000
95122  42.452  -0.574  18.879 0.0000000000
96042  42.731  -0.019  18.438 0.0000000000
96041  43.136  0.572  18.721 0.0000000000
96056  43.337  0.229  17.634 0.0000000000
96068  43.531  -0.109  16.928 0.0000000000
95161  44.143  -0.483  16.039 0.0000000000
94142  43.924  -0.943  16.289 0.0000000000
90909  46.723  -4.407  15.935 0.0000000000
92022  47.860  -4.207  15.675 0.0000000000
102498  40.943  8.900  14.428 0.0000000000
103258  41.891  9.172  14.162 0.0000000000
102506  41.056  8.875  13.329 0.0000000000
102517  41.260  8.720  12.285 0.0000000000
102531  41.482  8.540  11.269 0.0000000000
102532  40.508  8.493  11.381 0.0000000000
102550  39.855  8.162  10.502 0.0000000000
101813  39.194  7.566  10.615 0.0000000000
101814  38.575  6.799  10.746 0.0000000000
101142  38.030  5.825  12.138 0.0000000000
98717  39.980  3.808  13.118 0.0000000000
98718  39.518  3.925  13.082 0.0000000000
98731  40.374  3.441  12.431 0.0000000000
97882  39.983  2.914  11.893 0.0000000000
97049  40.051  1.431  9.969 0.0000000000
97065  40.766  1.254  9.811 0.0000000000
100289  51.174  5.099  26.310 0.0000000000
100288  51.607  5.597  25.984 0.0000000000
99431  51.281  4.928  25.452 0.0000000000
99448  51.193  4.819  24.714 0.0000000000
100340  50.626  4.714  23.641 0.0000000000
99512  48.503  4.669  20.353 0.0000000000
99513  47.225  4.790  20.109 0.0000000000
100362  46.613  5.112  20.799 0.0000000000
97002  47.318  1.805  12.734 0.0000000000
97871  48.204  3.274  13.355 0.0000000000
99637  48.435  3.966  10.883 0.0000000000
99598  47.433  4.643  13.428 0.0000000000
99584  46.561  4.907  14.647 0.0000000000
99615  45.427  4.026  12.754 0.0000000000
99616  44.292  4.048  12.866 0.0000000000
98741  44.883  3.723  11.071 0.0000000000
97915  45.516  2.524  8.774 0.0000000000
97060  45.691  1.942  9.522 0.0000000000
97044  44.808  1.681  10.194 0.0000000000
97045  43.684  1.639  9.815 0.0000000000
102443  48.735  8.432  23.121 0.0000000000
100310  44.873  5.090  26.820 0.0000000000
100296  44.027  4.437  27.694 0.0000000000
100311  44.113  4.635  27.049 0.0000000000
100331  44.230  5.116  26.123 0.0000000000
99493  43.298  4.836  23.866 0.0000000000
95116  40.194  -0.314  20.737 0.0000000000
94093  41.166  -1.252  19.999 0.0000000000
93033  41.988  -1.588  19.268 0.0000000000
93049  42.175  -1.958  18.898 0.0000000000
91998  42.530  -2.352  18.297 0.0000000000
92012  43.255  -2.862  16.976 0.0000000000
92025  43.720  -2.837  16.223 0.0000000000
103237  42.656  9.355  16.022 0.0000000000
103238  41.867  8.975  16.234 0.0000000000
102477  41.963  8.870  17.106 0.0000000000
102478  41.235  8.680  16.806 0.0000000000
102489  40.969  8.807  15.557 0.0000000000
102500  39.054  7.925  14.957 0.0000000000
101792  38.410  6.899  14.329 0.0000000000
101783  38.648  6.546  14.748 0.0000000000
101123  38.913  6.156  14.994 0.0000000000
99590  39.818  4.689  14.277 0.0000000000
100421  40.393  5.144  15.494 0.0000000000
100422  39.858  5.165  15.032 0.0000000000
99604  40.392  4.210  13.754 0.0000000000
98716  40.707  3.795  13.110 0.0000000000
98730  41.236  3.699  12.503 0.0000000000
98761  41.795  3.247  10.861 0.0000000000
98637  48.522  3.502  22.829 0.0000000000
98627  49.915  3.485  23.498 0.0000000000
98645  49.160  3.481  22.043 0.0000000000
98669  49.068  3.771  19.998 0.0000000000
99518  49.170  4.282  19.194 0.0000000000
99528  49.153  4.306  18.762 0.0000000000
99529  48.910  4.617  18.258 0.0000000000
100381  48.755  5.075  17.412 0.0000000000
97025  49.789  1.322  10.623 0.0000000000
97900  49.671  2.130  9.696 0.0000000000
98737  49.299  2.911  10.111 0.0000000000
98754  48.447  3.543  9.879 0.0000000000
98769  47.416  3.535  8.901 0.0000000000
98770  46.341  3.486  9.092 0.0000000000
98781  47.412  3.357  8.066 0.0000000000
97937  46.983  2.944  7.655 0.0000000000
97074  47.064  2.083  8.644 0.0000000000
97073  47.948  1.510  8.719 0.0000000000
97058  47.765  0.988  9.238 0.0000000000
97059  46.945  1.345  9.576 0.0000000000
97042  46.559  1.060  10.134 0.0000000000
96118  46.420  -0.103  10.962 0.0000000000
94189  45.711  -1.562  11.519 0.0000000000
92071  45.003  -3.560  10.802 0.0000000000
93148  45.896  -2.896  9.824 0.0000000000
92081  44.854  -4.074  10.671 0.0000000000
90994  44.545  -4.643  10.883 0.0000000000
96873  41.136  1.998  27.999 0.0000000000
97782  41.072  2.223  27.046 0.0000000000
97783  40.444  2.019  26.719 0.0000000000
97794  40.026  2.169  25.986 0.0000000000
96899  38.924  2.094  24.883 0.0000000000
97803  38.605  2.312  23.581 0.0000000000
97806  38.588  2.155  22.583 0.0000000000
96010  39.221  0.518  21.333 0.0000000000
103214  44.496  9.535  17.754 0.0000000000
103210  43.748  8.892  18.582 0.0000000000
103200  44.794  8.965  19.566 0.0000000000
102459  44.254  8.510  19.660 0.0000000000
101756  42.615  7.112  19.699 0.0000000000
100370  42.850  5.855  19.465 0.0000000000
99535  42.720  5.268  18.797 0.0000000000
96967  45.279  1.715  15.952 0.0000000000
97859  45.740  2.156  15.738 0.0000000000
96991  46.383  1.669  13.940 0.0000000000
96092  46.460  0.553  13.440 0.0000000000
96091  47.017  1.195  12.987 0.0000000000
96116  48.842  0.566  11.267 0.0000000000
94195  48.549  -1.318  11.268 0.0000000000
95208  49.328  -0.456  10.785 0.0000000000
96115  49.866  0.448  10.624 0.0000000000
95225  51.837  -0.494  9.402 0.0000000000
93143  52.437  -2.111  9.770 0.0000000000
93162  52.292  -1.734  9.005 0.0000000000
94224  51.254  -1.187  8.760 0.0000000000
92095  48.306  -2.978  8.828 0.0000000000
92088  48.033  -3.659  9.071 0.0000000000
90992  47.662  -5.110  10.087 0.0000000000
100275  50.793  5.485  27.039 0.0000000000
100290  50.232  4.903  26.400 0.0000000000
100305  50.070  4.484  25.881 0.0000000000
100329  46.054  5.348  25.271 0.0000000000
100308  46.933  5.308  26.111 0.0000000000
100307  48.242  5.068  25.620 0.0000000000
100327  47.928  4.762  24.730 0.0000000000
99472  48.469  4.241  24.268 0.0000000000
99488  48.930  3.671  23.563 0.0000000000
98660  46.608  3.075  21.766 0.0000000000
97808  46.805  2.931  21.382 0.0000000000
97828  46.860  2.766  20.259 0.0000000000
97834  46.331  2.637  18.845 0.0000000000
97844  45.651  2.284  17.330 0.0000000000
98628  41.234  3.567  25.507 0.0000000000
98640  40.488  3.912  23.837 0.0000000000
99479  40.917  4.063  24.373 0.0000000000
99495  41.245  4.338  23.785 0.0000000000
99504  41.831  4.367  23.087 0.0000000000
98664  42.848  3.398  21.543 0.0000000000
96020  40.588  0.328  20.509 0.0000000000
96924  40.914  1.064  20.584 0.0000000000
97825  41.212  1.729  20.788 0.0000000000
96018  42.126  0.712  20.095 0.0000000000
96923  41.733  1.164  20.376 0.0000000000
97813  42.400  2.752  20.920 0.0000000000
97831  44.418  1.724  19.542 0.0000000000
96931  44.277  1.536  18.936 0.0000000000
96930  44.907  1.704  18.491 0.0000000000
96980  44.981  1.194  15.505 0.0000000000
96075  45.110  0.932  15.059 0.0000000000
95183  45.317  -0.574  14.298 0.0000000000
95174  44.454  -0.651  15.456 0.0000000000
95184  44.836  -0.418  14.806 0.0000000000
94179  45.530  -1.128  14.057 0.0000000000
92059  46.948  -3.178  12.900 0.0000000000
92024  44.245  -3.307  15.744 0.0000000000
92041  45.356  -3.542  14.822 0.0000000000
90923  46.309  -4.316  15.402 0.0000000000
90943  45.863  -4.094  14.855 0.0000000000
92040  45.900  -3.583  14.286 0.0000000000
90957  47.016  -4.203  13.760 0.0000000000
96866  41.074  1.898  28.679 0.0000000000
96867  40.306  1.754  28.491 0.0000000000
96875  39.748  1.188  28.023 0.0000000000
95976  39.234  0.923  27.582 0.0000000000
97773  38.857  2.129  28.127 0.0000000000
95967  38.786  0.918  27.752 0.0000000000
95977  38.620  0.673  27.030 0.0000000000
95978  37.525  0.118  26.594 0.0000000000
95970  36.559  0.550  27.147 0.0000000000
95979  36.652  -0.041  26.822 0.0000000000
95066  36.676  -0.480  26.172 0.0000000000
101856  41.419  7.762  7.174 0.0000000000
102564  40.767  8.175  9.082 0.0000000000
101845  40.771  7.787  7.931 0.0000000000
101857  40.727  7.485  6.773 0.0000000000
100457  38.613  4.822  8.876 0.0000000000
100450  38.351  4.509  9.907 0.0000000000
100451  38.196  4.159  10.117 0.0000000000
97894  37.604  2.326  10.370 0.0000000000
101136  38.192  5.993  13.365 0.0000000000
100435  38.178  5.064  12.524 0.0000000000
96150  39.845  0.836  9.823 0.0000000000
101054  51.422  6.321  25.640 0.0000000000
102426  49.851  7.734  24.448 0.0000000000
102439  48.836  7.719  23.833 0.0000000000
102440  48.054  7.438  23.416 0.0000000000
98634  50.612  3.966  23.325 0.0000000000
99485  50.467  4.422  22.954 0.0000000000
100341  50.216  4.981  23.289 0.0000000000
100352  49.509  4.814  22.015 0.0000000000
100347  49.014  5.209  22.389 0.0000000000
100342  49.253  5.400  23.157 0.0000000000
101078  48.440  6.113  23.372 0.0000000000
101741  47.463  6.988  23.162 0.0000000000
101744  47.037  7.482  22.770 0.0000000000
101745  46.439  7.079  22.482 0.0000000000
101084  45.859  6.475  21.991 0.0000000000
101088  45.066  6.249  21.271 0.0000000000
99514  46.146  4.883  20.125 0.0000000000
100367  45.186  5.258  20.241 0.0000000000
100365  44.265  5.914  20.390 0.0000000000
99523  44.064  5.082  19.380 0.0000000000
99534  43.428  4.934  18.674 0.0000000000
99547  43.603  4.830  17.765 0.0000000000
98703  47.340  3.482  15.824 0.0000000000
97864  47.321  3.147  14.748 0.0000000000
98702  47.737  3.777  15.320 0.0000000000
98695  47.980  3.932  16.309 0.0000000000
99556  48.316  4.301  16.206 0.0000000000
99555  48.509  4.589  16.317 0.0000000000
100393  48.727  5.100  16.631 0.0000000000
97888  48.701  2.463  11.778 0.0000000000
98714  48.485  3.697  13.282 0.0000000000
99612  48.435  4.154  12.856 0.0000000000
99596  48.360  4.209  13.662 0.0000000000
99581  48.181  4.572  14.490 0.0000000000
100407  48.220  5.246  15.417 0.0000000000
100394  48.289  5.334  16.135 0.0000000000
100383  47.782  5.452  16.376 0.0000000000
99558  46.189  4.941  16.335 0.0000000000
99559  45.057  4.576  16.542 0.0000000000
99560  43.830  4.736  16.716 0.0000000000
99617  43.245  4.144  12.876 0.0000000000
98728  42.712  3.925  12.079 0.0000000000
98744  42.210  3.618  11.387 0.0000000000
98760  42.379  3.391  10.482 0.0000000000
98771  45.268  3.400  9.229 0.0000000000
98772  44.284  3.359  9.395 0.0000000000
97928  44.460  2.825  8.205 0.0000000000
98785  43.464  3.169  8.840 0.0000000000
97930  42.637  2.696  8.757 0.0000000000
97919  42.125  2.475  9.100 0.0000000000
97064  41.645  2.045  9.093 0.0000000000
96135  42.072  1.227  9.384 0.0000000000
96122  41.892  0.831  10.155 0.0000000000
97031  42.796  1.262  10.563 0.0000000000
89958  46.729  -5.017  9.672 0.0000000000
92042  44.867  -3.099  15.140 0.0000000000
92073  43.866  -4.078  11.668 0.0000000000
93050  41.924  -2.093  19.181 0.0000000000
93147  46.486  -2.532  9.440 0.0000000000
93152  52.436  -1.952  9.284 0.0000000000
93163  51.979  -1.839  8.901 0.0000000000
93166  48.431  -2.301  8.651 0.0000000000
94103  41.799  -1.197  19.527 0.0000000000
94155  44.090  -1.441  15.920 0.0000000000
94204  52.175  -1.646  10.120 0.0000000000
94208  47.499  -1.059  9.274 0.0000000000
94215  52.503  -1.539  9.724 0.0000000000
94216  52.250  -1.181  9.465 0.0000000000
94222  52.373  -1.557  9.284 0.0000000000
94223  52.004  -1.197  8.982 0.0000000000
95136  42.663  -0.670  18.216 0.0000000000
95149  42.923  -0.636  17.626 0.0000000000
95215  51.626  -0.756  10.033 0.0000000000
95224  52.187  -1.001  9.827 0.0000000000
95966  39.270  1.024  27.938 0.0000000000
96005  37.630  0.413  22.444 0.0000000000
96133  46.751  0.565  10.339 0.0000000000
96144  51.300  0.428  9.052 0.0000000000
96147  41.873  1.505  9.292 0.0000000000
96879  36.820  0.882  27.371 0.0000000000
96885  41.147  2.111  27.527 0.0000000000
96886  40.646  1.863  27.369 0.0000000000
96909  37.849  1.127  22.679 0.0000000000
96925  40.275  0.921  20.733 0.0000000000
96933  42.983  1.014  19.552 0.0000000000
97003  46.844  1.754  13.321 0.0000000000
97030  43.940  1.309  11.049 0.0000000000
97040  50.877  0.791  9.682 0.0000000000
97066  39.919  1.042  9.697 0.0000000000
97067  39.559  0.943  9.804 0.0000000000
97070  50.695  1.018  8.894 0.0000000000
97077  42.229  2.319  8.775 0.0000000000
97769  42.245  2.522  29.045 0.0000000000
97792  41.446  2.642  26.853 0.0000000000
97798  38.869  2.337  24.384 0.0000000000
97809  46.286  2.827  21.346 0.0000000000
97819  46.849  2.818  20.966 0.0000000000
97826  40.744  1.564  20.883 0.0000000000
97881  40.475  3.167  11.850 0.0000000000
97901  42.271  3.060  9.919 0.0000000000
97907  37.039  1.769  10.107 0.0000000000
97912  49.413  2.170  8.929 0.0000000000
97913  48.773  2.449  8.653 0.0000000000
97918  42.376  2.887  9.429 0.0000000000
97931  42.336  2.494  8.800 0.0000000000
97935  47.640  2.756  7.918 0.0000000000
97936  47.256  2.831  7.771 0.0000000000
98599  41.938  2.895  27.086 0.0000000000
98613  42.269  3.282  26.892 0.0000000000
98615  40.924  3.118  25.693 0.0000000000
98625  50.730  3.938  23.847 0.0000000000
98635  50.257  3.573  23.011 0.0000000000
98636  49.521  3.465  22.950 0.0000000000
98643  50.419  3.928  22.524 0.0000000000
98656  50.201  3.937  21.872 0.0000000000
98694  48.361  4.276  16.450 0.0000000000
98759  43.256  3.559  10.394 0.0000000000
98767  48.864  2.608  8.882 0.0000000000
98775  38.477  3.532  8.170 0.0000000000
98776  38.187  3.455  8.396 0.0000000000
98784  44.354  3.190  8.582 0.0000000000
98786  42.885  3.177  9.192 0.0000000000
98787  38.608  3.549  7.599 0.0000000000
98788  38.141  3.381  7.922 0.0000000000
98792  47.524  2.947  7.688 0.0000000000
98793  47.337  3.129  7.677 0.0000000000
98794  46.927  3.162  7.860 0.0000000000
98795  38.568  3.670  7.062 0.0000000000
98796  38.260  3.679  7.424 0.0000000000
99420  44.898  4.293  28.955 0.0000000000
99433  50.341  4.512  25.825 0.0000000000
99434  44.073  4.351  28.060 0.0000000000
99452  48.420  4.626  24.895 0.0000000000
99468  51.098  4.835  24.414 0.0000000000
99470  50.566  3.965  24.347 0.0000000000
99486  50.191  4.696  22.746 0.0000000000
99487  49.528  3.560  23.552 0.0000000000
99499  46.347  3.672  22.822 0.0000000000
99507  49.521  4.455  21.339 0.0000000000
99515  45.570  5.063  20.154 0.0000000000
99525  42.744  5.517  19.169 0.0000000000
99591  39.326  4.681  13.985 0.0000000000
99620  39.169  4.086  13.088 0.0000000000
99639  38.253  3.886  9.543 0.0000000000
99653  37.714  4.000  7.788 0.0000000000
99659  38.673  4.119  7.393 0.0000000000
100323  51.214  5.029  24.575 0.0000000000
100324  50.763  5.182  24.297 0.0000000000
100326  49.110  5.754  23.650 0.0000000000
100346  49.776  4.936  22.605 0.0000000000
100348  48.007  5.421  22.269 0.0000000000
100355  46.886  5.410  21.558 0.0000000000
100363  45.694  5.298  20.675 0.0000000000
100364  44.917  5.708  20.711 0.0000000000
100369  43.664  5.753  19.869 0.0000000000
100373  48.449  5.218  17.540 0.0000000000
100374  42.309  5.773  18.995 0.0000000000
100375  41.821  5.899  18.587 0.0000000000
100397  41.509  5.376  17.236 0.0000000000
100406  48.555  5.039  15.826 0.0000000000
100410  40.665  5.319  16.150 0.0000000000
100418  48.372  4.962  15.181 0.0000000000
100420  47.838  5.144  14.565 0.0000000000
100442  38.253  4.867  10.507 0.0000000000
100469  38.289  4.521  7.364 0.0000000000
100470  38.057  4.525  7.292 0.0000000000
101030  51.859  6.688  27.544 0.0000000000
101031  50.822  6.186  27.897 0.0000000000
101056  50.338  6.433  24.905 0.0000000000
101066  50.669  5.671  24.726 0.0000000000
101082  47.307  5.790  22.363 0.0000000000
101083  46.554  6.114  22.233 0.0000000000
101087  45.726  6.089  21.734 0.0000000000
101094  42.279  6.457  19.342 0.0000000000
101095  41.714  6.645  18.970 0.0000000000
101098  41.370  6.420  18.496 0.0000000000
101104  41.043  6.188  17.964 0.0000000000
101105  40.537  6.369  17.542 0.0000000000
101106  40.038  6.564  17.144 0.0000000000
101114  40.207  6.137  16.983 0.0000000000
101115  39.754  6.318  16.601 0.0000000000
101149  38.139  5.128  10.958 0.0000000000
101720  50.518  6.658  25.015 0.0000000000
101730  49.320  6.846  24.240 0.0000000000
101742  47.033  6.694  22.765 0.0000000000
101746  45.990  6.669  22.164 0.0000000000
101750  44.752  6.661  21.187 0.0000000000
101753  44.233  7.025  20.838 0.0000000000
101754  43.360  7.057  20.249 0.0000000000
101757  41.797  7.224  19.103 0.0000000000
101760  41.520  7.594  18.720 0.0000000000
101761  41.000  7.242  18.356 0.0000000000
101762  40.594  6.859  17.900 0.0000000000
101764  40.683  7.550  17.816 0.0000000000
101791  38.717  7.364  14.805 0.0000000000
101835  39.280  6.964  9.184 0.0000000000
101844  41.298  7.931  7.652 0.0000000000
102449  45.635  7.643  21.650 0.0000000000
102458  45.263  8.755  20.087 0.0000000000
102463  43.885  8.824  18.952 0.0000000000
102466  41.381  7.758  18.467 0.0000000000
102468  42.958  8.716  17.949 0.0000000000
102479  40.176  7.923  16.970 0.0000000000
102480  39.681  7.576  16.676 0.0000000000
102501  38.651  7.477  14.543 0.0000000000
102520  38.586  7.657  13.136 0.0000000000
102575  41.298  8.180  8.502 0.0000000000
103175  48.252  8.567  22.647 0.0000000000
103216  42.811  8.848  17.637 0.0000000000
103225  41.902  8.913  16.796 0.0000000000
