#!ascii label  , from subject sub.01.dh.02 vox2ras=TkReg
1492
49157  12.373  -40.822  60.900 0.0000000000
69944  43.354  -24.083  35.525 0.0000000000
52917  32.036  -37.781  52.835 0.0000000000
56489  41.589  -35.987  55.195 0.0000000000
54128  23.483  -37.508  52.553 0.0000000000
54014  21.356  -36.628  61.997 0.0000000000
78178  51.477  -16.849  28.296 0.0000000000
77054  49.561  -17.303  34.976 0.0000000000
63950  40.635  -28.505  44.775 0.0000000000
80397  53.620  -14.649  22.582 0.0000000000
50367  31.583  -40.237  59.573 0.0000000000
52760  16.063  -37.837  61.934 0.0000000000
78144  50.539  -16.478  31.570 0.0000000000
73717  47.409  -20.195  31.813 0.0000000000
68699  44.933  -24.652  40.632 0.0000000000
71093  48.355  -22.157  40.426 0.0000000000
67515  40.526  -26.047  40.369 0.0000000000
54228  38.248  -35.875  48.951 0.0000000000
51685  37.434  -38.236  53.617 0.0000000000
51572  26.581  -38.469  58.820 0.0000000000
55243  24.903  -36.477  62.197 0.0000000000
55312  22.639  -36.518  57.247 0.0000000000
51601  17.360  -39.381  56.925 0.0000000000
52920  27.787  -38.528  53.119 0.0000000000
81396  55.685  -14.008  28.688 0.0000000000
81355  54.494  -13.741  32.756 0.0000000000
72406  48.215  -21.868  35.119 0.0000000000
68632  41.050  -24.459  46.948 0.0000000000
59096  42.315  -32.907  50.254 0.0000000000
78217  52.032  -16.457  25.332 0.0000000000
79300  57.492  -15.047  25.032 0.0000000000
78254  58.606  -15.304  20.577 0.0000000000
52753  30.625  -38.930  62.393 0.0000000000
51510  14.296  -39.411  61.164 0.0000000000
52731  15.510  -37.015  64.681 0.0000000000
51463  14.341  -38.689  64.133 0.0000000000
76070  47.300  -19.225  29.107 0.0000000000
69836  45.189  -23.530  43.672 0.0000000000
69834  46.950  -23.180  43.547 0.0000000000
46741  8.781  -43.442  64.197 0.0000000000
66419  40.119  -26.577  37.236 0.0000000000
54191  32.078  -37.749  50.271 0.0000000000
52981  34.839  -37.201  50.663 0.0000000000
51705  34.704  -38.673  53.419 0.0000000000
52879  25.279  -38.206  55.792 0.0000000000
54070  24.158  -36.998  57.502 0.0000000000
54110  22.813  -37.583  54.165 0.0000000000
51707  25.529  -38.370  51.933 0.0000000000
51623  27.509  -39.107  56.452 0.0000000000
55255  23.303  -35.788  61.595 0.0000000000
79262  54.374  -15.662  28.977 0.0000000000
81367  55.469  -13.931  31.524 0.0000000000
79255  53.871  -15.794  30.320 0.0000000000
79202  49.357  -16.260  33.239 0.0000000000
81334  50.625  -14.466  33.882 0.0000000000
71200  43.105  -22.260  33.508 0.0000000000
72438  44.766  -21.228  33.381 0.0000000000
71178  45.761  -22.794  34.916 0.0000000000
66299  38.232  -26.356  43.613 0.0000000000
68675  38.534  -25.068  43.432 0.0000000000
66267  40.824  -26.069  46.078 0.0000000000
56546  40.463  -35.576  52.493 0.0000000000
56632  40.525  -34.449  49.147 0.0000000000
56566  42.117  -35.033  52.333 0.0000000000
79275  49.642  -16.613  26.996 0.0000000000
79317  49.504  -15.624  24.710 0.0000000000
80358  51.913  -15.996  26.896 0.0000000000
80356  53.637  -15.173  26.820 0.0000000000
79363  56.398  -15.749  18.947 0.0000000000
77172  56.165  -17.131  21.307 0.0000000000
79322  58.203  -14.940  22.836 0.0000000000
78235  54.947  -17.172  23.200 0.0000000000
52855  31.718  -38.781  55.572 0.0000000000
52852  34.427  -38.987  56.573 0.0000000000
51542  34.555  -39.773  59.217 0.0000000000
54017  18.406  -37.106  61.261 0.0000000000
55221  20.521  -36.130  64.984 0.0000000000
55223  18.335  -35.995  64.764 0.0000000000
77127  49.684  -17.522  28.327 0.0000000000
77103  52.324  -17.163  30.284 0.0000000000
74944  49.856  -19.150  29.796 0.0000000000
76041  48.919  -18.364  31.709 0.0000000000
77065  48.342  -18.095  33.218 0.0000000000
68747  44.197  -24.754  37.907 0.0000000000
69891  46.311  -23.450  38.142 0.0000000000
69868  46.641  -23.420  40.468 0.0000000000
61564  39.697  -30.386  44.370 0.0000000000
56460  43.760  -34.677  56.005 0.0000000000
47991  10.860  -41.600  60.435 0.0000000000
49096  12.620  -40.415  64.370 0.0000000000
47927  10.700  -41.900  64.827 0.0000000000
68822  41.479  -24.642  34.730 0.0000000000
67593  42.190  -25.594  37.480 0.0000000000
67512  42.926  -25.560  40.409 0.0000000000
69851  42.314  -24.508  42.931 0.0000000000
54231  35.226  -36.592  48.859 0.0000000000
54166  37.290  -36.525  51.474 0.0000000000
52888  40.093  -37.402  54.529 0.0000000000
51615  36.968  -38.931  56.691 0.0000000000
50395  39.597  -39.415  56.895 0.0000000000
54024  28.684  -37.732  61.543 0.0000000000
53996  27.234  -37.407  61.957 0.0000000000
55260  26.488  -36.925  60.729 0.0000000000
55274  23.504  -36.037  59.688 0.0000000000
54059  21.498  -36.763  58.971 0.0000000000
52902  20.322  -38.213  54.253 0.0000000000
52839  20.289  -37.805  57.367 0.0000000000
52798  19.482  -37.759  59.154 0.0000000000
52821  16.977  -38.424  58.821 0.0000000000
51577  14.735  -39.414  58.760 0.0000000000
50388  12.889  -40.303  58.686 0.0000000000
54193  30.324  -37.093  50.215 0.0000000000
54218  28.116  -36.850  49.401 0.0000000000
54107  30.434  -37.997  53.479 0.0000000000
51621  29.464  -39.304  55.896 0.0000000000
50370  28.902  -39.626  59.138 0.0000000000
79214  55.564  -14.816  32.262 0.0000000000
80306  52.524  -14.410  32.016 0.0000000000
73720  44.853  -21.011  31.953 0.0000000000
74888  47.162  -20.397  32.843 0.0000000000
74852  49.276  -19.744  35.130 0.0000000000
72375  48.118  -21.612  37.562 0.0000000000
73649  49.644  -20.386  37.627 0.0000000000
67518  37.845  -26.161  40.704 0.0000000000
69840  40.566  -24.601  43.723 0.0000000000
69812  42.593  -23.451  46.380 0.0000000000
59191  40.305  -32.435  46.898 0.0000000000
61512  41.498  -30.681  47.414 0.0000000000
59058  44.367  -32.978  53.381 0.0000000000
61467  43.356  -30.533  50.752 0.0000000000
63920  42.786  -28.630  47.703 0.0000000000
66237  43.971  -26.494  48.104 0.0000000000
69759  43.850  -23.807  48.764 0.0000000000
78238  52.779  -16.088  23.825 0.0000000000
78200  54.429  -16.072  26.281 0.0000000000
81413  55.937  -13.515  27.080 0.0000000000
51449  31.204  -39.502  63.227 0.0000000000
50332  13.651  -39.733  61.462 0.0000000000
51479  14.367  -39.191  62.999 0.0000000000
50289  13.766  -39.571  63.496 0.0000000000
71050  44.678  -23.208  44.461 0.0000000000
71037  45.944  -22.398  44.932 0.0000000000
44312  7.984  -44.551  62.681 0.0000000000
52943  31.941  -37.650  51.934 0.0000000000
52941  34.053  -38.482  52.599 0.0000000000
52916  32.969  -38.135  53.374 0.0000000000
52901  24.411  -37.906  54.185 0.0000000000
54093  23.622  -37.512  55.102 0.0000000000
54129  22.886  -37.299  53.001 0.0000000000
52970  24.403  -38.080  51.157 0.0000000000
52948  23.984  -37.792  51.956 0.0000000000
52900  25.369  -38.222  54.613 0.0000000000
54013  22.142  -36.387  62.070 0.0000000000
53982  22.004  -36.215  63.252 0.0000000000
79263  53.259  -15.894  28.392 0.0000000000
78175  53.966  -16.046  29.534 0.0000000000
78176  53.494  -16.293  29.147 0.0000000000
78104  49.471  -16.800  34.446 0.0000000000
78103  49.736  -16.407  34.978 0.0000000000
69954  43.475  -23.289  34.570 0.0000000000
71190  44.580  -22.417  34.388 0.0000000000
69943  44.437  -23.422  35.062 0.0000000000
63968  39.672  -28.747  43.549 0.0000000000
65162  39.479  -27.564  43.928 0.0000000000
66284  39.203  -26.191  44.644 0.0000000000
65145  41.083  -27.340  45.473 0.0000000000
55342  40.931  -35.765  54.089 0.0000000000
56567  41.099  -35.094  52.014 0.0000000000
56517  42.297  -35.412  54.461 0.0000000000
79266  50.281  -16.506  27.466 0.0000000000
80347  50.865  -16.247  27.062 0.0000000000
80335  51.848  -15.935  27.661 0.0000000000
80334  52.805  -15.561  27.804 0.0000000000
79342  54.917  -15.305  21.105 0.0000000000
79343  54.677  -15.834  21.836 0.0000000000
78244  55.155  -16.896  22.366 0.0000000000
79332  54.087  -15.467  22.451 0.0000000000
51595  32.084  -39.831  57.356 0.0000000000
51594  32.941  -39.521  57.556 0.0000000000
50380  33.089  -40.111  58.895 0.0000000000
54004  17.513  -37.009  62.200 0.0000000000
53985  18.802  -36.566  63.270 0.0000000000
53987  16.709  -37.057  63.179 0.0000000000
53951  15.234  -36.730  66.231 0.0000000000
55197  16.268  -36.146  65.869 0.0000000000
77128  48.595  -17.484  28.222 0.0000000000
76084  50.018  -18.236  28.813 0.0000000000
76086  47.984  -18.398  28.594 0.0000000000
73754  47.339  -20.413  30.956 0.0000000000
74927  48.677  -19.637  30.687 0.0000000000
74910  48.422  -19.364  31.499 0.0000000000
77096  48.116  -18.279  32.496 0.0000000000
76023  47.784  -18.803  32.651 0.0000000000
68731  44.224  -24.803  38.966 0.0000000000
69881  45.696  -24.018  38.853 0.0000000000
69869  45.749  -24.046  40.027 0.0000000000
78191  48.255  -16.702  27.335 0.0000000000
47961  10.870  -42.050  62.720 0.0000000000
47962  10.288  -42.632  63.180 0.0000000000
68811  40.742  -25.250  35.165 0.0000000000
68810  41.792  -25.282  35.707 0.0000000000
67614  40.824  -25.709  35.918 0.0000000000
66375  40.487  -26.525  38.885 0.0000000000
67535  41.943  -25.872  39.519 0.0000000000
67514  41.426  -25.897  40.269 0.0000000000
68684  42.846  -25.023  42.179 0.0000000000
68685  41.963  -25.051  42.338 0.0000000000
54232  34.310  -36.942  48.468 0.0000000000
52939  36.157  -37.590  52.164 0.0000000000
54167  36.383  -37.021  51.529 0.0000000000
52937  37.573  -37.276  52.667 0.0000000000
54122  38.602  -37.079  53.130 0.0000000000
52890  38.459  -37.925  53.889 0.0000000000
52833  35.541  -39.230  57.420 0.0000000000
51616  35.803  -39.184  56.386 0.0000000000
52849  36.688  -39.152  57.432 0.0000000000
51563  39.004  -39.520  58.489 0.0000000000
51588  40.895  -39.187  57.378 0.0000000000
52778  27.857  -37.976  60.639 0.0000000000
54026  27.058  -37.317  60.778 0.0000000000
52796  26.379  -37.659  59.527 0.0000000000
55300  23.349  -36.528  57.493 0.0000000000
55287  23.974  -36.503  58.117 0.0000000000
55301  22.778  -36.292  58.081 0.0000000000
55289  22.849  -36.235  59.045 0.0000000000
55302  22.178  -36.407  58.524 0.0000000000
54157  20.877  -37.440  52.955 0.0000000000
50433  18.011  -39.516  55.461 0.0000000000
51650  19.215  -38.966  55.216 0.0000000000
51599  19.046  -39.027  56.762 0.0000000000
52819  19.516  -38.154  58.099 0.0000000000
52820  18.841  -38.700  57.679 0.0000000000
52781  17.901  -37.967  59.852 0.0000000000
51574  17.077  -38.826  58.172 0.0000000000
51578  13.987  -39.883  59.143 0.0000000000
54216  30.773  -36.995  49.345 0.0000000000
55391  29.587  -36.354  49.191 0.0000000000
52985  26.884  -38.063  50.349 0.0000000000
52966  28.260  -38.023  51.380 0.0000000000
54151  29.728  -37.792  52.110 0.0000000000
54127  29.246  -38.176  52.985 0.0000000000
52876  29.747  -38.592  54.408 0.0000000000
51669  28.475  -38.661  54.207 0.0000000000
51624  26.689  -38.907  56.890 0.0000000000
50401  28.240  -39.547  57.475 0.0000000000
51545  28.083  -39.162  59.344 0.0000000000
51524  28.486  -38.656  60.273 0.0000000000
53997  25.950  -37.262  62.182 0.0000000000
50246  12.217  -40.197  66.158 0.0000000000
51426  13.305  -39.321  66.153 0.0000000000
81378  56.454  -13.727  30.491 0.0000000000
81368  54.788  -13.767  31.938 0.0000000000
81353  55.752  -13.886  32.011 0.0000000000
80292  54.997  -14.147  32.934 0.0000000000
79198  54.307  -14.917  33.429 0.0000000000
77105  50.963  -17.101  31.044 0.0000000000
79245  52.309  -15.747  31.084 0.0000000000
79232  51.133  -15.570  31.639 0.0000000000
81332  51.551  -14.213  34.074 0.0000000000
72419  46.788  -21.574  33.908 0.0000000000
73698  46.165  -20.936  33.164 0.0000000000
72435  47.440  -21.223  33.603 0.0000000000
73695  48.639  -20.397  33.866 0.0000000000
72417  48.571  -21.137  34.620 0.0000000000
71114  46.906  -22.738  38.489 0.0000000000
71133  46.999  -22.918  37.390 0.0000000000
72341  48.095  -21.738  39.085 0.0000000000
67519  36.944  -26.288  40.778 0.0000000000
68653  40.196  -24.503  45.496 0.0000000000
68662  39.912  -24.702  43.960 0.0000000000
69814  40.735  -24.015  45.535 0.0000000000
69825  41.671  -23.944  44.773 0.0000000000
69800  41.856  -23.712  46.817 0.0000000000
55405  37.247  -35.917  47.863 0.0000000000
55421  38.259  -35.131  47.479 0.0000000000
57883  41.499  -33.914  49.797 0.0000000000
57911  40.767  -33.673  48.697 0.0000000000
59139  41.031  -32.746  48.608 0.0000000000
60357  40.870  -31.639  47.421 0.0000000000
60340  41.554  -31.767  48.667 0.0000000000
57746  44.376  -33.722  54.683 0.0000000000
63892  43.971  -29.307  50.650 0.0000000000
63900  43.159  -29.390  49.281 0.0000000000
63898  44.282  -28.127  49.212 0.0000000000
65114  43.653  -27.610  47.976 0.0000000000
65095  44.920  -27.574  49.730 0.0000000000
78218  51.237  -16.315  25.327 0.0000000000
78228  52.295  -16.304  24.465 0.0000000000
78227  53.165  -16.559  24.589 0.0000000000
78216  52.963  -16.587  25.546 0.0000000000
81405  54.825  -14.062  27.798 0.0000000000
80355  54.465  -14.552  26.651 0.0000000000
81404  55.659  -13.538  27.773 0.0000000000
81403  56.470  -13.144  27.737 0.0000000000
77203  57.826  -16.061  19.933 0.0000000000
79313  57.873  -15.035  23.808 0.0000000000
80377  58.157  -14.150  24.470 0.0000000000
80366  57.777  -13.914  25.379 0.0000000000
50325  31.337  -39.854  61.274 0.0000000000
50324  32.277  -40.015  61.192 0.0000000000
51486  32.287  -39.953  61.927 0.0000000000
52772  15.349  -38.559  61.974 0.0000000000
53988  15.886  -37.493  62.974 0.0000000000
52747  15.299  -37.961  63.474 0.0000000000
52732  15.091  -37.640  64.390 0.0000000000
52702  14.524  -37.326  66.585 0.0000000000
74947  46.477  -19.971  29.612 0.0000000000
73755  46.646  -20.500  30.536 0.0000000000
69860  44.520  -24.707  41.817 0.0000000000
69859  45.683  -24.107  41.471 0.0000000000
69835  46.168  -23.375  43.576 0.0000000000
71036  46.862  -22.419  44.871 0.0000000000
46769  9.662  -43.149  62.569 0.0000000000
45523  8.516  -44.157  62.500 0.0000000000
45486  8.310  -43.929  64.340 0.0000000000
66458  39.358  -26.153  35.664 0.0000000000
67537  39.915  -26.457  39.829 0.0000000000
52997  34.233  -37.130  49.886 0.0000000000
52982  33.934  -37.571  50.581 0.0000000000
52940  35.282  -38.241  52.365 0.0000000000
51687  35.611  -38.697  53.513 0.0000000000
52857  25.918  -38.488  57.402 0.0000000000
52817  25.748  -37.636  58.613 0.0000000000
54081  24.538  -37.511  56.981 0.0000000000
54083  23.293  -36.969  56.417 0.0000000000
54084  22.618  -36.893  56.430 0.0000000000
51602  16.306  -39.096  57.239 0.0000000000
51654  15.545  -39.316  55.226 0.0000000000
52986  25.886  -38.268  50.336 0.0000000000
52945  27.075  -38.481  52.304 0.0000000000
51670  27.860  -38.847  54.649 0.0000000000
52921  26.604  -38.641  53.779 0.0000000000
52899  26.173  -38.588  55.208 0.0000000000
56367  24.379  -36.009  61.948 0.0000000000
80332  54.980  -14.814  28.721 0.0000000000
81389  56.101  -13.897  29.806 0.0000000000
79253  54.925  -15.226  29.785 0.0000000000
80318  54.540  -14.694  30.878 0.0000000000
80304  54.297  -14.195  31.456 0.0000000000
79234  49.814  -15.704  32.682 0.0000000000
80295  50.509  -14.709  32.913 0.0000000000
80281  50.096  -15.262  33.520 0.0000000000
79192  50.583  -15.308  34.833 0.0000000000
72453  43.456  -21.498  32.421 0.0000000000
72439  43.777  -21.657  33.328 0.0000000000
71189  45.407  -22.191  34.444 0.0000000000
71187  47.004  -22.312  34.561 0.0000000000
72339  49.516  -21.233  40.080 0.0000000000
67464  37.220  -26.076  42.810 0.0000000000
68690  37.807  -25.418  42.619 0.0000000000
68665  38.253  -25.605  43.742 0.0000000000
67431  39.897  -25.468  45.475 0.0000000000
67430  40.638  -25.311  46.172 0.0000000000
55374  38.994  -35.699  50.320 0.0000000000
55389  39.040  -35.382  49.513 0.0000000000
56592  40.218  -35.269  50.623 0.0000000000
56590  41.899  -34.733  51.149 0.0000000000
57834  42.437  -33.993  51.043 0.0000000000
79308  48.397  -15.573  25.429 0.0000000000
79318  48.912  -15.613  25.031 0.0000000000
79307  49.416  -16.196  25.462 0.0000000000
79289  51.285  -16.366  26.269 0.0000000000
79288  52.231  -16.229  26.524 0.0000000000
79287  53.201  -16.125  26.512 0.0000000000
80357  52.810  -15.756  26.962 0.0000000000
80333  54.073  -14.978  27.990 0.0000000000
80419  54.979  -14.799  20.418 0.0000000000
78270  55.927  -16.462  20.446 0.0000000000
77170  57.726  -16.544  21.165 0.0000000000
79331  58.519  -14.849  22.148 0.0000000000
77158  57.550  -16.769  22.137 0.0000000000
77148  57.171  -16.914  23.719 0.0000000000
78224  56.389  -17.010  24.623 0.0000000000
52873  32.350  -38.353  55.092 0.0000000000
52893  33.082  -38.266  54.522 0.0000000000
52853  33.640  -38.897  56.272 0.0000000000
51592  34.723  -39.215  57.685 0.0000000000
52794  35.748  -39.591  58.563 0.0000000000
54016  19.484  -36.934  61.433 0.0000000000
55247  20.771  -36.311  63.323 0.0000000000
53984  19.727  -36.484  63.295 0.0000000000
55222  19.352  -35.971  64.860 0.0000000000
55225  16.814  -36.181  64.741 0.0000000000
55210  17.552  -35.933  65.482 0.0000000000
78179  50.437  -16.863  28.047 0.0000000000
77124  52.368  -17.300  29.288 0.0000000000
76083  50.914  -18.294  28.983 0.0000000000
76066  50.874  -18.608  29.794 0.0000000000
76039  50.426  -18.044  31.214 0.0000000000
74945  49.040  -19.593  29.833 0.0000000000
74909  49.292  -19.060  31.175 0.0000000000
77094  49.641  -17.408  31.869 0.0000000000
78146  49.042  -16.732  32.591 0.0000000000
77076  48.581  -17.358  33.082 0.0000000000
75994  49.116  -18.317  34.079 0.0000000000
68787  43.890  -24.384  36.296 0.0000000000
69906  45.340  -23.975  36.801 0.0000000000
69892  45.589  -23.994  37.787 0.0000000000
69880  46.378  -23.388  39.256 0.0000000000
71079  47.321  -22.824  40.289 0.0000000000
69858  46.798  -23.463  41.803 0.0000000000
71068  47.679  -22.776  41.699 0.0000000000
72306  48.825  -22.090  41.472 0.0000000000
62777  40.373  -29.610  44.916 0.0000000000
56461  42.911  -35.216  56.370 0.0000000000
79309  47.749  -15.449  25.732 0.0000000000
78206  48.621  -16.496  26.716 0.0000000000
79267  49.629  -16.692  27.309 0.0000000000
82411  54.107  -12.403  22.309 0.0000000000
81435  53.470  -12.960  22.845 0.0000000000
47990  11.570  -41.311  60.819 0.0000000000
49129  12.607  -40.614  62.427 0.0000000000
47960  11.460  -41.517  62.322 0.0000000000
47926  11.449  -41.454  64.449 0.0000000000
49072  11.516  -40.727  66.459 0.0000000000
47947  10.168  -42.490  64.233 0.0000000000
71193  41.908  -22.999  33.856 0.0000000000
69956  40.972  -23.661  33.954 0.0000000000
69945  42.718  -24.308  35.261 0.0000000000
68788  43.372  -24.553  36.313 0.0000000000
68766  43.388  -24.905  37.340 0.0000000000
68732  43.602  -25.135  39.492 0.0000000000
67574  41.015  -26.230  37.557 0.0000000000
67553  42.560  -25.593  38.874 0.0000000000
68717  43.562  -25.272  40.330 0.0000000000
69861  43.672  -25.039  41.866 0.0000000000
69850  43.545  -24.440  42.826 0.0000000000
69823  43.675  -23.323  44.760 0.0000000000
54229  37.332  -36.169  48.710 0.0000000000
54213  35.241  -36.681  49.844 0.0000000000
54188  36.575  -36.565  50.629 0.0000000000
54187  37.475  -36.260  50.557 0.0000000000
55356  38.640  -36.113  51.779 0.0000000000
55343  40.234  -36.159  53.457 0.0000000000
54092  41.130  -36.904  55.414 0.0000000000
51668  34.673  -38.650  54.844 0.0000000000
51667  35.506  -38.856  54.699 0.0000000000
51641  37.343  -39.015  55.419 0.0000000000
51564  37.897  -39.303  58.441 0.0000000000
51614  38.065  -39.121  56.211 0.0000000000
51640  38.518  -39.001  55.348 0.0000000000
51639  39.850  -38.645  55.493 0.0000000000
52848  41.271  -37.577  55.960 0.0000000000
54068  41.945  -36.982  56.808 0.0000000000
52756  29.034  -38.035  62.695 0.0000000000
53995  28.451  -37.725  62.235 0.0000000000
55241  26.777  -37.084  61.499 0.0000000000
55252  25.574  -36.436  61.238 0.0000000000
54042  25.557  -36.974  59.416 0.0000000000
55272  25.264  -36.601  59.852 0.0000000000
56394  24.554  -36.031  61.234 0.0000000000
55254  23.850  -35.825  61.150 0.0000000000
55265  22.629  -36.208  61.182 0.0000000000
54029  21.461  -36.814  61.046 0.0000000000
54156  21.530  -37.079  52.614 0.0000000000
54131  21.535  -37.340  53.700 0.0000000000
54096  21.451  -37.552  55.831 0.0000000000
52903  19.831  -38.564  54.295 0.0000000000
52881  20.337  -38.108  55.373 0.0000000000
54086  20.932  -37.467  56.645 0.0000000000
54073  20.897  -37.082  57.625 0.0000000000
54045  20.524  -37.213  59.438 0.0000000000
54030  20.475  -37.055  60.648 0.0000000000
54031  19.400  -37.349  60.202 0.0000000000
54033  17.623  -37.675  60.388 0.0000000000
52783  16.302  -38.103  60.413 0.0000000000
51575  16.144  -38.753  58.282 0.0000000000
51550  15.825  -38.680  58.793 0.0000000000
52803  15.435  -38.696  60.460 0.0000000000
51552  14.947  -39.226  60.022 0.0000000000
50373  13.579  -40.099  59.875 0.0000000000
50374  12.896  -40.372  59.544 0.0000000000
49169  11.748  -41.011  59.418 0.0000000000
48003  10.517  -41.424  59.498 0.0000000000
54215  31.638  -37.499  49.282 0.0000000000
54192  31.141  -37.547  50.203 0.0000000000
54123  31.368  -37.554  52.364 0.0000000000
54194  29.648  -37.046  50.370 0.0000000000
54150  30.259  -37.569  51.972 0.0000000000
54106  30.964  -37.757  53.337 0.0000000000
52874  31.433  -38.334  54.716 0.0000000000
51620  30.724  -39.320  55.782 0.0000000000
50399  30.168  -39.793  57.625 0.0000000000
51622  28.406  -39.214  56.193 0.0000000000
50400  29.192  -39.704  57.573 0.0000000000
50368  30.615  -40.072  59.496 0.0000000000
51522  30.232  -39.207  61.216 0.0000000000
52768  29.481  -38.255  61.672 0.0000000000
50244  13.399  -39.593  65.190 0.0000000000
51425  13.737  -38.642  66.555 0.0000000000
81366  56.128  -13.904  31.337 0.0000000000
78155  52.653  -16.604  30.444 0.0000000000
79230  52.726  -15.041  31.372 0.0000000000
81370  53.271  -13.876  32.252 0.0000000000
81359  51.081  -14.182  33.171 0.0000000000
81340  52.227  -14.060  33.622 0.0000000000
80278  53.536  -14.323  33.631 0.0000000000
73757  44.456  -20.375  29.873 0.0000000000
73740  45.817  -20.855  31.175 0.0000000000
73705  45.253  -20.887  32.754 0.0000000000
73704  46.001  -20.805  32.793 0.0000000000
74897  47.313  -20.312  32.526 0.0000000000
76011  47.683  -19.508  32.843 0.0000000000
74868  49.133  -19.344  34.149 0.0000000000
74851  49.453  -18.882  35.013 0.0000000000
69922  45.970  -23.539  35.943 0.0000000000
71154  46.924  -23.050  36.247 0.0000000000
71152  48.272  -21.818  36.232 0.0000000000
72361  48.708  -21.354  38.723 0.0000000000
72374  48.794  -21.202  37.762 0.0000000000
72405  48.562  -21.366  35.724 0.0000000000
73659  49.134  -20.538  36.209 0.0000000000
74840  49.550  -19.328  36.029 0.0000000000
66378  37.708  -26.734  39.186 0.0000000000
67516  39.670  -26.095  40.531 0.0000000000
68707  38.260  -25.455  42.080 0.0000000000
68688  39.520  -25.057  42.645 0.0000000000
68704  40.700  -25.504  41.888 0.0000000000
69852  41.542  -24.693  42.882 0.0000000000
69824  43.010  -23.426  45.155 0.0000000000
71025  43.870  -22.589  45.964 0.0000000000
56655  39.812  -34.450  48.152 0.0000000000
59210  40.188  -32.019  46.286 0.0000000000
61548  40.397  -30.474  45.527 0.0000000000
62763  41.500  -29.484  46.455 0.0000000000
56516  43.243  -35.008  54.316 0.0000000000
56564  43.811  -34.093  52.612 0.0000000000
59084  43.456  -32.791  51.421 0.0000000000
60297  43.734  -32.019  51.702 0.0000000000
61457  42.967  -31.524  50.703 0.0000000000
61496  42.310  -30.265  48.865 0.0000000000
62749  41.954  -29.556  47.431 0.0000000000
63921  41.888  -28.457  46.805 0.0000000000
65116  42.403  -27.407  47.062 0.0000000000
66252  42.688  -26.396  47.337 0.0000000000
67405  42.778  -25.246  47.745 0.0000000000
67388  45.453  -26.001  49.653 0.0000000000
67390  43.751  -24.873  48.229 0.0000000000
68617  43.001  -24.366  48.155 0.0000000000
70984  42.910  -23.451  48.067 0.0000000000
80387  53.192  -14.025  22.923 0.0000000000
79324  53.096  -15.274  23.193 0.0000000000
78237  53.400  -16.305  23.688 0.0000000000
78225  55.046  -17.200  24.472 0.0000000000
78213  55.860  -16.512  25.657 0.0000000000
79286  54.066  -15.609  26.478 0.0000000000
79285  55.108  -15.141  26.381 0.0000000000
80367  56.988  -14.366  25.940 0.0000000000
81421  57.375  -13.571  26.243 0.0000000000
52727  29.799  -38.426  63.617 0.0000000000
51450  30.318  -39.056  63.619 0.0000000000
50354  12.947  -40.403  60.654 0.0000000000
50313  13.676  -39.634  62.462 0.0000000000
50333  13.075  -40.159  61.901 0.0000000000
71024  44.677  -22.245  45.771 0.0000000000
71023  45.372  -22.171  45.457 0.0000000000
52942  32.812  -37.986  52.239 0.0000000000
54109  23.532  -37.710  53.653 0.0000000000
52923  24.202  -37.994  52.964 0.0000000000
53999  22.275  -36.160  62.728 0.0000000000
54000  21.486  -36.359  62.855 0.0000000000
79264  52.141  -16.095  28.167 0.0000000000
78177  52.540  -16.740  28.725 0.0000000000
77044  49.850  -17.226  35.726 0.0000000000
63967  40.074  -28.553  44.191 0.0000000000
65161  40.194  -27.968  44.377 0.0000000000
65146  40.362  -27.360  44.806 0.0000000000
63949  40.923  -27.900  45.117 0.0000000000
56518  41.519  -35.733  54.595 0.0000000000
79265  51.191  -16.323  27.873 0.0000000000
80396  54.123  -14.207  21.982 0.0000000000
50397  32.049  -40.038  57.893 0.0000000000
50381  32.413  -40.154  58.604 0.0000000000
50366  32.547  -40.168  59.575 0.0000000000
54019  16.679  -37.585  61.303 0.0000000000
54005  16.526  -37.457  62.029 0.0000000000
77129  47.587  -17.642  28.139 0.0000000000
73738  47.389  -20.288  31.557 0.0000000000
74928  47.974  -20.127  31.151 0.0000000000
74911  47.679  -19.943  31.869 0.0000000000
76042  47.986  -18.881  32.127 0.0000000000
76043  47.603  -19.812  32.281 0.0000000000
68715  45.040  -24.600  39.479 0.0000000000
47977  10.166  -42.487  62.060 0.0000000000
68824  39.407  -24.953  34.413 0.0000000000
68812  39.971  -25.197  34.918 0.0000000000
67615  39.901  -25.781  35.535 0.0000000000
67536  40.891  -26.296  39.261 0.0000000000
67492  41.864  -25.674  41.016 0.0000000000
67493  41.050  -25.766  41.104 0.0000000000
52913  36.688  -37.958  52.788 0.0000000000
52938  36.922  -37.475  52.498 0.0000000000
52912  37.358  -37.876  53.091 0.0000000000
52911  38.124  -37.454  53.194 0.0000000000
52891  37.833  -38.035  53.603 0.0000000000
52813  36.484  -39.327  58.077 0.0000000000
52832  36.261  -39.275  57.650 0.0000000000
52812  36.864  -39.311  58.124 0.0000000000
51546  27.090  -38.496  59.529 0.0000000000
52779  27.144  -37.905  60.245 0.0000000000
51547  26.524  -38.050  59.401 0.0000000000
55311  22.996  -36.603  56.875 0.0000000000
55313  22.183  -36.439  57.743 0.0000000000
50404  18.064  -39.465  56.573 0.0000000000
51626  18.706  -39.245  56.401 0.0000000000
51600  18.482  -39.253  57.054 0.0000000000
51573  18.020  -39.034  57.944 0.0000000000
52967  27.601  -38.047  51.158 0.0000000000
52944  28.242  -38.281  52.081 0.0000000000
54152  29.162  -38.148  52.412 0.0000000000
52919  28.724  -38.325  53.043 0.0000000000
52898  28.935  -38.410  53.719 0.0000000000
51689  28.336  -38.540  53.604 0.0000000000
51598  26.651  -38.778  57.887 0.0000000000
51571  27.420  -39.071  58.460 0.0000000000
51525  27.701  -38.483  60.087 0.0000000000
50238  11.932  -39.969  66.929 0.0000000000
50237  12.659  -39.659  66.583 0.0000000000
81395  56.355  -13.316  28.483 0.0000000000
81388  56.622  -13.392  29.491 0.0000000000
81354  55.220  -13.886  32.304 0.0000000000
80277  54.332  -14.397  33.384 0.0000000000
78143  51.002  -16.116  31.407 0.0000000000
72418  47.757  -21.819  34.308 0.0000000000
72434  48.188  -21.152  33.797 0.0000000000
71094  47.826  -22.269  39.791 0.0000000000
71113  47.487  -22.111  38.840 0.0000000000
68644  40.616  -24.509  46.179 0.0000000000
69815  40.099  -24.396  45.059 0.0000000000
69801  41.077  -23.887  46.517 0.0000000000
69788  41.409  -23.979  47.170 0.0000000000
55404  37.963  -35.735  48.101 0.0000000000
59112  41.677  -33.024  49.503 0.0000000000
59113  41.104  -33.293  49.059 0.0000000000
59138  41.547  -32.341  49.074 0.0000000000
60326  42.028  -31.881  49.452 0.0000000000
62710  44.226  -29.461  51.553 0.0000000000
63891  44.413  -28.509  50.190 0.0000000000
65088  45.114  -28.012  50.724 0.0000000000
78230  51.054  -15.941  24.717 0.0000000000
78229  51.571  -16.113  24.708 0.0000000000
79314  51.709  -15.805  24.175 0.0000000000
78268  58.171  -15.797  20.155 0.0000000000
78267  58.455  -15.440  19.782 0.0000000000
79351  58.922  -15.113  20.144 0.0000000000
79341  58.990  -14.795  21.042 0.0000000000
50300  30.964  -39.503  61.845 0.0000000000
50299  31.594  -39.792  61.773 0.0000000000
51487  31.084  -39.445  62.294 0.0000000000
51509  14.844  -39.047  61.576 0.0000000000
51494  14.878  -38.862  62.449 0.0000000000
51462  14.927  -38.221  63.845 0.0000000000
52733  14.371  -38.056  65.091 0.0000000000
52718  14.852  -37.379  65.576 0.0000000000
74948  45.323  -19.811  29.346 0.0000000000
73756  45.577  -20.576  30.129 0.0000000000
69849  44.814  -24.055  42.786 0.0000000000
69848  45.932  -23.763  42.717 0.0000000000
46770  8.965  -43.626  62.026 0.0000000000
45504  8.309  -44.179  63.478 0.0000000000
45487  7.928  -44.374  64.157 0.0000000000
54214  32.656  -37.629  49.393 0.0000000000
52998  33.548  -37.470  49.651 0.0000000000
52983  33.025  -37.787  50.412 0.0000000000
51704  34.919  -38.627  52.944 0.0000000000
52858  25.104  -38.096  56.957 0.0000000000
52859  24.713  -37.749  56.288 0.0000000000
54094  22.758  -37.314  55.408 0.0000000000
51720  25.351  -38.308  51.714 0.0000000000
52969  25.329  -38.285  51.219 0.0000000000
51719  25.650  -38.376  51.610 0.0000000000
52968  26.272  -38.383  51.386 0.0000000000
52946  25.909  -38.492  52.385 0.0000000000
52878  25.959  -38.592  56.346 0.0000000000
56381  23.779  -35.726  61.813 0.0000000000
55244  24.022  -35.933  62.721 0.0000000000
79261  54.998  -15.101  29.239 0.0000000000
79254  54.258  -15.780  29.913 0.0000000000
79242  54.660  -15.173  30.373 0.0000000000
79243  54.142  -15.351  30.564 0.0000000000
80319  53.944  -14.779  30.959 0.0000000000
79219  49.442  -16.079  33.087 0.0000000000
79218  49.600  -15.753  32.968 0.0000000000
79201  49.734  -15.926  33.596 0.0000000000
79193  50.051  -15.668  34.459 0.0000000000
72440  42.860  -21.916  32.921 0.0000000000
71179  45.113  -22.827  34.821 0.0000000000
71188  46.222  -22.250  34.446 0.0000000000
71177  46.515  -22.870  35.228 0.0000000000
67465  36.806  -26.544  42.403 0.0000000000
67454  37.921  -25.970  43.483 0.0000000000
66283  39.802  -26.366  45.088 0.0000000000
67441  39.344  -25.633  44.911 0.0000000000
66268  40.316  -25.948  45.706 0.0000000000
67429  41.048  -25.716  46.477 0.0000000000
55364  39.589  -35.629  50.973 0.0000000000
56568  40.263  -35.378  51.545 0.0000000000
56589  42.696  -34.443  51.662 0.0000000000
79291  49.225  -16.527  26.293 0.0000000000
80346  51.572  -16.055  27.241 0.0000000000
79290  50.397  -16.409  26.365 0.0000000000
80359  51.218  -16.199  26.825 0.0000000000
80344  53.338  -15.277  27.327 0.0000000000
78256  55.284  -16.440  21.431 0.0000000000
77190  56.542  -16.963  20.657 0.0000000000
77189  57.181  -16.770  20.348 0.0000000000
77171  57.058  -17.185  21.254 0.0000000000
77159  56.745  -17.366  22.171 0.0000000000
77155  55.583  -17.364  22.884 0.0000000000
77154  56.353  -17.413  23.000 0.0000000000
77150  55.845  -17.368  23.701 0.0000000000
77149  56.789  -17.175  23.780 0.0000000000
52854  32.711  -38.868  56.064 0.0000000000
51568  33.778  -39.752  58.566 0.0000000000
51593  34.168  -39.321  57.685 0.0000000000
51567  34.796  -39.449  58.174 0.0000000000
51566  35.318  -39.609  58.607 0.0000000000
54002  19.597  -36.716  62.480 0.0000000000
54003  18.574  -36.804  62.339 0.0000000000
55236  18.149  -36.230  63.980 0.0000000000
55235  19.088  -36.262  64.016 0.0000000000
55208  19.510  -35.778  65.790 0.0000000000
55209  18.493  -35.781  65.658 0.0000000000
53973  15.813  -36.964  64.003 0.0000000000
53972  16.755  -36.457  64.250 0.0000000000
53961  16.524  -36.275  64.885 0.0000000000
77126  50.733  -17.580  28.469 0.0000000000
76067  50.246  -18.700  29.385 0.0000000000
74943  50.333  -18.891  29.794 0.0000000000
76053  50.812  -18.158  30.735 0.0000000000
74925  50.283  -18.908  30.247 0.0000000000
76069  48.461  -19.210  29.145 0.0000000000
76040  49.971  -18.279  31.392 0.0000000000
77095  48.681  -17.481  32.415 0.0000000000
77077  48.125  -18.080  32.815 0.0000000000
77064  48.812  -17.741  33.607 0.0000000000
68765  44.221  -24.505  36.822 0.0000000000
68764  44.808  -24.261  36.896 0.0000000000
68746  44.893  -24.390  37.432 0.0000000000
71095  47.025  -22.723  39.539 0.0000000000
69847  46.803  -23.483  42.891 0.0000000000
71059  47.799  -22.697  42.720 0.0000000000
71067  48.556  -22.371  42.083 0.0000000000
72305  49.402  -21.887  41.842 0.0000000000
61578  39.398  -30.336  43.763 0.0000000000
62791  39.860  -29.537  44.182 0.0000000000
62778  39.912  -29.974  44.644 0.0000000000
79293  47.108  -15.538  26.130 0.0000000000
79292  48.124  -16.022  26.131 0.0000000000
78207  47.846  -16.209  26.671 0.0000000000
78181  48.558  -17.011  27.795 0.0000000000
78180  49.334  -16.955  27.659 0.0000000000
47975  11.459  -41.426  61.379 0.0000000000
49130  12.057  -41.100  61.940 0.0000000000
47946  10.892  -42.094  63.806 0.0000000000
47945  11.505  -41.564  63.360 0.0000000000
47912  11.230  -41.336  65.515 0.0000000000
46757  9.014  -43.628  63.081 0.0000000000
46756  9.563  -43.028  63.674 0.0000000000
46740  9.455  -42.836  64.721 0.0000000000
68823  40.388  -24.637  34.396 0.0000000000
69957  40.230  -24.065  33.948 0.0000000000
69955  42.389  -23.819  34.615 0.0000000000
68821  42.290  -24.624  35.150 0.0000000000
68809  42.749  -24.649  35.796 0.0000000000
68790  41.871  -25.562  36.404 0.0000000000
68789  42.485  -25.231  36.713 0.0000000000
68767  42.743  -25.330  37.745 0.0000000000
68748  43.326  -25.171  38.491 0.0000000000
68749  42.738  -25.434  38.311 0.0000000000
66441  40.201  -26.350  36.558 0.0000000000
67554  41.774  -25.931  38.661 0.0000000000
67534  42.679  -25.631  39.714 0.0000000000
67533  43.200  -25.438  39.849 0.0000000000
68700  44.007  -24.949  40.975 0.0000000000
68701  43.179  -25.388  41.229 0.0000000000
69837  43.970  -23.571  44.116 0.0000000000
54250  35.851  -36.279  47.697 0.0000000000
54249  36.689  -36.140  48.046 0.0000000000
54230  36.338  -36.426  48.775 0.0000000000
52996  34.771  -36.834  49.922 0.0000000000
54190  35.092  -36.861  50.301 0.0000000000
54146  37.146  -36.957  52.163 0.0000000000
54165  38.100  -36.165  51.343 0.0000000000
54121  39.218  -36.867  53.368 0.0000000000
54104  40.009  -36.916  54.025 0.0000000000
55330  40.457  -36.523  54.188 0.0000000000
54103  40.594  -36.933  54.615 0.0000000000
52871  34.248  -38.763  55.838 0.0000000000
52892  33.972  -38.533  55.046 0.0000000000
51644  34.488  -38.681  55.385 0.0000000000
51642  36.209  -39.052  55.572 0.0000000000
51666  36.540  -38.832  54.483 0.0000000000
51589  39.643  -39.506  57.499 0.0000000000
50396  39.127  -39.554  56.938 0.0000000000
50432  38.567  -39.281  55.938 0.0000000000
50431  39.048  -39.286  55.850 0.0000000000
51613  40.131  -39.163  56.669 0.0000000000
51612  41.080  -38.450  56.408 0.0000000000
52830  41.685  -37.307  56.495 0.0000000000
54010  28.922  -37.768  62.021 0.0000000000
54011  28.148  -37.449  61.739 0.0000000000
54012  27.287  -37.262  61.388 0.0000000000
55251  26.520  -36.818  61.117 0.0000000000
55261  25.923  -36.686  60.467 0.0000000000
54069  24.863  -37.357  57.726 0.0000000000
54057  25.287  -37.222  58.627 0.0000000000
54058  24.598  -36.823  58.409 0.0000000000
55273  24.337  -36.360  59.378 0.0000000000
55262  24.888  -36.183  60.629 0.0000000000
55263  24.070  -35.924  60.407 0.0000000000
56395  24.324  -35.947  60.967 0.0000000000
55290  22.220  -36.539  59.469 0.0000000000
55275  22.821  -36.161  60.063 0.0000000000
55276  22.191  -36.603  60.448 0.0000000000
54044  21.442  -36.914  59.991 0.0000000000
52924  20.533  -37.960  53.339 0.0000000000
54132  20.942  -37.606  54.009 0.0000000000
54112  21.549  -37.519  54.769 0.0000000000
54113  20.892  -37.712  55.016 0.0000000000
51693  19.378  -38.822  53.268 0.0000000000
51673  19.280  -38.872  54.186 0.0000000000
52861  19.761  -38.508  55.824 0.0000000000
52860  20.339  -38.061  56.351 0.0000000000
54097  20.836  -37.794  55.856 0.0000000000
52818  20.284  -37.519  58.487 0.0000000000
52797  20.081  -37.531  59.160 0.0000000000
54046  19.901  -37.500  59.513 0.0000000000
52800  17.359  -38.274  59.315 0.0000000000
52782  17.065  -37.881  60.170 0.0000000000
51629  15.485  -39.220  56.342 0.0000000000
51576  15.415  -39.097  58.396 0.0000000000
51551  15.494  -38.854  59.228 0.0000000000
52802  15.682  -38.515  60.028 0.0000000000
51579  13.466  -40.165  58.847 0.0000000000
50387  13.395  -40.215  59.221 0.0000000000
49181  11.470  -40.798  58.702 0.0000000000
49170  10.963  -41.090  59.119 0.0000000000
49159  11.218  -41.273  59.744 0.0000000000
55390  30.127  -36.641  49.440 0.0000000000
54170  30.815  -37.622  51.066 0.0000000000
54148  31.294  -37.574  51.715 0.0000000000
54217  28.690  -36.691  49.554 0.0000000000
55377  28.908  -36.669  49.608 0.0000000000
54195  28.945  -37.098  50.144 0.0000000000
54172  29.621  -37.487  51.160 0.0000000000
54125  30.376  -37.777  52.770 0.0000000000
54124  30.854  -37.580  52.596 0.0000000000
52895  30.919  -38.033  54.032 0.0000000000
51646  30.006  -39.112  54.967 0.0000000000
51645  30.664  -39.044  54.979 0.0000000000
50416  30.796  -39.627  56.863 0.0000000000
50417  29.880  -39.590  56.733 0.0000000000
51648  27.750  -38.971  55.518 0.0000000000
50385  28.514  -39.643  58.411 0.0000000000
50384  29.470  -39.800  58.465 0.0000000000
50369  29.676  -39.755  59.489 0.0000000000
50349  30.086  -39.788  60.106 0.0000000000
51523  29.551  -39.100  60.674 0.0000000000
52777  28.737  -38.090  60.966 0.0000000000
52755  29.581  -38.022  62.459 0.0000000000
52757  28.098  -38.084  62.729 0.0000000000
55234  20.166  -36.237  63.863 0.0000000000
55233  21.268  -36.148  63.821 0.0000000000
53969  21.067  -36.103  65.240 0.0000000000
49113  12.615  -40.522  63.413 0.0000000000
50290  13.219  -40.094  63.918 0.0000000000
50267  13.129  -40.036  64.779 0.0000000000
51419  13.233  -39.151  67.117 0.0000000000
52703  14.013  -37.892  66.985 0.0000000000
52689  13.878  -37.735  67.840 0.0000000000
81379  55.863  -14.011  30.620 0.0000000000
80290  56.040  -14.194  32.000 0.0000000000
77114  51.954  -17.760  29.646 0.0000000000
78166  52.916  -16.818  29.563 0.0000000000
79231  52.000  -15.193  31.597 0.0000000000
80280  50.424  -14.745  33.557 0.0000000000
81342  50.764  -14.319  33.576 0.0000000000
80279  52.852  -14.265  33.775 0.0000000000
81339  53.185  -13.838  33.444 0.0000000000
80268  53.026  -14.750  33.939 0.0000000000
79199  53.606  -15.248  33.600 0.0000000000
73741  44.639  -21.013  30.797 0.0000000000
72452  44.344  -21.208  32.722 0.0000000000
73697  47.026  -20.809  33.249 0.0000000000
74889  46.477  -20.744  32.853 0.0000000000
74898  46.699  -20.649  32.637 0.0000000000
74887  47.669  -19.934  33.064 0.0000000000
73682  48.948  -20.251  34.596 0.0000000000
74886  48.327  -19.608  33.432 0.0000000000
74867  49.297  -18.658  34.474 0.0000000000
69905  46.254  -23.587  37.047 0.0000000000
71132  47.588  -22.144  37.766 0.0000000000
71153  47.785  -22.272  36.602 0.0000000000
72387  47.967  -21.856  37.184 0.0000000000
72373  49.338  -20.903  38.358 0.0000000000
73650  49.139  -20.758  37.033 0.0000000000
72386  48.481  -21.452  36.799 0.0000000000
73658  49.564  -20.068  36.796 0.0000000000
66359  37.275  -26.607  40.035 0.0000000000
66358  38.188  -26.564  40.016 0.0000000000
66357  38.637  -26.515  39.999 0.0000000000
67517  38.784  -26.244  40.446 0.0000000000
68673  40.063  -24.761  43.219 0.0000000000
68705  39.846  -25.509  41.988 0.0000000000
68672  40.855  -24.735  43.087 0.0000000000
68686  41.164  -25.077  42.438 0.0000000000
69839  41.440  -24.368  43.685 0.0000000000
71026  43.313  -23.056  46.140 0.0000000000
55388  39.725  -34.926  49.230 0.0000000000
55402  39.520  -34.735  48.538 0.0000000000
56633  39.997  -34.581  48.669 0.0000000000
57942  40.366  -33.498  47.806 0.0000000000
57943  39.926  -33.889  47.455 0.0000000000
57970  40.292  -33.053  47.245 0.0000000000
59192  39.928  -32.652  46.259 0.0000000000
61513  40.967  -31.085  46.996 0.0000000000
61533  41.007  -30.560  46.429 0.0000000000
61532  41.540  -30.093  46.909 0.0000000000
56487  43.019  -35.133  55.347 0.0000000000
56515  44.024  -34.423  54.117 0.0000000000
57787  44.258  -33.502  53.030 0.0000000000
57832  43.669  -33.484  51.924 0.0000000000
59083  43.948  -32.765  52.074 0.0000000000
62711  43.961  -30.100  51.391 0.0000000000
61446  44.089  -31.238  52.327 0.0000000000
61456  43.429  -31.187  51.161 0.0000000000
61468  42.871  -30.958  50.273 0.0000000000
61481  42.380  -30.846  49.366 0.0000000000
62718  42.833  -30.405  49.762 0.0000000000
63909  43.103  -29.172  48.732 0.0000000000
62736  42.392  -29.715  48.268 0.0000000000
62748  42.374  -29.302  47.805 0.0000000000
65104  43.666  -27.028  47.918 0.0000000000
66238  43.361  -26.355  47.761 0.0000000000
67417  42.226  -25.810  47.263 0.0000000000
67404  43.823  -25.708  48.082 0.0000000000
66207  45.702  -26.552  50.450 0.0000000000
67370  45.399  -25.129  49.639 0.0000000000
68605  44.170  -24.424  48.855 0.0000000000
67391  43.254  -24.642  48.115 0.0000000000
69760  43.332  -23.953  48.403 0.0000000000
69773  42.895  -23.816  48.179 0.0000000000
69772  43.461  -23.682  48.447 0.0000000000
82406  53.233  -12.344  23.303 0.0000000000
80380  48.644  -14.842  24.729 0.0000000000
80388  52.492  -14.380  23.376 0.0000000000
79323  53.696  -15.768  23.125 0.0000000000
78214  54.681  -16.740  25.597 0.0000000000
78226  53.937  -16.891  24.564 0.0000000000
78199  55.171  -16.103  26.222 0.0000000000
80354  55.400  -14.071  26.535 0.0000000000
80368  56.032  -14.608  26.299 0.0000000000
80353  56.430  -13.835  26.520 0.0000000000
82377  57.183  -12.855  27.812 0.0000000000
79364  55.822  -15.771  19.397 0.0000000000
80446  55.500  -14.744  18.488 0.0000000000
79380  56.065  -15.444  18.424 0.0000000000
78243  58.147  -15.730  21.966 0.0000000000
52725  30.742  -38.907  62.964 0.0000000000
51495  14.308  -39.358  62.021 0.0000000000
71049  45.585  -23.037  44.321 0.0000000000
71038  45.041  -22.662  44.993 0.0000000000
52965  32.469  -37.860  51.232 0.0000000000
52964  33.465  -37.951  51.419 0.0000000000
52915  34.054  -38.452  54.001 0.0000000000
52880  24.574  -37.784  55.390 0.0000000000
52947  24.971  -38.205  52.091 0.0000000000
52922  25.240  -38.226  53.344 0.0000000000
55256  22.714  -35.929  62.163 0.0000000000
55245  23.296  -35.731  62.598 0.0000000000
55246  22.620  -35.897  62.858 0.0000000000
55232  22.383  -36.038  63.646 0.0000000000
78165  53.604  -16.244  30.006 0.0000000000
78112  49.207  -16.744  33.646 0.0000000000
78111  49.670  -16.286  34.242 0.0000000000
71191  43.717  -22.403  34.049 0.0000000000
69953  44.077  -22.928  34.439 0.0000000000
69942  45.373  -23.265  35.348 0.0000000000
65163  38.710  -27.161  43.587 0.0000000000
66298  38.764  -26.570  44.096 0.0000000000
66297  39.387  -26.716  44.490 0.0000000000
66282  40.618  -26.582  45.479 0.0000000000
56545  41.361  -35.458  53.376 0.0000000000
56544  42.587  -35.123  53.402 0.0000000000
79274  50.201  -16.447  26.949 0.0000000000
80337  50.636  -16.360  27.267 0.0000000000
80336  51.090  -16.248  27.449 0.0000000000
80345  52.404  -15.782  27.336 0.0000000000
77160  55.816  -17.276  22.161 0.0000000000
78257  54.916  -16.418  22.045 0.0000000000
78245  54.586  -16.449  22.515 0.0000000000
51619  31.914  -39.457  56.627 0.0000000000
51618  32.732  -39.229  56.709 0.0000000000
51569  33.077  -39.890  58.380 0.0000000000
51543  33.945  -39.837  59.251 0.0000000000
54018  17.320  -37.431  61.068 0.0000000000
53986  17.674  -36.556  63.398 0.0000000000
53971  17.354  -36.324  64.046 0.0000000000
52717  15.343  -37.091  65.095 0.0000000000
53962  15.917  -36.488  65.231 0.0000000000
76085  49.029  -18.286  28.729 0.0000000000
76068  49.462  -18.934  29.226 0.0000000000
74946  47.814  -20.112  30.024 0.0000000000
68730  45.002  -24.528  38.400 0.0000000000
69846  47.297  -23.095  43.155 0.0000000000
77136  48.054  -17.033  27.956 0.0000000000
47976  10.766  -41.851  61.633 0.0000000000
67613  41.415  -25.730  36.313 0.0000000000
67594  41.673  -25.819  36.977 0.0000000000
66395  40.479  -26.508  38.357 0.0000000000
67555  41.197  -26.224  38.334 0.0000000000
67513  42.247  -25.755  40.323 0.0000000000
67491  42.528  -25.599  40.936 0.0000000000
68702  42.333  -25.406  41.608 0.0000000000
52962  35.435  -37.463  51.391 0.0000000000
54168  35.860  -37.232  51.281 0.0000000000
54147  36.632  -37.230  52.109 0.0000000000
54145  38.320  -36.633  52.423 0.0000000000
52910  38.744  -37.376  53.557 0.0000000000
52889  39.351  -37.613  54.185 0.0000000000
52851  35.229  -39.086  56.783 0.0000000000
51617  35.204  -39.100  56.308 0.0000000000
52850  36.106  -39.237  57.080 0.0000000000
51562  40.343  -39.557  58.397 0.0000000000
54025  27.986  -37.575  61.203 0.0000000000
54040  26.685  -37.410  60.244 0.0000000000
54027  26.450  -37.075  60.449 0.0000000000
55299  23.774  -36.679  57.571 0.0000000000
55288  23.470  -36.300  58.617 0.0000000000
51692  20.055  -38.460  53.253 0.0000000000
51674  18.271  -39.372  54.536 0.0000000000
51651  18.662  -39.308  55.661 0.0000000000
51625  19.196  -38.949  56.146 0.0000000000
52840  19.554  -38.537  56.940 0.0000000000
52780  18.680  -37.779  59.699 0.0000000000
52799  18.371  -38.393  58.830 0.0000000000
51549  17.500  -38.568  58.773 0.0000000000
51606  13.414  -40.073  58.420 0.0000000000
55375  29.755  -36.718  49.796 0.0000000000
52984  27.622  -37.782  50.248 0.0000000000
54196  28.225  -37.584  50.421 0.0000000000
54173  28.880  -37.849  51.292 0.0000000000
54126  29.773  -38.071  53.069 0.0000000000
52896  30.255  -38.246  53.978 0.0000000000
52897  29.619  -38.320  53.781 0.0000000000
52877  29.134  -38.551  54.250 0.0000000000
51647  28.850  -38.833  55.048 0.0000000000
51597  27.438  -39.210  57.407 0.0000000000
51570  27.961  -39.400  58.614 0.0000000000
51544  28.925  -39.287  59.816 0.0000000000
49080  12.025  -40.596  65.166 0.0000000000
50245  12.857  -39.911  65.585 0.0000000000
80291  55.474  -14.252  32.489 0.0000000000
79215  54.715  -15.196  32.945 0.0000000000
77104  51.760  -17.446  30.451 0.0000000000
78156  51.441  -16.378  31.129 0.0000000000
79246  51.702  -15.702  31.329 0.0000000000
80307  51.615  -14.742  32.104 0.0000000000
80270  51.166  -14.613  34.444 0.0000000000
72420  45.879  -21.512  33.864 0.0000000000
72437  45.398  -21.222  33.479 0.0000000000
73684  46.460  -21.202  33.478 0.0000000000
73683  46.730  -21.185  33.487 0.0000000000
73696  47.922  -20.555  33.336 0.0000000000
72362  48.050  -21.612  38.293 0.0000000000
68654  39.493  -24.884  44.970 0.0000000000
68663  39.246  -24.868  44.109 0.0000000000
69827  39.847  -24.637  44.561 0.0000000000
69826  40.571  -24.357  44.512 0.0000000000
69813  41.815  -23.798  45.888 0.0000000000
69799  42.509  -23.515  47.230 0.0000000000
56631  41.068  -34.337  49.678 0.0000000000
57884  41.152  -33.806  49.275 0.0000000000
59165  40.646  -32.562  47.683 0.0000000000
60341  41.060  -32.000  48.096 0.0000000000
60356  41.405  -31.383  47.992 0.0000000000
57731  44.455  -33.859  55.596 0.0000000000
59034  44.583  -32.822  55.118 0.0000000000
59044  44.420  -32.831  54.172 0.0000000000
62717  43.297  -29.952  50.157 0.0000000000
62724  43.195  -29.546  49.565 0.0000000000
63899  43.586  -28.994  49.550 0.0000000000
63908  43.712  -28.264  48.442 0.0000000000
63919  43.416  -28.007  47.833 0.0000000000
65103  44.096  -27.321  48.293 0.0000000000
66236  44.491  -26.552  48.520 0.0000000000
79306  50.482  -16.264  25.361 0.0000000000
78219  50.792  -16.077  24.898 0.0000000000
79325  52.165  -15.450  23.679 0.0000000000
78215  53.812  -16.595  25.709 0.0000000000
80343  54.128  -14.473  27.226 0.0000000000
81414  54.915  -13.751  27.089 0.0000000000
78285  56.846  -16.212  19.396 0.0000000000
78302  57.260  -15.743  19.045 0.0000000000
78284  57.798  -15.687  19.390 0.0000000000
79361  58.561  -15.395  19.172 0.0000000000
81429  58.529  -13.642  25.047 0.0000000000
50347  31.878  -40.115  60.461 0.0000000000
51471  31.302  -39.504  62.680 0.0000000000
52771  15.777  -38.248  61.578 0.0000000000
54006  16.039  -37.675  62.339 0.0000000000
52761  15.728  -37.984  62.382 0.0000000000
52746  15.552  -37.851  62.990 0.0000000000
53974  15.501  -37.518  63.615 0.0000000000
51478  14.870  -38.542  63.294 0.0000000000
53963  15.329  -36.908  65.546 0.0000000000
76071  46.158  -19.110  28.908 0.0000000000
73739  46.779  -20.564  31.418 0.0000000000
71048  46.507  -22.905  44.200 0.0000000000
46782  9.415  -42.975  61.473 0.0000000000
44334  8.145  -44.407  62.188 0.0000000000
45477  8.444  -43.657  64.753 0.0000000000
66396  39.471  -26.680  38.229 0.0000000000
66376  40.046  -26.645  39.022 0.0000000000
52963  34.513  -37.883  51.467 0.0000000000
52914  36.115  -38.219  52.850 0.0000000000
51686  36.791  -38.386  53.505 0.0000000000
52837  26.036  -38.202  58.317 0.0000000000
52838  25.468  -37.826  57.943 0.0000000000
54082  24.041  -37.356  56.411 0.0000000000
50443  17.627  -39.489  54.938 0.0000000000
50434  17.413  -39.496  55.374 0.0000000000
51627  16.988  -39.459  55.778 0.0000000000
51628  16.329  -39.289  56.124 0.0000000000
51690  27.726  -38.714  53.937 0.0000000000
51691  27.309  -38.776  54.311 0.0000000000
51671  27.074  -38.854  54.881 0.0000000000
51649  26.836  -38.895  55.876 0.0000000000
81397  54.873  -14.400  28.252 0.0000000000
80326  55.516  -14.572  29.630 0.0000000000
80317  55.204  -14.576  30.641 0.0000000000
80303  54.908  -14.216  31.346 0.0000000000
81369  54.023  -13.783  32.128 0.0000000000
79233  50.272  -15.521  32.314 0.0000000000
79217  49.993  -15.333  32.816 0.0000000000
80296  50.069  -15.112  33.135 0.0000000000
80271  50.477  -14.886  34.121 0.0000000000
80272  50.171  -15.425  33.934 0.0000000000
72422  44.330  -21.746  33.910 0.0000000000
72421  45.013  -21.595  34.002 0.0000000000
71176  47.563  -22.462  35.363 0.0000000000
72321  48.973  -21.764  40.809 0.0000000000
67476  36.571  -26.529  41.924 0.0000000000
67498  36.714  -26.306  41.422 0.0000000000
67475  37.133  -25.976  42.101 0.0000000000
68676  37.973  -25.475  43.436 0.0000000000
68664  38.660  -25.289  44.144 0.0000000000
67442  38.863  -25.782  44.448 0.0000000000
68655  39.108  -25.354  44.592 0.0000000000
68645  40.144  -24.871  45.669 0.0000000000
67419  40.879  -24.873  46.638 0.0000000000
54209  38.530  -35.831  49.678 0.0000000000
54227  38.649  -35.550  49.172 0.0000000000
55373  39.728  -35.424  50.046 0.0000000000
56610  40.609  -34.879  49.999 0.0000000000
56591  40.897  -34.982  50.950 0.0000000000
56609  41.376  -34.491  50.298 0.0000000000
57857  41.968  -33.775  50.398 0.0000000000
57856  42.542  -33.417  50.748 0.0000000000
79305  51.053  -16.377  25.748 0.0000000000
78204  51.310  -16.414  25.866 0.0000000000
78203  51.743  -16.482  25.946 0.0000000000
78202  52.457  -16.541  26.048 0.0000000000
80431  55.168  -14.805  19.600 0.0000000000
79352  55.287  -15.639  20.397 0.0000000000
78286  56.243  -16.324  19.824 0.0000000000
77204  57.495  -16.286  19.862 0.0000000000
77188  57.792  -16.288  20.391 0.0000000000
78255  58.246  -15.835  20.949 0.0000000000
78242  58.567  -15.092  21.422 0.0000000000
78234  57.787  -15.992  23.022 0.0000000000
77153  57.225  -17.002  23.168 0.0000000000
78223  57.332  -16.355  24.107 0.0000000000
78212  56.841  -16.130  25.178 0.0000000000
52894  31.868  -37.954  53.911 0.0000000000
52872  33.325  -38.606  55.486 0.0000000000
52836  33.200  -39.101  56.702 0.0000000000
52835  33.876  -39.134  56.995 0.0000000000
52834  34.737  -39.082  57.275 0.0000000000
52815  35.117  -39.215  57.702 0.0000000000
52814  35.722  -39.341  58.072 0.0000000000
50346  32.812  -40.027  60.343 0.0000000000
50345  33.604  -39.941  60.302 0.0000000000
50344  34.193  -39.897  59.999 0.0000000000
51520  34.628  -39.954  60.223 0.0000000000
54154  22.966  -37.083  52.029 0.0000000000
54015  20.484  -36.813  61.733 0.0000000000
54001  20.505  -36.516  62.785 0.0000000000
53983  20.193  -36.407  63.311 0.0000000000
55224  17.393  -36.116  64.559 0.0000000000
55211  16.672  -36.094  65.304 0.0000000000
77125  51.735  -17.638  28.832 0.0000000000
76082  51.440  -18.150  29.427 0.0000000000
76065  51.424  -18.083  30.083 0.0000000000
76052  51.343  -17.917  30.411 0.0000000000
77093  50.414  -17.590  31.360 0.0000000000
74926  49.547  -19.273  30.436 0.0000000000
76054  50.024  -18.829  30.838 0.0000000000
78145  49.509  -16.366  32.501 0.0000000000
78127  49.119  -16.478  32.889 0.0000000000
77055  49.242  -17.467  34.250 0.0000000000
75993  49.411  -18.100  34.726 0.0000000000
69924  44.208  -24.101  36.027 0.0000000000
69923  44.997  -23.691  35.989 0.0000000000
69907  44.728  -24.121  36.511 0.0000000000
69857  47.294  -23.138  42.446 0.0000000000
71069  47.255  -23.026  40.986 0.0000000000
71078  47.821  -22.597  40.714 0.0000000000
71077  48.362  -22.292  41.193 0.0000000000
63985  39.156  -29.012  43.119 0.0000000000
62790  40.277  -29.066  44.504 0.0000000000
55309  42.175  -36.266  56.574 0.0000000000
56488  42.200  -35.740  55.608 0.0000000000
56435  42.879  -35.418  57.331 0.0000000000
78205  49.170  -16.679  26.770 0.0000000000
78190  49.128  -16.743  27.115 0.0000000000
81441  53.796  -13.551  22.385 0.0000000000
49143  12.546  -40.718  61.489 0.0000000000
49114  12.115  -41.109  62.903 0.0000000000
49097  12.102  -40.992  63.955 0.0000000000
47903  10.970  -41.284  66.271 0.0000000000
49073  10.968  -41.014  66.741 0.0000000000
71201  42.291  -22.392  33.389 0.0000000000
71192  42.813  -22.855  33.989 0.0000000000
69925  43.710  -24.287  36.040 0.0000000000
68716  44.231  -24.886  39.985 0.0000000000
67596  40.251  -26.066  36.190 0.0000000000
67595  40.809  -26.117  36.655 0.0000000000
67573  41.702  -25.917  37.852 0.0000000000
67572  42.292  -25.634  38.149 0.0000000000
67552  43.093  -25.417  39.284 0.0000000000
71051  44.227  -23.276  44.537 0.0000000000
71039  44.065  -23.013  45.026 0.0000000000
53008  34.569  -36.909  49.284 0.0000000000
53007  34.917  -36.698  49.474 0.0000000000
54189  35.619  -36.969  50.701 0.0000000000
54212  35.966  -36.572  49.747 0.0000000000
54211  36.901  -36.331  49.684 0.0000000000
54210  37.828  -36.195  49.669 0.0000000000
54186  38.293  -36.036  50.466 0.0000000000
55365  38.827  -35.916  51.176 0.0000000000
55355  39.447  -35.948  52.086 0.0000000000
54144  39.314  -36.408  52.812 0.0000000000
55329  40.973  -36.222  54.703 0.0000000000
51688  34.898  -38.762  54.092 0.0000000000
51643  35.098  -38.937  55.681 0.0000000000
51665  37.744  -38.551  54.278 0.0000000000
51591  37.277  -39.164  57.715 0.0000000000
51590  38.311  -39.295  57.347 0.0000000000
51664  38.945  -38.426  54.573 0.0000000000
51663  39.525  -38.177  54.728 0.0000000000
52869  39.900  -37.916  54.784 0.0000000000
51638  40.801  -38.145  55.687 0.0000000000
52868  40.617  -37.691  55.120 0.0000000000
54080  41.661  -36.950  56.202 0.0000000000
55321  41.766  -36.361  55.809 0.0000000000
52728  29.392  -38.499  63.752 0.0000000000
55242  26.187  -36.831  61.673 0.0000000000
52816  26.159  -37.774  59.089 0.0000000000
54041  26.164  -37.217  59.781 0.0000000000
55271  25.735  -36.835  59.899 0.0000000000
54043  24.988  -36.814  59.166 0.0000000000
55253  24.836  -36.178  61.427 0.0000000000
55264  23.386  -35.901  60.670 0.0000000000
54028  21.978  -36.566  61.460 0.0000000000
54130  22.189  -37.227  53.378 0.0000000000
54111  22.142  -37.461  54.506 0.0000000000
54095  22.102  -37.334  55.664 0.0000000000
52882  19.805  -38.521  54.867 0.0000000000
54085  21.805  -36.900  56.892 0.0000000000
54072  21.538  -36.609  58.024 0.0000000000
54060  20.931  -36.970  58.501 0.0000000000
54032  18.218  -37.514  60.413 0.0000000000
52769  16.701  -37.731  60.849 0.0000000000
52770  16.276  -37.908  61.284 0.0000000000
52822  16.632  -38.528  58.640 0.0000000000
51603  15.440  -39.156  57.437 0.0000000000
52801  16.357  -38.344  59.285 0.0000000000
52784  15.798  -38.365  60.797 0.0000000000
52785  15.269  -38.734  61.028 0.0000000000
51527  14.401  -39.446  60.529 0.0000000000
51553  14.169  -39.695  60.041 0.0000000000
50353  13.826  -39.759  60.615 0.0000000000
50375  12.242  -40.626  59.049 0.0000000000
50355  12.376  -40.703  59.789 0.0000000000
49158  11.934  -41.085  60.343 0.0000000000
47992  9.966  -42.313  60.855 0.0000000000
54169  31.594  -37.744  51.102 0.0000000000
55376  29.247  -36.675  49.697 0.0000000000
54171  30.182  -37.483  51.116 0.0000000000
54149  30.787  -37.515  51.862 0.0000000000
54105  31.376  -37.707  53.032 0.0000000000
52875  30.613  -38.558  54.534 0.0000000000
52856  31.102  -38.833  55.049 0.0000000000
50398  31.258  -39.932  57.607 0.0000000000
50382  31.379  -40.212  58.597 0.0000000000
50419  28.383  -39.421  56.818 0.0000000000
50418  28.922  -39.507  56.768 0.0000000000
50383  30.417  -39.975  58.543 0.0000000000
50348  30.690  -39.877  60.604 0.0000000000
50326  30.675  -39.452  61.462 0.0000000000
51505  30.364  -38.901  61.736 0.0000000000
51506  29.979  -38.718  61.409 0.0000000000
52754  30.273  -38.496  62.224 0.0000000000
52740  30.334  -38.307  62.833 0.0000000000
50314  13.133  -40.064  62.930 0.0000000000
50266  13.662  -39.516  64.503 0.0000000000
51441  13.365  -39.455  65.593 0.0000000000
51440  13.787  -38.898  65.407 0.0000000000
52719  14.172  -38.000  66.031 0.0000000000
78154  53.238  -16.183  30.409 0.0000000000
79244  53.338  -15.577  30.729 0.0000000000
80305  53.440  -14.407  31.500 0.0000000000
81356  53.634  -13.642  32.830 0.0000000000
80308  50.900  -14.899  32.260 0.0000000000
80294  51.269  -14.385  32.648 0.0000000000
80293  51.963  -14.251  32.554 0.0000000000
81341  51.353  -14.067  33.646 0.0000000000
81358  51.747  -14.030  33.087 0.0000000000
81357  52.649  -13.844  32.840 0.0000000000
81338  53.911  -13.842  33.323 0.0000000000
72466  44.022  -21.357  32.173 0.0000000000
73699  45.467  -20.972  33.119 0.0000000000
73719  46.288  -20.694  32.188 0.0000000000
74913  46.897  -20.534  32.411 0.0000000000
74912  47.203  -20.321  32.218 0.0000000000
76024  47.635  -19.613  32.566 0.0000000000
76010  47.935  -18.887  33.134 0.0000000000
76009  48.601  -18.642  33.554 0.0000000000
75987  49.611  -18.122  35.544 0.0000000000
69941  45.916  -23.154  35.352 0.0000000000
71175  48.154  -22.045  35.796 0.0000000000
72340  48.710  -21.689  39.707 0.0000000000
72360  49.406  -21.037  39.172 0.0000000000
73671  48.926  -20.509  35.330 0.0000000000
74841  49.326  -20.059  35.678 0.0000000000
66377  38.917  -26.600  39.447 0.0000000000
67538  39.320  -26.403  40.095 0.0000000000
67497  37.564  -25.861  41.598 0.0000000000
67496  38.442  -25.780  41.359 0.0000000000
68674  39.293  -24.875  43.371 0.0000000000
68706  38.993  -25.452  42.041 0.0000000000
67495  39.315  -25.787  41.263 0.0000000000
67494  40.186  -25.782  41.198 0.0000000000
69838  42.622  -23.906  43.856 0.0000000000
71040  43.548  -22.998  45.556 0.0000000000
55403  38.808  -35.134  48.532 0.0000000000
56656  39.334  -34.671  48.055 0.0000000000
56654  40.294  -34.159  48.362 0.0000000000
56677  39.563  -34.262  47.537 0.0000000000
60393  39.825  -31.229  45.270 0.0000000000
60377  40.574  -31.498  46.683 0.0000000000
60392  40.301  -31.328  45.970 0.0000000000
61549  39.896  -30.440  44.936 0.0000000000
62764  40.994  -29.655  45.638 0.0000000000
63935  40.919  -29.093  45.172 0.0000000000
56486  43.923  -34.620  55.059 0.0000000000
56543  43.524  -34.705  53.375 0.0000000000
56565  43.056  -34.703  52.517 0.0000000000
56588  43.326  -34.144  51.941 0.0000000000
57833  43.047  -33.609  51.311 0.0000000000
59095  42.852  -32.786  50.833 0.0000000000
60276  44.336  -32.099  53.329 0.0000000000
61437  44.530  -30.965  53.655 0.0000000000
60286  44.097  -32.165  52.425 0.0000000000
60298  43.156  -32.039  51.017 0.0000000000
60312  42.588  -31.983  50.284 0.0000000000
60325  42.460  -31.408  49.843 0.0000000000
61482  41.948  -31.299  48.991 0.0000000000
61497  41.896  -30.748  48.446 0.0000000000
62725  42.814  -29.897  49.257 0.0000000000
62737  41.935  -30.174  47.890 0.0000000000
63934  41.260  -28.464  45.685 0.0000000000
65130  41.680  -27.249  46.259 0.0000000000
66281  41.183  -26.638  45.887 0.0000000000
66253  42.006  -26.363  46.865 0.0000000000
66266  41.387  -26.192  46.426 0.0000000000
67418  41.464  -25.346  47.079 0.0000000000
67406  42.008  -24.854  47.595 0.0000000000
65094  45.381  -27.274  50.349 0.0000000000
66221  44.944  -26.631  49.197 0.0000000000
67389  44.660  -25.485  48.787 0.0000000000
68631  41.672  -24.471  47.412 0.0000000000
69787  42.059  -23.918  47.506 0.0000000000
69786  42.620  -23.655  47.792 0.0000000000
70996  42.960  -23.252  47.730 0.0000000000
70983  43.499  -23.320  48.258 0.0000000000
70995  43.588  -22.926  47.629 0.0000000000
79333  53.641  -15.287  22.847 0.0000000000
78236  54.151  -16.566  23.386 0.0000000000
79304  53.661  -16.271  26.167 0.0000000000
79303  53.836  -16.152  26.213 0.0000000000
79284  55.737  -15.659  26.223 0.0000000000
79301  56.482  -15.362  25.903 0.0000000000
81412  56.949  -13.138  27.032 0.0000000000
82385  57.550  -12.937  27.386 0.0000000000
44335  7.695  -44.554  62.065 0.0000000000
49079  12.668  -40.268  64.985 0.0000000000
49144  11.989  -41.063  61.143 0.0000000000
50301  30.633  -39.217  61.822 0.0000000000
50364  33.964  -39.879  59.672 0.0000000000
50365  33.419  -40.015  59.519 0.0000000000
50386  27.932  -39.507  58.177 0.0000000000
50402  27.721  -39.404  57.877 0.0000000000
50403  18.399  -39.358  56.558 0.0000000000
50414  39.430  -39.307  56.374 0.0000000000
50415  38.730  -39.401  56.445 0.0000000000
50420  18.278  -39.439  56.132 0.0000000000
50421  17.689  -39.511  56.057 0.0000000000
50444  17.271  -39.459  54.926 0.0000000000
51488  30.617  -39.064  62.116 0.0000000000
51526  14.763  -39.174  60.853 0.0000000000
51541  35.537  -39.902  59.171 0.0000000000
51548  17.748  -38.764  58.490 0.0000000000
51596  27.980  -39.348  56.856 0.0000000000
51672  19.803  -38.608  53.855 0.0000000000
51706  25.828  -38.457  51.826 0.0000000000
52739  30.666  -38.893  62.641 0.0000000000
52762  15.326  -38.306  62.782 0.0000000000
52767  30.061  -38.518  61.770 0.0000000000
52795  26.655  -37.761  59.813 0.0000000000
52831  36.802  -39.239  57.873 0.0000000000
52841  19.026  -38.917  57.147 0.0000000000
52870  34.816  -38.993  56.256 0.0000000000
52918  29.274  -38.244  53.335 0.0000000000
52961  35.958  -37.337  51.585 0.0000000000
52980  35.283  -37.183  50.932 0.0000000000
53009  34.046  -37.278  49.139 0.0000000000
53959  21.289  -35.970  65.345 0.0000000000
53981  22.361  -36.043  63.129 0.0000000000
53989  15.551  -37.674  63.272 0.0000000000
53994  29.029  -37.883  62.342 0.0000000000
54056  25.792  -37.321  59.100 0.0000000000
54071  23.687  -36.890  57.119 0.0000000000
54108  30.060  -38.163  53.599 0.0000000000
54174  28.246  -37.857  51.049 0.0000000000
55212  16.282  -36.225  65.485 0.0000000000
55237  17.636  -36.282  63.992 0.0000000000
55248  20.423  -36.370  63.318 0.0000000000
55266  22.107  -36.573  61.027 0.0000000000
55298  41.969  -36.683  56.815 0.0000000000
55310  42.051  -36.637  56.667 0.0000000000
55320  42.174  -36.081  56.191 0.0000000000
55372  40.111  -35.091  49.763 0.0000000000
55387  40.246  -34.847  49.526 0.0000000000
55392  28.831  -36.299  49.141 0.0000000000
56368  23.993  -35.735  62.122 0.0000000000
56379  24.516  -36.058  61.562 0.0000000000
56380  24.221  -35.869  61.546 0.0000000000
56542  44.081  -34.150  53.379 0.0000000000
56611  40.193  -35.218  50.106 0.0000000000
56676  40.044  -34.101  47.831 0.0000000000
57767  44.292  -33.614  53.813 0.0000000000
57786  44.280  -33.267  52.908 0.0000000000
57808  44.218  -33.180  52.679 0.0000000000
57809  44.080  -33.325  52.480 0.0000000000
59057  44.346  -33.092  53.072 0.0000000000
59071  44.306  -33.030  52.841 0.0000000000
59072  44.271  -32.799  52.758 0.0000000000
60313  42.132  -32.438  49.885 0.0000000000
62701  44.400  -29.510  52.182 0.0000000000
63885  44.152  -29.425  51.246 0.0000000000
63907  44.215  -27.800  48.665 0.0000000000
65102  44.544  -27.355  48.895 0.0000000000
65115  43.169  -27.352  47.608 0.0000000000
65147  39.763  -26.973  44.578 0.0000000000
66220  45.329  -26.818  49.839 0.0000000000
66316  36.958  -26.754  42.614 0.0000000000
67403  44.294  -26.029  48.282 0.0000000000
67453  38.409  -25.888  43.964 0.0000000000
68606  43.552  -24.279  48.399 0.0000000000
68618  42.407  -24.362  47.763 0.0000000000
68687  40.354  -25.065  42.546 0.0000000000
68689  38.681  -25.108  42.706 0.0000000000
68703  41.526  -25.451  41.764 0.0000000000
68808  43.147  -24.398  35.903 0.0000000000
69774  42.456  -23.949  47.859 0.0000000000
69833  47.239  -23.000  43.493 0.0000000000
71009  43.137  -23.165  46.996 0.0000000000
72436  46.967  -21.187  33.528 0.0000000000
73718  47.144  -20.368  31.888 0.0000000000
77113  52.418  -17.275  29.941 0.0000000000
78126  49.389  -16.174  32.857 0.0000000000
78157  50.951  -16.630  31.217 0.0000000000
78164  53.941  -16.026  29.790 0.0000000000
78201  54.064  -16.089  26.275 0.0000000000
78269  56.520  -16.631  20.111 0.0000000000
78283  58.288  -15.442  19.330 0.0000000000
78301  57.474  -15.499  18.878 0.0000000000
79302  55.834  -15.135  26.242 0.0000000000
81333  50.904  -14.236  34.071 0.0000000000
