#!ascii label  , from subject sub.01.dh.02 vox2ras=TkReg
958
63700  14.743  -28.844  67.318 0.0000000000
57784  8.315  -34.224  55.083 0.0000000000
56350  6.775  -34.127  66.141 0.0000000000
63751  5.163  -27.347  62.921 0.0000000000
69671  5.816  -23.574  56.282 0.0000000000
61311  10.353  -30.789  67.303 0.0000000000
64926  8.269  -27.653  66.646 0.0000000000
60146  17.933  -29.803  66.300 0.0000000000
57603  12.265  -31.598  66.727 0.0000000000
55200  8.599  -35.086  66.019 0.0000000000
72002  5.601  -21.395  64.100 0.0000000000
66104  5.721  -26.378  60.016 0.0000000000
74534  7.156  -20.720  61.831 0.0000000000
53978  5.656  -36.513  63.494 0.0000000000
57646  7.116  -33.593  61.923 0.0000000000
61330  7.371  -30.625  65.137 0.0000000000
69555  6.861  -24.225  65.860 0.0000000000
60218  9.177  -31.115  58.873 0.0000000000
63866  7.984  -28.305  54.880 0.0000000000
63888  6.535  -28.019  51.791 0.0000000000
69689  9.012  -23.367  54.459 0.0000000000
62546  12.280  -29.691  67.922 0.0000000000
63716  10.752  -28.714  66.724 0.0000000000
62531  16.409  -29.289  67.714 0.0000000000
58893  14.782  -30.672  66.421 0.0000000000
60129  13.195  -30.632  67.911 0.0000000000
58878  10.876  -31.559  67.590 0.0000000000
74518  5.791  -20.209  62.748 0.0000000000
55215  6.415  -35.528  64.938 0.0000000000
57626  6.839  -33.671  64.784 0.0000000000
58898  7.259  -32.416  65.927 0.0000000000
68415  9.031  -24.563  64.643 0.0000000000
67176  8.001  -25.831  65.998 0.0000000000
55173  7.835  -34.491  67.033 0.0000000000
52706  7.099  -36.704  65.427 0.0000000000
53955  6.559  -36.346  65.794 0.0000000000
52724  5.612  -37.817  64.340 0.0000000000
61351  7.664  -31.409  63.205 0.0000000000
58962  8.206  -32.310  61.292 0.0000000000
62603  6.687  -28.848  61.644 0.0000000000
68501  5.482  -24.424  57.879 0.0000000000
63830  6.411  -27.796  57.587 0.0000000000
65053  5.718  -26.855  55.573 0.0000000000
62698  7.129  -28.586  52.954 0.0000000000
66181  5.397  -26.177  53.599 0.0000000000
58882  8.334  -32.231  67.790 0.0000000000
61321  7.592  -30.673  66.885 0.0000000000
63692  9.174  -29.636  67.601 0.0000000000
66022  9.637  -27.412  65.827 0.0000000000
60165  18.753  -29.853  64.366 0.0000000000
58942  16.745  -30.483  62.528 0.0000000000
58912  15.942  -30.449  64.215 0.0000000000
57618  13.418  -31.388  64.843 0.0000000000
56346  10.418  -32.972  66.801 0.0000000000
56338  9.377  -32.921  67.813 0.0000000000
68427  5.638  -24.393  63.620 0.0000000000
66084  4.753  -26.586  61.988 0.0000000000
69608  5.810  -23.412  62.228 0.0000000000
70815  6.184  -22.340  60.652 0.0000000000
72074  6.278  -21.961  58.551 0.0000000000
64919  16.746  -27.599  66.338 0.0000000000
62599  22.000  -28.346  61.325 0.0000000000
64962  23.567  -27.064  63.237 0.0000000000
62558  20.587  -28.929  65.881 0.0000000000
64904  18.488  -27.998  66.719 0.0000000000
52776  4.393  -37.628  61.500 0.0000000000
55269  4.747  -36.229  60.457 0.0000000000
56371  6.145  -35.422  62.480 0.0000000000
58916  7.324  -32.902  63.648 0.0000000000
62569  6.628  -29.436  64.065 0.0000000000
63718  7.419  -28.769  66.150 0.0000000000
64938  6.721  -27.654  65.133 0.0000000000
66051  6.099  -26.123  63.844 0.0000000000
69565  5.801  -22.995  65.324 0.0000000000
57691  5.690  -34.519  59.663 0.0000000000
59007  6.915  -33.050  58.203 0.0000000000
59029  8.330  -32.554  56.334 0.0000000000
62639  6.796  -28.186  59.360 0.0000000000
62656  9.145  -29.375  56.775 0.0000000000
60262  9.982  -31.466  55.084 0.0000000000
61440  8.944  -30.383  52.550 0.0000000000
60307  7.165  -30.912  51.449 0.0000000000
73278  9.103  -20.426  61.070 0.0000000000
72093  7.930  -21.481  57.936 0.0000000000
70870  9.823  -22.535  56.766 0.0000000000
70903  7.325  -23.113  55.283 0.0000000000
68588  6.471  -25.363  52.522 0.0000000000
63687  13.084  -29.351  68.197 0.0000000000
63714  12.891  -29.086  66.851 0.0000000000
63713  13.997  -28.842  66.871 0.0000000000
63685  14.962  -28.893  67.941 0.0000000000
61306  14.856  -29.758  67.881 0.0000000000
62533  14.449  -29.481  68.178 0.0000000000
61308  12.969  -30.224  68.489 0.0000000000
55335  8.211  -35.673  54.774 0.0000000000
56537  8.782  -34.671  54.800 0.0000000000
55188  6.667  -34.981  65.793 0.0000000000
56353  6.629  -34.230  65.599 0.0000000000
57621  6.921  -33.342  65.812 0.0000000000
60209  18.855  -29.956  61.096 0.0000000000
56348  7.582  -34.059  67.119 0.0000000000
52692  7.050  -36.165  66.141 0.0000000000
55187  6.905  -34.923  66.201 0.0000000000
53956  6.406  -35.952  65.489 0.0000000000
61366  6.663  -29.439  62.689 0.0000000000
62587  7.277  -29.841  62.552 0.0000000000
62589  6.229  -28.706  62.401 0.0000000000
68507  5.529  -24.322  57.248 0.0000000000
67288  5.245  -25.970  57.033 0.0000000000
67304  5.492  -25.782  55.603 0.0000000000
65063  5.658  -26.892  54.618 0.0000000000
68532  5.712  -24.751  54.935 0.0000000000
60134  9.296  -31.573  67.592 0.0000000000
61313  8.882  -30.862  67.488 0.0000000000
62539  9.642  -30.212  67.345 0.0000000000
64937  10.262  -27.856  65.748 0.0000000000
67205  10.345  -25.853  64.090 0.0000000000
60159  18.804  -29.897  65.122 0.0000000000
60167  17.368  -30.498  64.352 0.0000000000
60154  16.925  -30.313  65.631 0.0000000000
58894  13.654  -31.187  66.270 0.0000000000
58902  14.144  -31.273  65.306 0.0000000000
57611  13.287  -31.399  65.567 0.0000000000
56345  11.039  -32.518  66.603 0.0000000000
60132  10.771  -31.374  67.493 0.0000000000
57599  10.130  -32.283  67.808 0.0000000000
58880  9.534  -32.060  67.864 0.0000000000
57601  9.015  -32.706  67.940 0.0000000000
70778  5.578  -22.791  64.215 0.0000000000
68441  5.443  -24.688  62.725 0.0000000000
70788  5.600  -21.912  63.541 0.0000000000
74525  6.441  -20.298  62.427 0.0000000000
72031  6.166  -21.819  61.689 0.0000000000
72042  6.507  -21.719  61.037 0.0000000000
70827  6.091  -22.415  59.326 0.0000000000
73312  6.863  -21.651  60.271 0.0000000000
61333  21.016  -28.964  65.133 0.0000000000
52765  4.965  -37.234  62.150 0.0000000000
54009  5.071  -36.598  61.833 0.0000000000
55240  5.926  -35.925  62.961 0.0000000000
58904  7.315  -32.729  64.946 0.0000000000
57631  6.816  -33.867  64.233 0.0000000000
60162  7.478  -31.706  64.540 0.0000000000
61341  7.290  -30.496  63.941 0.0000000000
61335  7.342  -30.529  64.577 0.0000000000
63708  7.862  -29.026  67.364 0.0000000000
62555  7.519  -29.740  66.588 0.0000000000
64914  7.773  -28.532  67.042 0.0000000000
68399  7.214  -24.908  65.671 0.0000000000
66010  7.379  -26.761  65.977 0.0000000000
67178  6.877  -25.858  65.656 0.0000000000
66037  6.422  -26.591  64.637 0.0000000000
67186  6.608  -25.605  65.173 0.0000000000
68408  6.292  -24.537  65.071 0.0000000000
69564  6.301  -23.609  65.671 0.0000000000
58943  15.799  -30.402  62.309 0.0000000000
58957  15.610  -30.466  61.285 0.0000000000
53964  8.761  -35.184  65.192 0.0000000000
53976  8.309  -35.765  63.940 0.0000000000
52704  7.701  -36.040  64.978 0.0000000000
51443  6.774  -37.571  64.622 0.0000000000
51465  6.869  -38.172  64.135 0.0000000000
52737  5.394  -37.574  63.878 0.0000000000
52752  4.936  -38.136  63.190 0.0000000000
57676  5.913  -34.834  60.810 0.0000000000
56411  5.303  -35.413  60.062 0.0000000000
57675  6.426  -33.837  60.305 0.0000000000
60210  8.839  -31.495  60.537 0.0000000000
58992  7.663  -32.712  59.380 0.0000000000
60229  8.105  -32.301  58.809 0.0000000000
59017  7.320  -32.696  57.576 0.0000000000
60238  8.702  -31.789  57.498 0.0000000000
66095  5.398  -26.630  61.230 0.0000000000
63783  6.125  -27.558  61.009 0.0000000000
63799  6.206  -27.442  59.799 0.0000000000
63844  7.009  -28.021  56.552 0.0000000000
63843  7.606  -28.464  56.943 0.0000000000
62672  8.843  -28.841  55.844 0.0000000000
61414  9.696  -30.376  56.389 0.0000000000
62683  9.842  -29.737  54.501 0.0000000000
61439  9.993  -30.676  53.443 0.0000000000
62696  8.418  -29.257  52.856 0.0000000000
62707  6.787  -28.593  52.260 0.0000000000
61452  7.013  -29.442  52.145 0.0000000000
60322  6.497  -29.973  51.424 0.0000000000
73293  9.735  -20.750  60.460 0.0000000000
73309  8.120  -21.280  59.707 0.0000000000
72070  9.372  -21.661  58.733 0.0000000000
70900  10.637  -23.081  55.081 0.0000000000
70901  9.565  -23.106  55.173 0.0000000000
70885  7.841  -22.610  56.164 0.0000000000
69690  8.093  -23.420  54.598 0.0000000000
69708  6.763  -24.454  53.922 0.0000000000
68549  7.367  -24.546  53.446 0.0000000000
61310  11.337  -30.678  67.644 0.0000000000
63689  11.067  -29.603  67.310 0.0000000000
62547  11.816  -29.672  67.497 0.0000000000
61318  16.718  -29.807  67.050 0.0000000000
60148  15.971  -30.299  66.281 0.0000000000
60127  15.443  -30.213  67.326 0.0000000000
60141  14.071  -30.578  67.311 0.0000000000
58886  12.720  -31.197  67.272 0.0000000000
58887  11.422  -31.499  67.491 0.0000000000
58877  12.138  -31.135  67.933 0.0000000000
60131  11.634  -30.975  67.936 0.0000000000
74507  6.523  -19.392  64.772 0.0000000000
73259  5.551  -20.687  63.790 0.0000000000
74514  6.104  -19.455  63.994 0.0000000000
75742  6.453  -19.342  63.207 0.0000000000
75750  6.879  -19.381  62.882 0.0000000000
53967  6.133  -36.107  64.027 0.0000000000
55228  6.240  -35.695  63.700 0.0000000000
56357  6.577  -34.566  64.577 0.0000000000
57622  6.864  -33.503  65.289 0.0000000000
60156  7.378  -31.573  65.529 0.0000000000
67174  8.859  -26.301  65.618 0.0000000000
66008  8.377  -26.793  66.187 0.0000000000
67175  8.414  -25.878  65.741 0.0000000000
68407  7.872  -24.663  65.492 0.0000000000
69562  7.659  -23.923  65.637 0.0000000000
70759  7.363  -22.692  65.920 0.0000000000
53943  7.670  -35.626  66.077 0.0000000000
53954  7.690  -35.800  65.709 0.0000000000
52691  7.250  -36.226  65.954 0.0000000000
52707  6.818  -36.574  65.723 0.0000000000
51429  6.231  -37.426  64.886 0.0000000000
51445  5.843  -38.081  64.484 0.0000000000
52723  5.914  -37.130  64.772 0.0000000000
52736  5.763  -36.897  64.373 0.0000000000
58929  7.691  -32.419  62.709 0.0000000000
57661  7.072  -33.544  61.215 0.0000000000
60191  8.092  -31.628  62.386 0.0000000000
61375  8.530  -30.622  61.539 0.0000000000
62626  8.769  -29.641  60.173 0.0000000000
67282  5.278  -25.495  58.479 0.0000000000
63815  5.924  -27.416  58.495 0.0000000000
65019  5.129  -27.042  57.696 0.0000000000
63832  5.926  -27.139  56.673 0.0000000000
62659  6.566  -27.503  55.664 0.0000000000
62686  7.307  -28.244  53.890 0.0000000000
62688  6.498  -27.703  54.296 0.0000000000
63875  6.127  -27.564  53.700 0.0000000000
66191  5.646  -26.412  52.766 0.0000000000
69705  9.499  -23.705  53.735 0.0000000000
68568  8.504  -24.760  52.727 0.0000000000
68567  9.456  -24.717  52.683 0.0000000000
58896  7.677  -32.936  67.264 0.0000000000
57610  7.441  -32.670  66.659 0.0000000000
60136  8.146  -31.511  67.567 0.0000000000
62549  8.036  -29.868  67.549 0.0000000000
64912  8.673  -28.347  67.138 0.0000000000
63704  10.358  -28.950  66.957 0.0000000000
64910  9.643  -28.455  66.777 0.0000000000
66006  9.271  -27.277  65.967 0.0000000000
66036  9.462  -26.155  65.080 0.0000000000
60176  19.509  -29.561  63.677 0.0000000000
58954  18.112  -30.137  62.024 0.0000000000
60178  18.028  -30.176  63.263 0.0000000000
58900  15.743  -30.503  65.832 0.0000000000
58907  15.067  -30.933  64.809 0.0000000000
57627  13.578  -31.336  63.566 0.0000000000
55213  9.876  -34.065  65.335 0.0000000000
55199  9.050  -34.740  65.835 0.0000000000
57605  10.791  -32.197  67.375 0.0000000000
56341  9.781  -33.041  67.443 0.0000000000
55171  8.839  -34.011  67.199 0.0000000000
56343  8.612  -33.640  67.631 0.0000000000
56344  8.051  -33.926  67.550 0.0000000000
67209  4.934  -26.531  63.116 0.0000000000
64976  4.745  -27.206  62.631 0.0000000000
67237  4.845  -26.167  62.505 0.0000000000
68456  5.272  -25.280  62.089 0.0000000000
68466  5.620  -24.994  61.221 0.0000000000
72019  5.918  -21.734  62.329 0.0000000000
69617  6.016  -23.347  61.094 0.0000000000
68479  5.787  -24.481  60.156 0.0000000000
69637  5.803  -22.861  59.189 0.0000000000
70844  5.630  -22.620  57.992 0.0000000000
72097  5.748  -22.278  57.252 0.0000000000
63699  15.694  -28.668  67.308 0.0000000000
61374  20.750  -28.984  61.788 0.0000000000
66091  24.125  -26.132  61.533 0.0000000000
66077  23.927  -26.192  62.762 0.0000000000
64973  23.611  -26.927  62.441 0.0000000000
62597  22.679  -27.965  62.748 0.0000000000
61361  21.630  -28.814  62.982 0.0000000000
60187  20.243  -29.193  62.844 0.0000000000
60158  19.536  -29.722  65.286 0.0000000000
61323  19.070  -29.376  66.222 0.0000000000
62542  19.362  -28.845  66.558 0.0000000000
61316  18.092  -29.406  66.720 0.0000000000
62544  17.437  -29.054  67.407 0.0000000000
63698  16.474  -28.497  67.216 0.0000000000
55259  5.120  -36.069  61.351 0.0000000000
57663  6.348  -34.799  61.935 0.0000000000
56363  6.368  -35.208  63.317 0.0000000000
57648  6.530  -34.610  62.890 0.0000000000
58930  7.399  -32.915  62.924 0.0000000000
60180  7.604  -32.021  63.439 0.0000000000
61353  6.836  -29.737  63.128 0.0000000000
63742  6.095  -28.356  63.511 0.0000000000
60150  7.304  -31.491  66.067 0.0000000000
61329  7.305  -30.645  65.661 0.0000000000
62560  7.208  -29.936  65.293 0.0000000000
64927  7.690  -27.925  66.528 0.0000000000
63727  7.056  -28.615  65.475 0.0000000000
62565  7.003  -29.264  65.232 0.0000000000
63735  6.634  -28.549  64.895 0.0000000000
64948  6.009  -27.563  63.917 0.0000000000
66039  5.659  -27.023  63.642 0.0000000000
67207  5.868  -25.241  63.815 0.0000000000
69572  5.835  -23.646  64.993 0.0000000000
70768  5.778  -22.336  65.075 0.0000000000
70760  6.634  -22.622  65.906 0.0000000000
71989  6.437  -21.721  65.561 0.0000000000
73252  6.307  -20.317  64.987 0.0000000000
51480  7.608  -36.860  62.962 0.0000000000
52721  7.356  -36.812  64.668 0.0000000000
58978  7.089  -33.204  60.016 0.0000000000
58994  6.568  -33.514  59.067 0.0000000000
57763  7.892  -33.849  55.655 0.0000000000
62604  6.264  -28.222  61.388 0.0000000000
62617  6.714  -28.345  60.750 0.0000000000
62637  8.304  -29.175  59.191 0.0000000000
63814  6.511  -27.893  58.949 0.0000000000
63828  7.716  -28.839  58.169 0.0000000000
61397  9.183  -30.390  58.343 0.0000000000
60237  9.403  -31.253  57.007 0.0000000000
60263  9.278  -32.214  55.790 0.0000000000
57762  8.657  -33.365  55.237 0.0000000000
59068  9.790  -32.640  54.012 0.0000000000
62705  7.867  -29.501  52.449 0.0000000000
60293  7.886  -30.955  51.985 0.0000000000
74522  8.034  -19.352  62.341 0.0000000000
74521  8.960  -19.079  62.135 0.0000000000
73280  7.459  -20.956  61.252 0.0000000000
73310  7.450  -21.395  59.898 0.0000000000
72095  6.601  -21.697  57.812 0.0000000000
72117  6.480  -22.029  56.918 0.0000000000
70871  8.708  -22.388  56.968 0.0000000000
72132  6.985  -22.304  56.376 0.0000000000
72148  6.262  -23.047  55.680 0.0000000000
69710  5.964  -24.546  54.124 0.0000000000
67346  5.784  -25.628  52.765 0.0000000000
66204  6.193  -26.771  51.928 0.0000000000
67386  6.600  -26.210  51.347 0.0000000000
63686  14.042  -29.129  68.132 0.0000000000
63701  13.505  -29.018  67.642 0.0000000000
56538  7.763  -34.841  55.146 0.0000000000
57617  7.228  -33.158  66.414 0.0000000000
60196  19.916  -29.380  61.548 0.0000000000
60208  19.365  -29.874  60.654 0.0000000000
60197  19.075  -29.722  61.694 0.0000000000
56349  7.158  -34.107  66.631 0.0000000000
63750  5.686  -28.011  62.905 0.0000000000
68516  5.473  -25.015  56.499 0.0000000000
69677  5.725  -24.449  55.947 0.0000000000
68524  5.569  -25.278  55.033 0.0000000000
69678  5.925  -24.106  55.602 0.0000000000
61312  9.557  -30.927  67.356 0.0000000000
60153  17.926  -30.046  65.701 0.0000000000
58895  12.809  -31.381  66.619 0.0000000000
57612  12.572  -31.610  66.091 0.0000000000
57620  11.832  -32.218  65.675 0.0000000000
56351  11.070  -32.653  66.118 0.0000000000
57613  11.629  -32.095  66.473 0.0000000000
58879  10.150  -31.890  67.832 0.0000000000
60133  9.972  -31.522  67.626 0.0000000000
70779  5.623  -22.298  64.378 0.0000000000
70787  5.606  -22.691  63.734 0.0000000000
74524  6.997  -19.861  62.594 0.0000000000
74535  6.790  -20.838  62.018 0.0000000000
73297  6.921  -21.447  60.999 0.0000000000
74542  7.205  -21.131  61.338 0.0000000000
52751  5.182  -37.358  62.975 0.0000000000
53993  5.374  -36.581  62.608 0.0000000000
60157  7.456  -31.637  65.029 0.0000000000
64913  8.118  -28.404  67.150 0.0000000000
68400  6.734  -24.734  65.532 0.0000000000
53952  8.694  -35.141  65.588 0.0000000000
53965  8.240  -35.631  64.752 0.0000000000
53953  8.246  -35.448  65.620 0.0000000000
50248  6.348  -38.675  64.151 0.0000000000
52766  4.688  -37.980  62.480 0.0000000000
57662  6.604  -34.113  61.434 0.0000000000
61392  9.150  -30.756  59.867 0.0000000000
60219  8.664  -31.855  59.503 0.0000000000
60228  8.639  -31.740  58.415 0.0000000000
64994  5.900  -27.003  60.502 0.0000000000
63856  7.198  -27.997  55.524 0.0000000000
63855  7.629  -28.245  55.773 0.0000000000
63865  8.303  -28.464  55.455 0.0000000000
62684  8.952  -28.701  54.482 0.0000000000
62695  9.450  -29.675  53.475 0.0000000000
62685  7.952  -28.316  53.888 0.0000000000
61464  6.677  -29.471  51.701 0.0000000000
62714  6.466  -28.873  51.350 0.0000000000
73277  9.915  -20.197  60.909 0.0000000000
72040  10.284  -21.065  60.012 0.0000000000
72041  9.533  -21.162  59.979 0.0000000000
72052  9.933  -21.501  59.480 0.0000000000
69688  10.038  -23.407  54.396 0.0000000000
70902  8.459  -23.085  55.256 0.0000000000
69707  7.656  -23.942  54.208 0.0000000000
69706  8.545  -23.743  53.856 0.0000000000
62536  11.785  -30.023  67.748 0.0000000000
61304  16.469  -29.679  67.353 0.0000000000
60139  16.196  -29.992  66.930 0.0000000000
61305  15.744  -29.654  67.642 0.0000000000
61307  13.976  -30.091  68.411 0.0000000000
60128  14.426  -30.270  67.718 0.0000000000
60142  13.464  -30.802  67.377 0.0000000000
58876  12.699  -31.006  67.800 0.0000000000
62535  12.628  -29.810  68.264 0.0000000000
61309  12.171  -30.405  68.123 0.0000000000
76809  7.014  -17.567  64.251 0.0000000000
75741  7.004  -18.341  63.534 0.0000000000
55216  6.394  -35.433  64.380 0.0000000000
55202  6.485  -34.991  64.859 0.0000000000
58903  7.276  -32.580  65.426 0.0000000000
67185  8.519  -25.435  65.313 0.0000000000
68406  8.139  -24.736  65.330 0.0000000000
70758  8.003  -22.687  65.635 0.0000000000
55185  7.829  -35.045  66.625 0.0000000000
53945  6.822  -35.806  66.143 0.0000000000
51428  6.554  -37.168  65.079 0.0000000000
52708  6.426  -36.789  65.352 0.0000000000
53966  6.177  -36.257  64.588 0.0000000000
60179  7.772  -31.966  62.984 0.0000000000
60192  7.911  -31.946  62.666 0.0000000000
61364  7.806  -30.792  62.746 0.0000000000
62602  7.438  -29.546  62.017 0.0000000000
61377  7.919  -30.200  62.306 0.0000000000
62601  8.108  -29.939  61.877 0.0000000000
62614  8.532  -29.996  61.306 0.0000000000
62615  8.005  -29.297  61.106 0.0000000000
66127  4.990  -26.423  57.832 0.0000000000
65043  5.721  -26.865  56.468 0.0000000000
63847  5.902  -27.170  55.937 0.0000000000
62660  6.307  -27.359  55.556 0.0000000000
62675  6.788  -27.699  54.929 0.0000000000
63858  5.866  -27.187  55.146 0.0000000000
66167  5.440  -26.277  54.198 0.0000000000
65071  5.680  -27.103  53.973 0.0000000000
66180  5.482  -26.581  53.430 0.0000000000
65078  5.772  -27.155  53.136 0.0000000000
66192  5.436  -26.183  53.278 0.0000000000
69687  11.061  -23.446  54.296 0.0000000000
69704  10.503  -23.794  53.670 0.0000000000
68546  9.974  -24.202  53.161 0.0000000000
58889  7.870  -32.679  67.612 0.0000000000
58883  7.859  -32.041  67.550 0.0000000000
62540  9.126  -30.246  67.541 0.0000000000
61319  8.379  -30.523  67.592 0.0000000000
63693  8.868  -29.776  67.708 0.0000000000
63707  8.534  -29.195  67.669 0.0000000000
63706  9.184  -28.927  67.513 0.0000000000
63703  11.322  -29.273  67.094 0.0000000000
63690  10.283  -29.548  67.175 0.0000000000
64923  9.880  -28.097  66.320 0.0000000000
66005  9.532  -27.619  66.072 0.0000000000
64924  9.241  -27.804  66.460 0.0000000000
66023  9.321  -26.601  65.516 0.0000000000
60177  18.619  -29.777  63.483 0.0000000000
58911  16.858  -30.540  64.380 0.0000000000
58910  17.410  -30.521  64.124 0.0000000000
60149  15.292  -30.473  66.486 0.0000000000
58892  15.433  -30.501  66.274 0.0000000000
58908  14.272  -31.204  64.450 0.0000000000
57623  13.506  -31.351  64.047 0.0000000000
57624  12.696  -31.726  64.358 0.0000000000
57629  12.028  -32.350  63.857 0.0000000000
56352  10.447  -33.285  65.777 0.0000000000
55198  9.797  -33.733  66.231 0.0000000000
58888  10.817  -31.794  67.570 0.0000000000
56337  9.726  -32.644  67.779 0.0000000000
55170  9.245  -33.597  67.292 0.0000000000
56342  9.128  -33.434  67.591 0.0000000000
56339  8.961  -33.211  67.870 0.0000000000
57602  8.644  -32.552  67.914 0.0000000000
57608  8.329  -33.080  67.911 0.0000000000
57615  7.795  -33.362  67.490 0.0000000000
67223  5.548  -25.235  63.292 0.0000000000
67225  4.773  -26.452  62.928 0.0000000000
67224  5.229  -25.968  62.970 0.0000000000
68455  5.701  -24.304  61.725 0.0000000000
73263  5.610  -20.625  63.052 0.0000000000
72020  5.793  -21.149  62.685 0.0000000000
68478  5.963  -23.788  60.505 0.0000000000
69624  5.979  -23.277  59.868 0.0000000000
69625  5.660  -23.883  59.479 0.0000000000
72055  6.623  -21.807  59.908 0.0000000000
70828  5.748  -22.643  58.760 0.0000000000
70843  5.886  -22.291  58.507 0.0000000000
72075  5.857  -22.134  57.943 0.0000000000
64907  16.273  -28.221  66.649 0.0000000000
64908  15.609  -28.456  66.725 0.0000000000
63768  22.272  -27.840  60.621 0.0000000000
62613  21.856  -28.232  60.164 0.0000000000
61384  21.261  -28.761  60.795 0.0000000000
61373  21.449  -28.729  61.977 0.0000000000
64950  23.522  -27.258  64.189 0.0000000000
66058  23.750  -26.402  63.651 0.0000000000
66059  23.699  -26.596  63.074 0.0000000000
64974  23.616  -26.915  62.738 0.0000000000
63766  23.055  -27.611  62.044 0.0000000000
63756  23.179  -27.627  62.966 0.0000000000
61360  22.038  -28.724  63.581 0.0000000000
61362  21.030  -28.982  62.622 0.0000000000
61350  20.953  -29.148  63.440 0.0000000000
61326  20.743  -28.973  65.648 0.0000000000
61334  20.313  -29.595  64.963 0.0000000000
61327  20.038  -29.356  65.736 0.0000000000
60151  19.412  -29.596  65.586 0.0000000000
61322  19.760  -29.166  66.153 0.0000000000
63711  19.620  -28.071  66.365 0.0000000000
63695  19.018  -28.316  66.695 0.0000000000
61315  18.776  -29.170  66.675 0.0000000000
62543  18.507  -28.895  66.992 0.0000000000
63696  18.060  -28.451  66.937 0.0000000000
64906  16.984  -28.059  66.747 0.0000000000
51514  4.016  -38.593  61.115 0.0000000000
55250  5.522  -35.988  62.153 0.0000000000
56384  5.756  -35.497  61.581 0.0000000000
56360  6.500  -34.900  64.006 0.0000000000
58917  7.308  -32.908  64.086 0.0000000000
57630  6.932  -33.574  63.828 0.0000000000
57634  6.881  -33.724  63.279 0.0000000000
60168  7.475  -31.973  63.878 0.0000000000
62578  6.398  -29.119  63.327 0.0000000000
60143  7.753  -31.459  67.201 0.0000000000
60144  7.473  -31.468  66.652 0.0000000000
61325  7.359  -30.605  66.269 0.0000000000
62559  7.307  -29.652  65.778 0.0000000000
66009  7.907  -26.761  66.257 0.0000000000
66024  6.875  -26.686  65.441 0.0000000000
64928  7.218  -27.743  65.774 0.0000000000
64947  6.336  -27.642  64.439 0.0000000000
66038  6.012  -26.944  63.952 0.0000000000
66052  5.583  -26.540  63.434 0.0000000000
68416  5.882  -24.430  64.404 0.0000000000
69573  5.617  -22.913  64.801 0.0000000000
58940  18.079  -30.135  62.551 0.0000000000
58955  17.476  -30.272  61.709 0.0000000000
52720  7.805  -36.263  64.342 0.0000000000
52734  7.931  -36.338  63.647 0.0000000000
52690  7.417  -36.165  65.728 0.0000000000
52705  7.462  -36.282  65.351 0.0000000000
52722  7.115  -36.941  64.996 0.0000000000
51498  4.296  -38.672  62.036 0.0000000000
56432  5.299  -35.221  59.158 0.0000000000
57712  5.802  -34.473  58.502 0.0000000000
58963  7.514  -33.083  60.935 0.0000000000
57674  7.003  -33.463  60.612 0.0000000000
58993  6.889  -33.091  59.040 0.0000000000
57689  6.570  -33.481  58.583 0.0000000000
57711  6.300  -33.855  58.144 0.0000000000
57727  6.561  -33.546  57.439 0.0000000000
60252  8.000  -32.216  57.064 0.0000000000
59030  7.525  -32.931  56.730 0.0000000000
57741  7.543  -33.394  56.306 0.0000000000
59042  7.979  -33.150  56.174 0.0000000000
64975  4.913  -27.333  62.060 0.0000000000
63769  5.672  -27.864  61.793 0.0000000000
62629  6.628  -28.007  59.817 0.0000000000
62628  7.018  -28.456  59.954 0.0000000000
62627  7.702  -28.871  59.888 0.0000000000
63796  7.252  -28.596  59.575 0.0000000000
65018  5.234  -27.130  58.191 0.0000000000
63842  8.378  -28.889  57.119 0.0000000000
63827  8.405  -29.270  57.749 0.0000000000
62646  8.362  -29.289  58.423 0.0000000000
62645  8.798  -29.678  57.815 0.0000000000
61403  9.341  -30.361  57.373 0.0000000000
61426  10.051  -30.488  55.379 0.0000000000
60250  9.648  -31.362  56.074 0.0000000000
59041  8.659  -32.924  55.548 0.0000000000
60273  9.677  -32.265  54.673 0.0000000000
59055  9.090  -32.956  54.834 0.0000000000
60292  8.818  -31.329  52.156 0.0000000000
62687  6.912  -28.038  54.055 0.0000000000
62697  7.709  -28.679  52.904 0.0000000000
61462  6.980  -30.343  51.745 0.0000000000
61451  7.363  -30.091  52.085 0.0000000000
60294  7.517  -30.616  51.967 0.0000000000
74531  9.487  -19.723  61.521 0.0000000000
74532  8.561  -19.957  61.741 0.0000000000
73279  8.192  -20.702  61.190 0.0000000000
73295  7.802  -21.150  60.531 0.0000000000
72071  8.322  -21.388  58.780 0.0000000000
72072  7.490  -21.361  58.683 0.0000000000
72094  7.213  -21.494  57.939 0.0000000000
72116  7.017  -21.869  57.157 0.0000000000
70869  10.945  -22.408  56.648 0.0000000000
70856  10.508  -22.255  57.637 0.0000000000
72091  9.725  -22.018  58.091 0.0000000000
70857  9.499  -22.240  57.466 0.0000000000
70886  7.195  -22.611  55.861 0.0000000000
72147  6.537  -22.849  55.719 0.0000000000
70904  6.756  -23.328  55.094 0.0000000000
70922  6.272  -24.099  54.767 0.0000000000
70921  6.539  -23.937  54.737 0.0000000000
69727  6.401  -24.830  53.344 0.0000000000
69728  6.163  -24.740  53.543 0.0000000000
67345  5.945  -25.435  52.664 0.0000000000
67367  5.956  -26.152  52.226 0.0000000000
67366  6.219  -25.741  52.190 0.0000000000
68569  7.577  -24.973  52.725 0.0000000000
63688  12.599  -29.534  68.105 0.0000000000
63702  12.412  -29.406  67.567 0.0000000000
63724  14.481  -28.658  66.125 0.0000000000
62532  15.440  -29.348  67.974 0.0000000000
62534  13.511  -29.649  68.433 0.0000000000
56536  9.403  -34.888  54.231 0.0000000000
56561  9.503  -34.107  54.055 0.0000000000
55201  6.532  -35.021  65.311 0.0000000000
55186  7.369  -34.886  66.554 0.0000000000
53944  7.315  -35.649  66.218 0.0000000000
53946  6.655  -35.447  65.952 0.0000000000
61365  7.151  -29.932  62.874 0.0000000000
62588  6.800  -29.399  62.354 0.0000000000
68500  5.517  -24.217  57.515 0.0000000000
67287  5.257  -25.603  57.535 0.0000000000
68508  5.468  -24.928  57.143 0.0000000000
67296  5.376  -26.015  56.499 0.0000000000
66145  5.541  -26.454  56.069 0.0000000000
66154  5.593  -26.361  55.081 0.0000000000
67315  5.478  -25.734  54.531 0.0000000000
68551  5.501  -25.362  53.922 0.0000000000
60135  8.677  -31.583  67.610 0.0000000000
63691  9.658  -29.553  67.333 0.0000000000
64922  10.704  -28.403  66.285 0.0000000000
66035  9.957  -26.926  65.215 0.0000000000
66050  10.696  -26.801  64.248 0.0000000000
60166  17.887  -30.308  64.149 0.0000000000
60160  17.940  -30.139  64.983 0.0000000000
60161  17.270  -30.416  64.798 0.0000000000
58905  16.509  -30.419  65.236 0.0000000000
58884  14.426  -30.598  66.889 0.0000000000
57600  9.659  -32.403  67.876 0.0000000000
58881  8.928  -32.143  67.796 0.0000000000
69584  5.627  -23.385  64.205 0.0000000000
69596  5.628  -23.472  63.220 0.0000000000
70800  5.719  -22.425  62.801 0.0000000000
74526  6.137  -20.451  62.382 0.0000000000
73268  6.121  -21.245  62.226 0.0000000000
74536  6.447  -20.723  62.228 0.0000000000
73282  6.488  -21.251  61.853 0.0000000000
72054  6.828  -21.670  59.587 0.0000000000
63767  22.560  -27.753  61.325 0.0000000000
61337  21.593  -28.801  64.485 0.0000000000
62564  21.536  -28.544  65.238 0.0000000000
62557  21.203  -28.485  65.729 0.0000000000
64905  17.759  -28.004  66.788 0.0000000000
52775  4.783  -37.056  61.634 0.0000000000
58909  7.322  -32.871  64.486 0.0000000000
60169  7.471  -31.878  64.196 0.0000000000
62550  7.724  -30.094  67.128 0.0000000000
62554  7.701  -29.515  67.124 0.0000000000
63717  7.625  -28.908  66.827 0.0000000000
67177  7.571  -25.787  65.859 0.0000000000
67195  6.244  -25.408  64.487 0.0000000000
58956  16.586  -30.396  61.468 0.0000000000
53975  8.844  -35.241  64.311 0.0000000000
51466  5.084  -38.529  63.646 0.0000000000
52738  5.065  -38.261  63.493 0.0000000000
56398  5.374  -35.624  60.828 0.0000000000
58976  8.445  -32.179  60.412 0.0000000000
58977  7.867  -32.717  60.313 0.0000000000
58991  8.193  -32.433  59.783 0.0000000000
60220  8.175  -32.379  59.342 0.0000000000
59006  7.438  -32.645  58.473 0.0000000000
59018  6.869  -33.170  57.652 0.0000000000
60239  7.977  -32.190  57.946 0.0000000000
64984  5.592  -27.286  61.388 0.0000000000
63798  6.432  -27.722  59.636 0.0000000000
63854  8.216  -28.587  56.269 0.0000000000
62657  8.675  -28.867  56.495 0.0000000000
62671  9.614  -29.443  55.588 0.0000000000
61434  10.215  -30.633  54.370 0.0000000000
60272  10.309  -31.408  54.007 0.0000000000
62694  9.936  -30.139  53.894 0.0000000000
61443  7.130  -28.836  52.587 0.0000000000
61453  6.844  -29.117  52.062 0.0000000000
60308  6.731  -30.278  51.537 0.0000000000
73294  8.760  -21.016  60.367 0.0000000000
72053  8.992  -21.312  59.491 0.0000000000
70883  10.226  -22.790  55.895 0.0000000000
70884  9.085  -22.808  56.027 0.0000000000
70919  7.421  -23.540  54.746 0.0000000000
70920  7.040  -23.707  54.715 0.0000000000
68570  6.774  -24.962  53.043 0.0000000000
62537  10.867  -30.145  67.327 0.0000000000
63715  11.623  -28.916  66.636 0.0000000000
60138  17.093  -29.862  66.744 0.0000000000
60147  17.026  -30.110  66.289 0.0000000000
60140  15.049  -30.354  66.936 0.0000000000
58885  13.843  -30.802  66.915 0.0000000000
57604  11.597  -31.748  67.040 0.0000000000
60130  12.411  -30.662  68.235 0.0000000000
73253  5.748  -20.831  64.585 0.0000000000
74509  5.589  -20.330  64.083 0.0000000000
74515  5.626  -19.968  63.527 0.0000000000
75736  6.091  -19.507  63.460 0.0000000000
75734  6.665  -18.458  64.389 0.0000000000
75735  6.473  -19.047  63.766 0.0000000000
75743  5.970  -19.746  62.969 0.0000000000
75751  6.396  -19.801  62.722 0.0000000000
74523  7.317  -19.801  62.427 0.0000000000
56354  6.586  -34.349  65.085 0.0000000000
66007  8.798  -26.974  66.045 0.0000000000
68397  7.990  -24.876  65.711 0.0000000000
68398  7.651  -24.853  65.612 0.0000000000
69553  7.533  -24.339  65.671 0.0000000000
69554  7.314  -24.291  65.791 0.0000000000
69563  6.972  -23.575  66.027 0.0000000000
55184  8.442  -34.915  66.427 0.0000000000
53942  7.996  -35.499  65.988 0.0000000000
51427  6.817  -36.984  65.239 0.0000000000
51444  6.280  -37.916  64.605 0.0000000000
53977  5.780  -36.645  64.095 0.0000000000
58949  7.238  -33.316  62.374 0.0000000000
58948  7.675  -32.753  62.090 0.0000000000
58947  8.139  -32.158  61.995 0.0000000000
61363  8.036  -31.071  62.482 0.0000000000
61376  8.217  -30.834  62.110 0.0000000000
60199  8.584  -31.378  61.384 0.0000000000
61386  8.889  -30.625  60.882 0.0000000000
67273  5.535  -25.515  59.550 0.0000000000
65006  5.604  -26.996  59.310 0.0000000000
66116  5.221  -26.354  58.927 0.0000000000
65032  5.445  -27.175  57.599 0.0000000000
66137  5.147  -26.195  57.362 0.0000000000
65033  5.580  -26.987  57.226 0.0000000000
63831  5.914  -27.310  57.317 0.0000000000
63845  6.528  -27.628  56.519 0.0000000000
62658  7.229  -27.930  55.795 0.0000000000
62673  7.440  -28.148  54.790 0.0000000000
62674  7.090  -27.954  54.813 0.0000000000
65062  5.776  -27.202  54.466 0.0000000000
62699  6.663  -28.037  53.355 0.0000000000
63881  6.386  -27.730  52.768 0.0000000000
65084  6.186  -27.226  52.309 0.0000000000
68547  8.995  -24.106  53.139 0.0000000000
68566  10.488  -24.695  52.647 0.0000000000
57616  7.492  -33.352  66.985 0.0000000000
57609  7.476  -32.890  66.816 0.0000000000
58890  7.609  -32.364  67.038 0.0000000000
61320  7.974  -30.731  67.383 0.0000000000
61314  8.419  -31.047  67.511 0.0000000000
62538  10.146  -30.065  67.232 0.0000000000
63705  9.700  -28.953  67.161 0.0000000000
64911  9.191  -28.350  66.978 0.0000000000
64925  8.758  -27.663  66.573 0.0000000000
67184  9.129  -25.815  64.917 0.0000000000
60188  19.287  -29.493  62.656 0.0000000000
60189  18.465  -29.892  62.530 0.0000000000
60190  18.054  -30.136  62.800 0.0000000000
58941  17.624  -30.345  62.780 0.0000000000
58923  17.464  -30.494  63.712 0.0000000000
58925  15.922  -30.423  63.298 0.0000000000
58926  14.956  -30.501  63.053 0.0000000000
60155  16.238  -30.348  65.879 0.0000000000
58899  16.353  -30.366  65.664 0.0000000000
58906  15.836  -30.564  65.050 0.0000000000
58901  14.896  -30.915  65.660 0.0000000000
58913  15.057  -30.707  63.955 0.0000000000
58914  14.203  -31.096  63.596 0.0000000000
58915  13.669  -31.283  63.192 0.0000000000
55214  9.381  -34.767  64.850 0.0000000000
57614  11.084  -32.315  66.898 0.0000000000
57606  10.300  -32.464  67.619 0.0000000000
56340  10.315  -32.685  67.368 0.0000000000
56347  9.821  -33.317  66.942 0.0000000000
55183  9.338  -33.868  66.797 0.0000000000
55172  8.276  -34.363  67.109 0.0000000000
57607  8.707  -33.196  67.915 0.0000000000
64956  5.060  -27.149  63.127 0.0000000000
64967  5.101  -27.426  62.663 0.0000000000
66071  4.709  -26.809  63.057 0.0000000000
66085  4.570  -26.881  62.597 0.0000000000
67249  5.174  -25.917  61.630 0.0000000000
67262  5.657  -25.692  60.661 0.0000000000
72008  5.582  -21.200  63.329 0.0000000000
70801  5.667  -21.637  62.903 0.0000000000
70808  6.014  -22.455  61.791 0.0000000000
68465  5.925  -24.180  60.947 0.0000000000
68491  5.487  -24.530  59.067 0.0000000000
69638  5.573  -23.397  58.756 0.0000000000
69651  5.539  -23.367  57.665 0.0000000000
70858  5.583  -22.777  57.092 0.0000000000
70873  5.774  -22.991  56.396 0.0000000000
64909  15.176  -28.608  66.776 0.0000000000
64920  16.023  -27.535  66.079 0.0000000000
62598  22.407  -28.132  62.133 0.0000000000
62584  22.753  -28.058  63.469 0.0000000000
62586  21.982  -28.561  62.288 0.0000000000
61338  20.808  -29.289  64.343 0.0000000000
60164  19.767  -29.747  64.546 0.0000000000
60152  18.788  -29.684  65.729 0.0000000000
60145  18.528  -29.628  66.117 0.0000000000
63721  21.431  -27.955  65.986 0.0000000000
62551  20.773  -28.512  66.101 0.0000000000
63710  20.242  -28.112  66.241 0.0000000000
62552  20.207  -28.733  66.220 0.0000000000
62553  19.621  -29.057  66.329 0.0000000000
61324  18.399  -29.582  66.328 0.0000000000
60137  17.553  -29.681  66.718 0.0000000000
62530  16.837  -29.419  67.420 0.0000000000
63697  17.223  -28.468  67.105 0.0000000000
62545  16.707  -28.825  67.487 0.0000000000
63684  16.003  -28.873  67.775 0.0000000000
54022  4.645  -36.761  61.137 0.0000000000
57647  6.858  -33.902  62.426 0.0000000000
57635  6.645  -34.354  63.640 0.0000000000
61340  7.458  -31.259  63.985 0.0000000000
61352  7.503  -30.899  63.474 0.0000000000
63743  5.562  -27.593  63.185 0.0000000000
58891  7.410  -32.263  66.434 0.0000000000
62566  6.895  -29.543  64.767 0.0000000000
63736  6.317  -28.425  64.161 0.0000000000
63737  5.906  -27.821  63.590 0.0000000000
64949  5.506  -27.310  63.419 0.0000000000
66053  5.144  -26.836  63.288 0.0000000000
66069  5.698  -25.910  63.320 0.0000000000
71997  5.763  -21.625  64.796 0.0000000000
70761  6.062  -22.498  65.544 0.0000000000
71990  5.965  -21.764  65.213 0.0000000000
73243  5.855  -21.329  64.993 0.0000000000
63712  14.859  -28.615  66.658 0.0000000000
60198  18.577  -29.963  61.645 0.0000000000
58969  18.309  -30.139  60.851 0.0000000000
58970  17.334  -30.287  60.518 0.0000000000
52735  7.517  -36.948  63.904 0.0000000000
55279  4.800  -36.097  59.616 0.0000000000
58979  6.599  -33.503  59.512 0.0000000000
57690  6.273  -33.912  59.108 0.0000000000
57729  5.803  -34.648  57.897 0.0000000000
59031  6.998  -33.168  57.167 0.0000000000
63757  5.490  -27.831  62.387 0.0000000000
62616  7.209  -28.811  60.925 0.0000000000
62625  9.135  -30.069  59.564 0.0000000000
63829  6.969  -28.273  57.812 0.0000000000
63813  7.020  -28.394  58.782 0.0000000000
62647  8.007  -29.078  58.689 0.0000000000
62636  8.914  -29.730  58.954 0.0000000000
60227  9.217  -31.167  57.925 0.0000000000
60251  8.971  -32.044  56.691 0.0000000000
57783  9.037  -33.631  54.734 0.0000000000
61441  8.253  -29.997  52.401 0.0000000000
61442  7.400  -29.208  52.422 0.0000000000
62704  8.092  -30.146  52.279 0.0000000000
61449  8.332  -30.767  52.204 0.0000000000
75740  7.761  -17.960  63.226 0.0000000000
75749  7.500  -18.807  62.853 0.0000000000
74533  7.728  -20.309  61.867 0.0000000000
73281  7.207  -21.170  61.168 0.0000000000
73296  7.241  -21.322  60.736 0.0000000000
73329  6.973  -21.544  59.401 0.0000000000
73328  7.191  -21.443  59.335 0.0000000000
72073  6.878  -21.590  58.999 0.0000000000
72096  6.096  -21.951  57.491 0.0000000000
72118  6.068  -22.255  56.708 0.0000000000
72119  5.860  -22.582  56.541 0.0000000000
72092  8.810  -21.835  57.885 0.0000000000
72114  8.169  -21.962  57.415 0.0000000000
70872  7.907  -22.274  56.961 0.0000000000
72131  7.426  -22.195  56.792 0.0000000000
72133  6.460  -22.467  56.259 0.0000000000
72134  6.178  -22.712  56.139 0.0000000000
72135  5.835  -22.974  56.012 0.0000000000
70906  6.189  -23.659  55.278 0.0000000000
68550  5.711  -24.845  54.221 0.0000000000
68573  5.506  -25.534  53.546 0.0000000000
69709  6.263  -24.439  54.120 0.0000000000
68572  5.737  -25.113  53.511 0.0000000000
67347  5.469  -25.804  53.292 0.0000000000
65091  6.444  -27.511  51.361 0.0000000000
68548  8.098  -24.288  53.310 0.0000000000
66203  6.323  -26.427  51.591 0.0000000000
55182  9.811  -33.458  66.707 0.0000000000
56457  5.804  -34.874  57.521 0.0000000000
57598  10.527  -32.043  67.679 0.0000000000
57710  6.607  -33.414  57.982 0.0000000000
58897  7.575  -32.888  67.042 0.0000000000
58961  8.590  -31.898  60.951 0.0000000000
58968  18.904  -30.125  60.637 0.0000000000
60126  16.018  -29.917  67.305 0.0000000000
60200  8.302  -31.689  61.899 0.0000000000
60282  10.189  -31.237  53.472 0.0000000000
60309  6.657  -29.948  51.629 0.0000000000
61303  16.800  -29.627  67.316 0.0000000000
61317  17.117  -29.583  67.108 0.0000000000
61328  19.308  -29.519  65.795 0.0000000000
61339  20.315  -29.595  64.586 0.0000000000
61391  9.212  -30.390  59.125 0.0000000000
61450  7.967  -30.410  52.194 0.0000000000
61463  6.860  -29.965  51.830 0.0000000000
62541  19.784  -28.675  66.437 0.0000000000
62548  8.633  -30.079  67.685 0.0000000000
62600  8.343  -30.326  61.763 0.0000000000
62618  6.454  -27.852  60.513 0.0000000000
62630  6.455  -27.701  59.965 0.0000000000
62638  7.794  -28.916  59.003 0.0000000000
62640  6.639  -27.990  59.366 0.0000000000
62676  6.402  -27.466  55.054 0.0000000000
62706  6.979  -28.950  52.362 0.0000000000
63694  19.720  -28.435  66.453 0.0000000000
63709  20.845  -28.300  66.221 0.0000000000
63797  7.070  -28.442  59.357 0.0000000000
63812  7.394  -28.661  59.123 0.0000000000
63826  8.589  -29.472  57.638 0.0000000000
63841  8.663  -29.341  57.411 0.0000000000
63846  6.176  -27.349  56.174 0.0000000000
63857  5.928  -27.200  55.352 0.0000000000
63867  6.001  -27.405  54.600 0.0000000000
63868  5.826  -27.227  54.709 0.0000000000
64963  23.642  -26.800  62.942 0.0000000000
64968  4.793  -27.130  62.896 0.0000000000
65072  5.470  -26.606  53.927 0.0000000000
66070  5.385  -26.238  63.227 0.0000000000
66078  23.701  -26.658  62.753 0.0000000000
66128  5.236  -26.790  57.431 0.0000000000
66138  5.358  -26.531  57.027 0.0000000000
67193  9.979  -26.077  64.695 0.0000000000
67208  5.204  -26.448  63.210 0.0000000000
67238  4.574  -26.635  62.804 0.0000000000
67295  5.358  -25.543  56.852 0.0000000000
67303  5.427  -25.488  56.254 0.0000000000
67328  5.401  -25.810  53.762 0.0000000000
68442  5.163  -25.554  62.602 0.0000000000
68515  5.566  -24.501  56.701 0.0000000000
68522  5.611  -24.614  56.229 0.0000000000
68523  5.575  -24.929  55.752 0.0000000000
68533  5.569  -25.184  54.475 0.0000000000
68571  6.137  -25.138  52.965 0.0000000000
68589  6.176  -25.392  52.621 0.0000000000
69585  5.584  -22.841  64.452 0.0000000000
69650  5.544  -23.919  57.349 0.0000000000
69661  5.637  -23.950  56.793 0.0000000000
69662  5.580  -23.369  56.910 0.0000000000
69670  5.748  -24.180  56.252 0.0000000000
69691  7.652  -23.477  54.722 0.0000000000
69692  5.998  -24.308  54.770 0.0000000000
69729  5.990  -24.680  53.758 0.0000000000
70887  5.882  -23.245  55.983 0.0000000000
70905  6.345  -23.464  55.272 0.0000000000
72115  7.591  -21.852  57.346 0.0000000000
72146  7.049  -22.571  55.824 0.0000000000
72149  6.176  -23.228  55.542 0.0000000000
73242  6.118  -21.098  65.213 0.0000000000
73269  5.906  -20.778  62.520 0.0000000000
73283  6.128  -21.133  62.187 0.0000000000
73311  6.987  -21.579  59.895 0.0000000000
73327  7.661  -21.331  59.256 0.0000000000
74508  5.892  -20.014  64.344 0.0000000000
74543  7.128  -21.062  61.570 0.0000000000
75752  6.102  -20.029  62.547 0.0000000000
