#!ascii label  , from subject sub.01.dh.02 vox2ras=TkReg
1074
57820  22.991  -31.134  51.861 0.0000000000
56387  34.829  -32.543  59.808 0.0000000000
74871  39.176  -19.066  34.185 0.0000000000
67445  32.510  -25.593  46.073 0.0000000000
62720  37.283  -29.208  51.112 0.0000000000
85575  48.511  -9.349  27.491 0.0000000000
71116  39.439  -20.571  38.144 0.0000000000
69908  33.309  -21.458  38.093 0.0000000000
57824  17.766  -32.534  52.067 0.0000000000
56473  28.153  -32.296  56.069 0.0000000000
57771  32.039  -31.344  54.216 0.0000000000
57919  25.338  -31.351  48.783 0.0000000000
81382  43.463  -12.814  30.841 0.0000000000
62652  25.801  -28.930  56.128 0.0000000000
60236  20.670  -29.518  56.977 0.0000000000
80259  43.263  -15.137  35.541 0.0000000000
57723  16.022  -31.802  57.045 0.0000000000
55305  10.929  -34.672  57.345 0.0000000000
73572  34.143  -20.274  44.521 0.0000000000
66270  35.420  -26.709  48.169 0.0000000000
59194  36.813  -32.396  46.468 0.0000000000
56636  34.490  -33.143  49.957 0.0000000000
73614  39.155  -20.019  39.920 0.0000000000
71119  36.542  -20.481  38.605 0.0000000000
73617  36.532  -20.024  40.344 0.0000000000
75935  41.521  -18.319  39.927 0.0000000000
59122  20.824  -31.955  49.037 0.0000000000
59105  18.417  -32.926  49.931 0.0000000000
57822  19.946  -31.490  52.257 0.0000000000
56557  25.831  -31.959  53.283 0.0000000000
56598  26.912  -31.847  52.389 0.0000000000
56620  24.542  -31.587  50.500 0.0000000000
57953  22.561  -33.052  47.602 0.0000000000
77080  38.813  -17.225  32.602 0.0000000000
75980  41.840  -18.716  36.335 0.0000000000
76025  40.706  -17.421  34.058 0.0000000000
79222  40.622  -15.677  32.585 0.0000000000
60216  20.343  -29.742  59.181 0.0000000000
57720  18.883  -31.277  57.263 0.0000000000
58985  18.119  -30.379  59.324 0.0000000000
56369  11.309  -32.981  62.396 0.0000000000
57672  12.505  -32.064  60.093 0.0000000000
55268  10.263  -34.415  60.096 0.0000000000
52805  8.786  -36.604  59.199 0.0000000000
52764  8.183  -36.321  61.884 0.0000000000
68620  36.376  -24.953  50.023 0.0000000000
65117  36.399  -27.499  49.470 0.0000000000
62765  35.946  -29.481  47.503 0.0000000000
60358  38.092  -30.773  48.340 0.0000000000
60317  30.897  -30.342  50.586 0.0000000000
56574  33.628  -31.996  52.420 0.0000000000
57889  32.740  -31.917  49.150 0.0000000000
56680  33.310  -33.942  47.618 0.0000000000
71042  32.473  -22.461  45.000 0.0000000000
68708  31.515  -22.886  41.815 0.0000000000
67466  31.187  -25.698  43.535 0.0000000000
86668  50.972  -7.981  25.459 0.0000000000
84468  49.181  -9.986  25.436 0.0000000000
72408  39.059  -19.882  36.334 0.0000000000
72393  35.967  -20.254  36.759 0.0000000000
73651  41.403  -19.728  37.735 0.0000000000
56423  31.622  -31.888  58.017 0.0000000000
56467  33.602  -32.186  56.602 0.0000000000
56498  29.928  -31.720  55.359 0.0000000000
59088  28.734  -30.984  51.934 0.0000000000
60363  26.935  -30.280  47.882 0.0000000000
82329  45.156  -12.229  34.140 0.0000000000
82343  46.011  -11.978  31.810 0.0000000000
83373  46.092  -11.419  29.305 0.0000000000
83387  46.189  -11.499  26.814 0.0000000000
59038  24.424  -30.178  53.660 0.0000000000
59053  21.300  -30.223  53.613 0.0000000000
63853  23.028  -28.239  55.418 0.0000000000
57701  27.210  -31.088  56.109 0.0000000000
80283  43.369  -14.115  33.339 0.0000000000
57777  19.517  -31.276  54.587 0.0000000000
56506  17.216  -32.186  55.122 0.0000000000
56509  13.956  -33.163  54.981 0.0000000000
58972  15.351  -30.546  60.270 0.0000000000
56429  13.191  -32.447  57.470 0.0000000000
50269  6.702  -38.779  63.752 0.0000000000
73570  36.566  -19.468  43.392 0.0000000000
69816  32.792  -23.490  47.066 0.0000000000
69777  34.943  -23.917  48.996 0.0000000000
67443  33.897  -26.163  47.626 0.0000000000
63938  34.974  -28.615  47.076 0.0000000000
60394  36.150  -31.432  45.485 0.0000000000
59214  35.138  -33.262  44.934 0.0000000000
56522  34.694  -32.467  54.651 0.0000000000
56570  35.986  -32.757  52.756 0.0000000000
59098  37.223  -32.399  50.552 0.0000000000
57914  35.238  -33.832  48.878 0.0000000000
57996  33.963  -34.156  45.907 0.0000000000
72326  34.117  -20.407  40.787 0.0000000000
69884  31.814  -22.696  39.139 0.0000000000
74786  39.113  -19.035  41.552 0.0000000000
73616  37.325  -20.150  40.017 0.0000000000
74787  38.211  -19.530  41.675 0.0000000000
75937  40.002  -18.601  40.818 0.0000000000
57868  21.604  -31.565  50.356 0.0000000000
57869  20.341  -31.646  50.149 0.0000000000
57821  21.438  -31.191  52.247 0.0000000000
57818  24.752  -31.413  52.322 0.0000000000
56579  25.120  -31.769  52.175 0.0000000000
57842  23.494  -31.270  51.209 0.0000000000
57894  23.121  -31.836  49.290 0.0000000000
76016  38.481  -18.134  33.421 0.0000000000
74853  40.552  -19.070  35.311 0.0000000000
75996  41.055  -18.175  34.875 0.0000000000
74890  39.891  -18.605  33.943 0.0000000000
78115  39.633  -17.207  33.218 0.0000000000
56370  10.775  -33.503  62.009 0.0000000000
55257  10.770  -33.690  60.650 0.0000000000
54034  9.731  -34.918  60.524 0.0000000000
54035  9.280  -35.439  59.967 0.0000000000
54021  9.328  -35.412  60.965 0.0000000000
52774  8.333  -36.381  60.921 0.0000000000
66239  36.714  -26.659  50.382 0.0000000000
63910  36.633  -28.187  49.942 0.0000000000
62750  36.629  -29.431  48.755 0.0000000000
61483  37.302  -29.964  50.171 0.0000000000
56418  34.971  -32.520  58.206 0.0000000000
61485  30.558  -30.497  48.671 0.0000000000
59099  32.069  -31.108  50.367 0.0000000000
60344  30.768  -31.168  47.927 0.0000000000
57949  31.622  -32.275  47.516 0.0000000000
68666  31.812  -24.492  45.135 0.0000000000
68678  31.463  -24.857  44.161 0.0000000000
85571  48.390  -9.463  28.504 0.0000000000
86660  50.020  -8.734  29.000 0.0000000000
86666  49.702  -8.485  27.670 0.0000000000
86670  49.636  -8.456  26.818 0.0000000000
85579  48.655  -9.471  26.663 0.0000000000
71157  39.097  -20.295  37.385 0.0000000000
73663  37.687  -19.954  36.486 0.0000000000
71158  38.243  -20.286  37.420 0.0000000000
71120  35.326  -20.588  38.525 0.0000000000
71140  35.092  -20.544  37.850 0.0000000000
71141  33.799  -21.097  37.448 0.0000000000
73629  40.278  -20.361  38.868 0.0000000000
72377  40.584  -20.203  37.738 0.0000000000
73652  40.974  -19.971  37.288 0.0000000000
57846  18.505  -32.314  51.234 0.0000000000
57802  16.134  -33.361  52.872 0.0000000000
56445  29.874  -31.793  57.117 0.0000000000
56470  30.899  -31.780  56.516 0.0000000000
56499  28.982  -32.152  55.335 0.0000000000
57864  26.379  -31.580  50.757 0.0000000000
57840  27.649  -31.482  51.929 0.0000000000
59119  26.612  -30.924  49.938 0.0000000000
60330  27.808  -30.418  49.977 0.0000000000
59145  26.444  -30.564  48.647 0.0000000000
57950  24.671  -32.217  46.949 0.0000000000
62780  34.271  -29.499  45.051 0.0000000000
81343  44.894  -12.872  32.552 0.0000000000
82344  45.489  -12.436  32.220 0.0000000000
81371  44.910  -12.618  31.259 0.0000000000
82362  45.488  -11.769  29.544 0.0000000000
82369  45.073  -11.751  28.426 0.0000000000
83377  46.321  -11.222  28.641 0.0000000000
61411  25.347  -29.551  55.282 0.0000000000
61423  23.704  -29.245  54.454 0.0000000000
62653  24.867  -28.768  55.507 0.0000000000
60234  26.702  -30.192  56.105 0.0000000000
59026  25.798  -30.655  54.664 0.0000000000
81327  44.199  -13.512  35.281 0.0000000000
80274  43.235  -14.522  34.149 0.0000000000
79236  40.881  -14.887  32.149 0.0000000000
60261  20.816  -29.844  55.013 0.0000000000
59054  20.237  -30.694  54.049 0.0000000000
59027  20.119  -30.305  55.612 0.0000000000
57722  16.982  -31.803  57.029 0.0000000000
56449  17.910  -31.634  56.031 0.0000000000
56451  16.513  -32.209  56.397 0.0000000000
56479  15.975  -32.361  55.629 0.0000000000
56452  15.543  -32.067  56.344 0.0000000000
58958  14.621  -30.639  61.127 0.0000000000
56410  11.350  -33.239  59.172 0.0000000000
57709  12.781  -32.241  58.682 0.0000000000
56456  12.027  -33.586  57.479 0.0000000000
55303  12.316  -33.768  56.593 0.0000000000
72263  33.444  -21.401  46.259 0.0000000000
67409  35.732  -25.543  48.949 0.0000000000
69776  35.643  -24.300  49.561 0.0000000000
68646  35.172  -25.420  48.318 0.0000000000
68647  34.672  -25.128  48.033 0.0000000000
66271  34.934  -26.452  47.874 0.0000000000
65148  34.360  -27.746  47.339 0.0000000000
65133  34.995  -27.492  47.811 0.0000000000
60378  36.902  -31.287  46.901 0.0000000000
61534  36.108  -30.425  46.870 0.0000000000
59212  36.324  -32.164  45.717 0.0000000000
59234  35.988  -32.152  45.134 0.0000000000
59213  35.673  -32.767  45.420 0.0000000000
57750  32.597  -31.717  55.160 0.0000000000
56494  33.894  -32.269  55.703 0.0000000000
56524  33.571  -32.176  54.977 0.0000000000
56596  34.292  -32.294  51.603 0.0000000000
56572  34.983  -32.662  53.026 0.0000000000
56613  35.354  -32.901  51.309 0.0000000000
57836  36.754  -32.822  51.768 0.0000000000
57860  36.204  -33.390  50.907 0.0000000000
57885  37.034  -33.053  49.328 0.0000000000
57887  35.311  -33.532  49.744 0.0000000000
56706  32.331  -33.682  45.952 0.0000000000
56704  33.929  -34.077  47.207 0.0000000000
73571  35.210  -19.660  43.982 0.0000000000
73599  35.299  -19.906  41.588 0.0000000000
73601  33.639  -20.141  42.507 0.0000000000
68719  30.849  -24.600  40.629 0.0000000000
69871  31.768  -22.591  40.322 0.0000000000
86674  52.070  -8.485  24.266 0.0000000000
73630  39.352  -20.405  39.206 0.0000000000
71118  37.746  -20.492  38.429 0.0000000000
72345  37.688  -20.493  39.128 0.0000000000
72346  36.565  -20.433  39.081 0.0000000000
71080  35.324  -20.544  39.563 0.0000000000
76998  40.777  -17.522  40.624 0.0000000000
74813  40.378  -19.758  39.589 0.0000000000
59103  19.526  -32.102  49.668 0.0000000000
57870  19.157  -32.100  50.448 0.0000000000
57823  18.822  -31.954  52.221 0.0000000000
56501  27.333  -32.261  55.109 0.0000000000
56555  27.474  -32.195  53.679 0.0000000000
56578  26.082  -32.161  52.620 0.0000000000
56618  25.969  -32.024  51.238 0.0000000000
57892  24.712  -31.609  49.535 0.0000000000
57921  23.982  -32.158  48.395 0.0000000000
57893  23.850  -31.822  49.143 0.0000000000
57923  22.209  -32.443  48.398 0.0000000000
81391  42.432  -13.136  30.146 0.0000000000
65040  25.704  -27.525  56.925 0.0000000000
75988  42.102  -18.113  36.198 0.0000000000
78089  42.615  -16.908  35.878 0.0000000000
78105  41.899  -16.550  34.564 0.0000000000
79195  42.113  -15.736  34.156 0.0000000000
78114  41.192  -16.382  33.612 0.0000000000
78129  39.869  -16.473  32.828 0.0000000000
60225  20.406  -29.830  58.021 0.0000000000
59015  20.037  -30.391  56.987 0.0000000000
59004  19.230  -30.731  58.260 0.0000000000
59005  18.305  -30.914  58.305 0.0000000000
57683  16.720  -30.985  58.520 0.0000000000
58960  12.857  -31.419  60.914 0.0000000000
57660  11.910  -32.385  61.049 0.0000000000
55267  10.793  -33.725  59.643 0.0000000000
55278  10.254  -34.439  59.043 0.0000000000
54062  9.654  -35.825  57.839 0.0000000000
66240  36.366  -26.496  49.755 0.0000000000
66255  35.998  -26.887  48.766 0.0000000000
65132  35.446  -27.665  48.153 0.0000000000
63923  36.047  -28.570  48.546 0.0000000000
61514  37.319  -30.178  48.135 0.0000000000
59166  37.489  -32.155  47.688 0.0000000000
59075  31.863  -30.869  52.514 0.0000000000
57790  32.975  -31.778  53.459 0.0000000000
57814  32.542  -31.296  52.037 0.0000000000
57861  33.115  -31.968  50.138 0.0000000000
56616  33.634  -32.630  49.736 0.0000000000
56637  33.781  -33.459  49.605 0.0000000000
57916  33.204  -32.947  48.398 0.0000000000
57948  31.994  -32.869  47.002 0.0000000000
71052  32.933  -21.711  44.580 0.0000000000
71060  32.486  -21.635  42.848 0.0000000000
69853  31.936  -22.615  43.276 0.0000000000
68692  31.220  -24.534  42.833 0.0000000000
87758  50.768  -7.494  26.933 0.0000000000
85577  49.985  -8.966  25.499 0.0000000000
74855  38.571  -19.241  35.095 0.0000000000
74873  37.200  -18.646  34.425 0.0000000000
73675  37.849  -19.582  35.869 0.0000000000
71160  36.121  -20.455  37.404 0.0000000000
71161  34.937  -20.600  37.100 0.0000000000
75934  42.792  -18.069  39.972 0.0000000000
74810  42.769  -19.035  38.899 0.0000000000
74823  43.093  -18.953  38.363 0.0000000000
74842  41.785  -19.242  36.782 0.0000000000
73672  40.586  -19.776  35.945 0.0000000000
56403  33.063  -32.334  58.844 0.0000000000
56419  34.303  -32.601  58.233 0.0000000000
56442  32.551  -31.932  57.452 0.0000000000
56469  31.934  -31.794  56.686 0.0000000000
57772  30.889  -31.337  54.567 0.0000000000
56553  28.413  -31.913  53.911 0.0000000000
57792  29.169  -31.539  54.029 0.0000000000
60281  29.998  -31.051  53.359 0.0000000000
61461  29.933  -30.194  51.175 0.0000000000
61486  29.621  -29.973  49.333 0.0000000000
61538  28.333  -30.227  46.086 0.0000000000
83363  47.103  -11.595  31.395 0.0000000000
82354  45.346  -12.219  30.661 0.0000000000
82353  46.353  -11.702  30.301 0.0000000000
83367  47.330  -11.523  30.581 0.0000000000
83371  47.452  -11.129  29.899 0.0000000000
84463  47.570  -10.097  28.430 0.0000000000
84466  47.427  -10.253  27.307 0.0000000000
84470  47.581  -10.391  26.392 0.0000000000
59064  24.359  -30.758  52.737 0.0000000000
59066  21.916  -30.725  52.875 0.0000000000
60269  23.552  -29.815  53.584 0.0000000000
61424  22.248  -29.028  54.725 0.0000000000
61412  21.720  -28.766  55.642 0.0000000000
65031  24.075  -27.062  56.648 0.0000000000
60224  20.925  -29.159  57.681 0.0000000000
61390  21.371  -28.722  59.496 0.0000000000
56376  33.596  -32.609  60.704 0.0000000000
56378  32.415  -32.340  59.910 0.0000000000
56406  30.843  -31.767  58.545 0.0000000000
56426  29.267  -31.778  57.650 0.0000000000
57699  28.350  -31.567  57.590 0.0000000000
56474  27.319  -32.066  55.857 0.0000000000
56502  26.611  -31.843  54.809 0.0000000000
59050  25.251  -30.944  53.673 0.0000000000
82330  44.584  -12.746  34.752 0.0000000000
81344  44.293  -13.355  33.243 0.0000000000
81373  43.237  -13.423  31.940 0.0000000000
79220  42.157  -14.805  32.992 0.0000000000
80310  41.988  -14.077  31.975 0.0000000000
81383  42.397  -13.454  31.221 0.0000000000
57797  21.008  -30.928  52.904 0.0000000000
57798  20.049  -31.149  53.325 0.0000000000
57779  18.371  -31.969  54.013 0.0000000000
57738  18.551  -31.573  55.932 0.0000000000
56505  17.808  -31.872  55.117 0.0000000000
57780  17.471  -32.198  54.100 0.0000000000
57759  16.200  -32.579  54.356 0.0000000000
56534  15.158  -33.879  53.736 0.0000000000
58987  16.063  -30.525  59.341 0.0000000000
57684  15.756  -30.850  58.427 0.0000000000
57686  13.966  -31.522  58.654 0.0000000000
57725  14.138  -31.924  57.235 0.0000000000
56481  13.891  -32.649  55.848 0.0000000000
51481  7.438  -37.535  63.147 0.0000000000
74774  37.799  -19.412  42.371 0.0000000000
72278  33.393  -21.308  45.098 0.0000000000
71028  32.273  -22.923  45.692 0.0000000000
68657  32.459  -24.588  46.223 0.0000000000
69790  33.899  -23.744  48.115 0.0000000000
67434  33.591  -25.089  47.433 0.0000000000
67444  33.321  -25.620  47.043 0.0000000000
65149  33.678  -27.803  46.740 0.0000000000
63951  34.448  -28.812  46.473 0.0000000000
61536  35.317  -30.023  45.590 0.0000000000
62766  35.511  -29.486  46.861 0.0000000000
61535  35.622  -30.505  45.969 0.0000000000
61551  35.596  -30.489  45.103 0.0000000000
60412  36.039  -31.614  44.791 0.0000000000
59235  35.327  -32.737  44.415 0.0000000000
60299  37.146  -30.329  51.873 0.0000000000
56439  34.577  -32.530  57.328 0.0000000000
56464  35.279  -32.336  56.102 0.0000000000
56490  35.884  -32.378  54.849 0.0000000000
56551  34.529  -32.486  53.867 0.0000000000
56549  35.324  -32.684  53.650 0.0000000000
56519  35.990  -32.532  54.010 0.0000000000
57810  36.407  -31.919  53.123 0.0000000000
59086  36.786  -31.372  51.646 0.0000000000
60315  37.155  -30.676  50.980 0.0000000000
59114  38.202  -31.888  49.534 0.0000000000
57912  37.112  -32.999  48.596 0.0000000000
57944  36.415  -33.225  47.006 0.0000000000
57915  34.551  -34.138  48.552 0.0000000000
57946  34.651  -34.051  47.832 0.0000000000
57974  35.583  -33.255  46.237 0.0000000000
57995  34.715  -33.640  45.518 0.0000000000
74789  36.733  -19.577  41.545 0.0000000000
72308  35.353  -20.152  40.664 0.0000000000
71102  33.511  -21.054  39.498 0.0000000000
71070  32.750  -21.146  41.690 0.0000000000
69883  32.788  -21.637  39.530 0.0000000000
69894  32.620  -22.022  38.489 0.0000000000
83390  48.339  -10.950  25.185 0.0000000000
74802  38.512  -19.705  41.011 0.0000000000
75926  39.410  -18.442  41.836 0.0000000000
57843  22.239  -31.503  51.233 0.0000000000
57819  24.182  -31.253  51.906 0.0000000000
57867  22.911  -31.416  50.281 0.0000000000
75999  38.685  -18.747  33.815 0.0000000000
76000  37.862  -18.429  33.871 0.0000000000
74870  40.048  -18.763  34.423 0.0000000000
75998  39.100  -18.906  33.765 0.0000000000
76015  39.391  -18.497  33.646 0.0000000000
55249  10.141  -34.139  62.066 0.0000000000
55258  10.202  -34.325  61.058 0.0000000000
54020  9.723  -34.858  61.511 0.0000000000
52763  8.739  -35.784  61.379 0.0000000000
62726  37.225  -28.239  50.896 0.0000000000
63902  36.997  -27.887  50.568 0.0000000000
62727  37.079  -28.879  50.578 0.0000000000
62738  36.808  -29.232  49.612 0.0000000000
56386  35.421  -32.329  59.831 0.0000000000
56401  34.595  -32.563  59.065 0.0000000000
61499  30.365  -30.631  47.999 0.0000000000
60360  30.581  -31.249  47.225 0.0000000000
59169  30.561  -31.495  46.626 0.0000000000
67455  31.895  -25.664  45.395 0.0000000000
68667  31.578  -25.125  44.929 0.0000000000
85570  49.135  -8.940  28.081 0.0000000000
85574  49.092  -8.910  27.113 0.0000000000
71136  39.205  -20.495  37.812 0.0000000000
71137  38.413  -20.444  37.878 0.0000000000
71121  34.138  -20.816  38.310 0.0000000000
69909  32.719  -22.187  37.445 0.0000000000
72366  39.671  -20.547  38.250 0.0000000000
73642  40.648  -20.241  38.404 0.0000000000
71135  39.844  -20.462  37.863 0.0000000000
71156  39.758  -20.291  37.463 0.0000000000
57847  17.547  -33.341  50.896 0.0000000000
57825  16.658  -33.359  51.897 0.0000000000
57801  17.039  -32.534  52.954 0.0000000000
56472  28.988  -32.138  56.205 0.0000000000
56471  29.865  -31.822  56.326 0.0000000000
57890  26.148  -31.331  49.985 0.0000000000
59101  26.893  -31.289  50.747 0.0000000000
59120  26.022  -31.204  49.600 0.0000000000
59146  25.801  -31.076  48.818 0.0000000000
59172  25.344  -31.399  47.614 0.0000000000
59147  25.327  -31.403  48.390 0.0000000000
62779  34.919  -29.760  45.177 0.0000000000
81361  44.257  -13.265  32.299 0.0000000000
81360  44.953  -12.829  31.891 0.0000000000
81372  44.237  -12.981  31.529 0.0000000000
82378  44.994  -11.783  27.375 0.0000000000
61410  25.970  -29.505  55.743 0.0000000000
62668  24.769  -29.137  55.168 0.0000000000
61400  26.532  -29.681  56.492 0.0000000000
60247  26.178  -30.113  55.459 0.0000000000
79178  43.311  -15.601  36.042 0.0000000000
80262  43.198  -14.823  35.013 0.0000000000
60249  20.537  -29.717  56.004 0.0000000000
58945  13.990  -30.971  61.890 0.0000000000
55291  11.218  -34.063  57.764 0.0000000000
56431  11.656  -33.345  58.348 0.0000000000
55304  11.515  -34.382  56.913 0.0000000000
67421  35.627  -25.944  48.519 0.0000000000
68633  35.424  -25.288  48.747 0.0000000000
67432  35.108  -25.864  48.045 0.0000000000
60379  36.321  -31.353  46.229 0.0000000000
59195  36.187  -32.750  45.997 0.0000000000
57749  33.121  -32.019  55.129 0.0000000000
57770  33.036  -31.943  54.493 0.0000000000
56614  34.765  -32.612  50.911 0.0000000000
56595  34.905  -32.605  52.012 0.0000000000
56612  35.816  -33.404  51.541 0.0000000000
56635  35.193  -33.137  50.329 0.0000000000
73584  33.976  -19.944  43.282 0.0000000000
72344  38.737  -20.532  38.842 0.0000000000
73631  38.533  -20.341  39.477 0.0000000000
72322  36.977  -20.341  39.449 0.0000000000
72323  36.383  -20.202  39.715 0.0000000000
71100  35.607  -20.487  39.179 0.0000000000
72324  35.514  -20.400  39.837 0.0000000000
78059  40.654  -16.925  40.853 0.0000000000
74800  39.815  -19.270  40.336 0.0000000000
73613  39.841  -20.083  39.643 0.0000000000
57844  20.850  -31.419  51.246 0.0000000000
57845  19.581  -31.729  51.272 0.0000000000
56529  26.639  -32.104  54.191 0.0000000000
56556  26.715  -32.153  53.503 0.0000000000
56601  24.894  -31.631  51.245 0.0000000000
56600  25.623  -32.025  51.714 0.0000000000
56619  25.249  -31.705  50.835 0.0000000000
57866  25.088  -31.656  50.277 0.0000000000
56639  24.794  -31.639  50.220 0.0000000000
56641  23.778  -31.690  49.573 0.0000000000
57895  21.951  -31.849  49.391 0.0000000000
59121  21.604  -32.231  48.639 0.0000000000
76012  41.207  -17.632  34.652 0.0000000000
77046  41.449  -17.870  35.233 0.0000000000
77056  41.566  -17.363  34.947 0.0000000000
78094  42.318  -16.607  35.240 0.0000000000
77066  41.364  -17.125  34.422 0.0000000000
78113  41.568  -16.402  34.039 0.0000000000
77067  41.101  -17.002  33.995 0.0000000000
77069  39.137  -17.701  33.072 0.0000000000
78116  39.298  -17.054  32.807 0.0000000000
60215  20.882  -29.228  58.768 0.0000000000
59003  19.983  -30.405  57.966 0.0000000000
60226  19.993  -30.255  58.592 0.0000000000
57682  17.600  -30.929  58.504 0.0000000000
58986  17.056  -30.613  59.429 0.0000000000
57645  11.864  -32.362  61.926 0.0000000000
54061  9.891  -35.117  58.380 0.0000000000
54047  9.703  -34.985  59.491 0.0000000000
52786  8.850  -35.955  59.486 0.0000000000
52804  9.016  -36.276  58.854 0.0000000000
51511  7.707  -36.979  61.462 0.0000000000
65106  36.722  -27.229  50.209 0.0000000000
66241  36.136  -26.347  49.037 0.0000000000
66254  36.249  -27.111  49.138 0.0000000000
65131  35.760  -27.706  48.442 0.0000000000
65118  36.096  -27.675  48.868 0.0000000000
61498  37.513  -30.221  49.107 0.0000000000
60359  37.699  -31.324  47.647 0.0000000000
60289  31.299  -30.563  51.973 0.0000000000
59087  32.066  -30.907  51.492 0.0000000000
59116  31.924  -31.560  49.062 0.0000000000
57862  32.550  -31.572  49.903 0.0000000000
57888  33.195  -32.515  48.996 0.0000000000
57917  32.437  -32.417  48.107 0.0000000000
71053  32.562  -21.954  43.916 0.0000000000
69841  32.041  -23.116  44.423 0.0000000000
67478  30.975  -25.278  42.844 0.0000000000
85578  49.252  -9.108  26.016 0.0000000000
85585  49.708  -9.624  25.356 0.0000000000
85584  50.409  -9.485  24.959 0.0000000000
84475  49.690  -10.465  24.974 0.0000000000
73674  38.946  -19.530  35.806 0.0000000000
72392  37.031  -20.252  36.909 0.0000000000
73664  36.882  -19.936  36.340 0.0000000000
73665  35.887  -19.893  36.101 0.0000000000
71138  37.430  -20.446  37.979 0.0000000000
71139  36.313  -20.560  38.000 0.0000000000
71162  33.888  -21.195  36.451 0.0000000000
72395  34.163  -21.062  35.743 0.0000000000
76997  42.009  -17.405  40.375 0.0000000000
74811  41.659  -19.405  38.785 0.0000000000
75946  42.301  -18.781  39.424 0.0000000000
74824  42.111  -19.336  38.259 0.0000000000
74835  42.403  -19.077  37.618 0.0000000000
73660  41.494  -19.619  37.202 0.0000000000
72407  39.648  -20.030  36.364 0.0000000000
73662  40.204  -20.057  36.245 0.0000000000
73673  39.842  -19.790  35.813 0.0000000000
56404  32.266  -32.079  58.806 0.0000000000
56422  32.390  -31.977  58.149 0.0000000000
56497  31.239  -31.577  55.860 0.0000000000
57751  31.660  -31.385  55.203 0.0000000000
57752  30.695  -31.478  55.136 0.0000000000
56554  28.137  -32.112  53.816 0.0000000000
56576  27.587  -31.949  53.107 0.0000000000
59077  28.180  -31.410  52.317 0.0000000000
57816  28.125  -31.646  52.923 0.0000000000
59076  28.764  -31.156  52.612 0.0000000000
59063  29.521  -31.260  53.591 0.0000000000
60291  29.701  -30.860  52.858 0.0000000000
60290  30.407  -30.634  52.346 0.0000000000
60303  29.369  -30.632  51.684 0.0000000000
60346  27.776  -30.188  49.174 0.0000000000
61487  28.807  -30.172  50.129 0.0000000000
61501  28.490  -29.959  48.941 0.0000000000
61517  28.173  -30.014  47.468 0.0000000000
57952  23.386  -32.913  47.603 0.0000000000
57951  24.033  -32.540  47.366 0.0000000000
83315  45.765  -11.438  34.996 0.0000000000
82333  45.911  -11.912  32.429 0.0000000000
83356  46.530  -11.611  32.061 0.0000000000
83339  46.983  -10.873  32.663 0.0000000000
83364  46.472  -11.780  31.587 0.0000000000
82364  43.975  -12.563  30.167 0.0000000000
82355  44.565  -12.492  30.556 0.0000000000
82348  46.841  -11.803  30.780 0.0000000000
83368  46.996  -11.585  30.152 0.0000000000
83372  46.700  -11.407  29.584 0.0000000000
83383  46.107  -11.300  27.725 0.0000000000
83376  47.200  -10.832  29.048 0.0000000000
83382  46.722  -10.772  27.811 0.0000000000
83386  46.886  -10.846  26.592 0.0000000000
59051  24.458  -30.501  53.214 0.0000000000
60259  24.280  -29.881  53.989 0.0000000000
62669  23.985  -28.651  55.055 0.0000000000
62670  22.760  -28.562  55.060 0.0000000000
62655  22.203  -28.247  55.876 0.0000000000
65041  25.018  -27.452  56.472 0.0000000000
63811  22.535  -27.440  57.664 0.0000000000
62635  21.966  -27.918  57.716 0.0000000000
61396  21.397  -28.637  58.278 0.0000000000
56377  32.881  -32.589  60.344 0.0000000000
56425  29.993  -31.690  57.792 0.0000000000
59001  27.617  -31.094  57.346 0.0000000000
57700  27.549  -31.451  56.620 0.0000000000
56448  27.776  -31.882  56.617 0.0000000000
57718  27.294  -31.730  56.099 0.0000000000
56475  26.809  -31.785  55.340 0.0000000000
57734  26.949  -31.698  55.623 0.0000000000
57736  25.913  -31.117  54.446 0.0000000000
59037  25.146  -30.601  54.016 0.0000000000
74857  36.449  -19.015  34.956 0.0000000000
80273  43.746  -13.863  33.846 0.0000000000
81335  44.205  -13.401  34.283 0.0000000000
80282  43.786  -13.768  33.382 0.0000000000
81362  43.633  -13.709  32.749 0.0000000000
79205  41.190  -15.821  33.109 0.0000000000
79204  41.744  -15.546  33.473 0.0000000000
79221  41.549  -14.987  32.633 0.0000000000
80322  40.668  -14.621  31.227 0.0000000000
79235  41.414  -14.555  32.165 0.0000000000
80321  41.391  -14.055  31.032 0.0000000000
80320  41.928  -13.792  31.322 0.0000000000
57778  19.021  -31.776  54.285 0.0000000000
57799  19.071  -31.793  53.231 0.0000000000
59016  19.393  -31.027  57.008 0.0000000000
59028  19.509  -30.841  56.100 0.0000000000
57737  19.004  -31.399  56.463 0.0000000000
56477  17.550  -31.908  55.645 0.0000000000
56533  17.561  -32.068  54.773 0.0000000000
57758  16.879  -32.397  54.559 0.0000000000
57781  16.578  -32.631  53.786 0.0000000000
56480  14.872  -32.334  55.566 0.0000000000
56508  15.335  -32.780  54.598 0.0000000000
56535  14.556  -33.726  54.250 0.0000000000
55322  13.927  -34.260  54.345 0.0000000000
58988  15.056  -30.697  59.306 0.0000000000
57659  12.379  -31.938  60.757 0.0000000000
56430  12.533  -32.713  58.014 0.0000000000
57687  13.207  -31.798  58.917 0.0000000000
57708  13.507  -32.046  58.036 0.0000000000
57707  14.489  -31.531  57.825 0.0000000000
57726  13.637  -32.224  57.408 0.0000000000
56454  13.600  -32.444  56.797 0.0000000000
50268  7.037  -38.380  63.398 0.0000000000
73552  36.281  -19.539  44.763 0.0000000000
73554  34.183  -20.498  45.664 0.0000000000
71010  32.996  -22.403  47.029 0.0000000000
71027  32.603  -22.298  45.980 0.0000000000
69817  32.403  -23.577  46.312 0.0000000000
68622  35.338  -24.712  49.020 0.0000000000
69778  34.322  -23.587  48.568 0.0000000000
67433  34.230  -25.668  47.811 0.0000000000
68648  33.760  -24.490  47.649 0.0000000000
66287  33.176  -26.646  46.524 0.0000000000
66286  33.837  -26.751  47.199 0.0000000000
62767  35.194  -29.459  46.144 0.0000000000
63936  35.734  -28.586  48.074 0.0000000000
63937  35.357  -28.574  47.635 0.0000000000
61550  35.990  -30.955  45.184 0.0000000000
61565  36.196  -30.917  44.632 0.0000000000
59236  35.030  -33.246  44.538 0.0000000000
58020  34.557  -33.632  44.411 0.0000000000
56440  33.948  -32.473  57.396 0.0000000000
56493  34.448  -32.359  55.546 0.0000000000
56465  34.749  -32.392  56.335 0.0000000000
56492  34.909  -32.379  55.345 0.0000000000
56491  35.384  -32.424  55.108 0.0000000000
57813  32.912  -31.670  52.525 0.0000000000
56552  33.806  -32.175  53.864 0.0000000000
56571  35.622  -32.768  52.862 0.0000000000
56548  35.736  -32.641  53.451 0.0000000000
56547  35.994  -32.557  53.328 0.0000000000
57789  36.178  -32.322  53.511 0.0000000000
56569  36.054  -32.556  53.003 0.0000000000
57835  36.597  -32.102  52.155 0.0000000000
57858  36.853  -32.256  51.164 0.0000000000
59097  37.344  -31.755  50.476 0.0000000000
57913  36.454  -33.257  48.363 0.0000000000
59142  37.121  -32.924  48.241 0.0000000000
56659  33.454  -34.007  48.727 0.0000000000
56658  34.317  -34.068  49.241 0.0000000000
56679  34.011  -34.213  48.206 0.0000000000
57976  33.914  -34.112  46.528 0.0000000000
57975  34.611  -33.880  46.660 0.0000000000
57945  35.489  -33.593  47.490 0.0000000000
74760  37.456  -19.406  42.998 0.0000000000
74775  37.022  -19.318  42.306 0.0000000000
72309  34.574  -20.193  41.142 0.0000000000
72325  34.680  -20.472  40.382 0.0000000000
71082  33.601  -20.802  40.287 0.0000000000
69862  31.923  -22.207  42.043 0.0000000000
68718  31.224  -23.618  39.908 0.0000000000
86682  52.704  -8.898  23.799 0.0000000000
86673  53.205  -8.133  24.132 0.0000000000
84469  48.365  -10.115  25.836 0.0000000000
83398  48.056  -11.592  24.804 0.0000000000
74801  38.989  -19.630  40.597 0.0000000000
73615  38.331  -20.066  40.229 0.0000000000
73596  37.826  -20.041  40.979 0.0000000000
73597  36.973  -20.033  40.962 0.0000000000
74785  39.668  -18.817  41.020 0.0000000000
57896  21.207  -31.717  49.752 0.0000000000
57794  25.084  -31.471  52.778 0.0000000000
56580  24.408  -31.438  51.441 0.0000000000
56602  24.047  -31.455  50.770 0.0000000000
56621  23.799  -31.596  50.041 0.0000000000
77070  38.285  -17.511  32.880 0.0000000000
75989  41.454  -18.418  35.669 0.0000000000
74869  40.501  -18.553  34.807 0.0000000000
75997  40.546  -18.248  34.496 0.0000000000
76014  40.249  -17.990  33.982 0.0000000000
76026  40.488  -17.389  33.923 0.0000000000
77068  39.732  -17.724  33.526 0.0000000000
60207  20.154  -29.627  60.286 0.0000000000
60217  19.713  -30.159  59.489 0.0000000000
52773  8.811  -35.825  60.414 0.0000000000
65105  37.010  -26.820  50.647 0.0000000000
63922  36.336  -28.443  49.181 0.0000000000
61472  30.554  -30.140  49.842 0.0000000000
60316  31.419  -30.686  49.851 0.0000000000
61471  31.033  -30.600  49.234 0.0000000000
60328  31.354  -31.060  49.031 0.0000000000
59144  31.406  -31.734  48.178 0.0000000000
57918  31.811  -32.083  47.988 0.0000000000
59168  31.014  -31.819  47.172 0.0000000000
69828  32.127  -23.522  45.470 0.0000000000
85572  48.025  -9.850  29.069 0.0000000000
85560  49.416  -9.759  29.978 0.0000000000
85566  48.576  -9.873  29.429 0.0000000000
86665  50.177  -7.942  27.255 0.0000000000
72390  39.036  -20.087  36.859 0.0000000000
72409  38.382  -19.813  36.294 0.0000000000
72391  38.128  -20.116  36.837 0.0000000000
74812  40.979  -19.661  39.193 0.0000000000
74798  41.461  -19.054  39.388 0.0000000000
72363  41.004  -20.009  38.118 0.0000000000
72376  41.002  -19.999  37.882 0.0000000000
72388  40.387  -20.160  37.246 0.0000000000
72389  39.877  -20.122  36.850 0.0000000000
57871  18.396  -32.749  50.401 0.0000000000
57826  16.201  -33.766  52.274 0.0000000000
56424  30.771  -31.816  57.940 0.0000000000
56444  30.779  -31.857  57.255 0.0000000000
56617  26.505  -31.861  51.694 0.0000000000
57817  27.435  -31.713  52.458 0.0000000000
57841  26.968  -31.624  51.796 0.0000000000
57863  27.077  -31.432  51.258 0.0000000000
59100  27.520  -31.084  50.868 0.0000000000
60319  28.546  -30.677  50.988 0.0000000000
59118  27.246  -30.739  50.227 0.0000000000
60347  27.149  -30.325  49.184 0.0000000000
59170  26.484  -30.548  48.106 0.0000000000
60364  26.306  -30.409  47.085 0.0000000000
59171  26.129  -30.766  47.849 0.0000000000
63952  33.701  -28.892  45.788 0.0000000000
82334  45.325  -12.372  33.136 0.0000000000
82350  45.524  -12.349  31.514 0.0000000000
82370  44.509  -12.158  28.904 0.0000000000
83378  45.734  -11.497  28.815 0.0000000000
83384  45.648  -11.472  28.043 0.0000000000
83388  45.660  -11.628  27.252 0.0000000000
60258  24.926  -29.988  54.490 0.0000000000
61422  24.762  -29.439  54.905 0.0000000000
62654  24.071  -28.300  55.426 0.0000000000
59002  27.233  -30.823  56.447 0.0000000000
59014  26.866  -30.693  55.776 0.0000000000
59025  26.379  -30.703  55.216 0.0000000000
60248  25.574  -30.100  55.006 0.0000000000
80261  43.715  -14.106  34.728 0.0000000000
60271  21.215  -29.886  54.235 0.0000000000
59039  20.523  -30.306  54.586 0.0000000000
59040  19.793  -30.796  55.074 0.0000000000
57721  18.065  -31.515  56.898 0.0000000000
56450  17.346  -31.934  56.291 0.0000000000
56478  16.908  -32.340  55.733 0.0000000000
56507  16.424  -32.376  55.025 0.0000000000
58957  15.610  -30.466  61.285 0.0000000000
58973  14.326  -30.770  60.174 0.0000000000
57688  12.646  -32.157  59.355 0.0000000000
56409  12.088  -32.668  59.071 0.0000000000
56455  12.720  -32.941  57.052 0.0000000000
73535  34.139  -20.666  46.740 0.0000000000
72247  33.523  -21.534  47.309 0.0000000000
70997  33.453  -22.621  47.822 0.0000000000
69775  36.156  -24.490  49.936 0.0000000000
68621  35.791  -25.060  49.391 0.0000000000
68634  34.953  -24.764  48.457 0.0000000000
68635  34.393  -24.521  48.122 0.0000000000
66285  34.432  -26.687  47.669 0.0000000000
61515  36.787  -30.324  47.461 0.0000000000
57994  35.271  -33.229  45.517 0.0000000000
56495  33.195  -31.934  55.771 0.0000000000
56523  34.190  -32.348  54.779 0.0000000000
56573  34.402  -32.360  52.836 0.0000000000
56594  35.488  -32.932  52.187 0.0000000000
57812  36.361  -33.025  52.208 0.0000000000
57837  36.406  -33.237  51.571 0.0000000000
57859  36.912  -33.023  50.676 0.0000000000
57886  36.021  -33.405  49.898 0.0000000000
56681  32.657  -33.398  46.876 0.0000000000
56705  33.194  -34.005  46.358 0.0000000000
56727  33.282  -34.323  45.352 0.0000000000
73582  36.153  -19.570  42.062 0.0000000000
73583  35.242  -19.638  42.713 0.0000000000
73600  34.345  -19.882  42.084 0.0000000000
72310  33.654  -20.340  41.549 0.0000000000
68709  31.332  -23.615  41.393 0.0000000000
69863  31.725  -22.597  41.270 0.0000000000
86675  51.132  -8.609  24.852 0.0000000000
87765  51.782  -7.696  25.088 0.0000000000
71097  38.996  -20.581  38.393 0.0000000000
71117  38.695  -20.556  38.190 0.0000000000
71098  38.372  -20.546  38.565 0.0000000000
72367  37.047  -20.482  38.777 0.0000000000
73632  37.961  -20.283  39.682 0.0000000000
72368  36.712  -20.470  38.792 0.0000000000
71099  36.230  -20.438  38.930 0.0000000000
71101  34.213  -20.742  39.154 0.0000000000
78068  41.170  -16.583  40.652 0.0000000000
74799  40.750  -19.056  39.728 0.0000000000
76999  40.245  -18.094  40.967 0.0000000000
75936  40.503  -18.458  40.365 0.0000000000
72343  39.524  -20.545  38.493 0.0000000000
59104  18.806  -32.548  49.859 0.0000000000
56500  28.146  -32.402  55.265 0.0000000000
56528  27.392  -32.304  54.362 0.0000000000
56577  26.846  -32.059  52.908 0.0000000000
56599  26.349  -32.107  52.096 0.0000000000
57865  25.505  -31.653  50.411 0.0000000000
57891  25.567  -31.406  49.559 0.0000000000
57920  24.803  -31.673  48.318 0.0000000000
57922  23.219  -32.489  48.459 0.0000000000
81390  43.146  -12.712  29.702 0.0000000000
63837  25.785  -28.250  56.530 0.0000000000
63823  26.452  -28.289  57.243 0.0000000000
75978  43.293  -17.967  37.459 0.0000000000
77038  43.177  -17.401  37.042 0.0000000000
77039  42.620  -17.491  36.361 0.0000000000
78093  42.845  -16.262  35.775 0.0000000000
79183  42.363  -15.945  34.732 0.0000000000
79194  42.687  -15.228  34.488 0.0000000000
78128  40.665  -16.420  33.265 0.0000000000
77079  40.169  -17.123  33.623 0.0000000000
79223  40.036  -15.867  32.314 0.0000000000
78147  39.598  -16.060  32.117 0.0000000000
57702  18.516  -31.201  57.701 0.0000000000
57703  17.978  -31.227  57.814 0.0000000000
57704  17.323  -31.427  57.769 0.0000000000
57705  16.400  -31.385  57.722 0.0000000000
58946  13.150  -31.374  61.710 0.0000000000
57644  12.412  -31.842  61.460 0.0000000000
57673  12.098  -32.317  60.534 0.0000000000
56397  11.644  -32.831  60.165 0.0000000000
55277  10.870  -33.854  58.632 0.0000000000
55292  10.553  -34.594  58.031 0.0000000000
54048  9.286  -35.648  58.887 0.0000000000
67407  36.454  -25.547  50.161 0.0000000000
67408  36.058  -25.773  49.269 0.0000000000
67420  35.926  -26.311  48.736 0.0000000000
66256  35.740  -26.583  48.462 0.0000000000
62751  36.380  -29.464  48.062 0.0000000000
59193  37.320  -32.038  47.159 0.0000000000
59061  31.328  -31.079  53.365 0.0000000000
57791  32.331  -31.298  53.063 0.0000000000
57838  33.073  -31.792  51.512 0.0000000000
57839  32.593  -31.468  50.919 0.0000000000
56597  33.686  -32.121  50.943 0.0000000000
56615  34.140  -32.592  50.384 0.0000000000
56638  33.343  -33.305  48.954 0.0000000000
56660  33.062  -33.354  48.016 0.0000000000
56661  32.602  -32.982  47.306 0.0000000000
56682  32.332  -33.119  46.919 0.0000000000
57977  32.126  -33.425  46.245 0.0000000000
72288  33.274  -20.945  43.862 0.0000000000
72289  32.851  -21.309  43.361 0.0000000000
68691  31.492  -23.247  42.537 0.0000000000
68677  31.628  -23.795  43.738 0.0000000000
68710  30.907  -24.852  41.836 0.0000000000
86669  50.230  -8.093  26.113 0.0000000000
86676  50.513  -8.609  25.335 0.0000000000
84474  50.642  -10.508  24.563 0.0000000000
74872  38.187  -18.882  34.433 0.0000000000
74856  37.518  -19.147  35.111 0.0000000000
73676  36.738  -19.511  35.676 0.0000000000
71159  37.237  -20.382  37.459 0.0000000000
72394  34.863  -20.412  36.251 0.0000000000
74834  43.395  -18.651  38.009 0.0000000000
73661  40.879  -19.928  36.648 0.0000000000
74843  41.208  -19.268  36.089 0.0000000000
74854  39.551  -19.244  35.103 0.0000000000
56402  33.880  -32.639  59.019 0.0000000000
56420  33.614  -32.429  58.199 0.0000000000
56441  33.304  -32.152  57.437 0.0000000000
56443  31.697  -31.902  57.383 0.0000000000
56468  32.867  -31.844  56.698 0.0000000000
56496  32.307  -31.570  55.959 0.0000000000
59047  30.968  -31.234  54.016 0.0000000000
56527  28.166  -32.303  54.453 0.0000000000
56526  28.801  -31.909  54.451 0.0000000000
56525  29.386  -31.753  54.635 0.0000000000
57793  28.596  -31.725  53.834 0.0000000000
57773  29.844  -31.607  54.530 0.0000000000
59049  29.642  -31.524  54.089 0.0000000000
60279  31.088  -30.820  52.701 0.0000000000
60302  30.544  -30.349  51.411 0.0000000000
61474  28.993  -30.400  50.690 0.0000000000
61473  29.557  -30.127  50.611 0.0000000000
61460  30.317  -30.152  50.747 0.0000000000
61500  29.633  -30.233  47.909 0.0000000000
61516  29.200  -30.290  46.669 0.0000000000
66300  32.515  -26.617  45.825 0.0000000000
83354  47.750  -10.819  31.980 0.0000000000
81381  44.373  -12.677  30.974 0.0000000000
81380  44.827  -12.524  30.882 0.0000000000
82363  44.635  -12.272  29.877 0.0000000000
82349  46.263  -11.950  31.157 0.0000000000
83366  47.820  -11.196  31.007 0.0000000000
83370  47.818  -11.040  30.426 0.0000000000
84455  47.654  -10.672  29.587 0.0000000000
84459  47.818  -10.273  29.327 0.0000000000
84462  47.888  -9.675  27.723 0.0000000000
84465  48.037  -9.829  26.880 0.0000000000
57796  23.677  -30.996  52.165 0.0000000000
59079  22.609  -30.954  52.334 0.0000000000
59065  23.467  -30.626  52.515 0.0000000000
59052  22.804  -30.041  53.052 0.0000000000
60270  22.186  -29.753  53.762 0.0000000000
61432  23.598  -29.603  53.995 0.0000000000
61433  22.813  -29.416  54.072 0.0000000000
60260  21.687  -29.509  54.465 0.0000000000
61425  21.253  -29.317  55.315 0.0000000000
61413  21.020  -29.168  56.260 0.0000000000
63838  25.006  -28.088  55.945 0.0000000000
63839  23.793  -27.744  55.975 0.0000000000
65017  23.523  -26.670  57.662 0.0000000000
63825  22.622  -27.603  56.804 0.0000000000
63840  22.808  -27.853  55.952 0.0000000000
62644  22.148  -28.058  56.656 0.0000000000
61401  21.441  -28.693  56.899 0.0000000000
60235  20.977  -29.135  57.098 0.0000000000
60206  20.809  -29.247  59.908 0.0000000000
56388  34.147  -32.690  59.838 0.0000000000
56389  33.381  -32.685  59.745 0.0000000000
56390  32.700  -32.408  59.539 0.0000000000
56391  32.114  -32.113  59.343 0.0000000000
56392  31.533  -31.895  59.192 0.0000000000
56405  31.548  -31.888  58.673 0.0000000000
56446  29.080  -32.083  56.984 0.0000000000
57698  28.869  -31.720  57.690 0.0000000000
56447  28.302  -32.059  56.766 0.0000000000
56530  26.023  -31.780  54.059 0.0000000000
57735  26.520  -31.334  55.001 0.0000000000
57754  25.718  -31.333  54.098 0.0000000000
57775  25.360  -31.319  53.436 0.0000000000
57776  24.802  -31.022  52.917 0.0000000000
57795  24.394  -31.063  52.457 0.0000000000
82323  45.204  -12.123  35.298 0.0000000000
82324  44.602  -12.856  35.622 0.0000000000
82335  44.665  -12.779  33.892 0.0000000000
79203  42.571  -14.863  33.602 0.0000000000
80298  42.120  -14.487  32.585 0.0000000000
80297  42.735  -14.169  32.655 0.0000000000
80309  42.647  -13.813  32.122 0.0000000000
81374  42.576  -13.661  31.838 0.0000000000
81392  41.814  -13.654  30.472 0.0000000000
59067  20.834  -30.714  53.309 0.0000000000
57800  18.055  -32.033  53.109 0.0000000000
57755  19.244  -31.353  55.569 0.0000000000
56476  18.178  -31.699  55.472 0.0000000000
57756  18.881  -31.738  55.172 0.0000000000
56531  18.477  -31.914  54.500 0.0000000000
57782  15.817  -33.084  53.762 0.0000000000
57706  15.439  -31.290  57.686 0.0000000000
58959  13.644  -30.937  60.995 0.0000000000
57671  13.002  -31.718  59.547 0.0000000000
58990  13.526  -31.482  59.305 0.0000000000
58989  14.169  -31.144  59.333 0.0000000000
57685  14.799  -31.094  58.496 0.0000000000
57724  15.038  -31.564  56.978 0.0000000000
56453  14.526  -32.082  56.434 0.0000000000
57739  13.726  -32.929  55.484 0.0000000000
56482  13.106  -33.123  56.095 0.0000000000
57761  13.340  -33.143  55.674 0.0000000000
51496  7.615  -36.900  62.413 0.0000000000
51497  7.371  -37.697  62.095 0.0000000000
50291  7.002  -38.392  62.617 0.0000000000
74773  38.468  -19.228  42.495 0.0000000000
71041  32.867  -21.919  45.115 0.0000000000
69802  33.313  -23.403  47.546 0.0000000000
68656  32.937  -24.536  47.091 0.0000000000
65150  33.113  -27.634  46.056 0.0000000000
60413  35.810  -31.576  44.060 0.0000000000
59252  35.300  -32.452  43.370 0.0000000000
58043  34.915  -33.506  43.698 0.0000000000
61469  37.360  -29.583  51.499 0.0000000000
56438  35.194  -32.440  57.180 0.0000000000
56466  34.215  -32.393  56.492 0.0000000000
56437  35.872  -32.281  56.881 0.0000000000
57748  36.267  -31.990  55.472 0.0000000000
56550  34.931  -32.645  53.934 0.0000000000
56521  35.108  -32.555  54.468 0.0000000000
56520  35.559  -32.602  54.243 0.0000000000
57769  36.218  -32.120  54.511 0.0000000000
57788  36.466  -31.749  54.127 0.0000000000
57811  36.320  -32.556  52.616 0.0000000000
59073  36.839  -30.797  52.418 0.0000000000
59085  36.790  -30.862  51.873 0.0000000000
60314  37.212  -30.121  51.334 0.0000000000
61470  37.251  -29.761  50.943 0.0000000000
60327  37.773  -30.949  49.919 0.0000000000
60342  38.248  -31.173  49.009 0.0000000000
59115  37.554  -32.509  49.882 0.0000000000
59140  38.223  -31.816  48.820 0.0000000000
59167  37.136  -32.740  47.572 0.0000000000
57973  36.320  -32.992  46.355 0.0000000000
58021  33.970  -34.028  45.114 0.0000000000
74788  37.433  -19.588  41.612 0.0000000000
73598  36.114  -19.754  40.979 0.0000000000
72307  35.937  -20.016  40.230 0.0000000000
71081  34.849  -20.666  39.725 0.0000000000
69893  33.423  -21.301  38.774 0.0000000000
72297  33.148  -20.754  42.750 0.0000000000
69870  32.362  -21.777  40.828 0.0000000000
69882  33.477  -21.159  39.196 0.0000000000
84476  48.927  -10.615  25.257 0.0000000000
83397  48.981  -11.480  24.867 0.0000000000
56396  12.229  -32.436  59.698 0.0000000000
56421  33.030  -32.084  58.080 0.0000000000
56427  28.409  -31.842  57.232 0.0000000000
56428  27.981  -31.770  57.033 0.0000000000
56503  26.161  -31.642  54.345 0.0000000000
56504  18.413  -31.848  54.902 0.0000000000
56510  13.223  -33.439  55.425 0.0000000000
56532  18.015  -31.921  54.606 0.0000000000
56575  28.180  -31.901  53.524 0.0000000000
56581  16.241  -33.994  51.987 0.0000000000
56593  35.994  -33.185  52.234 0.0000000000
56634  35.677  -33.309  50.815 0.0000000000
56640  24.261  -31.666  49.847 0.0000000000
56657  34.882  -33.550  49.661 0.0000000000
57719  27.008  -31.281  55.737 0.0000000000
57740  13.517  -32.963  55.710 0.0000000000
57753  26.207  -31.480  54.529 0.0000000000
57757  17.287  -32.217  54.687 0.0000000000
57760  13.549  -33.104  55.449 0.0000000000
57774  29.092  -31.684  54.312 0.0000000000
57815  28.750  -31.449  53.468 0.0000000000
57947  32.162  -33.216  46.609 0.0000000000
58975  12.723  -31.666  60.458 0.0000000000
59048  30.194  -31.434  54.087 0.0000000000
59062  30.402  -31.194  53.629 0.0000000000
59078  23.203  -30.930  52.198 0.0000000000
59089  28.284  -31.170  51.754 0.0000000000
59102  20.112  -31.861  49.439 0.0000000000
59117  31.452  -31.415  48.693 0.0000000000
59125  18.590  -33.059  49.585 0.0000000000
59141  37.607  -32.332  48.543 0.0000000000
59143  31.892  -31.929  48.304 0.0000000000
60280  30.479  -30.918  53.101 0.0000000000
60300  36.879  -30.845  51.582 0.0000000000
60301  31.430  -30.636  50.972 0.0000000000
60304  28.689  -30.879  51.614 0.0000000000
60318  29.103  -30.493  51.001 0.0000000000
60329  31.121  -31.147  48.545 0.0000000000
60331  27.162  -30.566  49.882 0.0000000000
60343  38.200  -31.545  48.360 0.0000000000
60345  30.350  -30.776  47.548 0.0000000000
60362  27.688  -30.112  48.531 0.0000000000
61402  20.993  -29.142  56.811 0.0000000000
61484  31.039  -30.837  48.850 0.0000000000
61518  27.393  -30.090  47.176 0.0000000000
63824  23.093  -27.137  57.054 0.0000000000
63852  23.524  -28.159  55.520 0.0000000000
65042  24.444  -27.590  56.195 0.0000000000
65097  37.121  -27.266  50.716 0.0000000000
66269  35.672  -27.077  48.362 0.0000000000
69789  34.532  -24.162  48.413 0.0000000000
71096  39.276  -20.575  38.326 0.0000000000
71115  39.776  -20.533  38.070 0.0000000000
71134  40.193  -20.353  37.774 0.0000000000
71155  40.148  -20.295  37.590 0.0000000000
72296  33.446  -20.485  43.232 0.0000000000
72342  39.964  -20.514  38.495 0.0000000000
72347  35.987  -20.316  39.402 0.0000000000
72364  40.777  -20.167  38.087 0.0000000000
72365  40.093  -20.478  38.211 0.0000000000
72378  40.172  -20.419  37.933 0.0000000000
73585  33.514  -20.315  42.952 0.0000000000
73627  41.319  -19.732  38.542 0.0000000000
73641  41.224  -19.844  38.253 0.0000000000
73643  40.349  -20.401  38.469 0.0000000000
74891  39.688  -18.866  33.940 0.0000000000
75995  41.234  -17.778  34.801 0.0000000000
76013  40.900  -17.686  34.351 0.0000000000
77045  42.037  -17.556  35.626 0.0000000000
77057  41.313  -17.843  35.019 0.0000000000
77078  40.742  -16.963  33.788 0.0000000000
79182  42.817  -15.629  35.276 0.0000000000
80311  41.163  -14.424  31.741 0.0000000000
80312  40.677  -14.773  31.705 0.0000000000
81345  43.775  -13.750  33.133 0.0000000000
81384  41.896  -13.717  31.010 0.0000000000
82352  46.910  -11.709  30.460 0.0000000000
82356  44.114  -12.646  30.649 0.0000000000
82361  46.174  -11.526  29.731 0.0000000000
83362  47.751  -10.977  31.656 0.0000000000
85567  48.133  -10.022  29.374 0.0000000000
