#!ascii label  , from subject sub.01.dh.02 vox2ras=TkReg
1156
108125  44.463  16.219  7.988 0.0000000000
113082  49.088  23.689  9.491 0.0000000000
103976  51.387  10.651  13.005 0.0000000000
106591  40.609  14.258  12.349 0.0000000000
104045  42.328  10.319  9.054 0.0000000000
113802  47.936  24.400  6.024 0.0000000000
115793  46.192  28.171  15.309 0.0000000000
115873  44.203  28.185  11.535 0.0000000000
103912  52.150  10.144  18.795 0.0000000000
103221  45.316  10.239  16.349 0.0000000000
109637  49.164  18.837  4.375 0.0000000000
105213  48.453  12.851  9.871 0.0000000000
108118  46.936  17.096  9.699 0.0000000000
108067  49.430  16.596  16.199 0.0000000000
117268  42.429  29.110  6.078 0.0000000000
115915  48.097  28.469  6.778 0.0000000000
101842  44.707  7.582  7.945 0.0000000000
107378  42.409  15.478  10.081 0.0000000000
104620  42.021  12.064  12.233 0.0000000000
105859  44.424  13.550  11.227 0.0000000000
111054  46.138  19.635  6.851 0.0000000000
109585  43.794  18.131  8.800 0.0000000000
117775  42.312  31.262  16.640 0.0000000000
104525  52.613  11.018  22.747 0.0000000000
103187  49.941  9.515  20.612 0.0000000000
102424  51.821  8.708  24.513 0.0000000000
117881  43.316  30.642  2.918 0.0000000000
111039  50.345  21.049  6.697 0.0000000000
108869  48.074  17.775  6.596 0.0000000000
111022  48.424  20.726  9.521 0.0000000000
111626  45.734  21.536  16.052 0.0000000000
109518  47.645  18.795  15.171 0.0000000000
109499  48.381  19.056  17.246 0.0000000000
107298  50.389  16.197  19.233 0.0000000000
116547  47.207  28.409  11.072 0.0000000000
116576  46.868  29.189  9.618 0.0000000000
114453  48.833  25.685  7.485 0.0000000000
113811  50.208  23.734  5.271 0.0000000000
104644  50.634  11.263  10.692 0.0000000000
103309  48.053  8.940  7.524 0.0000000000
103295  48.631  8.499  10.443 0.0000000000
104032  39.197  10.416  10.224 0.0000000000
103345  39.498  9.402  6.783 0.0000000000
116663  48.036  28.571  4.000 0.0000000000
115151  45.801  26.334  6.556 0.0000000000
115132  46.130  26.271  11.044 0.0000000000
112374  48.068  22.589  11.350 0.0000000000
117816  39.957  30.756  12.027 0.0000000000
115860  39.940  27.616  11.506 0.0000000000
117210  44.929  29.145  13.894 0.0000000000
103936  51.371  10.724  15.779 0.0000000000
103980  48.217  10.751  13.285 0.0000000000
103928  49.001  10.550  17.260 0.0000000000
103198  46.471  9.167  19.835 0.0000000000
108870  46.590  16.769  5.658 0.0000000000
106617  46.653  14.565  8.864 0.0000000000
106642  48.517  14.987  5.454 0.0000000000
107394  49.435  15.134  8.519 0.0000000000
106596  50.237  14.382  11.506 0.0000000000
110263  47.518  20.101  12.115 0.0000000000
107362  47.597  16.038  13.014 0.0000000000
105832  50.897  13.791  14.216 0.0000000000
105814  51.717  13.817  17.656 0.0000000000
105127  51.567  13.564  20.607 0.0000000000
117314  40.689  29.554  3.718 0.0000000000
117862  43.770  30.853  4.913 0.0000000000
117846  45.953  30.565  7.314 0.0000000000
117859  47.863  30.860  5.030 0.0000000000
115172  49.125  26.280  3.473 0.0000000000
111725  49.113  21.590  4.672 0.0000000000
104025  46.218  10.861  9.761 0.0000000000
103327  43.590  9.884  6.315 0.0000000000
101867  41.933  7.447  6.196 0.0000000000
103283  44.970  9.059  11.643 0.0000000000
107398  43.442  15.842  9.063 0.0000000000
106597  43.070  14.354  10.823 0.0000000000
106608  44.623  14.553  10.125 0.0000000000
109599  45.583  17.803  7.144 0.0000000000
110325  45.020  18.802  8.008 0.0000000000
108847  43.644  17.313  8.855 0.0000000000
108119  42.753  16.423  9.335 0.0000000000
103864  52.186  10.752  24.191 0.0000000000
103165  52.779  9.626  23.294 0.0000000000
103122  52.616  9.181  25.865 0.0000000000
101847  37.757  7.749  7.997 0.0000000000
112413  50.102  22.496  8.605 0.0000000000
111030  49.836  21.374  8.265 0.0000000000
111686  50.107  22.126  9.817 0.0000000000
110952  45.718  20.543  16.706 0.0000000000
110951  46.530  20.543  16.563 0.0000000000
114445  47.814  25.702  9.640 0.0000000000
115138  47.827  27.217  9.299 0.0000000000
113783  48.893  25.006  8.806 0.0000000000
113115  49.942  23.539  7.474 0.0000000000
104631  51.077  11.245  11.533 0.0000000000
103277  50.605  9.611  10.413 0.0000000000
103264  50.123  9.169  11.902 0.0000000000
105842  39.379  13.942  13.402 0.0000000000
105196  40.137  12.494  13.150 0.0000000000
104009  41.686  10.661  11.086 0.0000000000
104010  40.722  10.653  11.037 0.0000000000
104030  41.025  10.496  10.093 0.0000000000
104063  39.773  9.930  8.264 0.0000000000
104062  40.639  9.844  8.096 0.0000000000
115162  47.726  26.520  4.787 0.0000000000
115916  46.711  26.929  5.686 0.0000000000
113803  47.140  25.131  6.424 0.0000000000
107372  40.735  15.573  11.336 0.0000000000
107373  40.031  15.182  11.985 0.0000000000
115837  46.241  27.575  13.210 0.0000000000
114429  45.188  26.192  12.013 0.0000000000
115089  45.156  27.133  14.305 0.0000000000
117784  44.492  30.139  16.065 0.0000000000
117184  44.234  29.804  15.523 0.0000000000
117195  45.933  29.482  15.018 0.0000000000
116519  46.538  28.611  13.796 0.0000000000
103925  51.504  10.772  17.158 0.0000000000
103938  50.103  10.598  16.154 0.0000000000
103917  50.866  10.295  17.844 0.0000000000
103181  48.791  9.138  21.814 0.0000000000
103197  47.708  9.537  19.822 0.0000000000
102451  46.876  8.895  20.958 0.0000000000
109626  47.656  17.894  4.569 0.0000000000
107416  47.647  15.071  5.175 0.0000000000
108160  48.297  16.334  4.643 0.0000000000
108844  47.342  17.438  8.266 0.0000000000
108131  48.608  15.889  7.897 0.0000000000
108123  48.704  15.890  9.071 0.0000000000
106605  50.338  13.936  10.384 0.0000000000
107377  49.020  15.412  10.924 0.0000000000
112357  48.074  22.580  12.511 0.0000000000
110999  48.667  21.377  12.188 0.0000000000
110977  48.375  21.501  13.384 0.0000000000
108793  48.366  17.725  15.805 0.0000000000
108802  47.171  17.675  14.355 0.0000000000
107341  48.701  15.789  15.098 0.0000000000
106580  49.809  14.671  13.804 0.0000000000
106564  49.952  15.245  15.530 0.0000000000
106562  51.267  14.342  16.086 0.0000000000
106555  50.880  15.427  16.607 0.0000000000
106524  49.487  14.951  19.289 0.0000000000
106522  50.861  15.357  20.043 0.0000000000
117287  41.277  29.346  5.568 0.0000000000
117301  42.501  30.216  4.596 0.0000000000
117285  43.563  30.196  5.578 0.0000000000
115858  41.825  27.521  11.829 0.0000000000
115889  41.401  27.268  9.922 0.0000000000
115887  43.463  27.671  10.355 0.0000000000
116591  47.505  28.802  8.015 0.0000000000
117244  45.816  29.687  8.288 0.0000000000
117252  47.597  29.795  7.130 0.0000000000
117851  46.905  31.319  6.564 0.0000000000
117264  48.195  29.857  5.735 0.0000000000
116644  49.189  28.380  4.614 0.0000000000
115925  49.428  27.173  4.840 0.0000000000
111059  50.338  20.922  4.654 0.0000000000
112453  50.119  22.473  4.120 0.0000000000
111071  49.114  19.911  4.112 0.0000000000
110353  47.720  19.058  4.697 0.0000000000
105879  47.717  14.172  8.937 0.0000000000
105215  46.393  13.048  10.660 0.0000000000
104647  48.052  11.574  9.777 0.0000000000
102570  47.368  8.041  7.018 0.0000000000
103325  45.957  9.014  6.054 0.0000000000
103349  45.325  8.242  5.608 0.0000000000
102604  42.802  8.312  5.117 0.0000000000
101866  43.033  7.556  6.232 0.0000000000
103969  47.089  11.051  14.663 0.0000000000
103995  46.317  10.295  12.855 0.0000000000
103244  45.272  10.283  14.212 0.0000000000
106599  41.600  14.604  11.508 0.0000000000
105851  41.325  13.681  12.304 0.0000000000
105861  42.395  13.522  11.842 0.0000000000
105206  43.182  12.705  11.840 0.0000000000
104651  43.382  11.020  10.956 0.0000000000
111707  47.552  21.739  6.593 0.0000000000
108111  41.606  16.413  10.338 0.0000000000
103903  52.702  10.585  20.717 0.0000000000
103185  51.920  9.608  20.112 0.0000000000
103178  52.016  9.538  21.216 0.0000000000
103172  51.007  9.263  22.552 0.0000000000
111060  50.024  20.235  5.097 0.0000000000
109612  48.424  18.052  5.814 0.0000000000
110322  48.550  19.809  6.899 0.0000000000
110309  47.621  19.760  8.058 0.0000000000
109569  46.715  18.736  8.989 0.0000000000
112329  45.724  22.094  14.568 0.0000000000
110969  47.502  20.882  14.824 0.0000000000
110964  47.277  20.574  15.773 0.0000000000
110231  47.696  19.595  16.362 0.0000000000
109498  49.065  18.382  17.190 0.0000000000
108044  50.097  17.318  17.751 0.0000000000
108768  49.342  17.947  17.999 0.0000000000
107300  48.684  16.165  18.552 0.0000000000
106533  48.038  15.029  18.556 0.0000000000
115920  40.797  27.818  7.058 0.0000000000
116549  45.707  28.683  11.816 0.0000000000
116562  45.750  28.756  10.752 0.0000000000
116560  47.353  28.588  10.225 0.0000000000
115895  47.734  27.723  8.632 0.0000000000
115903  48.027  27.404  7.842 0.0000000000
115147  49.218  26.210  5.793 0.0000000000
113800  49.743  24.319  6.800 0.0000000000
112437  50.436  22.382  5.840 0.0000000000
105212  49.416  12.613  9.862 0.0000000000
104657  48.417  10.508  9.340 0.0000000000
104038  50.101  9.627  8.964 0.0000000000
102557  48.423  8.341  7.971 0.0000000000
102559  46.289  7.909  8.952 0.0000000000
103223  43.521  9.468  16.859 0.0000000000
103236  43.528  9.761  15.797 0.0000000000
104013  37.957  10.865  11.279 0.0000000000
104622  40.500  11.607  12.520 0.0000000000
104012  38.903  10.583  11.200 0.0000000000
104033  38.311  10.447  10.278 0.0000000000
104065  38.359  9.999  8.781 0.0000000000
102587  38.313  9.006  7.732 0.0000000000
101859  39.061  7.794  6.789 0.0000000000
116646  46.937  28.627  4.831 0.0000000000
115929  46.075  27.838  5.666 0.0000000000
114439  47.214  25.770  10.090 0.0000000000
113066  47.964  23.132  10.201 0.0000000000
113774  46.610  24.752  10.444 0.0000000000
113770  45.880  24.415  11.069 0.0000000000
113046  45.369  22.990  12.153 0.0000000000
112361  44.557  22.361  13.207 0.0000000000
112330  44.717  21.856  14.585 0.0000000000
117227  39.239  29.140  11.927 0.0000000000
116525  40.496  28.411  13.334 0.0000000000
116540  42.316  28.163  13.245 0.0000000000
116537  44.690  28.612  12.755 0.0000000000
116535  46.373  28.604  12.716 0.0000000000
115872  47.219  27.627  11.240 0.0000000000
103951  51.329  10.600  14.722 0.0000000000
103978  50.365  9.626  13.099 0.0000000000
103953  50.197  10.582  15.140 0.0000000000
103955  48.104  11.098  15.509 0.0000000000
103941  46.999  10.731  16.820 0.0000000000
103204  49.956  10.077  18.785 0.0000000000
103921  47.389  10.108  18.445 0.0000000000
103213  45.677  9.921  17.550 0.0000000000
108133  45.718  16.187  7.086 0.0000000000
107395  45.400  15.476  7.755 0.0000000000
107403  46.597  15.388  6.648 0.0000000000
106637  47.027  14.932  6.936 0.0000000000
105884  48.375  14.173  8.386 0.0000000000
108149  48.476  16.232  5.588 0.0000000000
107402  48.819  15.280  7.219 0.0000000000
106615  49.184  13.918  8.891 0.0000000000
105867  49.947  13.228  9.959 0.0000000000
106604  50.532  13.383  10.946 0.0000000000
105849  50.987  13.149  12.135 0.0000000000
111010  48.850  21.415  11.175 0.0000000000
110272  47.564  20.209  11.095 0.0000000000
109552  46.541  18.651  10.846 0.0000000000
109525  47.052  18.791  13.819 0.0000000000
108812  46.639  17.618  13.094 0.0000000000
108103  46.777  16.763  11.529 0.0000000000
107369  48.499  15.626  12.046 0.0000000000
106579  50.489  14.130  13.431 0.0000000000
105839  51.318  12.656  13.542 0.0000000000
105167  51.408  12.328  14.803 0.0000000000
105158  51.549  12.618  17.094 0.0000000000
105156  51.924  12.652  18.315 0.0000000000
107296  51.523  15.582  18.907 0.0000000000
105802  51.791  13.970  18.805 0.0000000000
105126  52.222  12.439  20.052 0.0000000000
104540  52.370  11.420  21.711 0.0000000000
117872  42.076  30.021  3.656 0.0000000000
117870  43.694  31.145  3.620 0.0000000000
118457  45.120  32.187  3.976 0.0000000000
116592  45.428  29.221  8.621 0.0000000000
117267  43.859  29.587  6.399 0.0000000000
117853  44.571  30.604  5.923 0.0000000000
118448  46.169  32.216  5.308 0.0000000000
118462  47.202  31.730  3.754 0.0000000000
117296  48.480  28.946  3.867 0.0000000000
115937  48.400  27.259  3.950 0.0000000000
114474  48.568  25.021  4.313 0.0000000000
114473  49.705  25.317  4.739 0.0000000000
113824  49.272  24.292  4.269 0.0000000000
112438  48.638  22.526  5.377 0.0000000000
111052  47.492  20.487  5.808 0.0000000000
110339  46.743  18.989  6.104 0.0000000000
105871  45.517  13.795  10.666 0.0000000000
104634  44.910  11.994  11.361 0.0000000000
104027  43.982  10.606  10.041 0.0000000000
104041  46.924  10.212  8.726 0.0000000000
104058  45.071  9.940  8.017 0.0000000000
104060  42.748  9.987  8.001 0.0000000000
103342  41.848  9.621  6.142 0.0000000000
101879  40.352  8.444  5.453 0.0000000000
103266  47.683  9.701  11.733 0.0000000000
103297  46.137  8.661  10.792 0.0000000000
102545  44.744  8.342  10.030 0.0000000000
103256  43.682  9.630  13.703 0.0000000000
102562  43.068  7.871  8.931 0.0000000000
101718  51.809  7.405  25.837 0.0000000000
101728  50.381  7.512  24.852 0.0000000000
107397  43.889  15.854  8.732 0.0000000000
107387  43.803  15.506  9.143 0.0000000000
107386  44.232  15.497  8.754 0.0000000000
108859  45.095  17.320  7.730 0.0000000000
108846  44.473  16.893  8.191 0.0000000000
108126  44.050  16.353  8.465 0.0000000000
103842  52.767  10.017  25.001 0.0000000000
113081  49.515  23.264  9.362 0.0000000000
112402  49.960  22.574  9.189 0.0000000000
113064  49.443  22.949  9.724 0.0000000000
113778  48.825  24.416  9.279 0.0000000000
114444  48.276  25.653  9.228 0.0000000000
113782  49.425  24.186  8.804 0.0000000000
103990  51.201  10.341  12.168 0.0000000000
103263  50.744  9.562  11.434 0.0000000000
103252  50.794  9.482  12.392 0.0000000000
106592  39.866  14.501  12.699 0.0000000000
105841  39.834  13.643  13.196 0.0000000000
105852  40.350  13.555  12.941 0.0000000000
104029  41.971  10.466  10.073 0.0000000000
104046  41.323  10.235  9.086 0.0000000000
113814  48.197  25.046  5.091 0.0000000000
114463  47.493  25.685  5.573 0.0000000000
113787  47.525  24.191  6.590 0.0000000000
106600  40.680  14.724  11.828 0.0000000000
115811  46.394  28.274  14.896 0.0000000000
115103  45.551  27.281  13.884 0.0000000000
115812  45.858  27.606  14.598 0.0000000000
117173  45.362  29.858  16.517 0.0000000000
117183  45.126  29.751  15.833 0.0000000000
117181  46.413  28.977  15.541 0.0000000000
116504  46.574  28.670  14.641 0.0000000000
103915  52.108  10.781  18.383 0.0000000000
103916  51.624  10.186  18.033 0.0000000000
103182  47.950  8.850  22.105 0.0000000000
109638  48.759  18.381  4.335 0.0000000000
108890  48.186  17.348  4.356 0.0000000000
108889  48.472  17.335  4.683 0.0000000000
108836  47.244  16.963  9.043 0.0000000000
108124  47.898  16.463  8.554 0.0000000000
108117  47.641  16.403  9.683 0.0000000000
108116  48.475  15.857  10.241 0.0000000000
112358  47.304  22.564  12.804 0.0000000000
112341  48.491  22.265  12.896 0.0000000000
112342  48.007  22.419  13.611 0.0000000000
108058  49.319  17.236  16.392 0.0000000000
108069  48.000  16.997  15.538 0.0000000000
107332  49.214  16.047  15.770 0.0000000000
107340  49.459  15.463  15.314 0.0000000000
107331  49.877  15.843  16.155 0.0000000000
107330  50.519  15.687  16.516 0.0000000000
107322  50.297  16.251  16.856 0.0000000000
105788  49.065  14.298  19.599 0.0000000000
117269  41.672  28.816  6.111 0.0000000000
117286  42.738  29.974  5.284 0.0000000000
115857  42.850  27.732  11.942 0.0000000000
115875  42.627  27.495  11.082 0.0000000000
115874  43.540  27.796  11.307 0.0000000000
116606  47.784  28.881  7.209 0.0000000000
116626  48.108  29.163  6.560 0.0000000000
116625  48.633  28.621  5.845 0.0000000000
115926  49.156  27.377  5.490 0.0000000000
111070  49.568  20.492  4.410 0.0000000000
110365  49.214  19.295  4.224 0.0000000000
110366  48.735  19.084  4.202 0.0000000000
105868  48.115  13.602  9.406 0.0000000000
105214  47.334  12.836  10.210 0.0000000000
102582  46.245  7.747  6.689 0.0000000000
102592  46.406  7.878  5.755 0.0000000000
101864  44.920  7.639  6.503 0.0000000000
101875  43.908  7.700  5.746 0.0000000000
101854  44.361  7.559  7.175 0.0000000000
103970  46.030  10.891  14.967 0.0000000000
103234  45.225  10.382  15.268 0.0000000000
106611  42.180  14.899  10.914 0.0000000000
106598  42.576  14.375  11.162 0.0000000000
105873  44.027  13.979  11.004 0.0000000000
105860  43.469  13.782  11.344 0.0000000000
105205  44.206  12.811  11.556 0.0000000000
104635  43.809  11.832  11.558 0.0000000000
111718  47.368  20.844  6.283 0.0000000000
111708  46.996  21.340  6.910 0.0000000000
111043  46.239  20.518  7.134 0.0000000000
110312  44.613  19.264  8.494 0.0000000000
108120  42.147  16.465  9.808 0.0000000000
107389  42.297  15.786  9.960 0.0000000000
107379  41.834  15.610  10.553 0.0000000000
103892  52.844  10.445  21.854 0.0000000000
103177  52.596  9.886  20.961 0.0000000000
103170  52.728  9.784  22.092 0.0000000000
103150  52.334  9.040  24.387 0.0000000000
103166  51.979  9.160  23.626 0.0000000000
102436  51.444  8.917  23.887 0.0000000000
103168  50.362  8.817  23.481 0.0000000000
102437  50.867  8.707  23.986 0.0000000000
117892  42.314  29.813  2.250 0.0000000000
117324  42.302  29.657  1.825 0.0000000000
111050  50.023  20.426  6.210 0.0000000000
110336  49.498  19.759  5.577 0.0000000000
111051  49.267  20.160  6.592 0.0000000000
111032  48.343  20.483  8.428 0.0000000000
111042  48.226  20.061  7.603 0.0000000000
110310  47.069  19.313  8.611 0.0000000000
110296  47.631  20.075  9.029 0.0000000000
112317  46.385  22.047  15.168 0.0000000000
111624  47.111  21.639  15.252 0.0000000000
111625  46.282  21.617  15.821 0.0000000000
110215  47.516  19.566  16.893 0.0000000000
110950  47.114  20.165  16.472 0.0000000000
110214  48.018  19.454  16.890 0.0000000000
110230  48.165  19.251  16.766 0.0000000000
109486  48.867  18.555  17.649 0.0000000000
109487  48.503  18.497  17.945 0.0000000000
108770  47.963  17.493  18.219 0.0000000000
107310  47.856  16.054  18.220 0.0000000000
106546  47.386  15.368  18.055 0.0000000000
116548  46.627  28.695  11.501 0.0000000000
116561  46.706  28.924  10.512 0.0000000000
115137  48.121  26.640  8.898 0.0000000000
115894  48.080  27.100  8.338 0.0000000000
115140  48.388  26.628  7.780 0.0000000000
114462  49.065  25.596  6.796 0.0000000000
114452  49.384  25.074  7.228 0.0000000000
112425  50.479  22.346  6.913 0.0000000000
113114  50.266  22.993  7.217 0.0000000000
111715  50.498  21.635  6.337 0.0000000000
111049  50.438  20.917  5.686 0.0000000000
104645  50.015  11.322  10.063 0.0000000000
104023  49.412  10.542  9.418 0.0000000000
104022  50.028  10.244  9.475 0.0000000000
103294  49.483  8.447  10.003 0.0000000000
102541  49.474  8.244  8.836 0.0000000000
102542  48.371  8.123  9.396 0.0000000000
102558  47.359  7.963  8.468 0.0000000000
102543  47.073  7.995  9.793 0.0000000000
104639  37.771  11.212  11.984 0.0000000000
103997  38.653  11.051  12.063 0.0000000000
105194  41.947  12.686  12.284 0.0000000000
105195  41.098  12.629  12.853 0.0000000000
104621  41.567  11.925  12.333 0.0000000000
104031  40.095  10.477  10.135 0.0000000000
104011  39.822  10.577  11.094 0.0000000000
104050  37.817  10.119  9.375 0.0000000000
104049  38.658  10.264  9.397 0.0000000000
103331  39.707  9.634  7.278 0.0000000000
103317  39.187  9.720  7.939 0.0000000000
103332  38.899  9.444  7.328 0.0000000000
102586  38.853  8.643  6.964 0.0000000000
102597  39.417  9.013  6.528 0.0000000000
116664  47.500  29.198  4.254 0.0000000000
115917  46.309  27.023  5.917 0.0000000000
115918  45.396  27.228  6.268 0.0000000000
115141  45.082  26.159  6.965 0.0000000000
114440  46.424  25.871  10.592 0.0000000000
113773  47.331  24.401  10.053 0.0000000000
113056  45.410  23.805  11.625 0.0000000000
113047  44.135  22.989  12.770 0.0000000000
112346  43.939  22.206  13.571 0.0000000000
117825  39.472  30.087  11.460 0.0000000000
117817  39.524  29.951  12.393 0.0000000000
117212  39.753  29.121  13.446 0.0000000000
116509  40.594  28.910  14.036 0.0000000000
115828  41.372  27.986  13.087 0.0000000000
117196  44.885  29.385  14.755 0.0000000000
116505  44.085  29.060  14.071 0.0000000000
116522  43.484  28.569  13.535 0.0000000000
116521  44.398  28.764  13.393 0.0000000000
116536  45.544  28.795  12.649 0.0000000000
117221  46.002  29.143  13.228 0.0000000000
115125  46.503  27.448  12.196 0.0000000000
115854  47.159  28.018  11.769 0.0000000000
115131  46.844  26.985  11.084 0.0000000000
103952  50.928  10.261  14.991 0.0000000000
103927  50.031  10.596  17.111 0.0000000000
103939  49.078  10.787  16.323 0.0000000000
103940  48.013  10.850  16.552 0.0000000000
103929  47.976  10.522  17.490 0.0000000000
103186  51.021  9.723  20.420 0.0000000000
103194  50.968  9.843  19.411 0.0000000000
103195  49.956  9.747  19.643 0.0000000000
103206  47.929  9.895  18.986 0.0000000000
103207  46.732  9.857  18.639 0.0000000000
103212  46.408  10.040  17.871 0.0000000000
103208  45.524  9.453  18.679 0.0000000000
103199  45.374  9.114  19.516 0.0000000000
108142  46.192  16.181  6.414 0.0000000000
108141  46.683  16.074  5.685 0.0000000000
106650  48.228  14.841  5.083 0.0000000000
106644  47.634  14.766  5.903 0.0000000000
106636  48.045  14.533  6.769 0.0000000000
106627  47.807  14.455  7.961 0.0000000000
106635  48.453  14.903  6.488 0.0000000000
108868  48.289  17.024  6.072 0.0000000000
106625  49.472  14.597  8.671 0.0000000000
106626  48.791  14.538  8.131 0.0000000000
106614  49.688  14.097  9.163 0.0000000000
107376  49.852  14.862  10.604 0.0000000000
106595  50.597  13.634  11.432 0.0000000000
105857  50.794  12.937  11.361 0.0000000000
112390  48.489  22.555  10.806 0.0000000000
112389  48.990  22.582  10.453 0.0000000000
112373  48.834  22.297  11.208 0.0000000000
110990  48.178  20.737  12.692 0.0000000000
111000  48.294  20.736  11.684 0.0000000000
110273  46.904  19.477  11.487 0.0000000000
110284  46.912  19.544  10.479 0.0000000000
110242  47.367  19.956  14.387 0.0000000000
108086  47.172  16.640  13.709 0.0000000000
108811  46.854  17.326  13.640 0.0000000000
108087  46.795  16.903  13.191 0.0000000000
108095  46.745  16.814  12.490 0.0000000000
107370  48.012  15.888  12.534 0.0000000000
108101  48.170  15.933  11.786 0.0000000000
107361  48.210  15.627  13.078 0.0000000000
106571  50.385  14.392  14.499 0.0000000000
105840  51.133  13.263  13.160 0.0000000000
105831  51.223  12.974  14.137 0.0000000000
105823  51.244  13.629  15.249 0.0000000000
105816  51.477  13.670  16.488 0.0000000000
108034  50.089  17.002  18.545 0.0000000000
108042  51.226  16.414  18.404 0.0000000000
108033  50.947  16.661  18.959 0.0000000000
105778  51.240  14.513  20.268 0.0000000000
105786  51.617  14.233  19.756 0.0000000000
105141  52.005  13.217  19.466 0.0000000000
104556  52.448  11.487  20.436 0.0000000000
117303  40.442  29.650  4.639 0.0000000000
117315  39.645  29.350  3.803 0.0000000000
117313  41.519  29.703  3.319 0.0000000000
117871  42.724  30.503  3.975 0.0000000000
118458  44.401  31.612  3.931 0.0000000000
118450  44.675  31.712  4.665 0.0000000000
116577  45.824  29.056  9.421 0.0000000000
116578  44.514  28.282  9.920 0.0000000000
117840  45.918  30.188  7.753 0.0000000000
117245  45.236  29.303  8.248 0.0000000000
117254  44.903  29.471  7.567 0.0000000000
117266  45.085  30.234  6.771 0.0000000000
117265  45.619  30.538  6.991 0.0000000000
118439  47.456  31.312  5.853 0.0000000000
118441  46.666  31.776  5.964 0.0000000000
118447  47.030  31.894  5.246 0.0000000000
118455  46.797  32.234  4.166 0.0000000000
118454  47.385  31.573  4.562 0.0000000000
117867  47.539  30.971  3.943 0.0000000000
117281  48.196  29.977  4.548 0.0000000000
116661  49.409  27.771  4.101 0.0000000000
116662  48.967  28.275  3.735 0.0000000000
115936  49.198  27.194  3.851 0.0000000000
115173  48.491  26.096  3.961 0.0000000000
114483  48.916  25.378  3.727 0.0000000000
113812  50.034  24.140  5.550 0.0000000000
113823  49.889  24.204  4.446 0.0000000000
111724  49.593  21.772  4.154 0.0000000000
113152  49.837  23.323  4.086 0.0000000000
112447  49.332  22.564  4.562 0.0000000000
113145  48.999  23.425  4.789 0.0000000000
111716  48.612  21.859  5.306 0.0000000000
111717  48.071  21.454  5.884 0.0000000000
111726  48.502  20.937  4.992 0.0000000000
109627  47.149  18.346  5.214 0.0000000000
110354  47.250  19.015  5.387 0.0000000000
109614  46.614  17.823  5.819 0.0000000000
108871  46.117  17.270  6.456 0.0000000000
106629  45.806  15.087  8.063 0.0000000000
106618  45.610  14.790  8.892 0.0000000000
106606  46.101  14.526  9.359 0.0000000000
104648  46.564  11.915  10.445 0.0000000000
105203  46.034  12.543  10.967 0.0000000000
104649  45.526  11.458  10.631 0.0000000000
104650  44.474  11.221  10.830 0.0000000000
104026  45.075  10.805  9.896 0.0000000000
104040  48.232  9.724  8.637 0.0000000000
104056  47.483  9.423  7.951 0.0000000000
103326  44.726  9.432  6.179 0.0000000000
103311  45.581  9.412  7.041 0.0000000000
103312  44.379  9.831  7.120 0.0000000000
104059  43.902  10.050  8.098 0.0000000000
103313  43.323  9.831  7.294 0.0000000000
103328  42.544  9.690  6.831 0.0000000000
103341  42.676  9.578  5.745 0.0000000000
101877  41.804  7.794  5.229 0.0000000000
102605  41.738  8.508  4.851 0.0000000000
101868  40.805  7.608  5.831 0.0000000000
101869  39.923  7.953  5.806 0.0000000000
101857  40.727  7.485  6.773 0.0000000000
103979  49.284  10.394  13.380 0.0000000000
103992  49.498  9.560  12.356 0.0000000000
103993  48.477  10.148  12.450 0.0000000000
103268  45.593  9.674  12.218 0.0000000000
103267  46.594  9.713  11.939 0.0000000000
103282  45.909  9.116  11.424 0.0000000000
102527  45.320  8.673  10.838 0.0000000000
103247  42.696  9.506  14.971 0.0000000000
103246  43.576  9.779  14.730 0.0000000000
103257  42.787  9.482  13.920 0.0000000000
107388  42.874  15.597  9.501 0.0000000000
106610  42.658  14.893  10.364 0.0000000000
106621  43.191  14.918  9.944 0.0000000000
106609  43.666  14.482  10.540 0.0000000000
105872  44.554  14.055  10.836 0.0000000000
110340  46.138  18.969  6.734 0.0000000000
110324  45.581  18.929  7.320 0.0000000000
109600  45.162  18.187  7.737 0.0000000000
109584  44.454  18.093  8.336 0.0000000000
108838  43.263  17.588  9.144 0.0000000000
108848  43.266  16.988  9.045 0.0000000000
108127  43.322  16.439  9.008 0.0000000000
104511  52.651  10.722  23.525 0.0000000000
103878  53.006  10.271  22.940 0.0000000000
103863  52.863  10.202  24.106 0.0000000000
103149  52.741  9.356  24.658 0.0000000000
102423  52.437  8.919  24.732 0.0000000000
111696  50.254  21.948  8.107 0.0000000000
111040  49.830  20.940  7.501 0.0000000000
111697  50.125  21.806  8.691 0.0000000000
111698  49.882  21.512  9.076 0.0000000000
111687  49.908  21.568  9.615 0.0000000000
111611  45.071  21.346  16.239 0.0000000000
111610  46.057  21.205  16.374 0.0000000000
110216  46.862  19.511  17.013 0.0000000000
115871  47.433  27.717  10.798 0.0000000000
115885  47.672  27.826  9.706 0.0000000000
115135  47.778  26.654  9.745 0.0000000000
115134  48.037  26.315  9.314 0.0000000000
114448  49.209  25.022  8.158 0.0000000000
113786  49.641  24.231  7.854 0.0000000000
113097  50.137  23.042  7.810 0.0000000000
104021  50.529  10.383  10.207 0.0000000000
104006  50.967  10.336  11.029 0.0000000000
103278  50.254  8.929  10.730 0.0000000000
103279  49.287  8.959  11.210 0.0000000000
104636  42.441  11.655  11.857 0.0000000000
104637  41.255  11.133  11.866 0.0000000000
104048  39.490  10.267  9.276 0.0000000000
104047  40.377  10.219  9.150 0.0000000000
103330  40.522  9.675  7.067 0.0000000000
115927  47.718  27.217  4.567 0.0000000000
116645  47.668  27.806  4.477 0.0000000000
115163  47.214  26.656  5.323 0.0000000000
115150  46.808  26.504  5.791 0.0000000000
114464  46.608  25.766  6.367 0.0000000000
108104  40.475  16.360  11.295 0.0000000000
108105  39.807  16.315  11.783 0.0000000000
107353  39.115  15.318  12.974 0.0000000000
106581  39.212  14.933  13.101 0.0000000000
115115  46.385  27.517  12.695 0.0000000000
115126  45.970  26.721  11.698 0.0000000000
115116  45.837  27.159  12.866 0.0000000000
117785  43.804  30.344  16.115 0.0000000000
117209  45.798  29.315  14.014 0.0000000000
117220  46.361  29.043  13.640 0.0000000000
117208  46.430  29.112  14.384 0.0000000000
115836  46.542  27.889  13.026 0.0000000000
104584  51.535  11.552  16.481 0.0000000000
103937  50.937  10.343  16.034 0.0000000000
103926  50.911  10.435  17.041 0.0000000000
103918  49.974  10.420  17.981 0.0000000000
103180  49.909  9.318  21.664 0.0000000000
103188  48.781  9.430  20.777 0.0000000000
103189  47.536  9.109  20.932 0.0000000000
103190  46.769  8.975  20.599 0.0000000000
108881  47.118  17.301  5.055 0.0000000000
108151  47.301  16.133  5.051 0.0000000000
108880  47.637  16.975  4.590 0.0000000000
107415  48.146  15.534  4.739 0.0000000000
107414  48.545  15.591  5.040 0.0000000000
108857  47.682  17.616  7.328 0.0000000000
108140  48.050  17.005  6.819 0.0000000000
108132  47.987  16.703  7.568 0.0000000000
107384  49.877  14.680  9.495 0.0000000000
107385  49.374  15.362  9.767 0.0000000000
112375  47.350  22.673  11.945 0.0000000000
112356  48.596  22.267  12.100 0.0000000000
111655  48.752  21.894  12.607 0.0000000000
110989  48.502  21.437  13.029 0.0000000000
109517  48.080  18.248  15.645 0.0000000000
108794  47.773  17.685  15.256 0.0000000000
108078  47.607  16.679  14.732 0.0000000000
107342  48.061  15.947  14.645 0.0000000000
107351  48.475  15.524  14.024 0.0000000000
107350  49.221  15.202  14.361 0.0000000000
106572  49.865  14.899  14.894 0.0000000000
105824  50.814  14.198  14.905 0.0000000000
106563  50.635  14.879  15.733 0.0000000000
106554  51.360  15.015  17.043 0.0000000000
106531  49.800  15.647  19.174 0.0000000000
107292  50.750  15.845  19.699 0.0000000000
106523  50.244  15.208  19.670 0.0000000000
105779  50.815  14.318  20.542 0.0000000000
117288  40.035  29.317  5.476 0.0000000000
117302  41.742  29.858  4.354 0.0000000000
115859  40.839  27.483  11.627 0.0000000000
115877  40.577  27.270  10.713 0.0000000000
115876  41.600  27.362  10.891 0.0000000000
115888  42.411  27.455  10.160 0.0000000000
117233  47.177  29.232  8.830 0.0000000000
117235  46.459  29.397  8.946 0.0000000000
117242  47.190  29.465  8.351 0.0000000000
117838  46.965  30.209  7.733 0.0000000000
117845  46.537  30.775  7.197 0.0000000000
117844  47.218  30.721  7.057 0.0000000000
117850  47.599  30.928  6.138 0.0000000000
117263  48.674  29.242  4.917 0.0000000000
115935  49.438  27.122  4.351 0.0000000000
112445  50.340  22.448  4.848 0.0000000000
113151  50.168  23.255  4.554 0.0000000000
111732  50.257  21.672  4.352 0.0000000000
111733  49.828  21.588  3.906 0.0000000000
111061  48.783  20.502  4.471 0.0000000000
111072  48.440  19.629  4.368 0.0000000000
105880  47.163  14.132  9.376 0.0000000000
105870  46.592  13.973  9.917 0.0000000000
102569  47.839  8.559  7.226 0.0000000000
103310  46.968  8.887  7.065 0.0000000000
103324  46.908  8.422  5.977 0.0000000000
103339  44.862  8.828  5.593 0.0000000000
103340  43.767  9.289  5.528 0.0000000000
102603  43.866  8.124  5.332 0.0000000000
101876  42.880  7.820  5.572 0.0000000000
102595  42.271  7.502  6.529 0.0000000000
103981  47.203  10.732  13.598 0.0000000000
103982  46.176  10.576  13.909 0.0000000000
103254  45.362  10.115  13.159 0.0000000000
103269  44.703  9.484  12.507 0.0000000000
106590  41.058  14.324  12.004 0.0000000000
105862  41.794  13.796  11.931 0.0000000000
105850  41.879  13.426  12.119 0.0000000000
105207  42.531  12.633  12.069 0.0000000000
104652  42.518  10.717  10.911 0.0000000000
104028  42.935  10.520  10.058 0.0000000000
113136  48.141  23.215  6.185 0.0000000000
113116  47.534  23.712  6.723 0.0000000000
112427  46.296  22.460  7.496 0.0000000000
111044  45.578  20.099  7.597 0.0000000000
108839  42.872  17.253  9.290 0.0000000000
108840  42.042  17.625  9.898 0.0000000000
107380  41.223  15.751  10.915 0.0000000000
107371  41.349  15.395  11.076 0.0000000000
117774  43.344  30.967  16.795 0.0000000000
117773  44.588  30.472  16.853 0.0000000000
117772  45.271  30.099  16.939 0.0000000000
103911  52.434  10.565  19.530 0.0000000000
103192  52.289  10.004  19.274 0.0000000000
103184  52.381  9.979  19.905 0.0000000000
103179  51.040  9.543  21.480 0.0000000000
103171  52.062  9.387  22.355 0.0000000000
103173  49.856  8.979  22.790 0.0000000000
102442  49.275  8.722  23.071 0.0000000000
110351  49.482  19.335  4.693 0.0000000000
109625  49.018  18.433  4.912 0.0000000000
110352  49.268  19.151  5.233 0.0000000000
110337  48.729  19.239  5.923 0.0000000000
110338  48.359  19.258  6.638 0.0000000000
111041  48.907  20.553  7.598 0.0000000000
109598  47.797  18.387  7.079 0.0000000000
109582  47.283  18.606  7.867 0.0000000000
108845  46.922  18.240  8.523 0.0000000000
108837  46.734  17.789  9.175 0.0000000000
112328  46.599  22.272  14.453 0.0000000000
112327  47.305  22.212  14.431 0.0000000000
112316  46.914  22.144  14.891 0.0000000000
110238  47.557  19.888  15.431 0.0000000000
111609  46.764  21.029  16.122 0.0000000000
109510  47.849  19.281  15.860 0.0000000000
109509  48.372  18.688  16.332 0.0000000000
108786  48.905  17.785  16.324 0.0000000000
108785  49.374  17.813  16.810 0.0000000000
108057  49.822  16.978  16.893 0.0000000000
108775  49.626  17.791  17.367 0.0000000000
108035  49.126  17.098  18.498 0.0000000000
107299  49.580  16.301  18.807 0.0000000000
106532  49.085  15.453  18.874 0.0000000000
106525  48.715  14.663  19.077 0.0000000000
116628  42.013  28.443  6.611 0.0000000000
115855  44.228  28.253  11.867 0.0000000000
116563  44.842  28.435  11.149 0.0000000000
116575  47.325  28.806  9.098 0.0000000000
115904  47.802  28.113  7.538 0.0000000000
115914  48.353  27.548  6.797 0.0000000000
115161  49.189  26.612  5.696 0.0000000000
115148  48.821  26.339  6.436 0.0000000000
114461  49.467  25.444  6.045 0.0000000000
113134  50.092  23.575  6.575 0.0000000000
113143  50.272  23.282  5.391 0.0000000000
111723  50.486  21.640  5.236 0.0000000000
105222  48.921  13.140  9.642 0.0000000000
104646  49.223  11.403  9.658 0.0000000000
104039  49.357  10.000  8.941 0.0000000000
103303  49.275  9.259  8.365 0.0000000000
103293  50.267  9.058  9.415 0.0000000000
102556  49.342  8.684  8.213 0.0000000000
102571  46.332  7.768  7.863 0.0000000000
102572  45.837  7.734  8.497 0.0000000000
103222  44.481  9.850  16.638 0.0000000000
103235  44.399  10.064  15.544 0.0000000000
104640  37.386  10.980  11.714 0.0000000000
104638  40.405  10.851  11.792 0.0000000000
103996  39.597  10.898  12.057 0.0000000000
104034  37.497  10.303  10.342 0.0000000000
104051  37.086  9.863  9.671 0.0000000000
104064  38.984  10.027  8.619 0.0000000000
103319  37.940  9.537  8.489 0.0000000000
101860  38.275  8.198  7.467 0.0000000000
113788  47.098  24.416  6.894 0.0000000000
113789  46.020  24.449  7.336 0.0000000000
113779  47.931  24.657  9.561 0.0000000000
113065  49.079  23.127  9.850 0.0000000000
113053  47.775  22.850  10.847 0.0000000000
113775  46.043  25.309  10.756 0.0000000000
113769  46.619  23.783  10.874 0.0000000000
113054  47.334  23.112  11.051 0.0000000000
113055  46.313  23.106  11.674 0.0000000000
113045  45.973  22.803  12.110 0.0000000000
112360  45.216  22.421  12.963 0.0000000000
112345  45.040  22.099  13.746 0.0000000000
112318  45.413  21.762  15.508 0.0000000000
116542  39.754  28.314  12.382 0.0000000000
117222  39.502  29.169  12.788 0.0000000000
115842  40.312  27.762  12.174 0.0000000000
115841  40.996  27.740  12.548 0.0000000000
115840  42.088  27.873  12.787 0.0000000000
115839  43.165  28.031  12.516 0.0000000000
117185  43.208  29.826  15.522 0.0000000000
116523  42.605  28.426  13.639 0.0000000000
116539  42.902  28.196  13.086 0.0000000000
115838  43.580  28.142  12.446 0.0000000000
116550  44.683  28.434  12.025 0.0000000000
115853  47.346  28.102  11.247 0.0000000000
115130  47.356  26.827  10.444 0.0000000000
103964  51.397  10.511  13.802 0.0000000000
103977  51.178  9.900  13.110 0.0000000000
103965  51.063  9.891  14.038 0.0000000000
103966  50.262  10.241  14.145 0.0000000000
103967  49.317  10.825  14.283 0.0000000000
103954  49.210  10.945  15.296 0.0000000000
103968  48.314  11.118  14.293 0.0000000000
103956  46.999  11.091  15.795 0.0000000000
103957  46.051  10.752  16.067 0.0000000000
103193  51.804  9.797  18.992 0.0000000000
103203  50.876  10.050  18.544 0.0000000000
103919  48.968  10.289  18.129 0.0000000000
103196  48.867  9.706  19.798 0.0000000000
103205  48.940  9.938  18.924 0.0000000000
103920  48.011  10.231  18.314 0.0000000000
103930  46.963  10.325  17.798 0.0000000000
103942  46.192  10.367  17.029 0.0000000000
103214  44.496  9.535  17.754 0.0000000000
108134  45.098  16.244  7.586 0.0000000000
107396  44.676  15.549  8.135 0.0000000000
107405  45.252  15.687  7.654 0.0000000000
107404  46.003  15.605  7.234 0.0000000000
106638  46.450  15.148  7.546 0.0000000000
107409  46.855  15.407  5.941 0.0000000000
106628  46.848  14.796  7.932 0.0000000000
106616  47.276  14.524  8.397 0.0000000000
105885  48.170  14.156  8.565 0.0000000000
105878  48.643  13.751  9.094 0.0000000000
108879  48.532  17.203  5.251 0.0000000000
107408  48.517  15.456  6.010 0.0000000000
108139  48.424  16.158  6.695 0.0000000000
105211  50.231  12.252  10.366 0.0000000000
105866  50.447  12.988  10.664 0.0000000000
105202  50.736  12.148  11.103 0.0000000000
105193  51.259  12.200  12.020 0.0000000000
105192  51.400  11.748  12.527 0.0000000000
111675  49.935  22.274  10.217 0.0000000000
111676  49.572  22.013  10.597 0.0000000000
111021  49.110  21.357  10.074 0.0000000000
111665  48.925  21.901  11.687 0.0000000000
111011  48.351  20.796  10.632 0.0000000000
110283  47.613  20.206  10.055 0.0000000000
109559  46.579  18.693  9.853 0.0000000000
108830  46.555  17.759  10.194 0.0000000000
111635  47.772  21.760  14.329 0.0000000000
110978  48.015  21.137  13.694 0.0000000000
110252  47.330  19.858  13.184 0.0000000000
109526  46.746  18.238  13.399 0.0000000000
110264  46.919  19.359  12.430 0.0000000000
109546  46.556  18.595  11.851 0.0000000000
108825  46.479  17.680  11.180 0.0000000000
108109  47.582  16.271  10.867 0.0000000000
108108  48.257  15.887  11.301 0.0000000000
107368  49.475  15.000  11.774 0.0000000000
107360  49.062  15.094  13.080 0.0000000000
106589  49.970  14.554  12.640 0.0000000000
106588  50.618  13.906  12.366 0.0000000000
105180  51.414  12.188  12.997 0.0000000000
104606  51.454  11.326  13.481 0.0000000000
105174  51.406  12.131  13.884 0.0000000000
104598  51.459  11.339  14.342 0.0000000000
104591  51.487  11.449  15.335 0.0000000000
105160  51.459  12.520  15.904 0.0000000000
104582  51.711  11.614  17.624 0.0000000000
104578  52.097  11.555  18.625 0.0000000000
107321  50.890  16.040  17.217 0.0000000000
107320  51.261  15.813  17.561 0.0000000000
106545  51.623  14.876  18.301 0.0000000000
107290  51.410  15.510  19.446 0.0000000000
106530  51.594  14.907  19.226 0.0000000000
105140  52.144  12.222  19.074 0.0000000000
104569  52.315  11.479  19.348 0.0000000000
117882  42.332  30.079  2.907 0.0000000000
118466  44.351  31.586  3.099 0.0000000000
118465  44.861  32.044  3.276 0.0000000000
119076  46.259  32.493  3.289 0.0000000000
116610  41.502  27.976  7.049 0.0000000000
116627  42.940  28.694  6.794 0.0000000000
117854  43.934  30.316  5.704 0.0000000000
117861  44.912  31.454  5.435 0.0000000000
117852  45.774  31.221  6.376 0.0000000000
117860  45.540  31.818  5.543 0.0000000000
118449  45.335  32.133  4.912 0.0000000000
118456  45.885  32.561  4.195 0.0000000000
118463  46.885  32.092  3.016 0.0000000000
117280  48.686  29.139  4.143 0.0000000000
114475  48.184  25.654  4.570 0.0000000000
115160  49.448  26.466  5.087 0.0000000000
114482  49.598  25.272  3.807 0.0000000000
113813  48.555  24.307  5.019 0.0000000000
113135  48.454  23.682  5.473 0.0000000000
112439  48.180  22.401  6.154 0.0000000000
111053  46.828  20.234  6.335 0.0000000000
111062  47.925  20.308  4.968 0.0000000000
111063  47.287  19.691  5.518 0.0000000000
109615  46.113  18.300  6.598 0.0000000000
108858  45.655  16.813  7.106 0.0000000000
106619  44.619  15.003  9.061 0.0000000000
105858  44.975  13.643  11.103 0.0000000000
105216  45.857  13.109  11.006 0.0000000000
105204  45.270  12.965  11.288 0.0000000000
104024  47.413  10.752  9.519 0.0000000000
104057  46.345  9.809  7.855 0.0000000000
104042  45.699  10.383  8.868 0.0000000000
104043  44.517  10.394  9.005 0.0000000000
104044  43.398  10.302  9.071 0.0000000000
104061  41.653  9.965  8.037 0.0000000000
103329  41.506  9.669  7.017 0.0000000000
103343  41.005  9.502  6.173 0.0000000000
103353  41.618  9.236  5.397 0.0000000000
103354  40.668  9.168  5.653 0.0000000000
103355  40.341  9.162  5.773 0.0000000000
101870  39.461  8.394  6.359 0.0000000000
103991  50.130  9.369  12.480 0.0000000000
104007  49.256  9.274  11.815 0.0000000000
103280  48.160  8.977  11.121 0.0000000000
103994  47.373  10.299  12.612 0.0000000000
102526  47.097  8.324  10.510 0.0000000000
103296  46.628  8.353  10.496 0.0000000000
102544  45.904  8.229  10.022 0.0000000000
102560  45.210  7.800  9.039 0.0000000000
103245  44.429  10.015  14.481 0.0000000000
103255  44.526  9.821  13.462 0.0000000000
103270  43.857  9.292  12.752 0.0000000000
103271  42.951  9.256  12.918 0.0000000000
102515  43.170  8.923  11.975 0.0000000000
103284  44.088  8.879  11.871 0.0000000000
102528  44.383  8.468  11.008 0.0000000000
102561  44.150  7.802  9.319 0.0000000000
101832  43.831  7.678  8.767 0.0000000000
102573  42.807  7.693  7.629 0.0000000000
102387  52.540  8.734  26.232 0.0000000000
102410  51.760  8.131  25.286 0.0000000000
102411  51.310  7.729  25.352 0.0000000000
102425  50.782  8.138  24.805 0.0000000000
101704  52.294  8.108  26.159 0.0000000000
101717  52.147  8.056  25.665 0.0000000000
101719  50.885  7.115  25.217 0.0000000000
101729  50.048  6.963  24.797 0.0000000000
101830  44.945  7.598  8.453 0.0000000000
101831  44.415  7.634  8.629 0.0000000000
101840  45.920  7.647  7.816 0.0000000000
101841  45.518  7.611  8.060 0.0000000000
101843  43.784  7.626  8.037 0.0000000000
101852  45.882  7.684  7.518 0.0000000000
101853  45.315  7.676  7.194 0.0000000000
101855  43.437  7.533  7.027 0.0000000000
101865  44.058  7.512  6.379 0.0000000000
101874  44.674  7.649  5.972 0.0000000000
101878  40.803  8.014  5.048 0.0000000000
102409  52.452  8.603  25.371 0.0000000000
102525  47.724  8.411  10.418 0.0000000000
102540  49.945  8.682  8.550 0.0000000000
102555  49.694  8.925  8.352 0.0000000000
102581  47.065  7.840  6.091 0.0000000000
102583  45.540  7.683  6.555 0.0000000000
102584  42.671  7.556  6.765 0.0000000000
102585  42.152  7.718  6.977 0.0000000000
102591  47.003  8.021  5.610 0.0000000000
102593  45.531  7.702  6.014 0.0000000000
102594  42.451  7.476  6.365 0.0000000000
102596  39.879  8.686  5.884 0.0000000000
102601  45.656  8.053  5.708 0.0000000000
102602  44.846  7.997  5.652 0.0000000000
102606  40.888  8.712  5.252 0.0000000000
102607  40.327  8.937  5.612 0.0000000000
103167  50.952  8.957  23.375 0.0000000000
103174  48.795  8.817  22.592 0.0000000000
103202  51.362  10.044  18.351 0.0000000000
103253  50.395  9.292  12.507 0.0000000000
103265  49.545  9.195  11.847 0.0000000000
103281  46.982  8.787  11.164 0.0000000000
103292  50.467  9.771  9.818 0.0000000000
103302  49.885  9.221  8.671 0.0000000000
103304  48.694  9.039  7.956 0.0000000000
103314  42.777  9.779  7.410 0.0000000000
103315  40.961  9.751  7.532 0.0000000000
103316  40.598  9.730  7.532 0.0000000000
103318  38.632  9.669  8.207 0.0000000000
103333  38.451  9.402  7.965 0.0000000000
103337  46.665  8.126  5.679 0.0000000000
103338  45.886  8.343  5.675 0.0000000000
103344  40.092  9.321  6.209 0.0000000000
103350  44.802  8.367  5.427 0.0000000000
103351  43.833  8.655  5.198 0.0000000000
103352  42.749  9.007  5.035 0.0000000000
103822  52.594  9.685  25.480 0.0000000000
103924  51.904  11.030  17.796 0.0000000000
103931  46.296  10.150  17.556 0.0000000000
103989  51.349  10.873  12.580 0.0000000000
103998  38.135  11.194  11.963 0.0000000000
104008  48.720  9.461  11.773 0.0000000000
104055  48.172  9.270  7.953 0.0000000000
104069  42.530  9.790  7.447 0.0000000000
104070  42.178  9.800  7.477 0.0000000000
104071  40.364  9.732  7.545 0.0000000000
104072  40.163  9.756  7.628 0.0000000000
104579  51.900  11.783  18.270 0.0000000000
104581  51.985  11.288  18.123 0.0000000000
104599  49.098  10.984  14.086 0.0000000000
104600  48.866  11.056  14.048 0.0000000000
104607  49.080  10.874  13.868 0.0000000000
104608  48.745  10.936  13.733 0.0000000000
104618  51.413  11.328  12.818 0.0000000000
104619  51.329  11.275  12.275 0.0000000000
104632  46.145  12.180  10.881 0.0000000000
104633  45.781  12.133  11.048 0.0000000000
104656  48.922  10.780  9.441 0.0000000000
105155  51.976  12.026  18.590 0.0000000000
105181  51.260  12.733  12.568 0.0000000000
105182  39.743  13.147  13.340 0.0000000000
105221  49.108  13.271  9.553 0.0000000000
105787  49.708  14.645  19.670 0.0000000000
105853  39.869  13.920  13.084 0.0000000000
105869  47.580  13.607  9.653 0.0000000000
105877  49.348  13.506  9.457 0.0000000000
106515  51.200  14.863  20.240 0.0000000000
106516  50.996  14.904  20.361 0.0000000000
106517  50.592  14.821  20.190 0.0000000000
106521  51.296  15.063  19.945 0.0000000000
106601  40.280  14.653  12.189 0.0000000000
106607  45.511  14.478  9.680 0.0000000000
106620  43.780  15.023  9.711 0.0000000000
106630  45.119  15.044  8.476 0.0000000000
106643  48.194  14.673  5.750 0.0000000000
106649  48.491  15.113  4.931 0.0000000000
106651  47.946  14.675  5.366 0.0000000000
107291  51.173  15.839  19.710 0.0000000000
107297  50.931  16.285  19.507 0.0000000000
107308  51.441  15.792  18.140 0.0000000000
107309  51.224  16.258  17.862 0.0000000000
107352  47.764  15.958  13.884 0.0000000000
107363  39.264  15.590  12.613 0.0000000000
107393  49.737  14.615  8.903 0.0000000000
107410  46.429  15.641  6.552 0.0000000000
107422  48.423  15.952  4.764 0.0000000000
107423  48.360  15.723  4.706 0.0000000000
108026  51.367  15.934  19.296 0.0000000000
108027  51.192  16.245  19.327 0.0000000000
108032  51.368  16.191  18.879 0.0000000000
108036  48.297  16.938  18.364 0.0000000000
108043  50.765  16.738  18.052 0.0000000000
108056  50.388  16.699  17.389 0.0000000000
108068  48.746  16.795  15.855 0.0000000000
108077  48.161  16.362  15.249 0.0000000000
108094  47.103  16.424  12.893 0.0000000000
108102  47.644  16.181  12.042 0.0000000000
108110  46.872  16.892  10.501 0.0000000000
108150  47.935  16.401  4.501 0.0000000000
108159  48.504  16.378  4.906 0.0000000000
108803  46.813  17.925  13.702 0.0000000000
108819  46.499  17.650  12.185 0.0000000000
109508  48.992  18.231  16.681 0.0000000000
109537  46.917  19.169  13.248 0.0000000000
109538  46.692  18.605  12.894 0.0000000000
109583  46.932  18.731  8.477 0.0000000000
109613  48.214  18.666  6.533 0.0000000000
109624  49.280  18.854  4.595 0.0000000000
109639  48.260  18.446  4.297 0.0000000000
110253  46.902  19.279  12.956 0.0000000000
110297  46.966  19.516  9.494 0.0000000000
110311  45.169  19.555  8.001 0.0000000000
110323  47.948  19.265  7.202 0.0000000000
110367  48.309  19.038  4.300 0.0000000000
110934  47.234  19.874  16.682 0.0000000000
110935  46.977  19.974  16.708 0.0000000000
111031  49.395  21.199  8.777 0.0000000000
111069  50.146  21.099  4.096 0.0000000000
111643  48.443  21.836  13.349 0.0000000000
111644  48.195  21.847  13.827 0.0000000000
111705  50.308  21.661  7.570 0.0000000000
111706  50.005  21.464  8.023 0.0000000000
111734  49.395  20.770  4.167 0.0000000000
112344  46.000  22.305  13.694 0.0000000000
112376  46.834  22.631  12.251 0.0000000000
112388  49.647  22.585  9.942 0.0000000000
112412  50.246  22.427  7.956 0.0000000000
112446  49.625  22.107  4.171 0.0000000000
112454  49.810  22.529  4.019 0.0000000000
112455  49.640  22.586  4.191 0.0000000000
113067  47.156  23.806  10.480 0.0000000000
113083  48.579  23.758  9.593 0.0000000000
113098  49.903  23.213  8.419 0.0000000000
113133  50.332  23.012  6.336 0.0000000000
113144  50.199  23.501  5.966 0.0000000000
113153  49.574  23.119  4.320 0.0000000000
113777  49.256  23.892  9.263 0.0000000000
113801  48.326  24.140  5.489 0.0000000000
113822  50.194  23.740  4.979 0.0000000000
114435  45.576  25.663  11.253 0.0000000000
114441  46.010  25.806  10.860 0.0000000000
114449  48.635  25.771  8.434 0.0000000000
114454  46.390  25.184  6.900 0.0000000000
114465  46.042  25.707  6.794 0.0000000000
114484  48.513  25.525  4.018 0.0000000000
115088  45.532  27.345  14.282 0.0000000000
115149  47.294  26.340  5.376 0.0000000000
115171  49.518  26.303  4.082 0.0000000000
115792  46.377  28.375  15.205 0.0000000000
115825  46.482  28.112  14.133 0.0000000000
115826  46.150  27.622  13.639 0.0000000000
115827  41.707  28.019  13.113 0.0000000000
115856  43.808  28.124  12.080 0.0000000000
115886  44.144  28.019  10.848 0.0000000000
115928  47.058  27.260  5.285 0.0000000000
116492  46.414  28.657  15.364 0.0000000000
116520  45.290  29.010  13.311 0.0000000000
116526  39.780  28.695  13.034 0.0000000000
116538  43.783  28.330  12.770 0.0000000000
116541  40.336  28.010  12.637 0.0000000000
116551  44.242  28.375  12.395 0.0000000000
116643  49.429  27.605  4.615 0.0000000000
117182  45.986  29.232  15.946 0.0000000000
117194  46.441  29.074  15.174 0.0000000000
117234  46.990  29.382  8.937 0.0000000000
117243  46.640  29.758  8.380 0.0000000000
117253  45.566  30.126  7.464 0.0000000000
117338  42.661  29.657  1.229 0.0000000000
117806  39.863  29.617  13.728 0.0000000000
117839  46.319  30.216  7.798 0.0000000000
117863  42.919  30.397  4.698 0.0000000000
117876  47.158  31.598  3.442 0.0000000000
118440  47.251  31.517  5.914 0.0000000000
118446  47.481  31.397  5.463 0.0000000000
119077  45.604  32.469  3.400 0.0000000000
119078  45.228  32.286  3.388 0.0000000000
119085  45.342  32.276  2.936 0.0000000000
