#!ascii label  , from subject sub.01.dh.02 vox2ras=TkReg
1009
55509  34.638  -34.870  43.796 0.0000000000
77117  42.678  -17.419  29.186 0.0000000000
67599  34.066  -26.367  35.892 0.0000000000
54114  14.393  -36.256  53.703 0.0000000000
60361  30.097  -30.837  46.775 0.0000000000
72424  34.480  -21.791  34.237 0.0000000000
56663  20.257  -34.466  47.922 0.0000000000
52973  18.661  -37.900  51.089 0.0000000000
54275  24.510  -36.760  46.025 0.0000000000
77130  46.645  -17.621  27.944 0.0000000000
61566  35.936  -30.475  44.122 0.0000000000
62843  34.208  -29.335  41.758 0.0000000000
58017  38.672  -33.131  44.386 0.0000000000
82388  44.578  -12.538  26.888 0.0000000000
80369  48.069  -14.969  24.987 0.0000000000
78159  38.699  -16.582  30.651 0.0000000000
73722  42.614  -20.987  31.405 0.0000000000
72459  37.774  -21.345  32.300 0.0000000000
67629  39.463  -25.544  34.923 0.0000000000
54233  33.377  -37.327  48.516 0.0000000000
50422  12.971  -39.760  56.552 0.0000000000
50410  8.405  -39.643  57.143 0.0000000000
50315  6.919  -38.399  61.647 0.0000000000
56754  31.878  -34.656  44.812 0.0000000000
55426  29.117  -35.410  47.012 0.0000000000
67540  30.446  -26.112  39.934 0.0000000000
67520  36.137  -26.565  40.799 0.0000000000
83395  50.902  -11.454  24.322 0.0000000000
77132  44.597  -17.226  28.324 0.0000000000
74949  44.284  -19.473  29.404 0.0000000000
59252  35.300  -32.452  43.370 0.0000000000
59265  36.224  -32.477  42.020 0.0000000000
56773  36.654  -34.152  43.168 0.0000000000
80339  41.987  -14.216  28.746 0.0000000000
82371  43.833  -12.438  29.296 0.0000000000
79280  43.658  -15.013  27.381 0.0000000000
79278  45.151  -15.651  27.052 0.0000000000
45566  7.243  -43.576  60.737 0.0000000000
74935  37.941  -19.225  30.930 0.0000000000
76028  36.716  -18.743  32.440 0.0000000000
68829  34.305  -24.336  34.501 0.0000000000
68840  36.004  -24.112  33.588 0.0000000000
67618  37.303  -26.315  35.132 0.0000000000
66422  37.352  -26.917  37.327 0.0000000000
54133  16.390  -36.795  52.577 0.0000000000
51674  18.271  -39.372  54.536 0.0000000000
51677  15.575  -39.107  54.100 0.0000000000
51629  15.485  -39.220  56.342 0.0000000000
52906  13.263  -37.704  54.183 0.0000000000
52842  9.359  -36.572  57.500 0.0000000000
51530  7.147  -38.934  59.660 0.0000000000
57998  30.712  -33.088  45.186 0.0000000000
55471  30.107  -35.267  44.982 0.0000000000
56732  28.831  -34.084  44.928 0.0000000000
54221  23.402  -37.666  49.256 0.0000000000
53001  26.472  -37.990  49.523 0.0000000000
64001  38.028  -28.760  42.101 0.0000000000
65198  35.530  -27.462  41.316 0.0000000000
74857  36.449  -19.015  34.956 0.0000000000
71162  33.888  -21.195  36.451 0.0000000000
69927  32.254  -23.817  36.315 0.0000000000
55395  21.495  -36.375  49.094 0.0000000000
54179  20.903  -37.433  51.749 0.0000000000
55380  19.256  -36.387  49.504 0.0000000000
56603  17.146  -34.611  50.909 0.0000000000
57803  15.634  -33.716  53.263 0.0000000000
58022  26.819  -32.765  44.582 0.0000000000
57980  24.733  -32.775  45.898 0.0000000000
55433  21.886  -35.290  46.877 0.0000000000
63952  33.701  -28.892  45.788 0.0000000000
63971  31.822  -28.855  44.490 0.0000000000
61595  34.793  -30.247  42.491 0.0000000000
61605  37.239  -30.461  41.365 0.0000000000
82392  47.475  -12.148  24.829 0.0000000000
81424  45.981  -13.915  25.555 0.0000000000
78207  47.846  -16.209  26.671 0.0000000000
77119  40.640  -16.915  29.430 0.0000000000
74951  42.439  -18.958  29.893 0.0000000000
74932  40.206  -18.969  30.163 0.0000000000
72470  40.181  -20.947  31.726 0.0000000000
69967  40.434  -23.000  33.556 0.0000000000
72461  35.718  -21.505  32.794 0.0000000000
69969  38.515  -23.491  33.488 0.0000000000
54283  33.919  -36.275  45.296 0.0000000000
55445  36.363  -35.510  46.290 0.0000000000
80329  40.716  -14.519  30.537 0.0000000000
55324  12.197  -35.017  55.387 0.0000000000
54100  11.065  -36.875  55.322 0.0000000000
50424  10.888  -39.766  56.184 0.0000000000
49182  10.659  -40.919  58.436 0.0000000000
48015  8.367  -41.414  58.461 0.0000000000
47993  6.852  -41.493  59.859 0.0000000000
47963  6.082  -40.977  61.567 0.0000000000
47929  5.633  -40.803  63.330 0.0000000000
55491  32.998  -35.381  44.633 0.0000000000
54285  31.878  -36.441  45.433 0.0000000000
54255  30.877  -36.442  47.380 0.0000000000
55449  27.059  -35.522  46.270 0.0000000000
66427  32.378  -26.632  37.392 0.0000000000
62846  31.449  -29.095  41.284 0.0000000000
65243  32.724  -27.948  38.690 0.0000000000
66400  35.095  -27.541  38.268 0.0000000000
56702  38.483  -34.543  46.561 0.0000000000
82407  52.431  -12.506  23.701 0.0000000000
82401  49.438  -12.519  24.566 0.0000000000
80390  51.060  -14.802  23.938 0.0000000000
77116  43.727  -17.553  28.993 0.0000000000
76072  45.036  -18.743  28.907 0.0000000000
76073  43.989  -18.542  29.208 0.0000000000
58043  34.915  -33.506  43.698 0.0000000000
56791  35.872  -34.012  42.690 0.0000000000
56750  35.596  -34.872  44.208 0.0000000000
78186  42.130  -15.691  28.680 0.0000000000
79270  42.345  -15.002  28.370 0.0000000000
78184  43.299  -16.188  28.208 0.0000000000
78183  44.260  -16.297  27.856 0.0000000000
45544  6.393  -43.847  61.586 0.0000000000
76027  37.156  -18.057  32.299 0.0000000000
76001  37.080  -18.407  33.725 0.0000000000
68813  34.143  -25.129  34.833 0.0000000000
67633  35.622  -25.514  34.517 0.0000000000
67619  36.002  -26.575  35.316 0.0000000000
66444  37.598  -26.715  36.517 0.0000000000
66446  35.781  -27.086  36.295 0.0000000000
54135  15.095  -36.498  53.259 0.0000000000
51696  16.441  -38.785  53.489 0.0000000000
52929  14.787  -37.102  53.446 0.0000000000
51678  14.817  -38.954  54.310 0.0000000000
54115  13.525  -36.593  54.070 0.0000000000
59196  30.800  -32.060  46.005 0.0000000000
57999  29.572  -33.164  44.845 0.0000000000
59216  29.369  -32.034  45.026 0.0000000000
54175  23.575  -37.736  51.131 0.0000000000
67456  31.516  -25.696  44.635 0.0000000000
65180  38.274  -27.708  42.791 0.0000000000
69926  32.714  -22.855  36.275 0.0000000000
69909  32.719  -22.187  37.445 0.0000000000
55412  21.067  -35.447  48.001 0.0000000000
55378  20.963  -36.670  49.597 0.0000000000
56642  19.999  -35.257  48.498 0.0000000000
56622  17.826  -34.613  50.240 0.0000000000
57848  16.849  -33.906  51.218 0.0000000000
56605  16.218  -34.976  51.920 0.0000000000
59198  25.745  -30.959  46.703 0.0000000000
57954  21.609  -33.047  47.549 0.0000000000
56686  22.042  -33.811  46.723 0.0000000000
55434  21.230  -34.920  47.429 0.0000000000
55411  22.047  -36.334  48.260 0.0000000000
63969  33.817  -29.420  44.916 0.0000000000
62808  35.047  -30.089  43.492 0.0000000000
59251  37.715  -32.446  42.776 0.0000000000
60440  36.507  -31.688  41.723 0.0000000000
59250  38.294  -31.908  43.087 0.0000000000
61579  38.924  -30.342  43.091 0.0000000000
60411  39.279  -31.481  44.122 0.0000000000
82379  44.219  -12.279  27.765 0.0000000000
82386  46.099  -12.100  25.941 0.0000000000
81415  45.442  -13.454  25.883 0.0000000000
77139  45.763  -16.675  27.512 0.0000000000
79276  46.456  -15.867  26.671 0.0000000000
77137  47.349  -17.018  27.657 0.0000000000
77120  39.782  -16.574  29.747 0.0000000000
76076  40.722  -18.161  29.735 0.0000000000
76056  39.676  -18.209  30.050 0.0000000000
73727  37.831  -20.064  31.599 0.0000000000
74914  38.987  -19.652  30.962 0.0000000000
72472  38.888  -20.833  31.845 0.0000000000
71218  40.245  -21.869  32.788 0.0000000000
71219  39.340  -21.947  32.730 0.0000000000
73678  35.064  -20.053  34.866 0.0000000000
73700  35.391  -20.468  33.234 0.0000000000
72442  34.921  -21.354  33.611 0.0000000000
68826  37.364  -24.941  34.121 0.0000000000
69970  37.491  -23.530  33.327 0.0000000000
68837  38.964  -24.237  33.937 0.0000000000
68836  39.758  -24.309  34.026 0.0000000000
54270  33.354  -36.660  46.369 0.0000000000
54251  34.813  -36.605  47.596 0.0000000000
78147  39.598  -16.060  32.117 0.0000000000
79248  39.677  -15.484  30.654 0.0000000000
79257  40.378  -15.020  29.929 0.0000000000
52972  19.734  -37.982  51.025 0.0000000000
51708  19.633  -38.667  52.595 0.0000000000
51630  14.582  -39.373  56.562 0.0000000000
51604  14.627  -39.389  57.690 0.0000000000
51605  13.794  -39.719  57.968 0.0000000000
50406  12.756  -40.122  57.560 0.0000000000
54087  11.397  -35.288  56.258 0.0000000000
54099  11.769  -36.375  55.087 0.0000000000
54088  10.660  -36.302  55.990 0.0000000000
51607  8.571  -37.977  56.966 0.0000000000
51632  9.731  -38.245  55.831 0.0000000000
50409  9.215  -39.965  56.675 0.0000000000
50408  10.194  -40.161  56.786 0.0000000000
49194  9.497  -40.511  57.341 0.0000000000
49183  9.678  -41.044  58.249 0.0000000000
49184  8.593  -40.711  57.757 0.0000000000
50334  6.961  -38.404  61.017 0.0000000000
49172  6.948  -40.644  59.334 0.0000000000
49160  6.609  -40.405  60.302 0.0000000000
47994  6.554  -41.931  60.486 0.0000000000
49145  6.261  -40.158  61.305 0.0000000000
56705  33.194  -34.005  46.358 0.0000000000
56727  33.282  -34.323  45.352 0.0000000000
56753  32.695  -34.760  44.883 0.0000000000
54298  32.415  -36.060  44.801 0.0000000000
54299  31.588  -35.865  44.923 0.0000000000
55448  29.399  -35.128  45.912 0.0000000000
54273  30.511  -36.134  46.367 0.0000000000
55425  29.976  -35.991  47.306 0.0000000000
56735  25.384  -34.198  44.912 0.0000000000
56734  26.689  -34.398  44.986 0.0000000000
55430  26.032  -36.579  46.136 0.0000000000
53000  27.379  -37.542  49.531 0.0000000000
73743  42.274  -20.317  30.671 0.0000000000
73742  43.414  -20.638  30.514 0.0000000000
73721  43.700  -21.289  31.566 0.0000000000
68734  30.819  -24.714  39.291 0.0000000000
67556  31.519  -25.086  37.766 0.0000000000
67557  31.260  -25.400  38.231 0.0000000000
62811  32.502  -29.814  43.098 0.0000000000
63987  30.943  -28.661  42.772 0.0000000000
62844  33.275  -29.253  41.617 0.0000000000
66344  35.806  -26.924  41.344 0.0000000000
65217  33.825  -27.942  40.388 0.0000000000
66362  34.254  -27.772  39.836 0.0000000000
66381  34.750  -27.698  39.146 0.0000000000
66360  36.342  -26.742  40.086 0.0000000000
66379  36.657  -26.793  39.180 0.0000000000
55443  37.842  -35.102  46.836 0.0000000000
82398  51.835  -12.155  23.940 0.0000000000
81422  47.360  -13.238  24.812 0.0000000000
82402  48.325  -12.638  24.603 0.0000000000
81433  48.096  -13.946  24.698 0.0000000000
79316  50.518  -15.492  24.319 0.0000000000
79315  51.226  -15.632  24.356 0.0000000000
59150  20.274  -32.612  48.197 0.0000000000
57897  19.345  -33.564  48.679 0.0000000000
77131  45.652  -17.323  27.966 0.0000000000
76087  46.930  -18.409  28.449 0.0000000000
76071  46.158  -19.110  28.908 0.0000000000
60413  35.810  -31.576  44.060 0.0000000000
60427  35.776  -31.461  43.179 0.0000000000
59266  35.648  -32.467  42.509 0.0000000000
58042  36.592  -33.663  42.468 0.0000000000
58018  37.918  -33.495  43.613 0.0000000000
82364  43.975  -12.563  30.167 0.0000000000
81399  42.422  -13.327  29.085 0.0000000000
81407  43.466  -13.258  27.660 0.0000000000
80348  43.958  -14.248  26.960 0.0000000000
80363  44.789  -14.756  26.588 0.0000000000
79279  44.381  -15.429  27.147 0.0000000000
78182  45.105  -16.625  27.737 0.0000000000
46783  8.691  -43.533  61.036 0.0000000000
78131  38.554  -16.697  31.588 0.0000000000
76057  38.384  -18.038  30.536 0.0000000000
77098  37.654  -17.585  31.405 0.0000000000
74899  37.012  -18.799  31.824 0.0000000000
73710  37.209  -20.471  32.064 0.0000000000
71194  34.057  -22.312  34.684 0.0000000000
69973  34.966  -23.250  33.646 0.0000000000
69958  34.738  -23.780  34.034 0.0000000000
68827  36.325  -24.862  34.043 0.0000000000
67617  38.312  -26.103  35.168 0.0000000000
66443  38.513  -26.604  36.422 0.0000000000
66420  39.020  -26.791  37.209 0.0000000000
54214  32.656  -37.629  49.393 0.0000000000
52952  17.155  -37.330  51.991 0.0000000000
51710  18.359  -38.822  52.542 0.0000000000
51695  17.350  -38.894  53.426 0.0000000000
51675  17.182  -39.303  54.362 0.0000000000
51627  16.988  -39.459  55.778 0.0000000000
51655  14.646  -39.340  55.366 0.0000000000
51656  13.425  -39.411  55.540 0.0000000000
54076  9.953  -36.249  56.830 0.0000000000
52824  8.933  -36.918  58.391 0.0000000000
51580  8.269  -37.854  57.979 0.0000000000
51582  7.605  -39.504  58.201 0.0000000000
51555  7.749  -38.366  58.925 0.0000000000
51512  7.367  -37.834  61.045 0.0000000000
51497  7.371  -37.697  62.095 0.0000000000
57997  31.197  -33.547  45.169 0.0000000000
55494  30.713  -34.805  44.611 0.0000000000
56730  30.675  -34.147  44.766 0.0000000000
55472  29.489  -34.837  45.294 0.0000000000
56684  28.480  -35.098  46.350 0.0000000000
54258  24.556  -37.417  46.939 0.0000000000
54257  25.998  -37.283  47.020 0.0000000000
54220  24.458  -38.015  49.249 0.0000000000
72454  42.455  -21.476  32.242 0.0000000000
67502  30.461  -26.303  41.434 0.0000000000
64018  36.068  -28.711  41.224 0.0000000000
64020  34.246  -28.556  41.393 0.0000000000
65196  37.200  -27.978  42.059 0.0000000000
65182  36.694  -27.134  42.292 0.0000000000
84475  49.690  -10.465  24.974 0.0000000000
45524  5.704  -43.980  62.342 0.0000000000
73676  36.738  -19.511  35.676 0.0000000000
73666  35.184  -20.049  35.652 0.0000000000
72395  34.163  -21.062  35.743 0.0000000000
69946  33.571  -22.810  35.025 0.0000000000
69947  33.133  -23.493  35.295 0.0000000000
67622  33.085  -24.927  35.674 0.0000000000
54199  22.503  -37.040  50.340 0.0000000000
54155  22.272  -36.959  52.317 0.0000000000
54200  21.703  -36.854  50.279 0.0000000000
54202  19.754  -37.334  50.102 0.0000000000
54180  19.024  -37.459  50.489 0.0000000000
56644  18.503  -34.631  49.502 0.0000000000
55381  18.419  -35.801  49.926 0.0000000000
54182  17.383  -36.584  51.216 0.0000000000
55357  16.638  -35.855  51.827 0.0000000000
55359  15.841  -35.574  52.608 0.0000000000
55331  15.102  -34.881  53.489 0.0000000000
60396  28.060  -30.957  45.253 0.0000000000
60398  26.519  -30.958  45.763 0.0000000000
59220  25.308  -32.520  45.192 0.0000000000
56736  24.435  -34.186  45.346 0.0000000000
57982  23.467  -33.313  46.727 0.0000000000
56713  23.572  -33.973  46.016 0.0000000000
55452  23.988  -35.833  45.796 0.0000000000
54260  22.562  -36.435  47.341 0.0000000000
54222  22.611  -36.953  49.317 0.0000000000
65150  33.113  -27.634  46.056 0.0000000000
66301  31.854  -26.678  45.101 0.0000000000
63970  32.812  -28.922  45.110 0.0000000000
62810  33.423  -30.093  43.231 0.0000000000
62827  34.271  -30.085  42.275 0.0000000000
60441  35.651  -31.510  42.106 0.0000000000
61607  35.578  -30.418  41.494 0.0000000000
62841  36.064  -29.686  41.094 0.0000000000
62825  37.660  -29.604  41.649 0.0000000000
62806  39.336  -29.599  43.421 0.0000000000
83392  46.565  -11.536  25.960 0.0000000000
82393  46.703  -12.361  25.308 0.0000000000
81423  46.612  -13.603  25.229 0.0000000000
80362  45.585  -14.488  26.064 0.0000000000
80361  46.395  -14.849  25.934 0.0000000000
77118  41.628  -17.240  29.215 0.0000000000
76074  43.054  -18.265  29.527 0.0000000000
76075  41.995  -18.152  29.609 0.0000000000
74931  41.012  -19.410  30.221 0.0000000000
73744  41.320  -20.068  30.697 0.0000000000
74933  39.193  -18.963  30.435 0.0000000000
73725  39.728  -20.246  31.235 0.0000000000
72469  41.038  -21.176  31.670 0.0000000000
72455  41.392  -21.651  32.369 0.0000000000
71201  42.291  -22.392  33.389 0.0000000000
74874  36.173  -18.845  33.856 0.0000000000
73711  36.142  -20.378  32.490 0.0000000000
72460  36.753  -21.356  32.425 0.0000000000
71207  36.090  -22.806  32.954 0.0000000000
71206  36.990  -22.854  32.915 0.0000000000
71220  38.369  -22.038  32.660 0.0000000000
69968  39.733  -23.509  33.641 0.0000000000
55469  34.657  -35.841  44.812 0.0000000000
55468  35.317  -35.580  45.109 0.0000000000
55446  35.638  -35.793  45.977 0.0000000000
54250  35.851  -36.279  47.697 0.0000000000
80328  41.147  -14.255  29.934 0.0000000000
79256  40.975  -15.060  29.222 0.0000000000
55322  13.927  -34.260  54.345 0.0000000000
55323  13.115  -34.381  54.849 0.0000000000
55333  13.739  -35.366  54.261 0.0000000000
54116  12.693  -36.803  54.381 0.0000000000
52907  12.304  -37.646  54.541 0.0000000000
51657  12.113  -38.730  54.988 0.0000000000
52862  10.137  -36.763  55.886 0.0000000000
51659  10.250  -38.275  55.424 0.0000000000
50423  12.005  -39.948  56.396 0.0000000000
50407  11.371  -40.342  57.219 0.0000000000
49192  11.187  -40.627  58.041 0.0000000000
46817  8.696  -42.701  59.780 0.0000000000
49185  7.467  -40.758  58.334 0.0000000000
48006  7.321  -41.460  58.970 0.0000000000
46818  8.119  -42.553  59.466 0.0000000000
46798  7.107  -42.630  60.106 0.0000000000
45567  6.556  -43.135  60.804 0.0000000000
46784  6.146  -42.649  61.484 0.0000000000
49131  5.972  -40.196  62.447 0.0000000000
49132  5.786  -40.934  62.718 0.0000000000
46771  5.533  -42.787  62.484 0.0000000000
58044  34.382  -33.868  43.770 0.0000000000
56752  33.583  -34.523  44.576 0.0000000000
55490  34.015  -35.324  44.303 0.0000000000
54297  33.228  -36.047  44.711 0.0000000000
54284  32.852  -36.508  45.398 0.0000000000
54271  32.342  -36.732  46.343 0.0000000000
54286  30.936  -35.986  45.407 0.0000000000
54272  31.361  -36.531  46.345 0.0000000000
54234  32.258  -37.245  48.367 0.0000000000
58001  27.488  -33.130  44.651 0.0000000000
56710  27.654  -35.050  45.926 0.0000000000
55427  28.286  -35.508  47.221 0.0000000000
54256  26.900  -36.933  47.522 0.0000000000
54236  28.018  -36.541  48.646 0.0000000000
55392  28.831  -36.299  49.141 0.0000000000
74950  43.370  -19.165  29.664 0.0000000000
69895  31.871  -23.004  38.059 0.0000000000
68768  31.995  -24.584  36.709 0.0000000000
67600  32.860  -25.751  36.386 0.0000000000
66318  31.090  -26.833  43.791 0.0000000000
66332  30.473  -26.915  42.234 0.0000000000
66363  30.423  -26.905  40.847 0.0000000000
64021  33.233  -28.565  40.867 0.0000000000
64038  31.496  -28.723  40.030 0.0000000000
65245  31.046  -27.575  39.194 0.0000000000
66403  32.144  -27.132  38.089 0.0000000000
66426  33.404  -27.145  37.403 0.0000000000
66447  34.727  -26.965  36.561 0.0000000000
66398  37.061  -26.986  38.260 0.0000000000
56726  36.619  -34.904  45.369 0.0000000000
56725  37.405  -34.740  45.609 0.0000000000
57993  38.980  -33.493  45.511 0.0000000000
57971  39.643  -33.601  46.713 0.0000000000
58016  39.287  -32.766  45.213 0.0000000000
83402  53.052  -11.555  23.586 0.0000000000
83397  48.981  -11.480  24.867 0.0000000000
82400  50.379  -12.404  24.367 0.0000000000
80379  49.608  -14.562  24.296 0.0000000000
81431  49.925  -13.424  24.271 0.0000000000
81430  50.784  -13.193  24.049 0.0000000000
82408  51.590  -12.944  23.898 0.0000000000
80388  52.492  -14.380  23.376 0.0000000000
78167  43.197  -16.897  28.736 0.0000000000
56775  34.557  -34.301  43.638 0.0000000000
56774  35.416  -34.421  43.527 0.0000000000
78168  42.428  -16.487  28.755 0.0000000000
78185  42.661  -15.736  28.365 0.0000000000
67620  34.740  -25.893  35.126 0.0000000000
67598  35.125  -26.667  35.799 0.0000000000
67597  35.608  -26.836  35.780 0.0000000000
52905  14.372  -37.725  53.818 0.0000000000
59197  30.170  -31.543  45.830 0.0000000000
60380  29.527  -30.877  45.734 0.0000000000
54153  23.387  -37.446  51.793 0.0000000000
52948  23.984  -37.792  51.956 0.0000000000
67455  31.895  -25.664  45.395 0.0000000000
55413  20.431  -35.306  48.264 0.0000000000
56688  20.636  -33.859  47.558 0.0000000000
56687  21.129  -34.196  47.304 0.0000000000
56662  20.900  -34.762  47.632 0.0000000000
62792  35.344  -29.964  43.987 0.0000000000
58040  38.137  -32.751  43.405 0.0000000000
59233  38.814  -32.100  43.850 0.0000000000
82378  44.994  -11.783  27.375 0.0000000000
82387  45.361  -12.341  26.380 0.0000000000
81416  44.751  -13.574  26.422 0.0000000000
77138  46.446  -16.893  27.512 0.0000000000
47992  9.966  -42.313  60.855 0.0000000000
78158  39.057  -16.248  30.469 0.0000000000
77106  39.164  -17.251  30.050 0.0000000000
73709  38.172  -20.714  31.956 0.0000000000
73708  38.654  -20.794  31.894 0.0000000000
72458  38.781  -21.264  32.150 0.0000000000
72423  34.625  -20.906  34.508 0.0000000000
73685  34.975  -20.339  34.034 0.0000000000
68825  38.393  -24.974  34.181 0.0000000000
68824  39.407  -24.953  34.413 0.0000000000
54252  33.837  -36.824  47.467 0.0000000000
54232  34.310  -36.942  48.468 0.0000000000
78148  39.133  -16.142  31.441 0.0000000000
79238  39.395  -15.734  31.051 0.0000000000
78171  39.772  -15.683  29.968 0.0000000000
52950  19.292  -38.620  51.760 0.0000000000
52949  20.314  -38.163  52.224 0.0000000000
51631  13.795  -39.594  56.928 0.0000000000
50405  13.337  -39.786  57.247 0.0000000000
51608  8.289  -38.670  57.224 0.0000000000
51634  8.674  -38.617  56.783 0.0000000000
50427  8.552  -39.028  56.903 0.0000000000
49195  8.886  -40.298  57.136 0.0000000000
50335  6.669  -39.168  60.785 0.0000000000
50316  6.537  -39.209  62.022 0.0000000000
56706  32.331  -33.682  45.952 0.0000000000
56728  32.493  -34.172  45.354 0.0000000000
55492  32.111  -35.363  44.714 0.0000000000
55407  29.392  -35.934  48.275 0.0000000000
55451  25.221  -36.119  45.560 0.0000000000
55473  25.661  -35.105  45.245 0.0000000000
68719  30.849  -24.600  40.629 0.0000000000
67522  30.567  -25.490  40.138 0.0000000000
67539  30.726  -26.009  39.250 0.0000000000
62828  33.317  -29.866  42.283 0.0000000000
62829  32.372  -29.674  42.179 0.0000000000
67499  35.981  -26.695  41.224 0.0000000000
67500  35.565  -26.846  40.880 0.0000000000
66361  35.415  -27.162  40.314 0.0000000000
84473  51.566  -10.540  24.155 0.0000000000
83394  51.661  -11.484  24.081 0.0000000000
82399  51.177  -12.271  24.092 0.0000000000
80381  48.036  -14.599  24.890 0.0000000000
59122  20.824  -31.955  49.037 0.0000000000
59123  19.843  -32.215  48.946 0.0000000000
59102  20.112  -31.861  49.439 0.0000000000
59149  21.210  -32.419  48.029 0.0000000000
76089  45.136  -17.913  28.465 0.0000000000
76088  45.909  -18.241  28.347 0.0000000000
56790  36.269  -33.911  42.514 0.0000000000
56772  37.433  -33.833  43.421 0.0000000000
80327  41.824  -13.758  29.549 0.0000000000
79269  43.061  -15.173  27.874 0.0000000000
80338  42.648  -13.969  28.085 0.0000000000
80349  43.337  -14.354  27.552 0.0000000000
45565  7.971  -43.880  60.882 0.0000000000
77081  38.188  -17.039  32.148 0.0000000000
77097  37.973  -17.256  31.181 0.0000000000
74917  37.085  -19.335  31.757 0.0000000000
74900  36.681  -19.525  32.186 0.0000000000
69959  34.151  -23.296  34.500 0.0000000000
69974  34.586  -23.260  34.020 0.0000000000
67632  36.732  -25.726  34.511 0.0000000000
67631  37.824  -25.660  34.580 0.0000000000
66460  37.924  -26.466  35.799 0.0000000000
66421  38.138  -26.776  37.120 0.0000000000
66397  38.239  -26.883  38.120 0.0000000000
78130  39.070  -16.675  32.215 0.0000000000
52953  16.686  -37.060  52.412 0.0000000000
52926  17.548  -38.400  52.607 0.0000000000
52927  16.552  -37.732  52.781 0.0000000000
51697  15.888  -38.939  53.594 0.0000000000
51676  16.392  -39.276  54.249 0.0000000000
51652  16.917  -39.435  54.979 0.0000000000
51653  16.294  -39.373  55.095 0.0000000000
51654  15.545  -39.316  55.226 0.0000000000
51679  13.876  -38.804  54.402 0.0000000000
51680  12.926  -38.590  54.513 0.0000000000
52805  8.786  -36.604  59.199 0.0000000000
51554  8.349  -37.366  59.300 0.0000000000
57979  31.364  -32.533  46.468 0.0000000000
57978  31.663  -33.250  45.947 0.0000000000
56731  29.702  -34.210  44.879 0.0000000000
56708  29.006  -34.752  45.593 0.0000000000
56709  28.362  -34.654  45.558 0.0000000000
54240  23.893  -37.771  48.128 0.0000000000
68710  30.907  -24.852  41.836 0.0000000000
67479  30.679  -25.899  42.401 0.0000000000
64002  37.136  -28.771  41.557 0.0000000000
64003  36.666  -28.266  41.648 0.0000000000
65195  37.675  -28.286  42.119 0.0000000000
66314  38.338  -26.865  43.443 0.0000000000
65181  37.180  -27.284  42.435 0.0000000000
66315  37.718  -26.683  43.047 0.0000000000
45525  5.166  -43.543  62.871 0.0000000000
71180  33.685  -21.896  35.513 0.0000000000
71163  33.310  -22.074  36.145 0.0000000000
69948  32.599  -23.786  35.810 0.0000000000
68815  32.914  -24.276  35.522 0.0000000000
68791  32.553  -24.548  36.022 0.0000000000
54223  22.085  -36.719  49.640 0.0000000000
55379  20.178  -36.671  49.468 0.0000000000
54203  18.873  -36.845  50.004 0.0000000000
57898  18.770  -33.687  49.220 0.0000000000
57872  18.201  -33.551  49.931 0.0000000000
55366  17.650  -35.681  50.700 0.0000000000
54158  16.930  -36.365  51.712 0.0000000000
55367  16.944  -35.567  51.367 0.0000000000
56582  15.917  -34.497  52.354 0.0000000000
56583  15.615  -35.019  52.761 0.0000000000
55344  15.369  -35.529  53.054 0.0000000000
56559  15.447  -34.479  53.059 0.0000000000
61553  27.694  -30.272  45.954 0.0000000000
60382  26.908  -30.256  46.738 0.0000000000
59199  25.279  -31.896  46.278 0.0000000000
58003  24.900  -33.389  45.193 0.0000000000
58004  24.425  -33.491  45.682 0.0000000000
55454  22.429  -34.492  46.399 0.0000000000
56714  22.851  -33.912  46.295 0.0000000000
55453  23.136  -34.883  46.099 0.0000000000
55432  23.108  -36.026  46.594 0.0000000000
55394  22.071  -36.552  49.097 0.0000000000
65164  32.501  -27.665  45.543 0.0000000000
63953  33.047  -28.270  45.664 0.0000000000
62809  34.413  -30.157  43.284 0.0000000000
62794  33.583  -29.924  44.279 0.0000000000
60439  37.426  -31.331  41.822 0.0000000000
60455  36.010  -31.096  41.435 0.0000000000
61606  36.400  -30.449  41.128 0.0000000000
62840  36.884  -29.689  41.179 0.0000000000
61593  37.978  -30.395  41.956 0.0000000000
60425  39.470  -30.920  44.036 0.0000000000
82363  44.635  -12.272  29.877 0.0000000000
83386  46.886  -10.846  26.592 0.0000000000
82394  45.946  -12.939  25.572 0.0000000000
80371  46.547  -14.418  25.525 0.0000000000
79296  44.917  -15.295  26.821 0.0000000000
79295  45.388  -15.235  26.603 0.0000000000
79294  46.124  -15.299  26.371 0.0000000000
79293  47.108  -15.538  26.130 0.0000000000
80360  46.853  -14.895  25.684 0.0000000000
76055  40.202  -18.459  29.988 0.0000000000
74953  40.841  -18.885  29.969 0.0000000000
73745  40.448  -19.794  30.707 0.0000000000
76058  37.875  -18.746  30.862 0.0000000000
74934  38.395  -19.087  30.725 0.0000000000
73724  40.714  -20.514  31.187 0.0000000000
72456  40.557  -21.499  32.228 0.0000000000
71202  41.104  -22.400  33.224 0.0000000000
74873  37.200  -18.646  34.425 0.0000000000
74893  35.779  -19.608  33.074 0.0000000000
69972  35.664  -23.362  33.322 0.0000000000
71208  35.263  -22.421  33.300 0.0000000000
69971  36.536  -23.509  33.252 0.0000000000
71205  37.955  -22.779  33.054 0.0000000000
71221  37.381  -22.099  32.668 0.0000000000
71204  38.982  -22.725  33.118 0.0000000000
54282  34.890  -36.152  45.665 0.0000000000
81392  41.814  -13.654  30.472 0.0000000000
78170  40.443  -15.879  29.458 0.0000000000
78169  41.409  -16.068  29.035 0.0000000000
54178  21.594  -37.015  51.472 0.0000000000
54156  21.530  -37.079  52.614 0.0000000000
51694  18.395  -38.971  53.202 0.0000000000
51603  15.440  -39.156  57.437 0.0000000000
56535  14.556  -33.726  54.250 0.0000000000
55314  12.564  -33.990  55.714 0.0000000000
54098  12.824  -35.750  54.621 0.0000000000
52883  11.421  -37.568  54.969 0.0000000000
52863  9.526  -37.149  56.244 0.0000000000
50425  9.755  -39.268  56.031 0.0000000000
50438  10.028  -38.752  55.599 0.0000000000
50437  10.531  -39.078  55.483 0.0000000000
50436  11.488  -39.349  55.542 0.0000000000
49193  10.433  -40.632  57.654 0.0000000000
49181  11.470  -40.798  58.702 0.0000000000
48014  8.997  -41.284  58.429 0.0000000000
48004  9.369  -41.961  59.298 0.0000000000
51556  7.429  -39.231  58.666 0.0000000000
50391  7.412  -39.851  58.368 0.0000000000
50376  7.080  -39.850  58.978 0.0000000000
46819  7.447  -42.065  59.392 0.0000000000
46797  8.142  -43.236  60.209 0.0000000000
47979  6.282  -41.811  61.213 0.0000000000
46799  6.466  -42.469  60.763 0.0000000000
50292  6.554  -39.064  63.018 0.0000000000
49116  6.039  -40.415  62.967 0.0000000000
47948  5.620  -41.479  62.911 0.0000000000
46758  5.279  -42.106  62.922 0.0000000000
58019  34.874  -33.265  44.127 0.0000000000
58021  33.970  -34.028  45.114 0.0000000000
56751  34.017  -34.363  43.865 0.0000000000
55470  30.814  -35.591  44.947 0.0000000000
54254  31.810  -36.851  47.349 0.0000000000
54235  31.251  -36.923  48.365 0.0000000000
59218  27.165  -31.798  44.704 0.0000000000
59217  28.300  -32.041  44.706 0.0000000000
56711  26.936  -35.134  45.763 0.0000000000
56685  27.999  -35.288  46.664 0.0000000000
55428  27.594  -35.687  46.941 0.0000000000
53012  26.143  -37.855  48.803 0.0000000000
54238  26.529  -37.560  48.081 0.0000000000
52999  27.866  -37.428  49.882 0.0000000000
54219  27.587  -37.127  49.114 0.0000000000
54218  28.116  -36.850  49.401 0.0000000000
55393  28.345  -36.334  48.668 0.0000000000
68750  31.598  -24.403  37.789 0.0000000000
67575  31.766  -25.463  37.338 0.0000000000
66449  33.064  -26.597  36.934 0.0000000000
65165  31.940  -27.843  44.910 0.0000000000
66302  31.517  -27.091  44.515 0.0000000000
65166  31.251  -27.869  44.289 0.0000000000
64004  30.678  -28.534  41.710 0.0000000000
65200  30.554  -27.746  42.531 0.0000000000
64005  30.509  -27.971  41.433 0.0000000000
66347  30.437  -26.951  41.586 0.0000000000
64024  30.643  -28.148  40.998 0.0000000000
65215  35.228  -28.027  41.311 0.0000000000
65229  33.134  -28.261  39.567 0.0000000000
64037  32.526  -28.636  40.036 0.0000000000
65230  32.453  -28.477  39.512 0.0000000000
64054  31.468  -28.284  39.481 0.0000000000
65244  32.038  -28.144  39.044 0.0000000000
65257  32.036  -27.529  38.528 0.0000000000
66401  34.061  -27.681  38.159 0.0000000000
66425  34.393  -27.307  37.390 0.0000000000
66424  35.407  -27.321  37.355 0.0000000000
66399  36.048  -27.166  38.293 0.0000000000
66378  37.708  -26.734  39.186 0.0000000000
55467  36.031  -35.143  45.453 0.0000000000
55466  36.729  -35.138  45.834 0.0000000000
56703  37.717  -34.908  46.382 0.0000000000
56724  38.353  -34.150  45.472 0.0000000000
57972  38.912  -34.004  46.036 0.0000000000
57992  39.512  -32.933  45.875 0.0000000000
59211  39.765  -32.139  45.659 0.0000000000
83403  52.337  -11.550  23.874 0.0000000000
81436  52.822  -13.311  23.327 0.0000000000
83391  47.397  -11.145  25.495 0.0000000000
83396  50.018  -11.491  24.651 0.0000000000
80378  50.474  -14.232  23.993 0.0000000000
81438  51.259  -13.891  23.813 0.0000000000
77133  43.825  -16.828  28.450 0.0000000000
77115  44.494  -18.002  28.782 0.0000000000
58060  35.318  -33.439  42.804 0.0000000000
56749  36.376  -34.694  44.524 0.0000000000
79271  41.699  -15.083  28.809 0.0000000000
79268  43.736  -15.641  27.692 0.0000000000
45543  7.428  -44.213  61.394 0.0000000000
77071  37.656  -17.485  32.500 0.0000000000
76017  37.536  -17.916  33.200 0.0000000000
76018  36.737  -18.411  33.080 0.0000000000
67634  34.776  -25.137  34.516 0.0000000000
66461  36.997  -26.747  35.853 0.0000000000
66462  36.374  -26.927  35.980 0.0000000000
66445  36.742  -26.958  36.555 0.0000000000
54134  15.864  -36.586  52.904 0.0000000000
52928  15.505  -37.855  53.428 0.0000000000
52904  15.047  -38.429  53.820 0.0000000000
52787  8.521  -36.499  59.947 0.0000000000
59215  30.162  -32.347  45.244 0.0000000000
58000  28.594  -33.131  44.702 0.0000000000
54197  23.962  -37.862  50.238 0.0000000000
67466  31.187  -25.698  43.535 0.0000000000
65179  39.103  -28.336  43.174 0.0000000000
71142  33.240  -21.862  36.771 0.0000000000
55396  20.561  -35.902  48.871 0.0000000000
55397  19.708  -35.730  49.045 0.0000000000
57847  17.547  -33.341  50.896 0.0000000000
56604  16.479  -34.515  51.603 0.0000000000
57950  24.671  -32.217  46.949 0.0000000000
57953  22.561  -33.052  47.602 0.0000000000
57983  22.840  -33.362  46.915 0.0000000000
62780  34.271  -29.499  45.051 0.0000000000
62793  34.528  -29.918  44.334 0.0000000000
61581  35.028  -30.308  42.895 0.0000000000
59264  37.107  -32.370  42.157 0.0000000000
59263  37.786  -31.848  42.448 0.0000000000
60438  38.373  -31.082  42.535 0.0000000000
60426  38.998  -31.196  43.461 0.0000000000
60410  39.589  -31.082  44.587 0.0000000000
82380  43.759  -12.490  28.427 0.0000000000
82369  45.073  -11.751  28.426 0.0000000000
83387  46.189  -11.499  26.814 0.0000000000
78194  45.477  -16.179  27.289 0.0000000000
79277  45.792  -15.768  26.841 0.0000000000
78193  46.168  -16.304  27.114 0.0000000000
78192  47.096  -16.364  26.996 0.0000000000
78191  48.255  -16.702  27.335 0.0000000000
76077  39.985  -17.441  29.766 0.0000000000
74915  38.202  -19.657  31.120 0.0000000000
73726  38.722  -20.374  31.538 0.0000000000
72471  39.336  -20.855  31.784 0.0000000000
72457  39.737  -21.360  32.269 0.0000000000
71203  39.964  -22.548  33.215 0.0000000000
74858  35.606  -19.421  34.581 0.0000000000
74875  35.430  -19.697  33.844 0.0000000000
68839  36.952  -24.219  33.648 0.0000000000
68838  37.953  -24.245  33.752 0.0000000000
54269  34.352  -36.503  46.486 0.0000000000
79223  40.036  -15.867  32.314 0.0000000000
79237  40.057  -15.373  31.613 0.0000000000
80312  40.677  -14.773  31.705 0.0000000000
79247  40.201  -14.992  30.687 0.0000000000
79258  40.004  -15.295  30.282 0.0000000000
52971  20.443  -37.802  51.347 0.0000000000
55315  11.995  -34.507  56.191 0.0000000000
52843  8.865  -37.244  57.271 0.0000000000
52864  8.966  -37.608  56.661 0.0000000000
51633  9.132  -38.280  56.384 0.0000000000
50356  6.804  -39.784  59.796 0.0000000000
47978  6.442  -41.137  60.784 0.0000000000
54287  30.305  -35.811  45.694 0.0000000000
55447  29.823  -35.669  46.186 0.0000000000
55406  30.300  -36.371  48.510 0.0000000000
56757  26.031  -33.763  44.575 0.0000000000
58002  26.735  -33.418  44.676 0.0000000000
55450  26.364  -35.609  45.788 0.0000000000
55429  26.790  -36.278  46.741 0.0000000000
52985  26.884  -38.063  50.349 0.0000000000
53011  26.915  -37.575  48.881 0.0000000000
52984  27.622  -37.782  50.248 0.0000000000
74930  41.883  -19.592  30.224 0.0000000000
74929  42.838  -19.766  30.140 0.0000000000
68718  31.224  -23.618  39.908 0.0000000000
68733  31.273  -23.765  38.728 0.0000000000
68751  31.195  -24.552  38.486 0.0000000000
67576  31.606  -26.226  37.768 0.0000000000
62796  31.899  -29.396  43.735 0.0000000000
63972  31.283  -28.727  43.692 0.0000000000
62812  31.654  -29.388  42.952 0.0000000000
62830  31.395  -29.373  42.020 0.0000000000
62845  32.287  -29.306  41.375 0.0000000000
65199  35.292  -27.341  41.129 0.0000000000
65216  34.629  -27.742  41.057 0.0000000000
66346  34.729  -27.577  40.536 0.0000000000
66382  33.712  -28.143  38.852 0.0000000000
66380  35.703  -27.157  39.237 0.0000000000
55423  36.671  -35.772  47.222 0.0000000000
55444  37.197  -35.290  46.479 0.0000000000
55422  37.533  -35.515  47.322 0.0000000000
55421  38.259  -35.131  47.479 0.0000000000
56678  38.933  -34.678  47.541 0.0000000000
83398  48.056  -11.592  24.804 0.0000000000
81432  49.000  -13.650  24.535 0.0000000000
79327  51.062  -15.285  24.158 0.0000000000
79326  51.464  -15.280  23.947 0.0000000000
57925  20.375  -33.414  47.742 0.0000000000
56664  19.657  -34.033  48.348 0.0000000000
59151  19.622  -32.870  48.574 0.0000000000
59124  19.129  -32.789  49.167 0.0000000000
59173  21.110  -32.871  47.596 0.0000000000
58059  35.999  -33.404  42.205 0.0000000000
58058  36.644  -33.096  42.241 0.0000000000
58041  37.322  -33.299  42.812 0.0000000000
81390  43.146  -12.712  29.702 0.0000000000
81398  43.069  -12.843  28.629 0.0000000000
81406  44.131  -13.156  27.075 0.0000000000
78195  44.882  -16.035  27.438 0.0000000000
78149  38.609  -16.602  30.968 0.0000000000
77107  38.557  -16.961  30.559 0.0000000000
76044  37.875  -17.749  30.917 0.0000000000
76045  37.575  -18.081  31.297 0.0000000000
77082  37.615  -17.516  31.794 0.0000000000
74916  37.531  -19.232  31.333 0.0000000000
72443  34.753  -22.064  33.736 0.0000000000
71209  34.556  -22.642  33.973 0.0000000000
68841  35.300  -23.850  33.667 0.0000000000
68828  35.269  -24.562  34.043 0.0000000000
67630  38.780  -25.589  34.707 0.0000000000
66459  38.820  -26.338  35.721 0.0000000000
66442  39.545  -26.408  36.270 0.0000000000
52998  33.548  -37.470  49.651 0.0000000000
52951  18.182  -38.338  51.996 0.0000000000
52925  18.079  -38.682  52.579 0.0000000000
51581  7.862  -39.008  57.959 0.0000000000
51529  7.647  -38.009  60.001 0.0000000000
51528  7.969  -37.133  60.442 0.0000000000
51513  7.153  -38.448  60.517 0.0000000000
56707  31.942  -33.555  45.829 0.0000000000
56729  31.669  -33.887  45.213 0.0000000000
56755  31.203  -34.528  44.682 0.0000000000
56683  29.008  -34.994  46.279 0.0000000000
54274  25.290  -37.027  46.195 0.0000000000
54239  25.295  -37.799  48.213 0.0000000000
53002  25.513  -38.067  49.389 0.0000000000
52987  24.903  -38.135  50.264 0.0000000000
52986  25.886  -38.268  50.336 0.0000000000
73707  43.102  -21.328  31.924 0.0000000000
67501  30.613  -25.527  41.180 0.0000000000
64019  35.061  -28.727  41.372 0.0000000000
65214  35.649  -28.229  41.344 0.0000000000
65197  36.278  -27.660  41.727 0.0000000000
66329  36.011  -27.014  41.667 0.0000000000
67476  36.571  -26.529  41.924 0.0000000000
84474  50.642  -10.508  24.563 0.0000000000
79308  48.397  -15.573  25.429 0.0000000000
73677  35.760  -19.545  35.390 0.0000000000
72410  34.595  -20.600  35.364 0.0000000000
72411  34.202  -21.416  35.004 0.0000000000
69960  33.613  -23.354  34.867 0.0000000000
71181  33.233  -22.615  35.639 0.0000000000
68830  33.690  -23.815  34.772 0.0000000000
68814  33.493  -24.527  35.062 0.0000000000
67621  33.683  -25.474  35.437 0.0000000000
54176  22.983  -37.318  51.171 0.0000000000
54177  22.363  -37.025  51.282 0.0000000000
54201  20.817  -37.243  50.508 0.0000000000
52988  20.656  -37.537  51.080 0.0000000000
52989  20.330  -37.661  50.756 0.0000000000
56643  19.353  -34.613  48.778 0.0000000000
55398  18.998  -35.449  49.306 0.0000000000
54181  18.143  -36.909  50.521 0.0000000000
52974  17.779  -37.525  51.241 0.0000000000
54159  16.599  -36.455  52.174 0.0000000000
55368  16.480  -35.305  51.747 0.0000000000
55358  16.240  -35.562  52.146 0.0000000000
54160  16.192  -36.195  52.500 0.0000000000
55345  14.888  -35.617  53.483 0.0000000000
60381  28.790  -30.692  45.575 0.0000000000
61538  28.333  -30.227  46.086 0.0000000000
61552  27.804  -30.491  45.694 0.0000000000
59237  26.407  -32.313  44.692 0.0000000000
60383  26.388  -30.716  46.192 0.0000000000
59219  26.102  -31.503  45.443 0.0000000000
59238  25.816  -32.529  44.783 0.0000000000
58024  25.550  -33.182  44.743 0.0000000000
55474  24.718  -35.104  45.237 0.0000000000
57981  24.160  -33.203  46.363 0.0000000000
56712  24.122  -33.873  45.835 0.0000000000
56737  23.949  -34.316  45.718 0.0000000000
55475  23.908  -34.839  45.525 0.0000000000
55431  23.820  -36.696  46.417 0.0000000000
54259  23.394  -36.994  47.218 0.0000000000
54241  22.972  -37.015  48.266 0.0000000000
54198  23.127  -37.490  50.267 0.0000000000
62795  32.599  -29.690  44.102 0.0000000000
62842  35.129  -29.615  41.517 0.0000000000
61580  35.442  -30.631  43.149 0.0000000000
61594  35.179  -30.697  42.197 0.0000000000
60456  35.585  -30.949  41.739 0.0000000000
62826  34.930  -30.268  41.924 0.0000000000
64017  36.547  -29.203  41.207 0.0000000000
61592  38.553  -30.209  42.491 0.0000000000
62807  38.832  -29.589  42.852 0.0000000000
63986  38.686  -28.808  42.665 0.0000000000
84470  47.581  -10.391  26.392 0.0000000000
80370  47.422  -14.674  25.217 0.0000000000
80372  46.124  -14.433  25.759 0.0000000000
74952  41.471  -18.884  29.912 0.0000000000
73723  41.620  -20.716  31.216 0.0000000000
73746  39.707  -19.539  30.693 0.0000000000
72468  41.811  -21.158  31.796 0.0000000000
72441  42.007  -21.928  32.859 0.0000000000
71217  40.813  -21.856  32.652 0.0000000000
74892  36.290  -19.074  32.851 0.0000000000
74901  36.186  -19.640  32.630 0.0000000000
71223  35.831  -22.248  32.850 0.0000000000
71222  36.446  -22.166  32.698 0.0000000000
69956  40.972  -23.661  33.954 0.0000000000
55489  35.062  -35.277  44.214 0.0000000000
54268  35.284  -36.311  46.664 0.0000000000
55424  35.929  -35.889  46.785 0.0000000000
80340  41.470  -14.424  29.177 0.0000000000
51709  18.895  -38.938  52.506 0.0000000000
56534  15.158  -33.879  53.736 0.0000000000
55332  14.559  -34.866  53.927 0.0000000000
50435  12.415  -39.544  55.723 0.0000000000
54075  10.529  -35.393  57.212 0.0000000000
52884  10.468  -37.352  55.475 0.0000000000
52885  9.954  -37.735  55.676 0.0000000000
51658  11.007  -38.430  55.132 0.0000000000
50389  11.999  -40.502  58.199 0.0000000000
49171  10.219  -41.251  58.926 0.0000000000
46796  9.100  -42.866  60.377 0.0000000000
50390  7.774  -39.934  57.846 0.0000000000
48016  7.760  -41.463  58.554 0.0000000000
48005  8.039  -41.949  58.870 0.0000000000
49115  6.170  -39.527  63.337 0.0000000000
47964  5.918  -41.576  62.159 0.0000000000
65149  33.678  -27.803  46.740 0.0000000000
55510  34.289  -34.724  43.860 0.0000000000
54253  32.833  -36.959  47.390 0.0000000000
55493  31.167  -35.276  44.646 0.0000000000
54300  31.122  -35.704  44.957 0.0000000000
60395  28.860  -31.286  45.151 0.0000000000
56733  27.926  -34.065  45.144 0.0000000000
53010  27.341  -37.284  48.998 0.0000000000
54237  27.489  -36.970  48.440 0.0000000000
55410  27.408  -36.421  47.499 0.0000000000
55409  28.043  -36.225  47.918 0.0000000000
55408  28.654  -35.937  48.069 0.0000000000
73758  43.653  -19.923  29.864 0.0000000000
73757  44.456  -20.375  29.873 0.0000000000
72467  43.640  -21.386  32.054 0.0000000000
69894  32.620  -22.022  38.489 0.0000000000
69910  32.042  -23.417  37.053 0.0000000000
66317  31.450  -26.369  44.331 0.0000000000
67467  30.936  -26.314  43.180 0.0000000000
65183  30.826  -27.795  43.425 0.0000000000
66331  30.648  -26.885  42.989 0.0000000000
67480  30.470  -26.496  41.934 0.0000000000
67523  30.436  -26.179  40.570 0.0000000000
64022  32.022  -29.023  40.667 0.0000000000
64036  33.157  -28.285  40.242 0.0000000000
64023  31.174  -28.672  40.848 0.0000000000
65231  30.936  -28.087  39.838 0.0000000000
65246  30.715  -27.552  39.810 0.0000000000
66384  30.519  -26.854  39.864 0.0000000000
66383  30.829  -26.808  39.151 0.0000000000
66404  31.342  -26.803  38.445 0.0000000000
66428  31.841  -26.694  37.902 0.0000000000
66402  32.965  -27.519  38.093 0.0000000000
66448  33.713  -26.764  36.700 0.0000000000
66423  36.406  -27.185  37.353 0.0000000000
55488  35.622  -35.059  44.712 0.0000000000
56748  37.746  -34.146  44.307 0.0000000000
56747  38.493  -33.793  44.885 0.0000000000
56701  39.165  -34.291  47.079 0.0000000000
59232  39.321  -31.998  44.730 0.0000000000
84476  48.927  -10.615  25.257 0.0000000000
80380  48.644  -14.842  24.729 0.0000000000
81437  52.056  -13.607  23.650 0.0000000000
80389  51.733  -14.574  23.697 0.0000000000
50426  8.930  -39.151  56.600 0.0000000000
54089  10.048  -36.541  56.208 0.0000000000
55476  23.619  -34.517  45.796 0.0000000000
56558  15.691  -33.952  52.844 0.0000000000
56756  26.425  -33.679  44.643 0.0000000000
57924  21.707  -32.554  48.031 0.0000000000
57926  19.840  -33.470  48.157 0.0000000000
57955  20.906  -33.359  47.485 0.0000000000
58023  26.241  -33.097  44.536 0.0000000000
59148  21.701  -32.428  48.285 0.0000000000
59174  20.731  -32.861  47.703 0.0000000000
59239  25.528  -32.748  44.841 0.0000000000
60397  27.073  -30.632  45.672 0.0000000000
60454  36.722  -31.075  41.347 0.0000000000
61537  29.033  -30.400  45.988 0.0000000000
61539  27.589  -30.138  46.508 0.0000000000
62824  38.358  -29.561  42.228 0.0000000000
64039  30.883  -28.323  40.405 0.0000000000
64053  31.994  -28.596  39.538 0.0000000000
65201  30.447  -27.614  41.798 0.0000000000
65218  30.477  -27.539  41.188 0.0000000000
65232  30.596  -27.643  40.416 0.0000000000
65256  32.465  -27.529  38.346 0.0000000000
65258  31.590  -27.524  38.759 0.0000000000
66328  36.483  -26.909  42.186 0.0000000000
66330  35.595  -27.136  41.292 0.0000000000
66345  35.305  -27.084  41.021 0.0000000000
67477  36.117  -26.789  41.525 0.0000000000
67521  35.729  -26.750  40.841 0.0000000000
68693  30.933  -25.114  42.493 0.0000000000
69957  40.230  -24.065  33.948 0.0000000000
72466  44.022  -21.357  32.173 0.0000000000
73665  35.887  -19.893  36.101 0.0000000000
73706  43.407  -21.381  31.995 0.0000000000
73728  37.250  -19.741  31.775 0.0000000000
74859  35.232  -19.860  34.348 0.0000000000
