#!ascii label  , from subject sub.01.dh.02 vox2ras=TkReg
1601
72383  54.273  -20.835  36.755 0.0000000000
49219  41.483  -39.484  52.565 0.0000000000
46866  27.508  -41.868  56.817 0.0000000000
49164  22.629  -40.728  59.611 0.0000000000
44317  37.972  -44.117  60.626 0.0000000000
44515  32.150  -43.449  49.825 0.0000000000
67550  47.909  -25.162  38.386 0.0000000000
74908  52.537  -19.335  31.783 0.0000000000
66264  48.020  -25.777  47.318 0.0000000000
57991  41.861  -34.344  45.343 0.0000000000
50591  33.589  -38.509  42.612 0.0000000000
45533  29.388  -42.725  61.443 0.0000000000
46832  25.341  -42.242  58.714 0.0000000000
46752  25.734  -42.169  62.839 0.0000000000
45612  33.111  -42.843  58.238 0.0000000000
71006  50.891  -22.410  46.409 0.0000000000
50393  44.667  -38.747  57.372 0.0000000000
54120  46.505  -36.405  53.304 0.0000000000
59094  45.551  -32.816  50.362 0.0000000000
51741  42.717  -38.409  48.337 0.0000000000
51807  38.704  -38.003  43.756 0.0000000000
50497  38.681  -38.698  48.256 0.0000000000
48119  27.568  -40.806  48.298 0.0000000000
45823  28.323  -42.445  44.359 0.0000000000
74846  55.702  -18.893  35.493 0.0000000000
71198  56.079  -22.215  33.472 0.0000000000
48080  24.862  -40.710  51.253 0.0000000000
46962  21.680  -42.408  52.744 0.0000000000
45628  40.802  -42.364  57.156 0.0000000000
49223  36.838  -40.657  52.378 0.0000000000
44433  35.004  -43.530  55.594 0.0000000000
46934  31.294  -42.347  53.394 0.0000000000
69903  50.106  -23.030  37.576 0.0000000000
51432  23.370  -38.452  65.408 0.0000000000
50310  19.725  -39.063  62.411 0.0000000000
77019  53.936  -17.508  38.108 0.0000000000
73609  54.090  -20.473  40.701 0.0000000000
69855  51.377  -23.144  42.132 0.0000000000
67462  48.063  -25.007  43.295 0.0000000000
65177  45.343  -27.553  43.299 0.0000000000
65080  49.076  -27.373  51.690 0.0000000000
62761  44.797  -29.555  46.732 0.0000000000
60436  41.022  -31.525  42.756 0.0000000000
56823  38.338  -34.442  40.282 0.0000000000
49278  32.671  -40.732  46.888 0.0000000000
47938  29.857  -41.405  63.099 0.0000000000
45515  27.120  -42.685  62.164 0.0000000000
49107  27.813  -40.785  62.530 0.0000000000
45513  31.509  -42.599  62.124 0.0000000000
49202  44.061  -40.141  55.390 0.0000000000
51684  44.956  -38.692  53.395 0.0000000000
52978  44.864  -37.339  50.792 0.0000000000
50472  42.497  -38.999  50.578 0.0000000000
50495  40.824  -38.590  48.304 0.0000000000
50475  39.672  -38.977  50.220 0.0000000000
48121  25.063  -41.005  47.877 0.0000000000
47027  25.715  -42.491  46.051 0.0000000000
74838  55.707  -19.073  36.534 0.0000000000
73669  57.480  -20.295  35.199 0.0000000000
72402  55.181  -21.438  35.772 0.0000000000
46939  26.037  -41.299  53.931 0.0000000000
46960  23.783  -41.122  52.757 0.0000000000
46920  24.101  -41.577  54.815 0.0000000000
46814  23.702  -42.408  59.157 0.0000000000
45637  22.286  -42.353  56.378 0.0000000000
46873  21.556  -41.964  56.338 0.0000000000
49191  19.970  -41.108  57.631 0.0000000000
46803  42.133  -41.749  59.086 0.0000000000
43226  39.634  -43.614  58.542 0.0000000000
45632  37.890  -43.083  56.805 0.0000000000
44391  36.746  -44.049  57.990 0.0000000000
46844  30.047  -42.349  57.656 0.0000000000
46887  32.361  -42.570  55.747 0.0000000000
46915  29.685  -41.569  54.729 0.0000000000
48064  27.554  -41.093  52.605 0.0000000000
68743  49.063  -24.183  37.793 0.0000000000
68784  50.237  -24.493  36.009 0.0000000000
67591  48.520  -25.465  36.656 0.0000000000
50286  18.166  -38.954  63.191 0.0000000000
72303  53.148  -21.752  41.774 0.0000000000
72283  52.427  -21.558  43.492 0.0000000000
69785  49.636  -23.538  47.208 0.0000000000
69822  49.777  -23.647  44.722 0.0000000000
67439  48.104  -25.117  45.340 0.0000000000
66326  46.332  -26.365  42.870 0.0000000000
66280  46.706  -26.433  45.743 0.0000000000
57909  43.755  -33.769  48.412 0.0000000000
60338  45.109  -31.864  48.689 0.0000000000
60376  43.500  -31.825  46.578 0.0000000000
61575  42.738  -30.501  44.485 0.0000000000
59248  41.176  -32.734  43.847 0.0000000000
58073  40.230  -33.254  42.105 0.0000000000
56771  40.359  -34.573  43.286 0.0000000000
53092  37.036  -37.539  41.467 0.0000000000
46980  33.585  -41.970  50.896 0.0000000000
49249  34.893  -40.311  49.452 0.0000000000
47012  32.655  -42.192  48.562 0.0000000000
48174  28.418  -41.627  43.126 0.0000000000
74941  55.594  -19.320  29.523 0.0000000000
72485  53.667  -21.050  30.831 0.0000000000
46810  28.757  -42.415  59.571 0.0000000000
46848  25.938  -41.848  57.944 0.0000000000
45579  27.007  -42.501  59.574 0.0000000000
45537  25.172  -43.021  61.358 0.0000000000
47971  24.023  -41.540  61.565 0.0000000000
45529  35.798  -43.303  61.704 0.0000000000
44359  35.676  -44.248  59.623 0.0000000000
44344  33.738  -43.337  61.052 0.0000000000
45575  31.584  -42.643  60.311 0.0000000000
72240  52.044  -21.292  45.798 0.0000000000
68616  49.296  -24.387  48.861 0.0000000000
55362  46.303  -34.898  52.195 0.0000000000
55385  44.196  -35.925  49.606 0.0000000000
54266  42.283  -36.556  46.792 0.0000000000
54296  40.893  -36.430  44.390 0.0000000000
51760  41.009  -38.311  46.115 0.0000000000
50538  39.019  -38.486  45.629 0.0000000000
50540  36.587  -38.719  45.433 0.0000000000
45774  30.205  -43.201  48.672 0.0000000000
45795  30.444  -43.600  46.717 0.0000000000
47024  28.315  -42.219  46.279 0.0000000000
74883  53.913  -19.934  33.935 0.0000000000
72450  53.954  -21.389  32.499 0.0000000000
74880  56.232  -20.112  33.716 0.0000000000
46896  23.104  -42.259  55.866 0.0000000000
48019  43.198  -41.377  57.682 0.0000000000
48044  41.528  -40.675  55.201 0.0000000000
49216  39.215  -40.502  53.530 0.0000000000
46909  38.712  -41.738  55.134 0.0000000000
45689  35.515  -42.175  54.417 0.0000000000
44469  33.639  -42.871  52.967 0.0000000000
44412  34.135  -43.759  56.270 0.0000000000
44435  32.712  -43.372  54.036 0.0000000000
45726  31.510  -43.129  51.616 0.0000000000
48091  29.025  -41.156  50.514 0.0000000000
48093  26.575  -40.604  50.089 0.0000000000
72359  52.174  -21.635  37.944 0.0000000000
72404  53.196  -22.210  35.700 0.0000000000
69939  51.179  -23.686  35.584 0.0000000000
47908  24.398  -40.178  64.416 0.0000000000
50307  23.113  -39.807  62.765 0.0000000000
51455  21.890  -38.359  64.482 0.0000000000
50351  21.028  -39.705  60.254 0.0000000000
74849  52.077  -18.845  35.486 0.0000000000
75974  54.212  -17.875  36.849 0.0000000000
74817  55.258  -18.622  37.860 0.0000000000
72357  53.626  -20.780  39.067 0.0000000000
72337  52.919  -21.507  39.742 0.0000000000
69877  51.295  -22.973  40.360 0.0000000000
68713  49.594  -24.278  40.073 0.0000000000
69831  51.255  -23.022  44.063 0.0000000000
68682  49.558  -24.670  42.389 0.0000000000
67488  48.369  -25.205  41.145 0.0000000000
66354  46.208  -26.224  41.021 0.0000000000
65211  44.329  -27.102  41.152 0.0000000000
66219  48.467  -26.690  49.673 0.0000000000
60310  46.754  -30.949  50.683 0.0000000000
62733  46.611  -29.007  48.943 0.0000000000
65113  46.747  -27.596  47.779 0.0000000000
63947  44.793  -28.688  45.733 0.0000000000
62821  42.819  -29.457  43.189 0.0000000000
54328  38.979  -36.354  42.350 0.0000000000
49238  37.398  -39.555  50.560 0.0000000000
49265  35.404  -39.574  47.501 0.0000000000
49312  33.594  -39.243  45.044 0.0000000000
48147  31.137  -41.826  45.906 0.0000000000
49333  31.040  -40.149  44.099 0.0000000000
47939  28.921  -41.396  62.867 0.0000000000
50277  28.932  -39.593  63.270 0.0000000000
49212  43.364  -39.591  53.911 0.0000000000
50447  44.775  -39.113  53.934 0.0000000000
50449  43.291  -39.319  53.316 0.0000000000
50461  43.570  -38.750  51.820 0.0000000000
50463  41.882  -39.142  51.316 0.0000000000
50473  41.528  -38.893  50.315 0.0000000000
50456  41.309  -39.309  51.983 0.0000000000
73656  55.109  -19.770  36.942 0.0000000000
72382  55.527  -20.478  36.111 0.0000000000
46918  26.474  -41.520  54.859 0.0000000000
46919  25.347  -41.553  54.797 0.0000000000
46893  25.899  -41.653  55.840 0.0000000000
48000  23.048  -41.629  59.559 0.0000000000
46851  22.419  -42.193  57.284 0.0000000000
48011  21.753  -41.146  57.966 0.0000000000
48022  20.507  -41.278  57.096 0.0000000000
49189  21.285  -40.880  57.977 0.0000000000
46775  37.759  -42.735  60.924 0.0000000000
46789  39.510  -42.565  60.343 0.0000000000
45546  40.427  -42.991  59.777 0.0000000000
44338  39.146  -43.824  59.394 0.0000000000
44371  38.569  -43.739  58.338 0.0000000000
44357  37.565  -44.294  59.305 0.0000000000
46865  28.521  -42.179  56.697 0.0000000000
46889  30.219  -41.909  55.663 0.0000000000
46890  29.093  -41.927  55.721 0.0000000000
46937  27.992  -41.283  54.013 0.0000000000
68744  48.456  -24.697  38.283 0.0000000000
68763  48.607  -24.698  37.301 0.0000000000
67569  48.143  -25.059  37.653 0.0000000000
74754  52.814  -20.218  43.347 0.0000000000
73562  52.821  -20.712  43.293 0.0000000000
73543  52.014  -20.901  44.372 0.0000000000
67426  48.763  -24.780  46.759 0.0000000000
68643  48.756  -24.574  46.292 0.0000000000
67427  48.259  -25.330  46.577 0.0000000000
66295  47.018  -25.917  45.299 0.0000000000
66279  47.278  -26.115  46.109 0.0000000000
56699  42.769  -34.153  46.937 0.0000000000
59189  43.406  -32.639  47.057 0.0000000000
59209  42.698  -32.916  45.845 0.0000000000
60391  42.673  -32.207  45.450 0.0000000000
58015  41.714  -33.790  45.065 0.0000000000
58039  40.696  -33.705  43.591 0.0000000000
56746  41.237  -34.624  44.512 0.0000000000
46981  33.005  -42.502  50.554 0.0000000000
48103  33.307  -41.702  49.619 0.0000000000
47004  32.417  -42.771  48.788 0.0000000000
74924  53.795  -19.568  30.540 0.0000000000
73715  53.254  -20.555  31.074 0.0000000000
45555  28.780  -42.523  60.621 0.0000000000
45578  27.963  -42.591  59.933 0.0000000000
45556  27.504  -42.662  60.643 0.0000000000
45497  26.510  -42.374  62.574 0.0000000000
45516  26.158  -42.739  62.174 0.0000000000
46765  25.497  -42.522  62.371 0.0000000000
46778  24.591  -42.521  61.256 0.0000000000
46753  25.096  -42.068  62.683 0.0000000000
45509  34.935  -43.135  62.014 0.0000000000
44298  34.735  -43.497  61.620 0.0000000000
45510  33.858  -42.669  62.176 0.0000000000
44303  30.445  -42.914  62.155 0.0000000000
44347  31.347  -42.709  61.522 0.0000000000
45554  29.953  -42.741  60.853 0.0000000000
46809  29.850  -42.522  59.737 0.0000000000
52887  46.491  -37.258  54.598 0.0000000000
55319  46.919  -35.088  55.044 0.0000000000
55327  47.332  -35.026  53.915 0.0000000000
55352  47.125  -34.755  52.933 0.0000000000
55354  46.103  -35.851  52.455 0.0000000000
51732  44.195  -38.043  49.968 0.0000000000
54185  44.569  -36.683  50.287 0.0000000000
54226  43.488  -37.018  48.742 0.0000000000
55419  43.018  -35.806  47.996 0.0000000000
53019  42.414  -37.386  47.221 0.0000000000
53026  41.623  -37.396  45.985 0.0000000000
51750  41.853  -38.286  47.182 0.0000000000
50496  39.766  -38.655  48.279 0.0000000000
50523  39.566  -38.560  46.386 0.0000000000
50524  38.537  -38.581  46.348 0.0000000000
50539  37.915  -38.575  45.269 0.0000000000
50525  37.385  -38.691  46.365 0.0000000000
47005  29.543  -42.150  48.528 0.0000000000
47015  29.313  -42.492  47.401 0.0000000000
48137  28.019  -41.567  46.972 0.0000000000
74863  54.794  -19.352  34.626 0.0000000000
74882  55.018  -19.884  33.931 0.0000000000
74862  55.902  -19.350  34.351 0.0000000000
73680  57.808  -20.827  34.781 0.0000000000
48095  24.494  -40.637  50.193 0.0000000000
48097  22.707  -41.575  50.162 0.0000000000
46831  25.924  -42.005  58.605 0.0000000000
46869  24.380  -42.111  56.634 0.0000000000
46850  24.015  -42.410  57.195 0.0000000000
45659  21.284  -42.451  55.288 0.0000000000
45679  21.449  -42.779  54.489 0.0000000000
45590  41.630  -42.557  57.913 0.0000000000
46840  42.662  -41.780  58.040 0.0000000000
46860  42.035  -41.799  56.958 0.0000000000
48036  42.543  -41.127  56.127 0.0000000000
46882  41.269  -41.681  56.497 0.0000000000
46907  39.943  -41.162  55.327 0.0000000000
46884  39.402  -41.949  55.808 0.0000000000
44422  36.189  -43.336  56.542 0.0000000000
45671  36.820  -42.001  55.443 0.0000000000
45673  35.154  -43.066  55.123 0.0000000000
46932  34.436  -42.626  53.569 0.0000000000
44444  34.287  -43.263  54.398 0.0000000000
45593  34.460  -43.606  59.343 0.0000000000
44375  34.889  -43.849  58.719 0.0000000000
45611  33.764  -43.336  57.676 0.0000000000
46913  31.897  -42.598  54.584 0.0000000000
45675  32.622  -43.090  54.683 0.0000000000
46933  31.826  -42.779  53.759 0.0000000000
44446  32.164  -43.375  52.853 0.0000000000
45708  31.251  -42.636  52.014 0.0000000000
45728  30.480  -42.797  50.921 0.0000000000
46974  29.826  -41.705  52.063 0.0000000000
48065  26.385  -40.872  52.366 0.0000000000
48078  27.097  -40.864  51.387 0.0000000000
48094  25.421  -40.567  50.383 0.0000000000
71130  51.459  -22.062  37.461 0.0000000000
71150  51.697  -22.353  36.427 0.0000000000
71131  50.802  -22.624  37.000 0.0000000000
67589  50.894  -25.414  36.129 0.0000000000
50241  23.691  -39.135  65.160 0.0000000000
47923  24.102  -40.277  64.389 0.0000000000
49077  23.237  -39.445  64.662 0.0000000000
50263  19.763  -38.457  64.002 0.0000000000
50284  20.574  -38.716  63.167 0.0000000000
50283  21.714  -38.943  63.206 0.0000000000
50329  19.857  -39.323  61.382 0.0000000000
49167  19.866  -40.143  59.477 0.0000000000
49155  19.339  -39.828  60.619 0.0000000000
74885  51.763  -19.112  34.002 0.0000000000
75975  53.226  -18.052  36.783 0.0000000000
77032  54.384  -17.604  37.503 0.0000000000
75962  55.292  -18.066  37.726 0.0000000000
77018  54.792  -17.651  38.119 0.0000000000
74795  54.587  -19.035  40.497 0.0000000000
74805  54.742  -18.987  39.325 0.0000000000
73623  54.092  -20.177  39.663 0.0000000000
72317  53.520  -21.153  40.527 0.0000000000
71065  51.991  -22.690  41.712 0.0000000000
71076  51.909  -22.595  40.779 0.0000000000
69865  51.368  -23.148  41.181 0.0000000000
68712  50.206  -23.966  40.390 0.0000000000
69856  50.800  -23.693  41.558 0.0000000000
72241  51.548  -21.818  46.215 0.0000000000
72257  51.884  -21.951  45.070 0.0000000000
69809  51.278  -22.671  45.349 0.0000000000
68671  48.688  -24.626  43.823 0.0000000000
68659  50.072  -23.973  43.965 0.0000000000
68683  48.835  -24.866  42.837 0.0000000000
67472  48.935  -25.075  41.881 0.0000000000
67473  48.113  -25.079  42.252 0.0000000000
67511  46.765  -25.829  40.702 0.0000000000
67489  47.250  -25.613  41.637 0.0000000000
66313  45.898  -26.846  43.222 0.0000000000
66327  45.842  -26.873  42.459 0.0000000000
65192  45.145  -27.250  42.006 0.0000000000
65193  44.311  -27.813  42.420 0.0000000000
66206  48.591  -26.924  50.283 0.0000000000
59070  46.654  -32.937  51.882 0.0000000000
60285  47.646  -31.234  52.457 0.0000000000
60296  46.631  -31.728  51.234 0.0000000000
61510  44.812  -30.793  47.490 0.0000000000
61494  46.065  -30.351  48.795 0.0000000000
62734  46.253  -29.590  48.649 0.0000000000
63917  46.783  -27.897  48.215 0.0000000000
62746  45.638  -29.118  47.428 0.0000000000
63932  45.645  -28.292  46.544 0.0000000000
62774  44.468  -29.284  45.968 0.0000000000
61576  42.236  -30.728  43.778 0.0000000000
62804  42.880  -29.861  44.017 0.0000000000
61590  42.028  -30.381  43.018 0.0000000000
62838  41.877  -29.305  41.798 0.0000000000
61603  41.015  -30.456  41.503 0.0000000000
60453  40.488  -31.443  41.344 0.0000000000
56808  39.070  -34.214  41.086 0.0000000000
58098  39.104  -33.029  39.970 0.0000000000
53047  39.639  -37.592  44.231 0.0000000000
54312  39.994  -36.656  43.417 0.0000000000
53074  38.370  -37.237  42.559 0.0000000000
54361  36.494  -36.522  39.994 0.0000000000
49222  38.098  -40.331  52.640 0.0000000000
49229  38.403  -39.557  51.271 0.0000000000
49230  37.104  -40.030  51.500 0.0000000000
49267  33.819  -40.303  47.635 0.0000000000
49248  35.600  -39.770  48.913 0.0000000000
49277  33.786  -39.869  46.599 0.0000000000
49276  34.640  -39.466  46.265 0.0000000000
49293  32.960  -40.123  45.847 0.0000000000
44599  30.076  -43.932  45.308 0.0000000000
47022  30.763  -43.091  46.177 0.0000000000
47049  29.908  -42.396  45.097 0.0000000000
48172  29.740  -41.008  43.823 0.0000000000
50594  30.265  -39.517  42.581 0.0000000000
71199  55.096  -22.018  33.078 0.0000000000
71215  54.329  -22.072  32.367 0.0000000000
69936  54.227  -23.560  35.399 0.0000000000
44289  29.483  -42.704  62.473 0.0000000000
44328  28.465  -42.750  62.017 0.0000000000
45494  29.154  -42.293  62.692 0.0000000000
46750  27.375  -41.956  62.743 0.0000000000
47941  26.493  -41.362  62.791 0.0000000000
45492  30.553  -42.519  62.719 0.0000000000
49197  44.468  -39.888  56.472 0.0000000000
51610  45.334  -38.505  56.341 0.0000000000
50440  45.297  -39.204  55.074 0.0000000000
51662  45.710  -38.536  54.582 0.0000000000
51701  45.849  -37.921  52.768 0.0000000000
52936  45.739  -37.079  52.270 0.0000000000
51717  44.785  -38.245  51.596 0.0000000000
51726  43.823  -38.403  50.353 0.0000000000
50493  42.884  -38.691  48.999 0.0000000000
50494  41.951  -38.576  48.369 0.0000000000
50484  41.283  -38.657  49.353 0.0000000000
50485  40.403  -38.757  49.411 0.0000000000
50486  39.238  -38.893  49.253 0.0000000000
48120  26.460  -40.682  48.069 0.0000000000
48130  26.392  -41.088  47.056 0.0000000000
48131  25.784  -41.697  46.718 0.0000000000
74845  56.911  -19.347  34.794 0.0000000000
73670  56.508  -19.658  35.646 0.0000000000
72401  56.480  -20.836  35.659 0.0000000000
48056  25.822  -40.955  53.138 0.0000000000
48067  24.273  -40.869  52.044 0.0000000000
46940  24.756  -41.205  53.552 0.0000000000
46941  23.289  -41.466  53.773 0.0000000000
46833  24.168  -42.550  58.184 0.0000000000
45599  23.652  -42.534  57.389 0.0000000000
45617  22.918  -42.534  57.369 0.0000000000
45638  21.664  -42.328  55.917 0.0000000000
48040  19.341  -42.083  56.125 0.0000000000
45569  41.153  -43.029  58.873 0.0000000000
44368  40.653  -43.319  57.927 0.0000000000
45630  39.269  -42.892  56.769 0.0000000000
44388  39.072  -43.403  57.608 0.0000000000
44409  37.303  -43.187  57.108 0.0000000000
44411  35.592  -43.841  56.782 0.0000000000
46842  32.225  -42.434  57.870 0.0000000000
45634  32.947  -42.818  56.916 0.0000000000
46862  31.862  -42.229  56.750 0.0000000000
46888  31.357  -42.134  55.640 0.0000000000
46935  30.218  -41.620  53.604 0.0000000000
46956  29.534  -41.305  52.791 0.0000000000
46936  29.077  -41.193  53.876 0.0000000000
48054  27.226  -41.280  53.320 0.0000000000
69890  49.614  -23.561  38.226 0.0000000000
69920  50.228  -23.416  36.438 0.0000000000
68762  49.086  -24.326  36.938 0.0000000000
68785  49.286  -24.770  36.422 0.0000000000
51458  19.212  -38.288  64.267 0.0000000000
50311  18.690  -39.196  62.517 0.0000000000
49141  18.442  -40.133  61.183 0.0000000000
49142  17.717  -40.262  61.973 0.0000000000
73578  54.114  -19.852  42.238 0.0000000000
72302  53.676  -21.168  41.332 0.0000000000
72291  53.515  -21.122  42.213 0.0000000000
72292  53.014  -21.725  42.657 0.0000000000
71056  51.990  -22.624  42.663 0.0000000000
69797  50.208  -22.847  46.687 0.0000000000
69811  49.973  -23.345  45.316 0.0000000000
68651  49.060  -23.881  45.537 0.0000000000
68661  48.540  -24.494  44.853 0.0000000000
67451  48.032  -24.994  44.319 0.0000000000
67474  47.400  -25.446  42.804 0.0000000000
66311  46.834  -25.846  44.335 0.0000000000
66312  46.207  -26.473  43.822 0.0000000000
65159  45.698  -27.195  44.416 0.0000000000
59111  44.668  -33.197  49.382 0.0000000000
59109  45.677  -31.976  49.737 0.0000000000
60339  44.753  -32.225  48.559 0.0000000000
60375  43.916  -31.795  47.209 0.0000000000
61530  43.971  -30.871  46.598 0.0000000000
61546  43.659  -30.511  45.978 0.0000000000
61547  43.306  -31.054  45.875 0.0000000000
60423  42.029  -31.441  44.219 0.0000000000
59261  40.928  -32.263  43.226 0.0000000000
60437  40.666  -31.850  42.057 0.0000000000
59249  40.687  -32.979  43.217 0.0000000000
58057  39.914  -33.874  42.208 0.0000000000
56789  39.497  -34.441  41.894 0.0000000000
51808  37.950  -38.316  43.483 0.0000000000
53075  37.731  -37.664  42.245 0.0000000000
51826  36.745  -38.305  42.408 0.0000000000
51866  35.572  -37.708  40.807 0.0000000000
53131  34.667  -37.247  39.567 0.0000000000
48073  35.143  -41.186  52.042 0.0000000000
49231  35.885  -40.559  51.669 0.0000000000
49241  34.285  -41.087  50.354 0.0000000000
48115  33.688  -41.249  49.405 0.0000000000
49268  33.078  -40.990  47.888 0.0000000000
47051  28.696  -42.112  44.098 0.0000000000
45860  27.030  -42.643  42.703 0.0000000000
76050  54.704  -18.031  30.387 0.0000000000
73736  54.489  -20.506  30.128 0.0000000000
72484  54.515  -21.561  30.544 0.0000000000
46846  27.970  -42.211  57.695 0.0000000000
46867  26.446  -41.658  56.889 0.0000000000
46830  27.483  -42.269  58.615 0.0000000000
45596  26.734  -42.106  58.692 0.0000000000
45598  25.647  -42.381  59.390 0.0000000000
45535  26.854  -42.713  61.451 0.0000000000
45557  26.441  -42.675  60.592 0.0000000000
45581  25.376  -42.592  59.837 0.0000000000
46793  24.601  -42.590  60.399 0.0000000000
47987  23.787  -41.818  60.365 0.0000000000
47988  23.410  -41.236  60.716 0.0000000000
45528  36.913  -43.509  61.320 0.0000000000
44341  36.422  -44.375  60.356 0.0000000000
44342  35.452  -44.102  60.578 0.0000000000
44343  34.527  -43.705  60.782 0.0000000000
45573  33.454  -43.221  59.895 0.0000000000
44323  32.675  -42.929  61.573 0.0000000000
45552  32.245  -42.876  60.848 0.0000000000
46807  31.952  -42.583  59.529 0.0000000000
46827  30.488  -42.462  58.676 0.0000000000
46828  29.406  -42.445  58.637 0.0000000000
67551  47.083  -25.852  38.423 0.0000000000
67571  47.099  -26.201  37.587 0.0000000000
66417  46.324  -26.662  37.708 0.0000000000
74736  51.856  -20.895  44.719 0.0000000000
70980  50.672  -21.917  47.561 0.0000000000
69784  49.979  -22.917  47.590 0.0000000000
68630  49.304  -24.377  47.805 0.0000000000
67401  48.926  -25.330  48.445 0.0000000000
57807  46.786  -33.493  52.291 0.0000000000
57831  45.693  -33.776  51.318 0.0000000000
54164  45.496  -36.395  51.691 0.0000000000
55370  45.270  -35.653  51.136 0.0000000000
56629  45.066  -34.343  50.387 0.0000000000
56653  43.395  -34.915  48.348 0.0000000000
56674  42.960  -34.755  47.575 0.0000000000
55464  41.952  -35.565  45.934 0.0000000000
55486  41.255  -35.576  44.588 0.0000000000
54281  41.645  -36.494  45.685 0.0000000000
53035  40.515  -37.689  45.100 0.0000000000
51788  39.650  -37.912  44.746 0.0000000000
50507  41.242  -38.498  47.237 0.0000000000
50537  39.811  -38.484  45.718 0.0000000000
51774  38.724  -38.385  44.989 0.0000000000
50555  37.679  -38.557  44.533 0.0000000000
50557  35.719  -38.614  44.210 0.0000000000
50575  34.489  -38.702  43.398 0.0000000000
44541  31.209  -43.757  49.142 0.0000000000
44560  31.912  -43.721  48.690 0.0000000000
45786  30.830  -43.673  48.043 0.0000000000
45796  29.485  -43.311  46.785 0.0000000000
45808  28.860  -42.939  45.499 0.0000000000
47025  27.267  -41.983  45.903 0.0000000000
47037  26.991  -42.321  45.165 0.0000000000
73703  52.657  -20.427  32.686 0.0000000000
72465  52.909  -20.887  32.134 0.0000000000
73694  53.356  -20.496  33.222 0.0000000000
72432  54.484  -20.958  33.065 0.0000000000
72430  55.922  -21.254  33.476 0.0000000000
74861  56.543  -19.809  34.029 0.0000000000
73690  56.494  -20.491  33.760 0.0000000000
46894  24.807  -41.856  55.785 0.0000000000
46895  23.746  -41.930  55.808 0.0000000000
46922  22.383  -42.370  54.588 0.0000000000
45636  22.878  -42.427  56.213 0.0000000000
45678  22.149  -42.677  54.584 0.0000000000
49198  44.200  -40.143  57.158 0.0000000000
48035  43.358  -40.722  56.036 0.0000000000
48043  42.452  -40.635  55.336 0.0000000000
49207  42.157  -40.146  54.476 0.0000000000
49215  40.406  -40.107  53.362 0.0000000000
49209  40.038  -40.523  54.241 0.0000000000
48050  39.131  -40.814  54.256 0.0000000000
48052  37.642  -41.248  54.000 0.0000000000
46886  38.011  -42.348  55.754 0.0000000000
46910  37.515  -41.820  55.020 0.0000000000
46951  35.789  -41.505  53.109 0.0000000000
46952  35.101  -41.845  52.766 0.0000000000
45725  33.174  -42.858  51.672 0.0000000000
44487  32.686  -43.177  51.380 0.0000000000
44374  35.910  -44.360  58.615 0.0000000000
43253  35.127  -44.109  57.198 0.0000000000
43277  34.703  -43.812  56.002 0.0000000000
45656  33.107  -43.209  55.674 0.0000000000
44424  33.669  -43.557  55.555 0.0000000000
43289  33.850  -43.530  54.776 0.0000000000
43305  33.073  -43.506  53.414 0.0000000000
44471  32.272  -43.387  51.425 0.0000000000
43337  31.662  -43.532  50.211 0.0000000000
45743  30.689  -43.199  50.256 0.0000000000
46995  30.094  -42.575  49.626 0.0000000000
48105  28.747  -40.993  49.581 0.0000000000
48077  28.315  -41.019  51.468 0.0000000000
48092  27.915  -40.848  50.408 0.0000000000
48107  26.781  -40.599  48.939 0.0000000000
49262  25.820  -40.561  48.527 0.0000000000
72371  52.981  -21.264  37.373 0.0000000000
72384  52.908  -21.768  36.295 0.0000000000
72385  52.265  -22.034  36.461 0.0000000000
69940  50.619  -23.813  35.821 0.0000000000
67611  51.701  -24.891  35.807 0.0000000000
66440  47.867  -26.521  36.701 0.0000000000
50303  27.940  -39.543  62.656 0.0000000000
50304  26.663  -39.695  62.567 0.0000000000
49108  25.647  -40.568  63.387 0.0000000000
50258  25.060  -39.494  63.913 0.0000000000
47921  25.262  -40.910  63.677 0.0000000000
47942  24.664  -41.421  63.128 0.0000000000
49125  23.591  -40.570  62.489 0.0000000000
49138  23.103  -40.518  61.164 0.0000000000
51433  22.424  -38.381  65.026 0.0000000000
50282  22.643  -39.412  63.391 0.0000000000
50308  22.069  -39.472  62.211 0.0000000000
49154  21.643  -40.051  59.893 0.0000000000
49166  21.075  -40.121  59.368 0.0000000000
76021  52.109  -18.022  33.065 0.0000000000
74896  51.999  -19.331  33.419 0.0000000000
74864  53.504  -19.462  34.690 0.0000000000
74847  54.346  -18.900  35.471 0.0000000000
75986  51.711  -18.294  36.005 0.0000000000
75984  53.773  -18.443  36.194 0.0000000000
75983  54.857  -18.262  36.229 0.0000000000
75982  55.384  -18.443  36.495 0.0000000000
74829  55.470  -18.771  37.307 0.0000000000
73647  54.700  -19.446  37.913 0.0000000000
75950  54.984  -18.324  38.472 0.0000000000
73637  54.624  -19.337  38.708 0.0000000000
72370  53.628  -20.586  37.943 0.0000000000
72358  52.928  -21.261  38.495 0.0000000000
72338  52.221  -21.713  38.884 0.0000000000
71111  51.467  -21.997  38.506 0.0000000000
71090  52.467  -22.106  40.464 0.0000000000
71091  51.725  -22.306  39.669 0.0000000000
69889  50.263  -22.974  38.632 0.0000000000
69879  49.912  -23.620  39.247 0.0000000000
68727  49.180  -24.159  38.849 0.0000000000
68728  48.573  -24.726  39.407 0.0000000000
72270  51.901  -21.220  44.685 0.0000000000
71045  51.878  -22.235  43.681 0.0000000000
69844  51.309  -23.003  43.111 0.0000000000
69821  50.621  -23.372  44.626 0.0000000000
69832  50.722  -23.540  43.560 0.0000000000
69845  50.804  -23.683  42.551 0.0000000000
68697  49.443  -24.740  41.265 0.0000000000
68714  48.906  -24.953  40.483 0.0000000000
67531  47.667  -25.319  39.368 0.0000000000
67532  46.886  -25.787  39.666 0.0000000000
66372  46.183  -26.174  40.092 0.0000000000
66341  46.449  -26.300  41.895 0.0000000000
66342  45.646  -26.715  41.476 0.0000000000
67387  49.175  -25.255  49.602 0.0000000000
67402  48.531  -25.825  48.374 0.0000000000
62708  48.125  -29.235  51.538 0.0000000000
60323  46.009  -31.509  49.779 0.0000000000
61478  46.818  -30.130  49.685 0.0000000000
63897  47.638  -28.425  49.925 0.0000000000
65101  47.657  -27.467  49.036 0.0000000000
66235  47.687  -26.986  48.453 0.0000000000
66265  47.558  -26.139  47.026 0.0000000000
65143  46.834  -26.679  46.534 0.0000000000
63946  45.395  -27.822  45.213 0.0000000000
63964  44.980  -28.145  44.291 0.0000000000
62788  43.692  -29.546  45.036 0.0000000000
63984  43.382  -29.087  43.743 0.0000000000
63983  44.158  -28.366  43.367 0.0000000000
63999  43.028  -28.647  42.431 0.0000000000
59291  39.967  -32.063  40.973 0.0000000000
59306  39.295  -32.410  39.199 0.0000000000
55508  40.515  -35.457  43.658 0.0000000000
55525  39.423  -35.435  42.310 0.0000000000
55543  38.464  -35.467  41.120 0.0000000000
53090  38.036  -36.954  41.873 0.0000000000
54359  37.991  -36.158  41.040 0.0000000000
49228  39.281  -39.416  51.415 0.0000000000
50476  38.624  -39.082  50.206 0.0000000000
50487  38.219  -39.046  49.157 0.0000000000
49239  36.148  -39.950  50.225 0.0000000000
50489  36.481  -39.514  49.111 0.0000000000
50511  36.967  -38.844  47.375 0.0000000000
50526  36.235  -38.945  46.513 0.0000000000
50558  34.239  -38.894  44.740 0.0000000000
50576  33.429  -38.799  43.685 0.0000000000
47014  31.742  -43.090  47.455 0.0000000000
48135  32.017  -41.852  46.889 0.0000000000
49279  32.064  -41.270  46.493 0.0000000000
48159  29.774  -41.461  44.407 0.0000000000
49316  30.529  -41.037  44.875 0.0000000000
49315  31.253  -40.334  44.825 0.0000000000
50560  32.377  -39.508  44.603 0.0000000000
50577  32.382  -39.095  43.802 0.0000000000
72464  53.560  -21.393  31.604 0.0000000000
72463  54.052  -21.773  31.163 0.0000000000
71235  54.864  -22.727  30.950 0.0000000000
72403  53.967  -21.888  35.800 0.0000000000
49213  42.764  -39.712  53.804 0.0000000000
50450  42.575  -39.367  53.084 0.0000000000
50454  43.049  -39.088  52.483 0.0000000000
50455  42.109  -39.292  52.337 0.0000000000
73657  54.625  -20.235  37.086 0.0000000000
46892  26.989  -41.595  55.860 0.0000000000
49177  22.454  -40.961  58.984 0.0000000000
48010  22.350  -41.656  58.175 0.0000000000
49178  21.735  -40.683  58.535 0.0000000000
45527  37.739  -43.675  60.970 0.0000000000
46790  38.717  -42.465  60.529 0.0000000000
45548  38.588  -43.347  60.515 0.0000000000
45547  39.661  -43.316  59.863 0.0000000000
44339  38.475  -44.077  59.921 0.0000000000
44356  38.454  -44.042  59.055 0.0000000000
46891  28.030  -41.834  55.794 0.0000000000
68745  48.230  -24.862  38.796 0.0000000000
67549  48.145  -24.948  38.101 0.0000000000
67415  48.817  -24.967  47.359 0.0000000000
67428  47.681  -25.783  46.368 0.0000000000
56700  42.398  -34.683  46.239 0.0000000000
57969  42.637  -33.650  46.366 0.0000000000
57990  42.200  -33.934  45.699 0.0000000000
58014  42.216  -33.358  45.447 0.0000000000
45742  32.495  -43.108  50.244 0.0000000000
46993  32.565  -42.748  49.575 0.0000000000
45757  32.309  -43.254  49.622 0.0000000000
74907  53.174  -19.431  31.057 0.0000000000
73716  52.709  -20.270  31.784 0.0000000000
46751  26.289  -41.764  62.940 0.0000000000
46733  24.896  -41.757  62.945 0.0000000000
47932  34.585  -41.559  62.340 0.0000000000
44299  34.113  -43.178  61.691 0.0000000000
44326  29.968  -43.017  61.843 0.0000000000
45532  30.373  -42.834  61.467 0.0000000000
52909  46.474  -37.253  53.714 0.0000000000
54091  46.551  -36.189  55.106 0.0000000000
54102  46.706  -36.423  54.100 0.0000000000
55328  46.969  -35.563  54.364 0.0000000000
55341  46.912  -35.636  53.600 0.0000000000
51740  43.241  -38.180  48.676 0.0000000000
52995  43.584  -37.625  48.994 0.0000000000
53006  43.274  -37.561  48.396 0.0000000000
53018  42.891  -37.469  47.807 0.0000000000
51748  42.981  -38.039  48.115 0.0000000000
51758  42.106  -37.932  46.995 0.0000000000
51749  42.392  -38.142  47.668 0.0000000000
50509  39.152  -38.493  47.282 0.0000000000
50510  38.058  -38.628  47.299 0.0000000000
48118  28.697  -41.108  48.549 0.0000000000
47006  28.974  -41.741  47.805 0.0000000000
48128  28.273  -41.276  47.638 0.0000000000
48081  23.889  -40.739  51.132 0.0000000000
46849  24.864  -42.180  57.594 0.0000000000
45680  20.423  -42.913  54.247 0.0000000000
45610  41.083  -42.827  57.715 0.0000000000
45609  41.534  -42.305  57.494 0.0000000000
45627  41.461  -42.106  57.256 0.0000000000
46861  41.397  -41.963  57.059 0.0000000000
45648  40.607  -41.980  56.526 0.0000000000
45649  40.089  -42.251  56.405 0.0000000000
45654  35.565  -43.382  55.910 0.0000000000
45653  36.113  -42.962  55.930 0.0000000000
45674  34.578  -43.187  54.662 0.0000000000
44434  34.543  -43.362  54.922 0.0000000000
45594  33.903  -43.371  58.883 0.0000000000
45693  31.494  -42.729  52.717 0.0000000000
46954  31.175  -42.426  52.615 0.0000000000
46955  30.530  -42.083  52.415 0.0000000000
48079  25.923  -40.709  51.324 0.0000000000
71112  50.757  -22.440  38.022 0.0000000000
51431  23.967  -38.648  65.025 0.0000000000
49076  23.733  -39.662  64.797 0.0000000000
50233  23.231  -38.732  65.448 0.0000000000
50262  20.370  -38.477  63.881 0.0000000000
50309  20.958  -38.790  62.093 0.0000000000
49140  19.123  -39.657  61.223 0.0000000000
76008  51.430  -18.035  34.043 0.0000000000
77052  51.011  -16.992  34.876 0.0000000000
77033  53.605  -17.678  37.424 0.0000000000
73592  54.368  -19.741  41.242 0.0000000000
73608  54.493  -19.642  40.171 0.0000000000
72336  53.630  -20.792  39.958 0.0000000000
71005  51.460  -22.060  46.130 0.0000000000
71020  51.244  -22.404  45.907 0.0000000000
65086  48.685  -27.322  50.932 0.0000000000
57854  45.825  -32.997  50.976 0.0000000000
59082  46.433  -32.376  51.326 0.0000000000
59093  45.859  -32.210  50.353 0.0000000000
62747  45.498  -30.022  47.901 0.0000000000
62760  45.290  -28.926  46.817 0.0000000000
61577  41.624  -30.931  43.144 0.0000000000
61591  41.470  -30.550  42.426 0.0000000000
60452  40.946  -31.169  42.016 0.0000000000
56822  38.887  -33.910  40.572 0.0000000000
51806  39.265  -37.821  44.167 0.0000000000
53060  39.417  -37.299  43.490 0.0000000000
53061  38.670  -37.609  43.253 0.0000000000
44621  29.707  -43.636  45.270 0.0000000000
45821  30.131  -43.281  45.261 0.0000000000
45822  29.478  -42.997  45.108 0.0000000000
69965  55.269  -23.201  32.957 0.0000000000
45493  29.861  -42.557  62.864 0.0000000000
46748  29.480  -41.895  63.092 0.0000000000
49106  28.520  -40.590  62.727 0.0000000000
46749  28.426  -41.980  62.850 0.0000000000
47940  27.753  -41.374  62.646 0.0000000000
47956  27.011  -41.154  62.359 0.0000000000
46747  30.262  -42.093  63.082 0.0000000000
46746  31.164  -41.901  62.982 0.0000000000
44288  30.124  -42.900  62.548 0.0000000000
49201  44.449  -40.020  55.940 0.0000000000
50429  45.087  -39.393  55.959 0.0000000000
50430  44.731  -39.688  55.410 0.0000000000
50452  44.537  -38.866  53.319 0.0000000000
51683  45.499  -38.447  53.638 0.0000000000
51702  44.947  -38.453  52.663 0.0000000000
50471  43.310  -38.737  50.901 0.0000000000
51718  44.075  -38.450  51.215 0.0000000000
50482  43.095  -38.740  49.954 0.0000000000
50483  42.235  -38.878  49.563 0.0000000000
50474  40.612  -38.813  50.314 0.0000000000
51727  41.010  -38.650  49.901 0.0000000000
47017  25.189  -42.411  47.118 0.0000000000
73655  55.936  -19.986  36.081 0.0000000000
72381  56.047  -20.378  35.867 0.0000000000
46834  23.400  -42.569  58.261 0.0000000000
46852  22.015  -41.936  56.981 0.0000000000
46897  21.347  -42.197  55.751 0.0000000000
46898  20.579  -41.964  55.663 0.0000000000
46874  20.884  -41.714  56.181 0.0000000000
48030  20.256  -41.578  56.395 0.0000000000
46875  18.947  -42.339  56.402 0.0000000000
48023  19.693  -41.499  57.147 0.0000000000
47984  40.923  -41.643  60.172 0.0000000000
45571  39.748  -43.591  59.221 0.0000000000
45570  40.538  -43.217  59.294 0.0000000000
45592  40.681  -43.365  58.514 0.0000000000
44369  40.152  -43.503  58.147 0.0000000000
44387  39.872  -43.348  57.692 0.0000000000
43249  39.350  -43.491  57.880 0.0000000000
44372  37.578  -44.013  58.554 0.0000000000
44390  37.462  -43.699  57.864 0.0000000000
44410  36.269  -43.720  57.210 0.0000000000
46843  31.154  -42.267  57.730 0.0000000000
46863  30.713  -42.064  56.684 0.0000000000
46914  30.845  -41.888  54.574 0.0000000000
46938  27.065  -41.554  53.900 0.0000000000
48055  26.699  -41.151  53.242 0.0000000000
69904  49.548  -23.713  37.215 0.0000000000
68786  48.830  -24.793  36.765 0.0000000000
66438  49.214  -26.370  36.488 0.0000000000
51475  18.510  -38.599  63.799 0.0000000000
50331  18.260  -39.653  61.932 0.0000000000
50312  17.777  -39.550  62.551 0.0000000000
73593  54.014  -20.469  41.788 0.0000000000
73579  53.674  -20.529  42.635 0.0000000000
72282  53.178  -21.126  42.896 0.0000000000
71055  52.484  -22.146  43.068 0.0000000000
71044  52.307  -21.993  43.425 0.0000000000
69798  49.731  -23.366  46.184 0.0000000000
68652  48.546  -24.683  45.731 0.0000000000
67463  47.441  -25.418  43.814 0.0000000000
67452  47.521  -25.472  44.809 0.0000000000
66296  46.383  -26.461  44.908 0.0000000000
65176  45.780  -27.003  43.688 0.0000000000
59137  44.496  -32.811  48.762 0.0000000000
57940  43.669  -33.251  47.939 0.0000000000
59188  43.880  -32.385  47.614 0.0000000000
61511  44.342  -31.347  47.294 0.0000000000
61531  43.452  -31.392  46.270 0.0000000000
60390  43.120  -31.913  45.958 0.0000000000
59231  41.682  -32.809  44.623 0.0000000000
60408  42.358  -31.862  44.828 0.0000000000
60409  41.730  -32.074  44.248 0.0000000000
60424  41.523  -31.652  43.615 0.0000000000
58056  40.382  -33.672  42.772 0.0000000000
56788  39.869  -34.559  42.632 0.0000000000
51809  37.130  -38.346  43.243 0.0000000000
51867  34.556  -37.693  40.525 0.0000000000
53113  35.217  -37.414  40.201 0.0000000000
48074  34.481  -41.494  51.647 0.0000000000
48087  34.717  -41.087  51.377 0.0000000000
48088  34.105  -41.416  50.907 0.0000000000
47003  32.777  -42.154  49.214 0.0000000000
48116  33.166  -41.565  48.850 0.0000000000
49260  33.206  -41.259  48.383 0.0000000000
48126  32.765  -41.771  48.067 0.0000000000
73737  53.838  -20.342  30.550 0.0000000000
72496  54.842  -20.846  29.975 0.0000000000
46829  28.396  -42.411  58.563 0.0000000000
45597  26.147  -42.229  59.075 0.0000000000
45580  26.019  -42.507  59.867 0.0000000000
45514  27.902  -42.733  62.274 0.0000000000
45534  28.116  -42.792  61.601 0.0000000000
45536  25.924  -42.898  61.354 0.0000000000
45558  25.534  -42.868  60.570 0.0000000000
45582  25.016  -42.783  60.215 0.0000000000
46813  24.721  -42.479  59.483 0.0000000000
45559  24.895  -42.992  60.750 0.0000000000
47970  24.550  -42.152  61.827 0.0000000000
46779  24.257  -42.166  60.707 0.0000000000
46762  35.667  -42.542  61.941 0.0000000000
46761  36.225  -42.106  61.758 0.0000000000
46776  36.593  -42.582  61.610 0.0000000000
44319  36.165  -44.102  61.186 0.0000000000
44321  34.315  -43.460  61.338 0.0000000000
45550  33.905  -43.421  60.486 0.0000000000
45512  32.054  -42.597  62.127 0.0000000000
45511  32.912  -42.774  62.209 0.0000000000
44301  32.372  -42.764  61.872 0.0000000000
45553  31.054  -42.687  60.821 0.0000000000
44346  32.035  -42.810  61.355 0.0000000000
45574  32.590  -42.824  60.052 0.0000000000
46808  30.989  -42.576  59.578 0.0000000000
46845  28.976  -42.460  57.624 0.0000000000
70981  50.187  -22.421  47.943 0.0000000000
69756  49.602  -23.100  48.585 0.0000000000
69771  49.566  -23.519  48.217 0.0000000000
52867  45.647  -37.960  55.981 0.0000000000
56563  46.990  -34.304  52.690 0.0000000000
56586  46.501  -34.329  52.293 0.0000000000
57830  46.247  -33.458  51.763 0.0000000000
56587  45.969  -34.412  51.853 0.0000000000
52960  45.332  -37.228  51.455 0.0000000000
55371  44.789  -35.792  50.419 0.0000000000
56608  45.084  -35.056  50.559 0.0000000000
56630  44.621  -34.809  49.874 0.0000000000
56652  43.964  -34.989  49.093 0.0000000000
54248  42.715  -36.635  47.547 0.0000000000
55420  42.605  -35.720  47.229 0.0000000000
56675  42.643  -34.988  46.871 0.0000000000
54280  41.952  -36.204  46.270 0.0000000000
51770  41.188  -37.911  45.867 0.0000000000
51771  40.580  -38.097  45.585 0.0000000000
51787  40.183  -37.891  45.067 0.0000000000
50508  40.196  -38.587  47.264 0.0000000000
51773  39.383  -38.310  45.157 0.0000000000
51790  38.244  -38.476  44.341 0.0000000000
50556  37.025  -38.583  44.546 0.0000000000
45773  30.737  -43.634  48.875 0.0000000000
44562  31.073  -43.771  48.654 0.0000000000
47023  29.006  -42.616  46.731 0.0000000000
45797  28.998  -43.113  46.282 0.0000000000
44601  29.170  -43.603  46.004 0.0000000000
47036  27.887  -42.411  45.536 0.0000000000
48140  26.092  -41.936  46.183 0.0000000000
48139  26.543  -41.670  46.340 0.0000000000
47026  26.425  -42.115  45.773 0.0000000000
47038  26.041  -42.644  45.231 0.0000000000
47052  26.419  -42.633  44.815 0.0000000000
45809  27.853  -42.555  44.950 0.0000000000
74884  52.584  -19.820  33.698 0.0000000000
74881  55.832  -19.916  33.753 0.0000000000
73692  55.118  -20.461  33.506 0.0000000000
72431  55.163  -21.121  33.272 0.0000000000
73691  55.826  -20.518  33.541 0.0000000000
73681  57.213  -20.378  34.356 0.0000000000
48068  23.443  -40.966  51.927 0.0000000000
48082  22.951  -41.068  51.132 0.0000000000
46975  22.203  -41.668  51.025 0.0000000000
46868  25.377  -41.882  56.799 0.0000000000
46921  22.847  -41.931  54.934 0.0000000000
45616  23.125  -42.559  56.988 0.0000000000
45615  23.414  -42.458  56.819 0.0000000000
45696  20.842  -43.039  53.608 0.0000000000
47982  42.123  -41.023  59.546 0.0000000000
47997  42.334  -41.230  59.267 0.0000000000
48009  43.109  -41.251  58.350 0.0000000000
49199  43.788  -40.580  57.119 0.0000000000
48026  43.965  -40.449  56.710 0.0000000000
48027  43.451  -40.960  56.918 0.0000000000
48037  41.844  -41.178  55.881 0.0000000000
49208  41.036  -40.245  54.346 0.0000000000
48045  40.494  -40.824  55.149 0.0000000000
46908  39.476  -41.446  55.273 0.0000000000
48046  39.619  -40.905  54.776 0.0000000000
48047  38.930  -41.204  54.684 0.0000000000
48051  38.496  -40.926  53.994 0.0000000000
48048  38.265  -41.436  54.542 0.0000000000
45631  38.465  -43.010  56.726 0.0000000000
45651  38.521  -42.614  56.231 0.0000000000
45672  35.983  -42.251  55.197 0.0000000000
46911  36.568  -41.821  54.990 0.0000000000
46929  37.010  -41.402  54.242 0.0000000000
46930  36.102  -41.648  54.062 0.0000000000
46931  34.999  -42.315  53.785 0.0000000000
45706  34.024  -42.763  53.355 0.0000000000
46953  34.332  -42.447  52.943 0.0000000000
45724  33.631  -42.724  52.496 0.0000000000
44470  33.061  -43.256  52.243 0.0000000000
44358  36.628  -44.438  59.456 0.0000000000
44394  34.505  -43.796  57.379 0.0000000000
44393  35.329  -44.156  57.937 0.0000000000
43254  34.664  -43.916  56.697 0.0000000000
43266  34.960  -44.001  56.576 0.0000000000
43267  34.537  -43.836  56.209 0.0000000000
44425  33.161  -43.353  54.896 0.0000000000
43279  33.657  -43.518  55.017 0.0000000000
43290  33.310  -43.451  54.387 0.0000000000
43297  33.441  -43.464  54.064 0.0000000000
43298  32.865  -43.461  53.691 0.0000000000
44458  32.000  -43.348  52.050 0.0000000000
44472  31.715  -43.359  51.255 0.0000000000
43315  31.755  -43.476  50.748 0.0000000000
44473  31.085  -43.185  51.155 0.0000000000
44489  30.733  -43.295  50.460 0.0000000000
48075  29.915  -41.986  50.997 0.0000000000
46984  30.176  -42.469  50.591 0.0000000000
48090  29.730  -41.859  50.473 0.0000000000
48104  29.451  -41.642  49.626 0.0000000000
48063  28.809  -41.087  52.306 0.0000000000
48106  27.734  -40.701  49.316 0.0000000000
49261  26.281  -40.567  48.676 0.0000000000
49251  26.072  -40.510  49.152 0.0000000000
72372  52.226  -21.839  36.979 0.0000000000
71173  51.459  -22.996  35.746 0.0000000000
69921  49.598  -24.092  36.500 0.0000000000
67612  51.021  -24.671  35.738 0.0000000000
66416  47.393  -26.596  36.964 0.0000000000
51473  28.149  -38.724  63.033 0.0000000000
50305  25.781  -39.457  62.791 0.0000000000
50279  25.869  -40.088  62.913 0.0000000000
50280  25.345  -39.672  63.462 0.0000000000
49074  24.484  -39.882  64.481 0.0000000000
49091  25.234  -40.071  64.027 0.0000000000
47907  24.744  -40.370  64.015 0.0000000000
47922  24.775  -40.864  63.749 0.0000000000
49092  23.569  -39.957  64.205 0.0000000000
49110  23.731  -40.417  63.361 0.0000000000
50306  23.509  -40.117  63.057 0.0000000000
49137  23.464  -40.777  61.711 0.0000000000
49126  23.031  -40.125  61.960 0.0000000000
51456  21.056  -38.174  64.391 0.0000000000
51434  21.712  -37.867  64.994 0.0000000000
51422  22.193  -37.904  65.474 0.0000000000
50260  22.524  -39.032  64.313 0.0000000000
51507  21.378  -39.252  61.513 0.0000000000
50327  21.706  -39.612  61.200 0.0000000000
50350  21.816  -39.917  60.434 0.0000000000
49156  18.826  -40.502  60.190 0.0000000000
76022  51.829  -18.802  33.414 0.0000000000
74866  51.605  -18.716  34.806 0.0000000000
74865  52.343  -19.280  34.722 0.0000000000
74848  53.105  -18.948  35.468 0.0000000000
75949  55.284  -18.331  37.911 0.0000000000
75961  55.392  -18.413  37.584 0.0000000000
74830  55.220  -19.096  37.581 0.0000000000
77008  54.648  -17.927  38.958 0.0000000000
75939  54.553  -18.336  39.568 0.0000000000
73622  54.465  -19.588  39.322 0.0000000000
73638  54.174  -19.947  38.598 0.0000000000
72318  53.123  -21.733  40.848 0.0000000000
71075  52.594  -22.258  41.294 0.0000000000
71092  50.928  -22.506  38.921 0.0000000000
69878  50.710  -23.095  39.636 0.0000000000
69867  50.247  -23.741  39.975 0.0000000000
73524  52.081  -20.831  45.582 0.0000000000
72255  51.821  -21.500  45.268 0.0000000000
71033  51.602  -22.466  44.584 0.0000000000
72272  51.802  -21.929  44.680 0.0000000000
68670  49.449  -24.420  43.385 0.0000000000
68669  50.177  -24.147  42.972 0.0000000000
68681  50.248  -24.296  41.949 0.0000000000
68698  48.950  -25.065  41.055 0.0000000000
67509  48.188  -25.100  40.064 0.0000000000
67510  47.516  -25.457  40.435 0.0000000000
66355  45.560  -26.474  40.573 0.0000000000
66325  46.804  -25.861  43.346 0.0000000000
66340  46.858  -25.932  42.506 0.0000000000
65210  45.091  -27.026  41.379 0.0000000000
66343  45.099  -26.803  40.965 0.0000000000
66356  44.805  -26.662  40.245 0.0000000000
66218  48.701  -25.959  49.234 0.0000000000
66233  48.584  -25.876  48.661 0.0000000000
66234  48.196  -26.448  48.618 0.0000000000
60295  46.954  -31.255  51.383 0.0000000000
61445  47.855  -30.574  52.249 0.0000000000
61455  47.700  -30.346  51.578 0.0000000000
61454  47.984  -29.876  51.708 0.0000000000
62709  47.891  -29.747  51.398 0.0000000000
60324  45.623  -31.673  49.254 0.0000000000
61480  45.962  -31.200  49.260 0.0000000000
62723  46.628  -29.954  49.352 0.0000000000
62722  46.988  -29.426  49.552 0.0000000000
63890  47.799  -28.772  50.619 0.0000000000
63905  46.953  -28.335  48.816 0.0000000000
65112  47.230  -27.405  48.242 0.0000000000
66251  47.635  -26.676  47.921 0.0000000000
65128  47.078  -26.981  47.428 0.0000000000
65129  46.428  -27.480  47.013 0.0000000000
63963  45.381  -27.711  44.487 0.0000000000
62776  43.434  -30.451  45.545 0.0000000000
62775  44.015  -29.838  45.772 0.0000000000
62789  43.309  -30.068  44.935 0.0000000000
63966  43.460  -29.477  44.521 0.0000000000
62839  41.355  -29.492  41.194 0.0000000000
59278  40.237  -32.508  41.640 0.0000000000
59279  39.702  -32.740  41.061 0.0000000000
59292  39.547  -32.363  40.294 0.0000000000
55487  40.862  -35.836  44.078 0.0000000000
54311  40.449  -36.416  43.825 0.0000000000
54327  39.626  -36.335  42.928 0.0000000000
55526  38.874  -35.760  41.802 0.0000000000
51845  37.218  -37.884  41.980 0.0000000000
53091  37.661  -37.354  41.801 0.0000000000
53110  37.305  -37.090  41.228 0.0000000000
54360  37.331  -36.436  40.665 0.0000000000
55559  37.038  -35.534  39.826 0.0000000000
49220  40.829  -39.623  52.565 0.0000000000
49221  39.604  -39.833  52.201 0.0000000000
49237  38.040  -39.343  50.506 0.0000000000
50477  37.756  -39.243  49.904 0.0000000000
49240  34.896  -40.701  50.673 0.0000000000
49257  35.450  -39.700  47.962 0.0000000000
50500  36.035  -39.468  48.357 0.0000000000
50499  36.720  -39.171  48.292 0.0000000000
50512  35.922  -39.266  47.508 0.0000000000
50527  35.366  -39.314  46.748 0.0000000000
49292  33.918  -39.445  45.603 0.0000000000
49291  34.570  -39.281  45.746 0.0000000000
50542  34.483  -39.159  45.460 0.0000000000
50559  33.191  -39.160  44.527 0.0000000000
45794  31.222  -43.418  47.378 0.0000000000
45785  31.712  -43.553  48.029 0.0000000000
47034  31.069  -42.557  46.159 0.0000000000
48136  31.504  -42.174  46.366 0.0000000000
48146  31.707  -41.597  46.325 0.0000000000
47065  28.401  -41.962  43.629 0.0000000000
47050  29.187  -42.161  44.434 0.0000000000
48160  29.194  -41.682  44.082 0.0000000000
49334  30.400  -40.571  44.017 0.0000000000
49314  32.213  -39.968  45.229 0.0000000000
50561  31.822  -39.804  44.719 0.0000000000
50593  31.213  -39.173  42.771 0.0000000000
50592  32.592  -38.650  42.971 0.0000000000
72451  53.300  -20.985  32.520 0.0000000000
71216  53.890  -21.725  32.091 0.0000000000
71225  54.290  -22.213  31.504 0.0000000000
49105  29.482  -40.542  63.102 0.0000000000
50302  28.411  -39.980  62.665 0.0000000000
49206  43.403  -40.046  54.674 0.0000000000
50442  44.184  -39.524  54.435 0.0000000000
50448  43.937  -39.291  53.796 0.0000000000
50453  43.975  -38.919  52.762 0.0000000000
51703  44.290  -38.546  52.002 0.0000000000
50462  42.745  -39.010  51.562 0.0000000000
50464  40.982  -39.009  51.201 0.0000000000
46815  23.016  -42.277  58.666 0.0000000000
48020  22.120  -41.835  57.417 0.0000000000
48029  20.979  -41.540  56.610 0.0000000000
48021  21.510  -41.432  57.322 0.0000000000
49190  20.642  -40.912  57.761 0.0000000000
46788  40.562  -42.485  60.071 0.0000000000
44355  39.255  -43.769  58.796 0.0000000000
44370  39.143  -43.675  58.428 0.0000000000
44373  36.731  -44.324  58.612 0.0000000000
46864  29.589  -42.230  56.652 0.0000000000
46916  28.560  -41.467  54.865 0.0000000000
46917  27.510  -41.512  54.878 0.0000000000
51476  17.697  -38.784  63.824 0.0000000000
74753  53.570  -19.732  42.903 0.0000000000
73561  53.651  -20.039  42.955 0.0000000000
73563  52.143  -21.090  43.958 0.0000000000
68642  49.165  -24.231  46.744 0.0000000000
67440  47.658  -25.623  45.749 0.0000000000
57941  43.303  -33.613  47.565 0.0000000000
57968  42.995  -33.378  46.894 0.0000000000
59190  43.001  -32.993  46.491 0.0000000000
59208  43.172  -32.452  46.365 0.0000000000
59230  42.221  -32.811  45.215 0.0000000000
58038  41.137  -33.700  44.315 0.0000000000
56770  40.778  -34.561  43.944 0.0000000000
48089  33.431  -41.822  50.335 0.0000000000
46992  32.982  -42.173  49.865 0.0000000000
76051  53.907  -18.923  30.567 0.0000000000
46811  27.893  -42.457  59.255 0.0000000000
45496  27.225  -42.323  62.500 0.0000000000
45517  25.523  -42.831  61.894 0.0000000000
46766  24.955  -42.538  62.035 0.0000000000
47957  24.594  -41.841  62.381 0.0000000000
47954  35.265  -41.673  62.096 0.0000000000
45508  35.488  -43.061  61.961 0.0000000000
45530  35.146  -43.549  61.725 0.0000000000
44322  33.527  -43.146  61.450 0.0000000000
44302  31.426  -42.737  62.272 0.0000000000
44324  31.789  -42.710  61.687 0.0000000000
44325  30.865  -42.783  61.783 0.0000000000
45531  30.921  -42.723  61.510 0.0000000000
45576  30.567  -42.628  60.375 0.0000000000
45577  29.963  -42.640  60.375 0.0000000000
46791  29.541  -42.553  60.385 0.0000000000
51636  46.180  -38.011  54.897 0.0000000000
56514  47.399  -34.287  54.174 0.0000000000
56541  47.382  -34.450  53.620 0.0000000000
55340  47.224  -34.963  53.287 0.0000000000
55353  46.641  -35.329  52.712 0.0000000000
52979  44.426  -37.463  50.148 0.0000000000
54207  44.184  -36.872  49.676 0.0000000000
55386  43.924  -36.466  49.366 0.0000000000
55401  43.576  -36.054  48.916 0.0000000000
54247  43.204  -36.780  48.202 0.0000000000
54267  41.948  -36.833  46.232 0.0000000000
53025  42.033  -37.407  46.590 0.0000000000
51759  41.532  -38.072  46.544 0.0000000000
47016  28.770  -41.871  47.046 0.0000000000
46961  22.542  -41.524  52.391 0.0000000000
46870  23.561  -42.300  56.475 0.0000000000
45658  22.122  -42.610  55.389 0.0000000000
46823  41.930  -42.256  58.481 0.0000000000
46822  42.527  -41.583  58.680 0.0000000000
46841  42.157  -42.151  57.684 0.0000000000
46859  42.793  -41.676  57.307 0.0000000000
48028  42.893  -41.359  56.640 0.0000000000
46881  41.960  -41.480  56.373 0.0000000000
48038  41.106  -41.216  55.728 0.0000000000
46883  40.290  -41.561  55.876 0.0000000000
44421  36.654  -42.935  56.537 0.0000000000
45652  37.318  -42.527  56.174 0.0000000000
45690  35.190  -42.557  54.553 0.0000000000
45691  34.519  -42.888  54.179 0.0000000000
44455  33.967  -43.152  53.797 0.0000000000
44376  34.296  -43.578  58.138 0.0000000000
46912  32.547  -42.873  55.132 0.0000000000
45676  32.060  -42.915  54.118 0.0000000000
44436  32.298  -43.293  53.448 0.0000000000
45692  31.866  -42.999  53.205 0.0000000000
45707  31.731  -43.081  52.410 0.0000000000
45727  30.971  -43.053  51.099 0.0000000000
45709  30.685  -42.560  51.561 0.0000000000
46973  30.140  -42.196  51.438 0.0000000000
48076  29.493  -41.433  51.444 0.0000000000
49242  25.679  -40.509  49.665 0.0000000000
49244  24.632  -40.634  49.559 0.0000000000
71151  50.926  -22.847  36.216 0.0000000000
71174  50.819  -23.308  35.863 0.0000000000
67590  49.728  -25.526  36.298 0.0000000000
51430  24.356  -39.048  64.860 0.0000000000
49075  23.893  -39.764  64.993 0.0000000000
50259  23.088  -39.493  64.037 0.0000000000
51457  20.146  -38.172  64.388 0.0000000000
50261  21.383  -38.568  63.893 0.0000000000
50328  20.899  -39.192  61.168 0.0000000000
50372  20.386  -39.792  59.957 0.0000000000
50352  20.194  -39.601  60.452 0.0000000000
75976  52.371  -18.100  36.646 0.0000000000
75973  55.108  -17.768  37.081 0.0000000000
71064  52.608  -22.263  42.207 0.0000000000
69866  50.701  -23.562  40.576 0.0000000000
68696  50.189  -24.130  40.965 0.0000000000
71003  52.076  -21.651  45.414 0.0000000000
71004  51.947  -21.539  45.383 0.0000000000
71019  51.595  -22.249  45.344 0.0000000000
69820  51.320  -22.876  44.985 0.0000000000
68660  49.250  -24.119  44.359 0.0000000000
67490  46.668  -25.985  41.322 0.0000000000
65212  43.263  -27.842  41.564 0.0000000000
66205  48.941  -26.268  50.420 0.0000000000
59069  47.029  -32.400  52.108 0.0000000000
59081  46.760  -31.932  51.548 0.0000000000
60354  45.021  -31.363  48.178 0.0000000000
61495  45.635  -30.914  48.591 0.0000000000
62735  45.867  -30.218  48.484 0.0000000000
63906  46.534  -28.821  48.570 0.0000000000
63918  46.376  -28.394  47.875 0.0000000000
63933  45.088  -28.816  46.498 0.0000000000
62805  42.479  -30.033  43.281 0.0000000000
62822  42.202  -29.651  42.512 0.0000000000
62823  41.562  -29.868  41.908 0.0000000000
60468  40.102  -31.372  40.349 0.0000000000
58074  39.716  -33.490  41.529 0.0000000000
58086  39.307  -33.361  40.664 0.0000000000
58087  38.838  -33.626  40.197 0.0000000000
53059  40.107  -36.976  43.731 0.0000000000
53073  39.139  -36.851  42.796 0.0000000000
53112  35.894  -37.204  40.315 0.0000000000
53111  36.663  -37.234  40.845 0.0000000000
54362  35.777  -36.711  39.720 0.0000000000
49258  34.791  -40.170  48.305 0.0000000000
49266  34.878  -39.803  47.264 0.0000000000
50513  35.381  -39.487  47.256 0.0000000000
49313  33.068  -39.580  45.153 0.0000000000
44579  30.091  -44.082  45.918 0.0000000000
45806  30.364  -43.536  45.788 0.0000000000
47035  30.611  -42.709  45.602 0.0000000000
48188  28.155  -41.320  42.383 0.0000000000
48173  29.065  -41.327  43.427 0.0000000000
49354  30.180  -39.936  43.173 0.0000000000
49353  30.888  -39.924  43.606 0.0000000000
72449  54.568  -21.531  32.883 0.0000000000
71171  53.586  -22.737  35.411 0.0000000000
44304  29.706  -42.956  62.168 0.0000000000
44327  29.107  -42.687  61.895 0.0000000000
44305  28.997  -42.856  62.028 0.0000000000
44306  28.458  -42.638  62.242 0.0000000000
45495  28.183  -42.402  62.548 0.0000000000
45491  31.476  -42.401  62.454 0.0000000000
44286  31.226  -42.619  62.171 0.0000000000
44287  30.791  -42.688  62.318 0.0000000000
50412  44.713  -39.239  56.955 0.0000000000
51637  45.654  -38.449  55.486 0.0000000000
50441  44.661  -39.532  54.770 0.0000000000
50446  45.243  -39.013  54.377 0.0000000000
51661  46.177  -37.958  54.108 0.0000000000
51682  46.140  -37.834  53.345 0.0000000000
51700  46.121  -37.726  53.009 0.0000000000
52935  46.199  -37.276  52.987 0.0000000000
51716  45.421  -37.886  51.932 0.0000000000
51724  45.073  -37.809  51.249 0.0000000000
51725  44.567  -38.053  50.699 0.0000000000
51733  43.605  -38.258  49.461 0.0000000000
48129  27.360  -41.039  47.384 0.0000000000
45798  25.292  -43.398  46.557 0.0000000000
48066  25.211  -40.869  52.358 0.0000000000
46959  24.501  -41.001  52.699 0.0000000000
45600  23.437  -42.594  57.682 0.0000000000
46835  22.859  -42.437  57.962 0.0000000000
48039  19.750  -41.861  55.996 0.0000000000
46804  41.382  -42.381  59.412 0.0000000000
46824  41.446  -42.672  58.754 0.0000000000
45591  41.270  -42.941  58.286 0.0000000000
44386  40.454  -43.006  57.547 0.0000000000
45629  39.963  -42.704  56.890 0.0000000000
44406  39.907  -42.991  57.276 0.0000000000
44407  39.216  -43.188  57.221 0.0000000000
44408  38.417  -43.290  57.207 0.0000000000
43237  38.928  -43.575  57.999 0.0000000000
44389  38.402  -43.521  57.719 0.0000000000
44423  35.495  -43.669  56.362 0.0000000000
46825  32.424  -42.611  58.855 0.0000000000
46957  28.400  -41.173  53.176 0.0000000000
46958  27.607  -41.286  53.411 0.0000000000
50285  19.368  -38.758  63.423 0.0000000000
50330  18.986  -39.466  61.755 0.0000000000
69810  50.774  -22.819  45.632 0.0000000000
63883  48.681  -28.191  51.817 0.0000000000
57881  44.822  -33.693  49.864 0.0000000000
59110  45.183  -32.583  49.585 0.0000000000
59136  44.884  -32.353  48.881 0.0000000000
59164  43.634  -32.910  47.669 0.0000000000
60355  44.496  -31.921  47.975 0.0000000000
61529  44.501  -30.332  46.814 0.0000000000
62762  44.357  -30.150  46.463 0.0000000000
61562  42.860  -30.890  45.135 0.0000000000
60407  42.860  -31.571  45.457 0.0000000000
61563  42.435  -31.062  44.500 0.0000000000
59262  40.588  -32.580  42.534 0.0000000000
56809  38.696  -34.784  41.044 0.0000000000
51824  38.268  -37.868  43.145 0.0000000000
51825  37.656  -38.016  42.691 0.0000000000
51846  36.328  -37.973  41.457 0.0000000000
51865  36.123  -37.567  40.863 0.0000000000
48072  35.827  -40.981  52.367 0.0000000000
49232  35.138  -40.837  51.467 0.0000000000
49250  34.252  -40.906  49.778 0.0000000000
48102  33.833  -41.336  50.071 0.0000000000
49259  33.815  -40.758  48.740 0.0000000000
45839  28.004  -42.327  43.641 0.0000000000
47066  27.851  -42.182  43.271 0.0000000000
47078  28.044  -41.844  43.036 0.0000000000
47079  27.475  -42.164  42.635 0.0000000000
76064  55.067  -18.859  29.797 0.0000000000
74923  54.442  -19.489  30.125 0.0000000000
74942  55.023  -19.458  29.751 0.0000000000
73753  55.098  -20.135  29.741 0.0000000000
72495  55.497  -20.996  29.825 0.0000000000
72483  55.994  -21.841  30.105 0.0000000000
46847  26.977  -41.794  57.904 0.0000000000
45613  26.481  -41.853  58.308 0.0000000000
45614  26.255  -41.941  58.565 0.0000000000
46812  25.289  -42.448  59.361 0.0000000000
46794  24.152  -42.237  59.960 0.0000000000
47999  23.647  -42.089  59.769 0.0000000000
49152  22.917  -40.687  60.283 0.0000000000
47969  37.462  -41.746  61.224 0.0000000000
44318  37.149  -44.174  60.882 0.0000000000
44340  37.399  -44.381  60.143 0.0000000000
44320  35.145  -43.823  61.352 0.0000000000
44360  34.818  -43.771  59.914 0.0000000000
45572  34.159  -43.491  59.836 0.0000000000
45595  33.038  -42.884  59.251 0.0000000000
45489  33.319  -42.490  62.487 0.0000000000
44300  33.248  -42.991  61.830 0.0000000000
44345  32.907  -43.090  61.209 0.0000000000
45551  33.144  -43.164  60.654 0.0000000000
46806  32.520  -42.701  59.450 0.0000000000
46826  31.541  -42.483  58.714 0.0000000000
73505  51.979  -21.096  46.005 0.0000000000
73506  51.725  -21.216  46.116 0.0000000000
72242  51.297  -21.820  46.617 0.0000000000
70992  50.998  -22.001  46.864 0.0000000000
72229  51.088  -21.602  47.191 0.0000000000
70993  50.490  -22.386  47.183 0.0000000000
69770  49.835  -22.906  48.236 0.0000000000
67416  48.401  -25.684  47.785 0.0000000000
57855  45.336  -33.528  50.536 0.0000000000
54142  46.157  -36.388  52.690 0.0000000000
54143  45.815  -36.240  52.268 0.0000000000
55363  45.831  -35.417  51.990 0.0000000000
54184  45.056  -36.551  50.969 0.0000000000
56607  45.446  -34.605  51.123 0.0000000000
57882  44.308  -33.837  49.278 0.0000000000
57910  43.327  -34.236  47.983 0.0000000000
56722  41.977  -34.835  45.555 0.0000000000
56723  41.597  -34.803  45.054 0.0000000000
55465  41.590  -35.610  45.297 0.0000000000
54295  41.296  -36.418  44.937 0.0000000000
53034  41.082  -37.354  45.228 0.0000000000
53045  40.953  -36.918  44.696 0.0000000000
53046  40.313  -37.303  44.427 0.0000000000
50506  41.882  -38.436  47.597 0.0000000000
50521  41.083  -38.417  46.524 0.0000000000
50522  40.481  -38.494  46.289 0.0000000000
50536  40.229  -38.405  45.708 0.0000000000
51772  39.986  -38.267  45.318 0.0000000000
51789  38.997  -38.181  44.533 0.0000000000
51791  37.474  -38.512  43.982 0.0000000000
51792  36.716  -38.470  43.823 0.0000000000
50574  35.325  -38.627  42.908 0.0000000000
43387  31.585  -43.665  49.281 0.0000000000
44539  32.012  -43.610  49.225 0.0000000000
44561  31.431  -43.765  48.583 0.0000000000
45787  29.932  -43.186  47.682 0.0000000000
44580  29.646  -43.826  46.249 0.0000000000
44600  29.529  -43.802  45.615 0.0000000000
48138  27.333  -41.501  46.592 0.0000000000
45824  27.001  -42.543  44.341 0.0000000000
74895  52.263  -19.330  32.688 0.0000000000
72433  53.864  -20.816  32.876 0.0000000000
73693  54.284  -20.424  33.406 0.0000000000
72429  56.808  -21.277  33.809 0.0000000000
46942  22.219  -42.314  53.862 0.0000000000
45635  23.252  -42.419  56.503 0.0000000000
45657  22.537  -42.374  55.342 0.0000000000
45694  22.056  -42.732  54.126 0.0000000000
46943  21.723  -42.691  53.411 0.0000000000
47996  42.757  -40.969  58.975 0.0000000000
49187  44.020  -39.971  58.096 0.0000000000
50413  44.340  -39.625  57.502 0.0000000000
48025  44.232  -40.216  56.649 0.0000000000
48034  43.946  -40.472  56.201 0.0000000000
48042  43.080  -40.595  55.529 0.0000000000
49203  43.508  -40.403  55.409 0.0000000000
49214  41.660  -39.673  53.357 0.0000000000
49210  39.494  -40.678  54.204 0.0000000000
49217  38.447  -40.655  53.395 0.0000000000
48058  38.007  -40.860  53.416 0.0000000000
48059  37.325  -40.991  53.141 0.0000000000
45650  39.320  -42.495  56.290 0.0000000000
46885  38.594  -42.194  55.698 0.0000000000
48053  36.874  -41.257  53.687 0.0000000000
48060  36.346  -41.194  52.947 0.0000000000
48061  35.636  -41.341  52.662 0.0000000000
46970  34.640  -41.670  52.060 0.0000000000
46971  33.877  -42.137  51.740 0.0000000000
46972  33.199  -42.649  51.228 0.0000000000
45741  32.790  -42.971  50.949 0.0000000000
44488  32.315  -43.327  50.610 0.0000000000
43251  36.297  -44.270  58.060 0.0000000000
44392  35.765  -44.297  58.098 0.0000000000
43264  36.133  -44.079  57.604 0.0000000000
43265  35.564  -44.002  57.069 0.0000000000
43276  35.189  -43.891  56.449 0.0000000000
43287  34.946  -43.764  55.944 0.0000000000
45633  33.700  -43.473  56.632 0.0000000000
45655  33.662  -43.574  56.012 0.0000000000
43278  34.150  -43.697  55.577 0.0000000000
43288  34.440  -43.572  55.329 0.0000000000
43296  34.035  -43.437  54.394 0.0000000000
43304  33.516  -43.399  53.770 0.0000000000
44456  33.300  -43.376  53.143 0.0000000000
43306  32.947  -43.608  53.018 0.0000000000
44457  32.643  -43.436  52.704 0.0000000000
43314  32.023  -43.532  50.557 0.0000000000
43336  32.176  -43.708  50.045 0.0000000000
43388  31.334  -43.637  49.571 0.0000000000
45758  30.747  -43.508  49.511 0.0000000000
46994  30.460  -43.143  49.764 0.0000000000
45744  30.422  -42.877  50.484 0.0000000000
46983  30.392  -42.870  50.145 0.0000000000
48117  29.219  -41.372  49.048 0.0000000000
48062  29.453  -41.334  52.166 0.0000000000
49252  25.312  -40.563  48.975 0.0000000000
48108  24.834  -40.703  48.783 0.0000000000
71149  52.300  -22.171  36.180 0.0000000000
71172  52.471  -22.627  35.697 0.0000000000
68807  50.894  -24.193  35.681 0.0000000000
68806  51.507  -24.248  35.545 0.0000000000
67570  47.694  -25.764  37.449 0.0000000000
67592  47.918  -26.158  36.779 0.0000000000
66439  48.308  -26.533  36.600 0.0000000000
50278  28.394  -39.148  63.159 0.0000000000
49123  27.322  -40.485  62.375 0.0000000000
49124  26.425  -40.640  62.664 0.0000000000
47920  26.047  -40.884  63.360 0.0000000000
49109  25.181  -40.061  63.811 0.0000000000
49090  25.410  -40.747  63.620 0.0000000000
46732  25.489  -41.456  63.318 0.0000000000
47958  24.127  -41.140  62.830 0.0000000000
47943  23.938  -40.882  63.629 0.0000000000
47972  23.493  -41.056  61.308 0.0000000000
50234  22.997  -38.617  65.544 0.0000000000
50242  23.049  -39.022  65.218 0.0000000000
49093  23.146  -39.468  64.396 0.0000000000
49127  22.487  -39.935  61.468 0.0000000000
49139  22.441  -40.070  60.756 0.0000000000
49153  22.308  -40.206  60.030 0.0000000000
49165  22.032  -40.357  59.354 0.0000000000
49179  20.733  -40.495  58.530 0.0000000000
50371  20.563  -39.923  59.752 0.0000000000
49180  19.922  -40.761  58.328 0.0000000000
76038  52.786  -18.201  31.977 0.0000000000
75992  51.320  -18.016  35.179 0.0000000000
74850  51.612  -18.486  35.375 0.0000000000
75985  52.680  -18.494  36.148 0.0000000000
75972  55.403  -18.394  37.115 0.0000000000
74839  55.453  -19.151  37.115 0.0000000000
73648  54.412  -20.108  37.527 0.0000000000
74818  54.954  -18.932  38.314 0.0000000000
68729  48.077  -24.990  39.095 0.0000000000
72271  51.901  -21.445  44.478 0.0000000000
72256  51.864  -21.794  45.130 0.0000000000
72284  51.913  -21.703  44.063 0.0000000000
67530  48.120  -25.026  39.491 0.0000000000
62715  47.886  -28.934  50.955 0.0000000000
60311  46.474  -31.432  50.572 0.0000000000
61466  46.700  -30.864  50.280 0.0000000000
61479  46.399  -30.648  49.519 0.0000000000
61465  47.062  -30.408  50.407 0.0000000000
62716  47.668  -29.436  50.742 0.0000000000
63889  48.153  -28.299  50.756 0.0000000000
63896  47.985  -27.959  50.135 0.0000000000
65093  47.912  -27.675  49.730 0.0000000000
65100  48.097  -27.135  49.426 0.0000000000
66250  47.973  -26.139  47.745 0.0000000000
65144  46.055  -27.110  45.804 0.0000000000
65160  45.394  -27.681  44.106 0.0000000000
63982  44.873  -28.096  43.483 0.0000000000
63948  44.342  -29.184  45.570 0.0000000000
63965  44.054  -28.958  44.797 0.0000000000
65178  44.747  -28.049  43.093 0.0000000000
63998  43.789  -28.236  42.621 0.0000000000
65194  43.601  -28.116  42.266 0.0000000000
64000  42.301  -29.045  42.005 0.0000000000
55507  40.945  -35.225  44.143 0.0000000000
55524  39.950  -35.409  43.066 0.0000000000
54326  40.139  -36.075  43.352 0.0000000000
55542  39.062  -35.054  41.508 0.0000000000
54345  37.767  -36.736  41.401 0.0000000000
54344  38.353  -36.391  41.738 0.0000000000
50457  40.538  -39.387  51.840 0.0000000000
50465  39.980  -39.222  51.170 0.0000000000
50466  39.178  -39.185  50.893 0.0000000000
50498  37.639  -38.855  48.259 0.0000000000
50478  36.999  -39.434  49.799 0.0000000000
50488  37.309  -39.221  49.090 0.0000000000
50541  35.234  -39.045  45.642 0.0000000000
45784  32.135  -43.297  48.480 0.0000000000
47013  32.262  -42.725  47.987 0.0000000000
47021  31.346  -42.819  46.784 0.0000000000
47020  31.973  -42.556  47.301 0.0000000000
48127  32.348  -42.105  47.514 0.0000000000
48134  32.588  -41.509  47.438 0.0000000000
48148  30.488  -41.705  45.230 0.0000000000
49295  30.892  -41.088  45.445 0.0000000000
49294  31.845  -40.830  45.907 0.0000000000
50578  31.536  -39.660  44.082 0.0000000000
71226  53.956  -21.899  31.886 0.0000000000
71234  55.590  -22.612  30.557 0.0000000000
71170  54.751  -22.553  35.432 0.0000000000
43227  39.422  -43.618  58.435 0.0000000000
43235  39.734  -43.568  58.299 0.0000000000
43236  39.293  -43.585  58.186 0.0000000000
43238  36.261  -44.375  58.354 0.0000000000
43239  36.015  -44.357  58.158 0.0000000000
43248  39.754  -43.506  57.974 0.0000000000
43250  38.949  -43.485  57.778 0.0000000000
43252  35.758  -44.203  57.720 0.0000000000
43316  31.325  -43.303  51.090 0.0000000000
43338  31.404  -43.450  50.485 0.0000000000
43365  31.889  -43.603  49.464 0.0000000000
43366  31.608  -43.588  49.730 0.0000000000
43367  31.301  -43.542  50.040 0.0000000000
43386  31.798  -43.680  49.116 0.0000000000
44290  28.874  -42.510  62.351 0.0000000000
44354  39.999  -43.569  58.674 0.0000000000
44405  40.274  -42.828  57.297 0.0000000000
44445  32.604  -43.457  53.282 0.0000000000
44516  30.981  -43.566  49.818 0.0000000000
44540  31.647  -43.761  48.945 0.0000000000
44581  29.273  -43.591  46.356 0.0000000000
44620  29.907  -43.555  45.139 0.0000000000
45488  33.659  -42.466  62.398 0.0000000000
45549  34.358  -43.596  60.309 0.0000000000
45601  23.184  -42.598  57.834 0.0000000000
45677  22.442  -42.380  54.885 0.0000000000
45759  30.420  -43.296  49.285 0.0000000000
45772  32.188  -43.241  48.802 0.0000000000
45807  29.414  -43.423  45.335 0.0000000000
46731  25.741  -41.268  63.348 0.0000000000
46764  34.105  -42.381  62.360 0.0000000000
46777  36.036  -42.849  61.810 0.0000000000
46792  29.213  -42.439  60.116 0.0000000000
46802  42.439  -41.377  59.023 0.0000000000
46805  40.783  -42.827  59.705 0.0000000000
46871  23.182  -42.386  56.285 0.0000000000
46872  22.123  -42.165  56.734 0.0000000000
46982  32.555  -42.935  49.997 0.0000000000
47064  28.871  -41.825  43.969 0.0000000000
47909  24.071  -40.018  64.695 0.0000000000
47955  27.462  -41.015  62.446 0.0000000000
47998  41.936  -41.574  59.457 0.0000000000
48031  19.449  -41.862  56.550 0.0000000000
48033  44.229  -40.247  56.364 0.0000000000
49122  28.023  -40.286  62.497 0.0000000000
49205  44.097  -39.809  54.835 0.0000000000
49224  36.227  -40.817  52.359 0.0000000000
49296  30.611  -41.276  45.190 0.0000000000
50240  24.217  -39.349  64.882 0.0000000000
50281  23.339  -39.811  63.518 0.0000000000
51472  28.639  -38.772  63.419 0.0000000000
51492  21.642  -39.365  61.703 0.0000000000
51493  21.468  -39.133  61.839 0.0000000000
51508  21.179  -39.041  61.651 0.0000000000
51728  40.700  -38.707  49.800 0.0000000000
51734  40.835  -38.667  49.614 0.0000000000
51735  40.619  -38.734  49.583 0.0000000000
52994  44.006  -37.576  49.545 0.0000000000
54208  43.775  -36.955  49.221 0.0000000000
55400  43.889  -35.652  49.227 0.0000000000
55442  42.312  -35.620  46.537 0.0000000000
56562  47.290  -34.281  53.153 0.0000000000
59163  43.972  -32.805  48.085 0.0000000000
65092  48.275  -27.433  50.123 0.0000000000
66415  47.869  -26.767  36.668 0.0000000000
67487  48.951  -25.076  41.334 0.0000000000
71017  52.083  -21.961  45.367 0.0000000000
71018  52.196  -22.034  45.566 0.0000000000
73544  51.979  -21.140  44.400 0.0000000000
