#!ascii label  , from subject sub.01.dh.02 vox2ras=TkReg
628
51451  29.653  -38.869  63.831 0.0000000000
71024  44.677  -22.245  45.771 0.0000000000
74755  52.417  -20.282  43.483 0.0000000000
61428  47.954  -30.500  54.695 0.0000000000
52792  36.783  -39.452  58.528 0.0000000000
46743  33.820  -42.179  62.554 0.0000000000
73528  48.873  -21.192  45.551 0.0000000000
73421  48.384  -21.792  49.812 0.0000000000
59010  44.948  -32.942  56.290 0.0000000000
50361  41.598  -40.006  59.503 0.0000000000
77052  51.011  -16.992  34.876 0.0000000000
74807  51.750  -19.232  39.535 0.0000000000
63884  44.509  -28.871  51.374 0.0000000000
69715  46.817  -24.149  51.999 0.0000000000
51485  33.344  -40.190  61.932 0.0000000000
49086  32.107  -40.636  63.598 0.0000000000
72260  46.841  -21.946  45.644 0.0000000000
73464  49.146  -21.097  47.798 0.0000000000
73467  46.649  -21.300  48.559 0.0000000000
52866  46.065  -37.359  55.644 0.0000000000
49135  38.033  -40.954  60.948 0.0000000000
51515  39.312  -40.002  59.845 0.0000000000
47985  40.054  -41.680  60.419 0.0000000000
78092  50.100  -16.389  35.340 0.0000000000
75976  52.371  -18.100  36.646 0.0000000000
77022  51.313  -18.119  37.302 0.0000000000
73581  50.767  -21.103  42.215 0.0000000000
73612  50.040  -20.985  40.283 0.0000000000
74783  52.417  -19.673  41.680 0.0000000000
75930  53.813  -18.488  40.691 0.0000000000
73561  53.651  -20.039  42.955 0.0000000000
60241  46.116  -31.565  56.140 0.0000000000
61429  44.937  -30.472  54.301 0.0000000000
63862  46.035  -28.410  54.676 0.0000000000
66194  46.111  -26.422  51.365 0.0000000000
66156  47.434  -26.724  54.040 0.0000000000
67316  48.786  -25.815  53.172 0.0000000000
62689  48.519  -29.032  53.438 0.0000000000
50297  35.330  -40.793  61.724 0.0000000000
71057  49.007  -22.146  42.882 0.0000000000
73525  50.917  -20.632  44.576 0.0000000000
74683  51.131  -20.662  47.220 0.0000000000
70967  50.279  -21.900  48.199 0.0000000000
54053  43.180  -36.601  58.209 0.0000000000
55282  45.024  -35.322  57.356 0.0000000000
56459  46.255  -34.265  56.221 0.0000000000
57766  47.412  -33.407  54.519 0.0000000000
59056  47.546  -32.454  53.102 0.0000000000
52811  42.241  -37.751  57.469 0.0000000000
50358  43.361  -39.529  58.982 0.0000000000
76007  51.809  -17.521  33.563 0.0000000000
74831  50.605  -18.838  37.546 0.0000000000
75951  52.800  -17.738  38.915 0.0000000000
75939  54.553  -18.336  39.568 0.0000000000
72205  45.348  -22.404  49.124 0.0000000000
70923  47.695  -22.975  51.148 0.0000000000
68574  49.051  -24.522  51.354 0.0000000000
49089  29.938  -40.244  63.559 0.0000000000
50255  30.892  -39.754  63.752 0.0000000000
47937  30.795  -41.251  63.316 0.0000000000
72262  45.342  -21.925  45.999 0.0000000000
73511  47.081  -21.283  47.098 0.0000000000
72231  45.544  -21.648  47.333 0.0000000000
49134  38.887  -40.902  60.546 0.0000000000
77044  49.850  -17.226  35.726 0.0000000000
77036  50.777  -17.857  36.529 0.0000000000
77037  50.253  -17.761  36.464 0.0000000000
74756  51.895  -20.350  43.206 0.0000000000
73580  51.367  -20.651  41.862 0.0000000000
74770  52.591  -19.780  42.683 0.0000000000
75914  53.316  -19.268  42.464 0.0000000000
61404  46.938  -30.334  55.861 0.0000000000
62649  46.145  -30.116  55.823 0.0000000000
62663  46.760  -29.506  55.578 0.0000000000
65057  46.473  -27.528  54.294 0.0000000000
63848  47.358  -28.432  54.824 0.0000000000
63859  47.975  -28.128  54.028 0.0000000000
61427  48.381  -29.808  54.105 0.0000000000
51484  34.274  -40.533  62.007 0.0000000000
49121  34.988  -41.100  62.083 0.0000000000
47953  35.986  -41.661  61.824 0.0000000000
71034  48.226  -22.094  44.736 0.0000000000
71059  47.799  -22.697  42.720 0.0000000000
72273  49.265  -21.639  44.368 0.0000000000
73566  50.022  -21.240  43.702 0.0000000000
73527  49.592  -20.876  45.232 0.0000000000
74702  50.563  -20.267  46.120 0.0000000000
74703  49.955  -20.356  46.356 0.0000000000
74658  48.922  -21.520  48.453 0.0000000000
74657  49.573  -21.226  48.194 0.0000000000
72202  49.583  -22.113  48.650 0.0000000000
69756  49.602  -23.100  48.585 0.0000000000
70969  49.113  -22.989  49.458 0.0000000000
52808  44.243  -37.569  58.158 0.0000000000
55283  44.235  -35.652  57.693 0.0000000000
52827  44.718  -37.407  57.495 0.0000000000
54078  45.956  -36.224  56.181 0.0000000000
56484  47.184  -34.244  54.856 0.0000000000
50362  40.457  -40.184  59.691 0.0000000000
51562  40.343  -39.557  58.397 0.0000000000
51561  41.713  -38.873  58.180 0.0000000000
52791  42.736  -38.345  58.587 0.0000000000
50360  42.424  -39.730  59.428 0.0000000000
79191  51.519  -15.240  34.527 0.0000000000
77063  51.767  -16.855  33.908 0.0000000000
77034  52.676  -17.852  37.283 0.0000000000
73625  51.073  -20.167  39.688 0.0000000000
72373  49.338  -20.903  38.358 0.0000000000
73639  50.586  -19.988  39.090 0.0000000000
74821  50.214  -19.861  37.893 0.0000000000
74820  50.834  -19.319  38.350 0.0000000000
75953  51.359  -18.707  38.350 0.0000000000
75942  52.393  -18.499  39.479 0.0000000000
74782  54.234  -19.178  41.636 0.0000000000
75929  54.266  -18.650  40.649 0.0000000000
57714  44.747  -33.777  56.727 0.0000000000
59034  44.583  -32.822  55.118 0.0000000000
62701  44.400  -29.510  52.182 0.0000000000
62702  44.355  -30.280  52.732 0.0000000000
67332  46.808  -25.523  52.533 0.0000000000
67370  45.399  -25.129  49.639 0.0000000000
69745  45.820  -23.774  50.529 0.0000000000
70971  44.563  -23.164  48.930 0.0000000000
70940  46.111  -23.358  50.639 0.0000000000
72191  46.384  -22.073  49.945 0.0000000000
69714  47.104  -23.844  52.089 0.0000000000
65079  49.381  -26.852  52.008 0.0000000000
68552  48.913  -24.785  52.095 0.0000000000
66193  49.324  -26.094  51.485 0.0000000000
66205  48.941  -26.268  50.420 0.0000000000
51447  32.706  -40.381  63.033 0.0000000000
47935  32.883  -41.654  63.273 0.0000000000
45511  32.912  -42.774  62.209 0.0000000000
46745  32.172  -41.846  63.044 0.0000000000
73529  48.148  -21.357  46.030 0.0000000000
73509  48.754  -20.970  46.517 0.0000000000
73510  47.930  -21.243  46.894 0.0000000000
73465  48.192  -21.240  48.417 0.0000000000
73423  47.818  -21.526  50.107 0.0000000000
51517  37.614  -40.010  60.122 0.0000000000
51538  38.368  -39.505  59.345 0.0000000000
50343  38.256  -40.100  60.308 0.0000000000
50341  39.685  -40.300  60.048 0.0000000000
49150  40.632  -41.042  60.221 0.0000000000
49148  41.803  -40.792  59.709 0.0000000000
46787  41.186  -42.044  60.000 0.0000000000
77053  50.591  -16.517  35.239 0.0000000000
77042  51.058  -17.649  35.889 0.0000000000
77035  51.676  -17.968  36.822 0.0000000000
77021  52.148  -17.872  37.781 0.0000000000
72305  49.402  -21.887  41.842 0.0000000000
72319  50.418  -21.139  41.100 0.0000000000
73594  51.375  -20.555  41.024 0.0000000000
74797  51.858  -19.891  40.676 0.0000000000
74806  52.591  -18.654  40.052 0.0000000000
75922  53.019  -19.095  41.610 0.0000000000
75913  53.957  -18.951  42.278 0.0000000000
60230  45.949  -31.895  56.426 0.0000000000
60254  44.945  -31.470  55.642 0.0000000000
61419  45.167  -30.824  55.437 0.0000000000
62680  45.400  -29.649  54.623 0.0000000000
65075  45.566  -28.035  52.830 0.0000000000
65087  45.678  -27.319  51.110 0.0000000000
65074  46.108  -27.307  53.097 0.0000000000
66171  46.565  -26.529  53.366 0.0000000000
67319  47.201  -25.692  53.195 0.0000000000
68536  47.455  -24.908  52.801 0.0000000000
67306  47.854  -26.086  53.794 0.0000000000
63869  48.770  -27.405  53.280 0.0000000000
63877  48.798  -28.268  52.809 0.0000000000
51521  34.041  -39.932  60.440 0.0000000000
51519  35.571  -40.292  60.131 0.0000000000
51518  36.595  -40.289  60.011 0.0000000000
50295  36.768  -40.776  61.138 0.0000000000
47952  36.645  -41.671  61.580 0.0000000000
72293  50.081  -21.548  42.492 0.0000000000
73545  51.160  -20.688  43.677 0.0000000000
74738  51.647  -20.573  44.122 0.0000000000
74719  51.642  -20.743  45.447 0.0000000000
74700  51.653  -20.811  46.260 0.0000000000
72229  51.088  -21.602  47.191 0.0000000000
73463  49.855  -20.582  47.524 0.0000000000
73462  50.896  -20.940  48.030 0.0000000000
55297  42.278  -36.311  57.331 0.0000000000
56416  43.205  -35.533  57.741 0.0000000000
56415  43.865  -34.959  57.481 0.0000000000
57693  45.056  -33.822  57.143 0.0000000000
54079  45.638  -36.755  56.443 0.0000000000
55281  45.499  -34.706  57.054 0.0000000000
57713  45.998  -33.812  56.839 0.0000000000
59020  46.269  -32.597  56.115 0.0000000000
59033  46.745  -32.704  55.589 0.0000000000
60265  47.869  -31.478  54.434 0.0000000000
60275  47.902  -31.516  53.498 0.0000000000
59043  47.694  -32.485  54.054 0.0000000000
54055  42.363  -36.924  57.695 0.0000000000
52790  43.147  -37.959  58.529 0.0000000000
50379  43.838  -39.304  58.467 0.0000000000
47981  42.543  -40.730  59.363 0.0000000000
49176  43.381  -40.527  58.619 0.0000000000
77062  52.233  -17.113  33.352 0.0000000000
75977  49.870  -18.237  36.434 0.0000000000
75965  50.422  -18.406  37.048 0.0000000000
75963  51.648  -18.161  37.867 0.0000000000
77010  53.391  -17.493  38.794 0.0000000000
75941  53.154  -18.061  39.663 0.0000000000
77004  53.900  -17.678  39.364 0.0000000000
77009  54.219  -17.609  38.803 0.0000000000
60266  44.483  -31.925  54.502 0.0000000000
70982  44.211  -22.821  48.201 0.0000000000
72232  44.845  -21.999  47.426 0.0000000000
72204  46.090  -21.648  48.906 0.0000000000
73424  47.298  -21.640  50.089 0.0000000000
72175  47.923  -22.151  50.699 0.0000000000
68554  48.076  -23.909  52.422 0.0000000000
69731  48.347  -23.395  51.250 0.0000000000
69730  48.816  -23.622  50.862 0.0000000000
68603  49.315  -24.325  49.888 0.0000000000
60274  48.110  -30.710  52.997 0.0000000000
61444  48.121  -30.086  52.305 0.0000000000
50256  29.899  -39.600  63.758 0.0000000000
50276  29.568  -39.971  63.454 0.0000000000
50277  28.932  -39.593  63.270 0.0000000000
72245  45.764  -21.694  46.545 0.0000000000
72246  45.051  -21.881  46.602 0.0000000000
74769  52.969  -19.731  43.101 0.0000000000
74754  52.814  -20.218  43.347 0.0000000000
61416  47.355  -30.127  55.463 0.0000000000
61417  46.928  -30.048  55.850 0.0000000000
63849  46.962  -28.463  55.026 0.0000000000
62662  47.537  -29.063  55.059 0.0000000000
62678  48.000  -28.918  54.625 0.0000000000
61415  47.936  -29.597  54.772 0.0000000000
47933  33.980  -41.489  62.616 0.0000000000
49102  34.374  -41.065  62.350 0.0000000000
46742  34.269  -41.889  62.495 0.0000000000
46763  34.583  -42.278  62.294 0.0000000000
72258  48.314  -21.623  45.411 0.0000000000
71046  48.320  -22.273  44.238 0.0000000000
73548  49.219  -21.300  44.854 0.0000000000
73507  50.082  -20.496  45.675 0.0000000000
73508  49.462  -20.699  46.073 0.0000000000
73441  48.748  -21.748  49.027 0.0000000000
72203  48.945  -22.383  49.274 0.0000000000
52828  44.380  -37.913  57.898 0.0000000000
52807  44.393  -37.026  57.990 0.0000000000
51586  44.530  -38.313  57.646 0.0000000000
51536  40.991  -39.670  59.103 0.0000000000
51535  42.017  -39.321  59.072 0.0000000000
78102  50.823  -15.989  34.884 0.0000000000
78101  51.855  -16.051  34.281 0.0000000000
74808  51.047  -19.663  39.154 0.0000000000
74819  51.477  -18.847  38.717 0.0000000000
73592  54.368  -19.741  41.242 0.0000000000
74795  54.587  -19.035  40.497 0.0000000000
59022  44.973  -32.989  55.931 0.0000000000
59021  44.819  -32.480  55.954 0.0000000000
68575  46.640  -24.610  51.876 0.0000000000
68591  46.089  -24.532  51.078 0.0000000000
69733  46.561  -23.802  51.307 0.0000000000
69732  46.954  -23.431  51.344 0.0000000000
65080  49.076  -27.373  51.690 0.0000000000
65085  49.125  -26.792  51.317 0.0000000000
66206  48.591  -26.924  50.283 0.0000000000
50254  31.752  -40.065  63.579 0.0000000000
51448  32.217  -40.142  63.104 0.0000000000
50253  32.455  -40.433  63.333 0.0000000000
49085  32.874  -40.731  63.554 0.0000000000
47917  32.435  -41.252  63.525 0.0000000000
46729  31.995  -41.453  63.394 0.0000000000
72277  46.423  -22.155  45.281 0.0000000000
71048  46.507  -22.905  44.200 0.0000000000
72276  46.661  -22.158  45.252 0.0000000000
71021  47.207  -22.149  45.235 0.0000000000
72243  47.360  -21.504  46.279 0.0000000000
73489  46.815  -21.113  47.887 0.0000000000
73488  47.630  -21.099  47.761 0.0000000000
73466  47.321  -21.182  48.591 0.0000000000
73443  47.664  -21.348  49.387 0.0000000000
50320  37.537  -40.471  60.747 0.0000000000
50319  38.451  -40.462  60.465 0.0000000000
47967  39.320  -41.352  60.505 0.0000000000
50318  39.155  -40.506  60.283 0.0000000000
49151  39.777  -40.839  60.421 0.0000000000
50340  40.367  -40.580  60.079 0.0000000000
49149  41.232  -41.102  59.965 0.0000000000
79181  50.084  -15.812  35.085 0.0000000000
79180  50.354  -15.898  35.126 0.0000000000
78091  50.394  -16.309  35.284 0.0000000000
77043  50.376  -17.098  35.628 0.0000000000
72304  50.268  -21.391  41.639 0.0000000000
74771  51.918  -20.201  42.300 0.0000000000
74784  51.822  -20.214  41.506 0.0000000000
74796  52.541  -19.226  40.692 0.0000000000
75904  53.594  -19.487  42.822 0.0000000000
74768  53.972  -19.453  42.596 0.0000000000
73578  54.114  -19.852  42.238 0.0000000000
60242  45.600  -31.621  56.181 0.0000000000
61406  45.776  -30.658  55.916 0.0000000000
62664  45.933  -29.607  55.403 0.0000000000
63863  45.665  -28.785  54.417 0.0000000000
63872  45.379  -28.706  53.682 0.0000000000
63871  45.740  -28.226  54.118 0.0000000000
65067  45.749  -27.937  53.585 0.0000000000
65056  46.963  -27.545  54.486 0.0000000000
66158  46.460  -27.026  53.925 0.0000000000
66157  46.867  -26.629  53.864 0.0000000000
66170  46.875  -26.169  53.416 0.0000000000
67307  47.406  -26.140  53.675 0.0000000000
63870  48.511  -27.982  53.521 0.0000000000
63876  49.003  -27.552  53.026 0.0000000000
51504  32.836  -39.964  61.325 0.0000000000
50323  33.047  -39.927  60.883 0.0000000000
51503  33.582  -39.997  61.076 0.0000000000
51483  34.954  -40.728  61.786 0.0000000000
51502  34.532  -40.257  61.147 0.0000000000
51501  35.519  -40.557  61.118 0.0000000000
50322  36.055  -40.731  61.132 0.0000000000
51500  36.653  -40.529  60.605 0.0000000000
50296  36.129  -40.830  61.374 0.0000000000
71058  48.644  -22.306  43.182 0.0000000000
71066  49.013  -22.171  42.572 0.0000000000
72294  49.365  -21.950  42.914 0.0000000000
73526  50.253  -20.736  44.896 0.0000000000
73546  50.447  -20.895  44.075 0.0000000000
74720  50.989  -20.544  45.088 0.0000000000
74701  51.233  -20.349  46.264 0.0000000000
74682  51.451  -20.780  46.758 0.0000000000
73483  51.515  -20.995  46.772 0.0000000000
73484  51.228  -21.156  47.362 0.0000000000
73486  49.505  -20.568  47.003 0.0000000000
74672  49.505  -20.876  47.855 0.0000000000
73440  49.788  -21.334  48.220 0.0000000000
73439  50.429  -21.002  48.177 0.0000000000
72201  50.329  -21.344  48.182 0.0000000000
72216  50.815  -21.433  47.816 0.0000000000
55285  42.709  -35.986  57.924 0.0000000000
55296  42.527  -35.863  57.542 0.0000000000
56414  44.695  -34.625  57.390 0.0000000000
52846  45.478  -37.465  56.523 0.0000000000
52845  45.782  -36.963  56.176 0.0000000000
55308  46.402  -35.199  55.782 0.0000000000
55294  45.892  -35.104  56.557 0.0000000000
56412  45.518  -34.086  57.030 0.0000000000
56433  45.808  -34.177  56.764 0.0000000000
57730  46.049  -33.459  56.504 0.0000000000
57744  47.004  -33.405  55.244 0.0000000000
59032  47.375  -32.368  55.038 0.0000000000
57785  47.471  -33.571  53.632 0.0000000000
51564  37.897  -39.303  58.441 0.0000000000
51587  41.689  -38.376  57.189 0.0000000000
52829  41.927  -37.545  56.913 0.0000000000
54067  42.125  -36.959  57.255 0.0000000000
51534  42.738  -38.911  59.009 0.0000000000
51533  43.240  -38.827  58.820 0.0000000000
51532  43.607  -38.828  58.591 0.0000000000
49147  42.429  -40.448  59.551 0.0000000000
49188  43.616  -40.730  57.726 0.0000000000
76021  52.109  -18.022  33.065 0.0000000000
72339  49.516  -21.233  40.080 0.0000000000
72340  48.710  -21.689  39.707 0.0000000000
72360  49.406  -21.037  39.172 0.0000000000
74832  50.078  -19.256  37.207 0.0000000000
75952  52.079  -18.311  38.626 0.0000000000
77011  52.700  -17.721  38.427 0.0000000000
75931  53.200  -18.715  40.715 0.0000000000
75940  54.121  -18.030  39.963 0.0000000000
77003  54.392  -17.888  39.348 0.0000000000
77002  54.586  -18.020  39.310 0.0000000000
61430  44.715  -31.208  54.884 0.0000000000
61437  44.530  -30.965  53.655 0.0000000000
65081  45.966  -27.317  52.107 0.0000000000
68604  44.963  -24.473  49.372 0.0000000000
70970  45.153  -22.861  49.305 0.0000000000
72206  44.714  -22.664  48.620 0.0000000000
70994  44.246  -22.510  47.505 0.0000000000
72219  44.748  -22.313  48.207 0.0000000000
72218  45.386  -21.809  48.197 0.0000000000
72163  47.337  -22.806  50.953 0.0000000000
72177  47.278  -22.298  50.691 0.0000000000
72176  47.650  -22.076  50.693 0.0000000000
73408  47.874  -21.775  50.520 0.0000000000
72161  47.647  -22.361  50.781 0.0000000000
68535  47.921  -24.827  52.974 0.0000000000
69693  47.501  -24.229  52.554 0.0000000000
68534  48.295  -25.088  53.030 0.0000000000
69711  48.639  -24.069  51.705 0.0000000000
69744  49.173  -23.564  50.074 0.0000000000
68590  49.199  -24.212  50.638 0.0000000000
67387  49.175  -25.255  49.602 0.0000000000
60264  48.279  -30.710  53.855 0.0000000000
60285  47.646  -31.234  52.457 0.0000000000
49087  31.368  -40.411  63.684 0.0000000000
47918  31.625  -41.106  63.513 0.0000000000
49088  30.604  -40.379  63.677 0.0000000000
49104  30.169  -40.752  63.350 0.0000000000
71037  45.944  -22.398  44.932 0.0000000000
72261  46.003  -21.963  45.757 0.0000000000
72244  46.536  -21.589  46.424 0.0000000000
72230  46.289  -21.413  47.223 0.0000000000
72217  46.108  -21.428  48.022 0.0000000000
47969  37.462  -41.746  61.224 0.0000000000
47968  38.465  -41.678  60.651 0.0000000000
47986  39.234  -41.915  60.394 0.0000000000
73564  51.313  -20.701  42.750 0.0000000000
75915  52.850  -19.363  42.180 0.0000000000
75905  53.288  -19.636  42.996 0.0000000000
60240  46.887  -30.877  55.827 0.0000000000
61405  46.498  -30.352  55.936 0.0000000000
63850  46.444  -28.824  55.098 0.0000000000
63861  46.567  -28.150  54.718 0.0000000000
65045  46.989  -27.792  54.633 0.0000000000
65055  47.559  -27.640  54.213 0.0000000000
63860  47.699  -28.488  54.537 0.0000000000
62677  48.165  -28.895  54.274 0.0000000000
50274  34.081  -40.793  62.338 0.0000000000
50273  34.677  -40.853  62.092 0.0000000000
49120  35.686  -41.117  61.817 0.0000000000
47954  35.265  -41.673  62.096 0.0000000000
71047  47.497  -22.729  43.815 0.0000000000
72287  48.996  -22.071  43.992 0.0000000000
72286  49.524  -21.692  43.725 0.0000000000
73547  49.758  -21.178  44.405 0.0000000000
74721  50.627  -20.505  45.320 0.0000000000
74684  50.504  -20.266  47.060 0.0000000000
74673  48.766  -21.379  48.346 0.0000000000
70968  49.595  -22.597  48.665 0.0000000000
69757  49.346  -23.470  49.134 0.0000000000
54052  43.926  -36.794  58.328 0.0000000000
55284  43.502  -35.885  57.965 0.0000000000
54051  44.564  -36.411  57.634 0.0000000000
56485  46.725  -34.276  55.517 0.0000000000
55319  46.919  -35.088  55.044 0.0000000000
55318  47.241  -34.877  54.484 0.0000000000
51537  39.598  -39.800  59.388 0.0000000000
51563  39.004  -39.520  58.489 0.0000000000
51589  39.643  -39.506  57.499 0.0000000000
51588  40.895  -39.187  57.378 0.0000000000
51560  42.380  -38.657  58.637 0.0000000000
50359  42.965  -39.546  59.326 0.0000000000
73626  50.175  -20.654  39.624 0.0000000000
73640  49.995  -20.283  38.597 0.0000000000
73649  49.644  -20.386  37.627 0.0000000000
75920  54.054  -18.806  41.427 0.0000000000
57715  44.458  -34.019  56.428 0.0000000000
62690  44.806  -29.736  53.406 0.0000000000
62691  44.582  -30.316  53.365 0.0000000000
62711  43.961  -30.100  51.391 0.0000000000
67349  46.395  -25.455  51.646 0.0000000000
67369  45.885  -25.471  50.551 0.0000000000
68592  45.616  -24.476  50.139 0.0000000000
69746  45.273  -23.803  49.747 0.0000000000
69758  44.579  -23.826  49.235 0.0000000000
70956  45.531  -23.019  49.886 0.0000000000
70955  46.025  -22.547  50.150 0.0000000000
72192  45.785  -22.444  49.836 0.0000000000
70939  46.560  -22.941  50.661 0.0000000000
70925  47.173  -23.116  51.166 0.0000000000
70924  47.405  -23.219  51.325 0.0000000000
66168  48.924  -26.302  53.160 0.0000000000
67329  48.890  -25.470  52.777 0.0000000000
66182  49.359  -26.151  52.407 0.0000000000
67348  49.243  -25.343  51.864 0.0000000000
67368  49.249  -25.130  50.785 0.0000000000
51486  32.287  -39.953  61.927 0.0000000000
51470  32.215  -40.019  62.624 0.0000000000
51469  33.067  -40.376  62.606 0.0000000000
50252  33.118  -40.551  63.044 0.0000000000
49084  33.407  -40.870  63.121 0.0000000000
47934  33.427  -41.646  63.004 0.0000000000
45489  33.319  -42.490  62.487 0.0000000000
46744  33.059  -42.119  62.912 0.0000000000
45490  32.530  -42.416  62.528 0.0000000000
47936  31.336  -41.489  63.304 0.0000000000
71035  47.720  -22.269  44.814 0.0000000000
72275  48.136  -21.944  45.073 0.0000000000
73487  48.557  -21.071  47.440 0.0000000000
73442  48.286  -21.454  49.203 0.0000000000
73422  48.146  -21.720  50.158 0.0000000000
51585  44.945  -38.292  57.066 0.0000000000
51539  37.292  -39.585  59.160 0.0000000000
51516  38.688  -39.847  59.893 0.0000000000
50342  38.916  -40.160  60.105 0.0000000000
50363  39.736  -40.084  59.756 0.0000000000
50339  41.191  -40.590  59.800 0.0000000000
50338  42.107  -40.279  59.572 0.0000000000
47983  41.535  -41.500  59.798 0.0000000000
46804  41.382  -42.381  59.412 0.0000000000
77020  53.066  -17.566  37.982 0.0000000000
72321  48.973  -21.764  40.809 0.0000000000
72320  49.908  -21.349  40.881 0.0000000000
73595  50.805  -20.936  41.393 0.0000000000
73611  50.648  -20.783  40.529 0.0000000000
73610  51.352  -20.334  40.348 0.0000000000
73624  51.536  -19.929  40.036 0.0000000000
75921  53.642  -18.857  41.586 0.0000000000
60231  45.517  -32.333  56.322 0.0000000000
60243  45.134  -31.937  56.065 0.0000000000
61418  45.615  -30.307  55.525 0.0000000000
62665  45.528  -30.111  55.277 0.0000000000
63878  44.908  -28.782  52.569 0.0000000000
65082  45.307  -28.087  51.788 0.0000000000
65088  45.114  -28.012  50.724 0.0000000000
65066  46.092  -27.497  53.963 0.0000000000
66183  46.399  -26.416  52.400 0.0000000000
67331  47.138  -25.280  52.770 0.0000000000
68556  46.978  -24.632  52.377 0.0000000000
69694  47.294  -24.391  52.565 0.0000000000
67318  47.683  -25.568  53.339 0.0000000000
67317  48.362  -25.731  53.402 0.0000000000
66155  48.075  -26.603  53.794 0.0000000000
65065  48.577  -27.021  53.470 0.0000000000
65073  49.231  -26.924  52.737 0.0000000000
63882  49.125  -27.558  52.366 0.0000000000
52793  36.171  -39.561  58.559 0.0000000000
51541  35.537  -39.902  59.171 0.0000000000
51540  36.397  -39.885  59.217 0.0000000000
51499  37.175  -40.427  60.567 0.0000000000
49136  37.147  -41.048  61.244 0.0000000000
49119  36.380  -41.126  61.509 0.0000000000
72285  49.918  -21.515  43.197 0.0000000000
73565  50.554  -21.117  43.166 0.0000000000
74737  51.946  -20.712  44.372 0.0000000000
74718  51.782  -20.954  45.663 0.0000000000
73485  49.898  -20.223  46.973 0.0000000000
74656  50.225  -20.908  48.110 0.0000000000
74670  50.820  -20.829  48.010 0.0000000000
56462  42.389  -35.812  56.726 0.0000000000
56434  43.637  -34.733  56.843 0.0000000000
57695  44.304  -34.291  56.968 0.0000000000
57694  44.759  -33.983  57.023 0.0000000000
58997  44.746  -33.328  56.876 0.0000000000
54066  45.348  -36.346  56.943 0.0000000000
54065  45.676  -35.770  56.665 0.0000000000
55295  45.497  -35.430  56.948 0.0000000000
56413  45.208  -34.322  57.252 0.0000000000
57692  45.361  -33.741  57.027 0.0000000000
59009  45.345  -33.073  56.530 0.0000000000
59008  45.821  -32.950  56.692 0.0000000000
57745  46.483  -33.431  55.883 0.0000000000
59019  46.791  -31.848  55.695 0.0000000000
60253  47.433  -31.193  55.258 0.0000000000
57806  47.246  -33.452  52.818 0.0000000000
51565  37.170  -39.311  58.288 0.0000000000
55286  42.438  -36.439  57.800 0.0000000000
54054  42.819  -36.795  58.250 0.0000000000
52810  42.569  -37.814  58.111 0.0000000000
52809  43.002  -37.234  58.241 0.0000000000
54039  43.395  -37.190  58.384 0.0000000000
52789  43.696  -37.966  58.478 0.0000000000
51559  44.124  -38.424  58.216 0.0000000000
50394  44.373  -39.106  57.789 0.0000000000
50337  42.682  -40.023  59.611 0.0000000000
49163  43.094  -40.190  59.326 0.0000000000
47996  42.757  -40.969  58.975 0.0000000000
49162  43.350  -39.896  59.144 0.0000000000
49175  43.530  -39.912  58.855 0.0000000000
51452  29.074  -38.810  63.805 0.0000000000
77075  52.888  -16.983  32.647 0.0000000000
77023  50.699  -18.142  37.017 0.0000000000
75964  51.108  -18.498  37.738 0.0000000000
77018  54.792  -17.651  38.119 0.0000000000
71025  43.870  -22.589  45.964 0.0000000000
60255  44.757  -31.915  55.518 0.0000000000
70972  43.821  -23.513  48.576 0.0000000000
71008  43.755  -22.741  46.827 0.0000000000
71007  44.383  -22.284  46.675 0.0000000000
73444  46.908  -21.423  49.321 0.0000000000
73407  48.029  -21.852  50.569 0.0000000000
72190  48.151  -21.939  50.448 0.0000000000
69713  47.596  -23.634  52.004 0.0000000000
68553  48.404  -24.610  52.553 0.0000000000
69712  48.093  -23.581  51.868 0.0000000000
70938  48.019  -22.972  51.088 0.0000000000
70937  48.331  -22.711  50.694 0.0000000000
72189  48.434  -22.099  50.080 0.0000000000
70954  48.762  -22.905  50.096 0.0000000000
61435  48.386  -29.946  53.222 0.0000000000
60284  47.943  -30.648  52.540 0.0000000000
62700  48.479  -29.149  52.541 0.0000000000
46730  31.671  -41.568  63.265 0.0000000000
46746  31.164  -41.901  62.982 0.0000000000
47915  33.573  -41.216  62.976 0.0000000000
47916  33.172  -41.218  63.399 0.0000000000
47919  31.118  -40.767  63.588 0.0000000000
47932  34.585  -41.559  62.340 0.0000000000
50257  29.364  -39.198  63.782 0.0000000000
50298  34.660  -40.746  62.007 0.0000000000
50321  36.724  -40.632  60.902 0.0000000000
51611  41.673  -38.052  56.738 0.0000000000
52847  41.578  -37.759  56.483 0.0000000000
54038  43.568  -37.451  58.497 0.0000000000
56435  42.879  -35.418  57.331 0.0000000000
56436  42.459  -35.828  57.301 0.0000000000
58995  45.648  -33.597  57.057 0.0000000000
58996  45.200  -33.387  56.826 0.0000000000
59011  44.866  -33.480  56.443 0.0000000000
60232  45.346  -32.618  56.318 0.0000000000
60244  44.961  -32.277  55.912 0.0000000000
61407  45.399  -31.240  55.978 0.0000000000
61420  44.875  -31.348  55.430 0.0000000000
61436  44.729  -30.358  53.677 0.0000000000
62648  46.346  -29.889  55.753 0.0000000000
62661  47.922  -29.137  54.742 0.0000000000
62679  45.780  -29.088  54.796 0.0000000000
65044  47.418  -28.164  54.558 0.0000000000
65054  48.142  -27.467  53.806 0.0000000000
65064  48.955  -27.045  53.166 0.0000000000
66169  48.522  -26.395  53.506 0.0000000000
67305  48.113  -26.092  53.754 0.0000000000
67320  46.920  -25.849  53.097 0.0000000000
67330  48.508  -25.215  52.992 0.0000000000
68555  47.053  -24.945  52.699 0.0000000000
70957  45.021  -23.445  49.400 0.0000000000
71022  46.902  -22.173  45.250 0.0000000000
71067  48.556  -22.371  42.083 0.0000000000
72162  47.527  -22.582  50.868 0.0000000000
72174  48.168  -22.154  50.528 0.0000000000
72228  51.395  -21.455  46.716 0.0000000000
72259  47.683  -21.844  45.529 0.0000000000
72274  48.675  -21.772  44.779 0.0000000000
72295  49.144  -22.025  43.451 0.0000000000
73409  47.639  -21.813  50.508 0.0000000000
74655  50.609  -20.825  48.165 0.0000000000
74671  50.243  -20.703  47.805 0.0000000000
74685  50.132  -20.255  46.777 0.0000000000
74699  51.801  -20.934  46.053 0.0000000000
78110  52.100  -16.341  33.962 0.0000000000
