#!ascii label  , from subject sub.01.dh.02 vox2ras=TkReg
891
73152  19.521  -21.469  -18.813 0.2500000000
71922  20.214  -21.977  -18.921 0.2500000000
71914  20.007  -22.569  -18.448 0.7500000000
75598  19.227  -19.413  -19.303 0.2500000000
75610  19.375  -19.323  -19.706 0.3750000000
75597  19.452  -19.853  -19.599 0.2500000000
73153  19.033  -21.243  -18.540 0.2500000000
73151  20.435  -21.172  -19.532 0.7500000000
70725  20.682  -22.641  -18.886 0.8750000000
71921  21.122  -22.014  -19.661 0.8750000000
70741  21.741  -22.613  -20.170 0.8750000000
74390  19.852  -20.590  -19.541 0.3750000000
74401  20.674  -20.448  -20.238 0.8750000000
74389  20.278  -20.726  -19.745 0.7500000000
71960  21.921  -21.724  -21.093 1.0000000000
73162  21.455  -21.142  -20.473 1.0000000000
73163  20.954  -20.963  -19.923 0.8750000000
73150  21.031  -21.308  -19.826 0.8750000000
71938  22.895  -22.532  -21.003 1.0000000000
76680  19.260  -18.715  -19.896 0.2500000000
75608  20.312  -19.368  -20.678 0.7500000000
74416  20.910  -19.803  -21.011 0.8750000000
74402  19.862  -19.961  -20.100 0.7500000000
73183  22.058  -21.111  -21.958 1.0000000000
73184  21.959  -21.024  -21.793 1.0000000000
74415  21.401  -20.411  -21.236 1.0000000000
71958  23.247  -21.791  -21.767 1.0000000000
71959  22.413  -21.750  -21.605 1.0000000000
71939  22.157  -22.359  -20.828 1.0000000000
76662  18.954  -18.557  -19.223 0.1250000000
76679  19.926  -18.571  -20.607 0.6250000000
75620  21.371  -19.441  -21.754 1.0000000000
76678  20.303  -18.852  -20.847 0.8750000000
73202  23.371  -20.807  -22.390 1.0000000000
73212  21.698  -21.225  -23.600 1.0000000000
74440  20.944  -20.734  -23.523 1.0000000000
74439  21.938  -20.353  -22.782 1.0000000000
73182  23.870  -21.408  -21.818 1.0000000000
71967  22.864  -21.212  -22.253 1.0000000000
73181  24.708  -21.009  -21.789 1.0000000000
71957  24.287  -21.940  -21.364 1.0000000000
80960  18.428  -14.403  -21.004 0.2500000000
77703  18.808  -17.857  -19.860 0.2500000000
77702  19.300  -17.810  -20.388 0.3750000000
77716  20.331  -17.850  -21.258 1.0000000000
77717  19.865  -17.703  -20.861 0.6250000000
76695  20.721  -18.625  -21.355 1.0000000000
75638  22.549  -19.012  -22.745 1.0000000000
76711  21.547  -18.653  -22.185 1.0000000000
74438  24.154  -20.154  -22.482 1.0000000000
74454  22.307  -20.188  -23.047 1.0000000000
74452  24.653  -19.644  -22.978 1.0000000000
74451  25.730  -19.469  -23.209 1.0000000000
74437  25.064  -20.181  -22.491 1.0000000000
80959  18.882  -14.687  -21.583 0.5000000000
79894  18.876  -15.383  -21.173 0.3750000000
78820  19.317  -16.681  -20.903 0.5000000000
78830  19.578  -15.723  -21.594 0.5000000000
78828  21.028  -17.023  -22.595 0.8750000000
77728  20.714  -17.583  -21.899 1.0000000000
78838  21.351  -16.124  -23.001 1.0000000000
76725  22.903  -18.511  -22.947 1.0000000000
77727  21.471  -17.791  -22.546 1.0000000000
75654  24.250  -19.082  -23.151 1.0000000000
76722  25.769  -18.709  -24.510 1.0000000000
75653  25.215  -19.186  -23.810 1.0000000000
74436  26.259  -20.128  -22.711 0.8750000000
80972  18.636  -14.117  -21.669 0.5000000000
79904  19.338  -15.053  -21.733 0.5000000000
79903  20.021  -15.135  -22.190 0.6250000000
79911  20.557  -14.811  -22.735 0.6250000000
78839  20.704  -15.477  -22.606 1.0000000000
78829  20.349  -16.370  -22.023 0.7500000000
78837  22.008  -16.758  -23.393 1.0000000000
77745  25.256  -17.236  -24.618 1.0000000000
77746  24.440  -17.175  -24.292 1.0000000000
76740  24.156  -17.686  -23.960 1.0000000000
77736  22.372  -17.711  -23.196 1.0000000000
76738  25.489  -18.087  -24.867 1.0000000000
76723  24.859  -18.624  -24.144 1.0000000000
76724  23.851  -18.310  -23.509 1.0000000000
75651  26.952  -18.628  -24.293 0.8750000000
80971  19.286  -14.350  -22.179 0.5000000000
80970  20.078  -14.291  -22.711 0.8750000000
79918  22.643  -15.310  -24.520 1.0000000000
78849  21.593  -15.389  -23.558 1.0000000000
78845  24.924  -16.418  -24.483 1.0000000000
79917  23.618  -15.375  -24.710 1.0000000000
77748  22.644  -16.783  -23.667 1.0000000000
79916  24.730  -15.349  -24.618 1.0000000000
77734  26.874  -16.965  -24.608 1.0000000000
77744  26.212  -17.223  -24.941 1.0000000000
79915  25.272  -15.879  -24.506 1.0000000000
78836  26.442  -16.240  -24.253 1.0000000000
81989  18.763  -13.427  -22.068 0.5000000000
81987  20.216  -13.767  -23.199 0.8750000000
80981  20.642  -14.276  -23.188 1.0000000000
82010  22.441  -13.462  -24.883 1.0000000000
80988  22.292  -14.331  -24.594 1.0000000000
80980  21.115  -14.284  -23.619 1.0000000000
82009  24.683  -13.468  -24.827 1.0000000000
80986  24.080  -14.267  -25.005 1.0000000000
82008  25.103  -13.441  -24.142 1.0000000000
80985  24.831  -14.277  -24.480 1.0000000000
79908  25.700  -15.291  -24.237 1.0000000000
86186  21.404  -9.194  -25.442 1.0000000000
86166  19.874  -9.823  -23.943 0.3750000000
85081  20.881  -10.183  -24.744 0.8750000000
83990  22.350  -12.334  -25.074 1.0000000000
82974  24.753  -12.554  -25.190 1.0000000000
82975  24.218  -12.658  -25.956 1.0000000000
87249  21.499  -8.481  -25.792 0.8750000000
86204  21.794  -9.267  -25.886 1.0000000000
85099  21.890  -9.532  -25.896 1.0000000000
85080  21.734  -10.214  -25.571 1.0000000000
85098  22.472  -9.866  -26.139 1.0000000000
84005  22.797  -11.778  -25.599 1.0000000000
84003  24.630  -11.715  -25.691 1.0000000000
84002  25.150  -11.578  -24.956 1.0000000000
87267  22.295  -8.047  -26.355 0.7500000000
86202  23.379  -9.440  -26.586 1.0000000000
86184  23.830  -10.021  -26.489 1.0000000000
86182  25.209  -9.843  -25.703 1.0000000000
86183  24.503  -10.105  -26.296 1.0000000000
85077  24.560  -10.860  -26.022 1.0000000000
87266  23.276  -8.494  -26.814 1.0000000000
86201  24.427  -9.488  -26.652 1.0000000000
93650  23.484  -2.494  -27.022 0.1250000000
93644  23.619  -2.368  -25.912 0.1250000000
93658  23.368  -2.649  -28.147 0.2500000000
94683  23.399  -1.917  -27.489 0.1250000000
93668  23.215  -3.138  -28.834 0.3750000000
94693  22.864  -1.649  -28.470 0.2500000000
92581  22.649  -3.291  -30.116 0.5000000000
93669  22.811  -2.241  -29.210 0.2500000000
93676  22.364  -1.977  -30.512 0.3750000000
95622  23.050  -0.988  -28.038 0.2500000000
94702  22.625  -1.032  -28.718 0.2500000000
95637  22.419  0.572  -29.051 0.2500000000
94709  22.327  -0.336  -29.909 0.2500000000
94713  22.110  -1.001  -31.085 0.3750000000
93681  22.463  -1.071  -31.967 0.3750000000
73143  19.065  -21.754  -18.203 0.1250000000
74391  19.167  -20.476  -18.855 0.1250000000
71937  23.829  -22.655  -20.945 1.0000000000
79910  21.126  -14.990  -23.145 0.8750000000
71908  19.372  -22.477  -17.662 0.1250000000
70710  21.389  -24.070  -18.685 0.7500000000
75586  19.132  -19.543  -18.667 0.1250000000
69533  22.038  -24.160  -19.183 1.0000000000
73144  18.812  -21.131  -18.213 0.1250000000
70740  22.433  -23.124  -20.230 1.0000000000
71936  24.884  -22.704  -20.723 1.0000000000
78806  18.923  -17.281  -20.278 0.3750000000
78821  18.652  -15.844  -20.529 0.2500000000
75668  27.322  -18.533  -24.404 0.8750000000
74450  27.016  -19.353  -23.447 0.8750000000
77733  27.268  -17.400  -24.181 0.8750000000
86167  19.156  -9.214  -23.583 0.1250000000
86152  19.226  -9.872  -23.164 0.1250000000
82941  19.047  -12.501  -22.488 0.3750000000
82940  19.622  -12.576  -23.394 0.6250000000
80979  25.329  -14.284  -23.948 1.0000000000
78835  27.002  -16.594  -24.043 0.8750000000
86187  20.338  -9.073  -24.478 0.5000000000
86151  19.673  -10.296  -23.576 0.3750000000
83979  20.245  -11.180  -24.238 0.8750000000
82973  25.203  -12.192  -24.583 1.0000000000
83989  25.449  -11.498  -24.166 1.0000000000
85062  25.460  -10.674  -24.488 1.0000000000
86203  22.145  -9.046  -26.178 1.0000000000
85076  25.126  -10.758  -25.318 1.0000000000
88363  23.241  -7.478  -27.119 0.8750000000
88362  24.084  -8.057  -27.599 1.0000000000
87265  24.317  -8.829  -27.149 1.0000000000
86200  25.092  -9.464  -26.310 1.0000000000
93635  23.672  -2.510  -24.842 0.1250000000
92555  23.487  -3.504  -26.299 0.1250000000
91460  23.544  -4.851  -27.817 0.6250000000
92580  23.070  -3.706  -29.271 0.6250000000
91480  22.865  -3.820  -30.598 0.5000000000
92589  22.830  -2.759  -31.464 0.5000000000
128356  23.349  -0.207  -27.516 0.2500000000
95630  22.807  0.292  -28.001 0.2500000000
93679  22.470  -1.654  -31.471 0.5000000000
128346  22.544  0.928  -28.818 0.1250000000
94715  22.360  0.246  -32.177 0.2500000000
93680  22.502  -0.856  -32.137 0.3750000000
94717  21.849  0.875  -33.046 0.2500000000
71915  19.462  -22.259  -18.282 0.1250000000
71923  19.715  -22.077  -18.588 0.3750000000
70724  21.521  -23.256  -19.365 0.7500000000
74400  21.235  -20.631  -20.605 1.0000000000
71940  21.669  -22.024  -20.482 1.0000000000
76696  20.208  -18.179  -20.975 0.8750000000
75639  22.052  -19.364  -22.664 1.0000000000
73201  24.299  -20.509  -22.247 1.0000000000
75671  21.488  -19.786  -24.403 1.0000000000
78819  20.104  -17.230  -21.375 0.8750000000
76712  21.144  -18.152  -21.981 1.0000000000
77726  21.898  -18.228  -22.725 1.0000000000
74453  23.475  -19.934  -22.693 1.0000000000
75655  22.830  -19.401  -22.818 1.0000000000
77735  23.163  -17.988  -23.386 1.0000000000
77737  21.632  -17.096  -22.995 1.0000000000
76737  26.538  -18.259  -24.871 0.8750000000
78848  22.181  -15.949  -23.779 1.0000000000
78844  25.659  -16.382  -24.621 1.0000000000
76739  24.670  -17.908  -24.314 1.0000000000
77747  23.487  -17.287  -23.829 1.0000000000
78846  24.038  -16.350  -24.481 1.0000000000
77743  26.955  -17.583  -24.910 0.8750000000
80987  23.128  -14.581  -25.016 1.0000000000
79920  21.453  -14.806  -23.700 1.0000000000
78847  23.092  -16.203  -24.206 1.0000000000
79909  25.178  -14.798  -24.380 1.0000000000
81988  19.598  -13.458  -22.803 0.6250000000
82003  20.004  -13.282  -23.545 0.7500000000
82001  21.211  -13.801  -23.949 1.0000000000
82011  21.688  -13.524  -24.319 1.0000000000
80997  22.844  -13.958  -25.118 1.0000000000
82963  22.664  -12.748  -25.283 1.0000000000
82976  23.376  -12.657  -25.857 1.0000000000
82019  23.726  -13.325  -25.684 1.0000000000
82962  25.035  -12.826  -24.544 1.0000000000
82018  24.273  -13.375  -25.445 1.0000000000
80996  23.464  -13.877  -25.292 1.0000000000
84007  21.229  -10.792  -25.191 1.0000000000
85063  20.354  -10.701  -24.310 0.7500000000
82965  21.090  -12.693  -24.456 1.0000000000
83991  21.860  -12.006  -24.838 1.0000000000
84006  21.821  -11.172  -25.317 1.0000000000
84004  23.909  -11.819  -26.324 1.0000000000
85079  22.602  -10.676  -25.898 1.0000000000
85078  23.624  -10.804  -26.272 1.0000000000
92546  23.453  -3.369  -25.266 0.1250000000
94675  23.731  -0.777  -26.879 0.2500000000
93659  23.070  -2.078  -28.476 0.2500000000
92561  23.534  -3.699  -27.402 0.3750000000
92570  23.397  -3.852  -28.433 0.5000000000
92586  22.513  -2.954  -30.986 0.5000000000
128342  22.534  0.991  -30.807 0.2500000000
71895  19.479  -22.721  -16.761 0.1250000000
70711  20.554  -23.471  -18.383 0.6250000000
70723  22.419  -23.796  -19.595 1.0000000000
85051  19.539  -10.798  -23.330 0.5000000000
82952  20.729  -13.113  -24.146 0.8750000000
82953  20.295  -12.714  -24.102 0.8750000000
85050  20.000  -10.751  -23.861 0.7500000000
83980  19.958  -11.676  -23.935 0.8750000000
83993  20.380  -12.076  -24.313 1.0000000000
83992  20.765  -11.514  -24.691 1.0000000000
88368  24.562  -7.360  -27.805 1.0000000000
87264  25.178  -8.760  -26.619 1.0000000000
91442  23.099  -4.269  -25.600 0.3750000000
91468  23.475  -4.838  -28.893 0.7500000000
91479  23.216  -4.520  -29.871 0.7500000000
95642  22.354  0.689  -33.128 0.2500000000
94714  22.796  -0.591  -32.200 0.3750000000
64890  22.701  -28.490  -17.369 0.7500000000
64888  24.870  -28.824  -17.690 0.7500000000
65979  21.612  -27.735  -17.326 0.7500000000
65977  24.246  -28.088  -18.133 0.7500000000
65978  22.954  -27.826  -18.021 0.7500000000
65991  22.904  -26.979  -18.314 0.7500000000
67146  22.123  -26.938  -17.948 0.7500000000
65989  24.738  -27.669  -18.764 0.7500000000
65990  23.733  -27.335  -18.520 0.7500000000
69518  20.767  -24.741  -18.040 0.7500000000
67159  23.342  -26.451  -18.721 0.7500000000
68375  22.694  -25.545  -18.804 0.8750000000
69517  21.989  -24.853  -18.741 0.8750000000
67157  25.238  -27.074  -19.117 0.7500000000
67158  24.242  -26.891  -18.994 0.7500000000
67169  23.860  -26.284  -19.195 0.7500000000
69532  22.940  -24.762  -19.426 0.8750000000
68387  24.874  -25.610  -19.431 0.7500000000
69531  24.181  -24.856  -19.630 0.8750000000
69548  22.997  -23.794  -19.908 0.8750000000
69530  25.230  -24.779  -19.628 0.7500000000
69546  24.516  -24.194  -19.757 0.8750000000
70738  24.412  -23.486  -20.254 0.8750000000
70736  26.599  -23.571  -20.309 0.8750000000
70737  25.561  -23.541  -20.200 0.8750000000
71935  25.997  -22.808  -20.742 0.8750000000
71956  25.380  -21.951  -21.207 0.8750000000
71953  28.750  -22.314  -21.437 0.3750000000
71954  27.652  -22.192  -21.313 0.6250000000
71955  26.539  -22.046  -21.220 0.7500000000
73180  26.006  -21.233  -21.679 0.7500000000
73177  29.105  -21.596  -22.028 0.5000000000
73178  28.138  -21.614  -21.932 0.5000000000
73200  27.771  -21.182  -22.338 0.7500000000
74435  27.440  -20.591  -22.762 0.7500000000
73197  30.299  -20.749  -22.357 0.1250000000
73198  29.343  -20.879  -22.446 0.3750000000
74434  28.635  -20.487  -23.049 0.6250000000
74449  28.078  -20.085  -23.867 0.6250000000
73195  31.857  -20.976  -22.507 0.1250000000
74432  30.646  -20.338  -22.733 0.1250000000
75637  29.225  -19.620  -23.087 0.1250000000
76707  29.683  -19.149  -22.555 0.1250000000
76719  28.295  -18.851  -23.927 0.6250000000
76709  28.146  -18.363  -23.458 0.6250000000
76720  27.637  -18.379  -24.088 0.7500000000
76706  30.605  -19.190  -22.427 0.1250000000
77712  30.456  -18.154  -21.320 0.1250000000
77724  28.281  -18.007  -22.735 0.1250000000
77725  27.682  -17.575  -23.158 0.6250000000
78826  27.148  -16.493  -23.162 0.7500000000
75634  32.024  -19.744  -22.485 0.1250000000
77715  28.066  -17.381  -22.210 0.5000000000
78818  27.586  -16.601  -22.151 0.5000000000
79901  26.813  -15.801  -22.971 0.6250000000
78827  26.829  -16.054  -23.579 0.7500000000
88351  21.375  -7.520  -25.767 0.6250000000
89403  22.773  -6.547  -26.667 0.5000000000
88364  22.297  -7.216  -26.266 0.7500000000
80958  26.512  -14.112  -21.949 0.6250000000
81999  25.948  -13.819  -22.927 0.6250000000
82000  25.628  -13.339  -23.283 0.8750000000
80957  26.939  -13.999  -21.216 0.5000000000
81985  26.168  -13.211  -22.364 0.6250000000
81986  25.840  -12.765  -22.734 0.7500000000
89402  23.538  -6.675  -27.487 0.7500000000
82961  25.375  -12.435  -23.869 0.8750000000
86165  25.541  -9.808  -24.798 0.8750000000
82951  25.655  -12.273  -22.993 0.7500000000
85049  25.560  -10.599  -23.622 0.8750000000
86150  25.606  -9.762  -23.922 0.8750000000
87231  25.676  -8.932  -25.073 0.8750000000
81971  26.634  -13.007  -21.228 0.3750000000
82938  26.315  -12.181  -21.605 0.5000000000
83965  26.104  -11.345  -21.761 0.5000000000
85033  25.609  -10.530  -22.748 0.6250000000
82924  27.209  -12.195  -20.470 0.2500000000
82925  26.644  -12.004  -20.950 0.3750000000
85032  25.923  -10.492  -21.947 0.5000000000
88370  23.675  -7.139  -27.673 0.7500000000
88369  23.976  -7.356  -27.857 0.8750000000
88350  25.876  -7.840  -26.133 0.7500000000
88337  25.911  -8.091  -25.280 0.8750000000
86130  25.609  -9.672  -23.065 0.6250000000
85017  26.471  -10.472  -21.326 0.3750000000
86117  26.359  -9.641  -21.522 0.5000000000
88321  26.126  -7.736  -23.821 0.7500000000
85016  26.995  -10.433  -20.689 0.2500000000
90382  23.386  -5.775  -27.148 0.6250000000
89408  24.368  -6.788  -28.453 0.8750000000
88361  25.222  -7.755  -27.216 0.8750000000
89416  24.916  -6.348  -28.919 0.7500000000
89395  25.894  -7.070  -26.500 0.8750000000
88349  26.269  -7.351  -25.342 0.7500000000
87213  25.865  -8.343  -23.359 0.5000000000
88280  26.833  -7.934  -21.381 0.2500000000
88292  26.530  -7.658  -22.021 0.5000000000
86129  25.852  -9.585  -22.198 0.5000000000
90397  23.822  -5.746  -29.416 0.6250000000
89418  24.058  -6.104  -29.988 0.7500000000
89426  24.928  -6.217  -29.692 0.7500000000
89431  24.927  -6.032  -30.189 0.7500000000
90395  25.263  -5.761  -29.263 0.7500000000
91451  25.588  -4.941  -27.894 0.7500000000
90387  25.392  -5.815  -28.427 0.7500000000
91477  25.182  -5.130  -30.084 0.7500000000
90381  25.630  -5.806  -27.480 0.7500000000
89400  26.189  -6.374  -26.362 0.7500000000
90380  26.081  -5.717  -26.618 0.7500000000
89385  26.651  -6.595  -24.790 0.5000000000
90363  26.865  -5.995  -25.250 0.3750000000
89394  26.419  -6.719  -25.788 0.6250000000
89340  27.114  -6.788  -22.077 0.2500000000
89371  26.999  -6.362  -23.434 0.3750000000
89384  26.889  -6.183  -24.032 0.3750000000
90407  23.856  -5.293  -30.174 0.7500000000
91484  24.899  -4.967  -30.363 0.7500000000
92568  25.055  -4.165  -29.383 0.7500000000
92560  25.355  -4.064  -28.331 0.7500000000
91450  25.892  -4.902  -26.958 0.6250000000
90373  27.195  -5.354  -25.197 0.3750000000
91441  26.509  -4.855  -26.231 0.3750000000
89355  27.610  -6.308  -22.305 0.1250000000
90350  27.798  -5.266  -23.421 0.1250000000
91422  27.634  -5.137  -23.899 0.2500000000
90413  23.942  -4.682  -30.604 0.6250000000
90414  24.184  -4.482  -30.624 0.7500000000
92579  24.792  -3.879  -30.049 0.6250000000
92553  26.149  -4.021  -26.459 0.3750000000
92554  25.670  -3.979  -27.306 0.3750000000
92544  27.768  -3.770  -25.327 0.2500000000
91440  27.230  -4.741  -25.597 0.3750000000
91420  29.130  -4.203  -23.234 0.1250000000
91421  28.287  -4.625  -23.547 0.1250000000
91406  28.486  -5.145  -22.798 0.1250000000
91486  23.414  -4.302  -30.583 0.6250000000
91489  23.586  -3.799  -31.021 0.6250000000
93667  24.648  -2.818  -30.351 0.3750000000
92585  24.388  -3.523  -30.771 0.3750000000
93666  25.041  -3.209  -29.614 0.3750000000
93643  25.850  -2.885  -26.531 0.2500000000
93657  25.316  -3.239  -28.844 0.3750000000
92543  28.127  -3.159  -25.022 0.1250000000
92545  26.808  -3.967  -25.903 0.3750000000
93642  26.327  -3.462  -26.074 0.3750000000
91419  29.845  -3.990  -23.330 0.1250000000
93677  23.466  -2.212  -31.434 0.3750000000
91490  23.168  -3.324  -31.347 0.3750000000
92587  23.875  -3.236  -31.279 0.3750000000
94708  24.239  -1.698  -30.579 0.3750000000
93675  24.118  -2.541  -31.073 0.3750000000
94691  24.801  -1.448  -28.405 0.3750000000
94701  24.784  -1.950  -29.496 0.3750000000
94681  25.417  -1.714  -27.549 0.3750000000
93649  25.500  -3.028  -27.857 0.3750000000
94690  25.234  -2.327  -28.573 0.3750000000
94662  28.733  -1.778  -25.860 0.1250000000
94665  26.407  -2.173  -25.740 0.1250000000
94674  26.077  -1.534  -26.188 0.2500000000
93622  29.020  -3.103  -24.700 0.1250000000
95639  23.728  -0.425  -31.915 0.2500000000
95638  24.106  -0.499  -31.091 0.2500000000
94711  23.750  -1.470  -31.341 0.3750000000
96519  24.781  -0.174  -28.766 0.1250000000
95636  24.348  -0.637  -30.041 0.3750000000
95614  25.282  -0.853  -27.774 0.1250000000
95606  27.497  -0.494  -26.852 0.1250000000
94712  23.312  -1.172  -31.974 0.3750000000
96527  24.774  0.195  -29.439 0.1250000000
96535  24.669  0.786  -30.723 0.1250000000
96526  25.754  1.144  -29.827 0.1250000000
96534  25.466  1.349  -30.719 0.1250000000
95605  28.310  -0.742  -27.130 0.1250000000
96517  26.412  0.637  -28.843 0.1250000000
97457  25.858  1.333  -33.051 0.1250000000
96525  27.009  1.022  -29.712 0.1250000000
97443  26.213  1.594  -31.085 0.1250000000
95618  28.581  -0.763  -28.797 0.1250000000
95610  28.582  -0.902  -27.835 0.1250000000
69547  23.736  -24.050  -19.882 0.8750000000
71934  27.104  -22.897  -20.754 0.6250000000
79892  26.959  -15.301  -21.911 0.6250000000
83978  25.573  -11.457  -23.320 0.8750000000
86116  26.893  -9.634  -20.954 0.3750000000
90389  23.874  -6.007  -28.288 0.6250000000
90388  23.996  -6.636  -28.502 0.8750000000
89417  24.365  -6.408  -29.426 0.7500000000
89407  25.185  -6.736  -27.983 0.8750000000
89401  25.693  -6.598  -27.014 0.7500000000
88306  26.224  -7.694  -22.904 0.5000000000
89372  26.567  -6.866  -23.979 0.5000000000
88336  26.266  -7.472  -24.634 0.7500000000
89341  26.699  -7.081  -22.570 0.5000000000
95607  26.635  -0.603  -26.650 0.1250000000
96516  27.330  0.318  -29.050 0.1250000000
75649  28.560  -19.461  -23.771 0.5000000000
75650  27.799  -19.146  -24.355 0.7500000000
79891  27.701  -15.954  -21.222 0.3750000000
81970  27.276  -13.226  -20.436 0.2500000000
88322  25.884  -8.177  -24.585 0.7500000000
95613  25.879  -0.561  -27.369 0.1250000000
82909  28.040  -12.313  -20.028 0.1250000000
63662  23.131  -29.503  -16.542 0.7500000000
64875  22.536  -28.898  -16.830 0.7500000000
65963  21.280  -27.948  -16.785 0.7500000000
64873  24.423  -29.390  -17.149 0.7500000000
64889  23.802  -28.575  -17.507 0.7500000000
68377  20.859  -25.420  -17.783 0.6250000000
67161  21.800  -26.334  -18.001 0.7500000000
65988  25.745  -27.904  -18.953 0.6250000000
67167  25.552  -26.362  -19.302 0.7500000000
67166  26.214  -26.296  -19.348 0.6250000000
69529  26.348  -24.928  -19.816 0.6250000000
71933  28.237  -22.949  -20.680 0.3750000000
71951  30.864  -21.837  -21.853 0.1250000000
71966  31.337  -21.489  -22.258 0.1250000000
73173  32.356  -21.177  -22.089 0.1250000000
75633  32.971  -19.680  -22.499 0.1250000000
76690  32.274  -18.967  -21.960 0.1250000000
76691  31.149  -18.642  -21.715 0.1250000000
77695  30.184  -17.533  -20.824 0.1250000000
77696  29.423  -17.465  -20.970 0.1250000000
79874  27.765  -15.141  -20.807 0.2500000000
90383  22.600  -5.635  -26.243 0.5000000000
85001  27.707  -10.422  -20.198 0.1250000000
83952  27.120  -11.274  -20.522 0.2500000000
88278  28.222  -7.993  -20.776 0.1250000000
90321  28.266  -6.039  -22.104 0.1250000000
90335  28.786  -5.584  -22.284 0.1250000000
90334  29.614  -5.333  -22.306 0.1250000000
92519  29.936  -3.515  -23.874 0.1250000000
91403  30.222  -4.408  -23.103 0.1250000000
93640  30.532  -2.490  -26.507 0.1250000000
96540  23.673  0.507  -32.393 0.2500000000
97459  23.932  0.934  -32.822 0.1250000000
97463  24.961  1.410  -33.933 0.1250000000
97437  26.777  1.393  -30.448 0.1250000000
97451  26.003  1.613  -32.136 0.1250000000
94679  29.757  -1.520  -27.757 0.1250000000
95619  28.101  -0.197  -29.371 0.1250000000
74414  25.716  -20.618  -22.137 0.7500000000
80978  25.885  -14.385  -23.401 0.7500000000
79902  26.461  -15.251  -23.224 0.7500000000
87250  20.349  -8.149  -24.793 0.3750000000
87248  25.542  -8.836  -25.875 0.8750000000
69516  22.531  -25.066  -19.016 0.8750000000
70739  23.375  -23.299  -20.416 0.8750000000
74413  26.587  -20.797  -22.282 0.7500000000
93678  22.869  -1.696  -31.784 0.3750000000
96543  22.811  0.685  -33.220 0.1250000000
95640  23.234  -0.083  -32.347 0.2500000000
64891  22.019  -28.516  -17.129 0.7500000000
65976  25.262  -28.374  -18.380 0.7500000000
65980  20.858  -26.823  -16.996 0.7500000000
67147  21.202  -26.377  -17.569 0.7500000000
67160  22.421  -26.303  -18.269 0.7500000000
68376  21.544  -25.681  -18.148 0.7500000000
68374  23.408  -25.877  -19.075 0.8750000000
67168  24.600  -26.327  -19.265 0.7500000000
68388  23.849  -25.638  -19.420 0.8750000000
68386  25.859  -25.668  -19.487 0.7500000000
70721  25.717  -24.255  -19.829 0.7500000000
70722  25.092  -23.976  -19.801 0.8750000000
69545  26.271  -24.122  -19.979 0.6250000000
73179  27.133  -21.334  -22.003 0.7500000000
73199  28.408  -21.110  -22.512 0.5000000000
73176  30.066  -21.282  -21.912 0.2500000000
71952  29.820  -22.007  -21.426 0.1250000000
74433  29.563  -20.236  -22.814 0.2500000000
74431  31.537  -20.412  -22.683 0.1250000000
74430  32.266  -20.438  -22.492 0.1250000000
75636  30.115  -19.760  -22.687 0.1250000000
76693  29.366  -18.566  -22.109 0.1250000000
76692  30.142  -18.663  -21.933 0.1250000000
76708  28.749  -18.804  -22.958 0.5000000000
77714  28.770  -17.808  -21.756 0.1250000000
78817  28.217  -16.745  -21.358 0.1250000000
79893  26.515  -14.749  -22.445 0.6250000000
80969  26.258  -14.259  -22.729 0.6250000000
82939  25.956  -12.202  -22.317 0.6250000000
87214  25.736  -8.810  -24.136 0.7500000000
87176  26.402  -8.680  -21.676 0.3750000000
87191  25.933  -8.630  -22.617 0.5000000000
88291  27.211  -7.220  -21.429 0.1250000000
88279  27.420  -7.879  -21.022 0.1250000000
87175  26.793  -9.026  -21.209 0.2500000000
87162  27.466  -8.765  -20.875 0.1250000000
89433  24.233  -5.405  -30.352 0.7500000000
91459  25.399  -4.995  -28.832 0.7500000000
90374  26.741  -5.698  -25.912 0.6250000000
90362  27.187  -5.646  -24.480 0.3750000000
89356  27.208  -6.466  -22.773 0.1250000000
90351  27.390  -5.735  -23.574 0.3750000000
92578  24.932  -3.749  -29.685 0.3750000000
91433  27.717  -4.690  -24.635 0.3750000000
90336  27.879  -5.670  -22.756 0.1250000000
91432  28.177  -4.244  -24.321 0.1250000000
92535  28.570  -3.659  -24.453 0.1250000000
92520  29.258  -3.709  -23.766 0.1250000000
91405  28.984  -4.817  -22.721 0.1250000000
92588  23.292  -2.901  -31.473 0.3750000000
93634  26.136  -2.374  -25.906 0.2500000000
93631  28.619  -2.673  -25.197 0.1250000000
94663  27.879  -1.850  -25.701 0.1250000000
93632  27.682  -2.711  -25.426 0.1250000000
95629  24.482  -0.753  -29.006 0.3750000000
94672  28.140  -1.044  -26.249 0.1250000000
94671  28.868  -1.334  -26.702 0.1250000000
94664  26.940  -1.980  -25.606 0.1250000000
92533  30.030  -2.990  -24.330 0.1250000000
93630  29.475  -2.318  -25.506 0.1250000000
96518  25.413  0.204  -28.573 0.1250000000
96510  26.918  0.327  -28.202 0.1250000000
95612  26.799  -0.054  -27.413 0.1250000000
95611  27.741  -0.326  -28.084 0.1250000000
96539  24.090  0.538  -31.757 0.1250000000
97452  24.857  1.424  -32.094 0.1250000000
97444  25.402  1.485  -31.337 0.1250000000
95604  28.705  -1.067  -27.279 0.1250000000
96511  26.127  0.230  -27.964 0.1250000000
97462  25.817  1.605  -33.816 0.1250000000
63647  22.861  -29.897  -16.135 0.7500000000
64874  23.447  -29.091  -16.986 0.7500000000
63661  23.910  -29.868  -16.746 0.7500000000
64876  21.595  -28.501  -16.499 0.7500000000
63664  21.913  -29.150  -16.210 0.7500000000
68364  20.315  -25.530  -17.263 0.5000000000
68363  20.956  -25.742  -17.683 0.6250000000
69544  27.038  -24.347  -20.059 0.5000000000
78798  29.782  -16.836  -20.463 0.1250000000
78797  30.723  -16.720  -20.357 0.1250000000
78799  28.977  -16.809  -20.777 0.1250000000
88290  28.087  -7.173  -21.173 0.1250000000
93629  30.257  -2.405  -25.579 0.1250000000
94661  29.333  -1.848  -26.190 0.1250000000
63649  21.657  -29.082  -15.828 0.7500000000
62494  23.378  -30.634  -15.870 0.6250000000
62511  24.125  -30.491  -16.258 0.6250000000
64872  25.575  -29.439  -16.886 0.3750000000
63660  24.766  -30.176  -16.668 0.6250000000
64871  26.365  -28.636  -17.279 0.2500000000
64887  25.789  -28.763  -17.801 0.3750000000
70735  27.619  -23.693  -20.291 0.3750000000
91452  23.297  -4.705  -26.605 0.2500000000
62512  23.493  -30.119  -16.355 0.6250000000
65975  26.138  -28.425  -18.407 0.5000000000
67156  26.505  -27.085  -19.139 0.5000000000
63646  25.324  -30.225  -15.942 0.5000000000
61269  23.448  -31.394  -15.372 0.6250000000
67126  19.990  -26.875  -15.913 0.3750000000
64860  21.129  -28.530  -15.735 0.3750000000
62473  24.803  -30.919  -14.785 0.3750000000
62492  24.938  -30.663  -15.422 0.5000000000
62493  24.293  -31.067  -15.462 0.6250000000
67137  19.626  -26.360  -16.149 0.2500000000
64859  25.650  -29.374  -15.485 0.3750000000
64858  26.219  -28.621  -16.132 0.2500000000
70702  19.952  -24.045  -17.650 0.3750000000
65974  26.840  -28.114  -17.996 0.2500000000
68373  27.099  -26.620  -19.181 0.2500000000
69528  27.396  -25.107  -19.861 0.2500000000
69543  27.950  -24.473  -20.034 0.2500000000
81975  18.182  -13.493  -21.209 0.2500000000
70734  28.669  -23.948  -20.402 0.2500000000
79895  18.463  -15.029  -20.568 0.1250000000
78807  18.616  -16.695  -19.939 0.2500000000
83967  19.251  -11.617  -23.006 0.3750000000
64877  20.966  -28.157  -16.072 0.5000000000
65964  20.755  -27.540  -16.415 0.5000000000
67136  20.155  -26.310  -16.584 0.3750000000
67148  20.625  -26.232  -17.085 0.3750000000
63648  22.193  -29.577  -15.958 0.6250000000
68352  19.823  -25.718  -16.737 0.3750000000
68385  26.882  -25.983  -19.455 0.2500000000
62510  24.741  -30.594  -16.008 0.5000000000
64886  26.336  -28.561  -17.917 0.3750000000
65987  26.506  -27.977  -18.761 0.3750000000
63632  25.234  -30.187  -14.718 0.3750000000
65953  20.248  -27.437  -15.742 0.3750000000
62495  22.537  -30.252  -15.694 0.6250000000
67145  26.919  -27.713  -18.673 0.2500000000
68384  27.853  -25.571  -19.491 0.2500000000
78786  18.794  -16.860  -19.142 0.1250000000
61252  21.702  -31.054  -14.586 0.5000000000
62474  24.506  -31.548  -14.465 0.2500000000
61249  24.113  -32.207  -14.476 0.3750000000
61250  23.473  -32.007  -14.833 0.5000000000
61251  22.617  -31.558  -15.028 0.5000000000
61233  21.125  -31.428  -13.857 0.3750000000
62476  21.228  -30.072  -14.818 0.5000000000
62475  22.098  -30.641  -15.226 0.5000000000
63633  21.109  -29.091  -15.224 0.3750000000
62496  21.805  -29.791  -15.464 0.5000000000
61214  19.985  -31.946  -12.897 0.1250000000
58802  20.540  -33.514  -12.294 0.1250000000
60070  20.728  -32.006  -13.332 0.2500000000
60069  21.646  -32.603  -13.538 0.3750000000
61231  24.545  -32.150  -13.748 0.2500000000
60067  23.403  -33.089  -14.092 0.3750000000
60078  22.917  -32.288  -14.601 0.5000000000
60056  19.700  -32.690  -12.392 0.1250000000
60068  22.792  -32.829  -14.055 0.3750000000
62458  19.550  -30.461  -13.389 0.1250000000
63635  19.931  -29.479  -14.208 0.1250000000
80940  27.551  -14.253  -20.716 0.1250000000
61268  24.017  -31.714  -14.997 0.3750000000
61270  22.804  -30.947  -15.510 0.5000000000
64849  20.414  -28.605  -15.058 0.2500000000
64861  20.483  -28.045  -15.584 0.2500000000
62455  24.679  -31.601  -13.882 0.2500000000
61232  22.145  -31.965  -14.283 0.5000000000
62456  20.973  -30.632  -14.270 0.5000000000
58833  23.987  -33.107  -14.208 0.3750000000
62477  20.446  -30.020  -14.294 0.1250000000
61215  19.183  -31.785  -12.451 0.1250000000
61235  19.415  -31.201  -12.917 0.1250000000
61234  20.178  -31.269  -13.375 0.1250000000
63634  20.452  -29.302  -14.681 0.1250000000
60054  21.369  -33.074  -13.129 0.3750000000
58819  24.076  -33.340  -13.836 0.2500000000
62457  20.333  -30.638  -13.863 0.1250000000
62478  19.880  -30.019  -13.902 0.1250000000
58801  21.348  -33.510  -12.737 0.2500000000
58799  22.982  -34.011  -13.050 0.2500000000
68365  19.681  -25.406  -16.803 0.2500000000
60066  24.436  -32.922  -13.423 0.2500000000
60055  20.749  -32.774  -12.923 0.1250000000
58821  22.450  -33.376  -13.448 0.2500000000
58822  21.767  -33.326  -13.210 0.2500000000
58800  22.101  -33.855  -12.934 0.1250000000
69508  19.475  -24.739  -16.959 0.1250000000
88352  20.884  -6.988  -24.924 0.1250000000
89397  21.067  -6.510  -24.990 0.1250000000
90375  22.026  -5.474  -25.388 0.1250000000
89396  21.669  -6.425  -25.543 0.1250000000
89388  20.359  -5.765  -23.954 0.1250000000
89386  21.399  -5.801  -25.078 0.1250000000
91443  22.205  -4.672  -25.160 0.1250000000
90364  21.293  -5.189  -24.877 0.1250000000
91434  21.743  -4.476  -24.228 0.1250000000
87251  19.959  -8.613  -24.407 0.1250000000
82929  18.260  -12.439  -21.593 0.1250000000
68353  19.382  -25.723  -16.329 0.1250000000
85038  18.844  -10.641  -22.601 0.1250000000
87233  19.311  -8.724  -23.930 0.1250000000
88338  20.028  -7.146  -24.095 0.1250000000
89374  20.017  -6.083  -23.516 0.1250000000
90352  21.076  -5.238  -23.122 0.1250000000
91423  21.817  -4.190  -23.268 0.1250000000
92547  22.686  -3.926  -24.759 0.1250000000
70712  19.759  -23.044  -17.910 0.1250000000
70703  19.455  -23.504  -17.247 0.1250000000
69507  20.063  -24.758  -17.466 0.1250000000
91453  22.612  -4.925  -25.850 0.1250000000
83968  18.532  -11.509  -22.164 0.1250000000
69495  19.086  -24.835  -15.982 0.1250000000
90366  20.363  -5.710  -23.624 0.1250000000
90365  20.861  -5.353  -23.893 0.1250000000
89359  19.963  -6.419  -22.568 0.1250000000
92538  22.511  -3.723  -23.803 0.1250000000
64847  25.540  -29.188  -14.216 0.1250000000
64846  25.999  -28.494  -14.862 0.1250000000
65962  26.880  -27.741  -16.752 0.1250000000
65973  27.149  -27.555  -17.457 0.1250000000
67144  27.227  -27.179  -18.276 0.1250000000
68362  27.739  -26.287  -17.683 0.1250000000
68372  27.663  -26.277  -18.857 0.1250000000
69515  29.003  -24.816  -18.545 0.1250000000
69514  29.216  -24.589  -18.808 0.1250000000
69526  28.879  -24.894  -19.517 0.1250000000
70720  29.091  -24.423  -20.057 0.1250000000
58820  23.374  -33.470  -13.724 0.1250000000
60053  24.758  -32.854  -12.606 0.1250000000
61213  24.664  -32.466  -13.157 0.1250000000
62454  24.949  -31.040  -13.742 0.1250000000
63614  25.421  -29.812  -13.266 0.1250000000
65942  26.446  -27.764  -14.340 0.1250000000
67125  26.899  -27.069  -15.799 0.1250000000
67134  27.326  -27.039  -17.062 0.1250000000
68351  27.735  -26.135  -16.591 0.1250000000
69506  28.651  -24.841  -17.458 0.1250000000
70733  29.425  -23.906  -20.275 0.1250000000
71920  29.657  -23.271  -19.890 0.1250000000
70708  29.299  -24.250  -18.758 0.1250000000
71932  29.457  -22.991  -20.746 0.1250000000
69527  28.209  -25.038  -19.805 0.1250000000
65952  26.499  -27.766  -15.450 0.1250000000
61212  24.990  -31.953  -12.849 0.1250000000
58798  24.093  -33.779  -12.943 0.1250000000
62436  25.571  -30.773  -12.457 0.1250000000
68361  28.365  -25.604  -18.128 0.1250000000
68350  28.223  -25.509  -17.039 0.1250000000
68371  28.447  -25.499  -19.067 0.1250000000
70719  29.421  -24.178  -19.535 0.1250000000
70709  29.164  -24.278  -18.286 0.1250000000
58781  24.648  -33.606  -11.850 0.1250000000
64829  26.078  -28.492  -13.436 0.1250000000
71913  29.460  -23.288  -18.856 0.1250000000
58834  23.730  -33.201  -14.092 0.3750000000
60076  24.215  -32.792  -14.086 0.2500000000
60077  23.610  -32.744  -14.381 0.3750000000
61230  24.779  -31.681  -13.557 0.2500000000
63663  22.354  -29.280  -16.393 0.7500000000
64848  20.773  -28.554  -15.395 0.2500000000
65961  27.160  -27.475  -17.097 0.1250000000
67135  27.119  -27.125  -16.439 0.1250000000
67155  27.195  -26.883  -18.956 0.2500000000
68383  28.372  -25.275  -19.514 0.1250000000
68389  23.222  -25.467  -19.213 0.8750000000
69525  29.232  -24.601  -19.060 0.1250000000
69542  28.600  -24.604  -20.009 0.1250000000
70701  28.981  -24.214  -17.725 0.1250000000
71964  31.987  -21.243  -22.487 0.1250000000
71965  31.770  -21.365  -22.411 0.1250000000
71968  22.620  -21.298  -22.085 1.0000000000
71969  21.152  -21.604  -23.727 1.0000000000
71970  20.563  -21.918  -23.713 1.0000000000
71971  19.942  -21.867  -23.735 1.0000000000
71972  21.299  -21.560  -24.026 1.0000000000
71973  21.034  -21.976  -23.996 1.0000000000
71974  20.274  -21.863  -24.122 1.0000000000
71975  21.242  -21.341  -24.228 1.0000000000
71976  21.143  -21.653  -24.195 1.0000000000
71977  20.563  -21.664  -24.175 1.0000000000
73175  30.795  -21.287  -22.196 0.1250000000
73194  32.193  -21.013  -22.352 0.1250000000
73196  31.213  -20.975  -22.491 0.1250000000
73203  22.303  -20.806  -22.686 1.0000000000
73204  21.469  -21.085  -23.226 1.0000000000
73205  20.277  -21.295  -24.143 1.0000000000
73206  19.989  -21.682  -24.115 1.0000000000
73210  23.002  -20.261  -23.057 1.0000000000
73211  22.058  -20.613  -23.366 1.0000000000
73213  20.015  -21.155  -24.199 1.0000000000
73214  20.170  -21.446  -24.264 1.0000000000
73215  22.134  -20.793  -24.185 1.0000000000
73216  21.637  -21.070  -24.275 1.0000000000
73217  21.025  -21.141  -24.488 1.0000000000
73218  20.633  -21.323  -24.328 1.0000000000
73219  21.448  -20.838  -24.618 1.0000000000
73220  21.312  -21.024  -24.552 1.0000000000
74412  27.041  -20.909  -22.366 0.7500000000
74448  28.842  -20.005  -23.441 0.5000000000
74455  21.126  -20.255  -23.642 1.0000000000
74456  20.494  -20.592  -24.193 1.0000000000
74457  20.046  -20.757  -24.147 1.0000000000
74463  22.139  -20.314  -24.236 1.0000000000
74464  21.953  -20.695  -24.459 1.0000000000
74465  20.810  -20.582  -24.656 1.0000000000
74466  20.440  -20.975  -24.451 1.0000000000
74471  22.067  -19.976  -24.949 1.0000000000
74472  21.638  -20.462  -24.778 1.0000000000
74473  21.180  -20.745  -24.771 1.0000000000
75609  19.622  -19.314  -20.113 0.3750000000
75619  32.545  -19.414  -22.362 0.1250000000
75621  20.834  -19.308  -21.174 0.8750000000
75635  31.078  -19.758  -22.768 0.1250000000
75652  26.172  -18.953  -24.003 0.8750000000
75656  21.777  -19.896  -23.531 1.0000000000
75657  21.033  -19.958  -24.144 1.0000000000
75669  27.056  -18.425  -24.680 0.8750000000
75670  22.037  -19.932  -23.802 1.0000000000
75672  20.860  -19.955  -24.748 1.0000000000
75680  21.893  -19.841  -24.565 1.0000000000
75681  21.498  -19.768  -25.083 1.0000000000
75682  21.073  -20.248  -25.057 1.0000000000
76694  21.268  -18.906  -21.723 1.0000000000
76705  31.430  -19.274  -22.322 0.1250000000
76710  22.236  -18.621  -22.767 1.0000000000
76721  26.366  -18.649  -24.498 0.8750000000
76736  27.196  -18.139  -24.673 0.8750000000
77713  29.689  -18.070  -21.447 0.1250000000
79919  21.883  -15.056  -24.113 1.0000000000
80989  21.584  -14.308  -24.055 1.0000000000
80995  23.894  -13.723  -25.398 1.0000000000
82002  20.650  -13.575  -23.742 1.0000000000
82012  21.047  -13.351  -24.125 0.8750000000
82020  23.064  -13.371  -25.432 1.0000000000
82964  22.075  -12.771  -24.664 1.0000000000
82966  20.607  -12.275  -24.402 0.8750000000
83953  26.573  -11.284  -21.114 0.3750000000
83966  25.742  -11.391  -22.492 0.6250000000
85039  18.156  -10.585  -21.783 0.1250000000
85097  23.167  -10.184  -26.356 1.0000000000
86101  27.612  -9.591  -20.519 0.2500000000
86185  21.673  -8.912  -25.836 0.8750000000
87163  26.949  -8.443  -21.171 0.2500000000
87192  25.725  -9.032  -23.412 0.7500000000
87234  18.949  -8.934  -23.610 0.1250000000
89339  27.847  -6.512  -21.771 0.1250000000
89357  26.613  -7.005  -23.228 0.3750000000
89409  23.943  -6.823  -28.065 0.7500000000
89427  24.527  -6.198  -30.056 0.7500000000
89428  24.242  -5.867  -30.237 0.7500000000
89432  24.578  -5.766  -30.310 0.7500000000
90322  27.907  -6.114  -22.211 0.1250000000
90337  27.390  -6.053  -23.123 0.3750000000
90396  23.971  -6.490  -28.919 0.8750000000
90406  25.203  -5.704  -29.917 0.7500000000
90411  24.947  -5.512  -30.311 0.7500000000
90412  24.489  -5.071  -30.413 0.7500000000
90415  23.914  -4.218  -30.802 0.7500000000
91404  29.752  -4.568  -22.808 0.1250000000
91435  21.399  -4.809  -23.480 0.1250000000
91466  25.297  -5.104  -29.582 0.7500000000
91467  25.151  -4.695  -29.826 0.7500000000
91478  24.948  -4.617  -30.113 0.6250000000
91485  24.553  -4.400  -30.493 0.7500000000
91487  22.992  -3.600  -31.119 0.3750000000
91488  24.076  -3.985  -30.870 0.7500000000
92521  28.783  -3.988  -23.699 0.1250000000
92534  29.374  -3.270  -24.299 0.1250000000
92536  28.124  -4.111  -24.711 0.1250000000
92569  24.975  -4.374  -29.849 0.6250000000
93621  29.429  -2.750  -24.763 0.1250000000
93633  26.704  -2.916  -25.727 0.1250000000
93641  29.860  -2.166  -26.118 0.1250000000
94673  27.175  -1.079  -26.006 0.1250000000
94680  29.107  -1.316  -27.455 0.1250000000
94682  25.002  -1.143  -27.928 0.3750000000
94692  23.231  -1.695  -27.931 0.2500000000
94700  25.200  -2.667  -29.170 0.3750000000
94716  22.010  0.721  -33.033 0.2500000000
95620  25.394  -0.349  -27.954 0.1250000000
95621  24.858  -0.582  -28.233 0.1250000000
95641  22.805  0.341  -32.660 0.1250000000
96512  25.659  -0.060  -27.918 0.1250000000
97453  24.140  1.049  -32.450 0.1250000000
97458  24.655  1.177  -33.200 0.1250000000
128343  21.844  1.134  -33.149 0.2500000000
128368  23.353  -0.012  -27.452 0.2500000000
128376  23.635  -0.057  -27.218 0.2500000000
