#!ascii label  , from subject sub.01.dh.02 vox2ras=TkReg
332
17000  37.406  -71.597  11.059 0.0000000000
11416  37.263  -78.588  3.629 0.0000000000
14449  43.959  -74.404  7.834 0.0000000000
15340  37.247  -73.772  5.617 0.0000000000
10674  42.625  -78.909  4.062 0.0000000000
13708  44.341  -76.010  4.576 0.0000000000
11367  44.486  -78.296  6.944 0.0000000000
12900  36.467  -76.551  5.523 0.0000000000
14538  33.669  -73.957  5.150 0.0000000000
15265  41.048  -73.560  9.076 0.0000000000
15313  41.074  -73.726  5.624 0.0000000000
12912  40.803  -75.946  4.544 0.0000000000
11370  40.267  -78.997  6.539 0.0000000000
9210  41.049  -82.700  5.551 0.0000000000
18874  38.663  -69.386  11.765 0.0000000000
17005  41.546  -71.957  11.188 0.0000000000
16148  44.699  -72.979  10.015 0.0000000000
17042  33.202  -71.456  7.541 0.0000000000
12103  45.425  -76.993  7.185 0.0000000000
12145  36.873  -78.077  4.646 0.0000000000
12929  34.988  -76.240  3.703 0.0000000000
15277  43.002  -74.210  8.577 0.0000000000
14472  42.000  -74.485  6.769 0.0000000000
12160  43.790  -77.046  3.443 0.0000000000
13728  42.401  -75.612  3.610 0.0000000000
12143  42.204  -77.613  4.161 0.0000000000
12127  40.380  -77.289  5.891 0.0000000000
11381  41.408  -78.734  5.532 0.0000000000
8465  39.445  -82.339  5.400 0.0000000000
16994  44.018  -71.381  11.347 0.0000000000
16142  43.069  -72.581  10.542 0.0000000000
16131  44.628  -72.086  11.094 0.0000000000
16189  37.900  -72.512  6.234 0.0000000000
15295  35.414  -73.550  7.276 0.0000000000
17103  34.608  -71.667  3.874 0.0000000000
17093  33.595  -71.642  4.738 0.0000000000
14487  46.104  -75.040  6.876 0.0000000000
14509  44.000  -75.337  5.842 0.0000000000
12893  45.511  -76.191  5.862 0.0000000000
12125  44.688  -77.158  5.555 0.0000000000
11380  43.612  -78.655  5.782 0.0000000000
13695  37.009  -75.595  5.535 0.0000000000
14495  34.535  -74.278  6.599 0.0000000000
13697  35.125  -75.689  5.817 0.0000000000
14552  34.371  -74.379  3.866 0.0000000000
11433  38.389  -78.804  2.491 0.0000000000
16146  38.838  -72.418  10.302 0.0000000000
16187  39.663  -72.480  6.454 0.0000000000
16207  38.595  -72.927  5.603 0.0000000000
14511  42.436  -74.767  5.191 0.0000000000
14534  40.491  -74.422  4.633 0.0000000000
14515  38.777  -74.582  4.944 0.0000000000
12898  38.671  -76.604  5.752 0.0000000000
12129  38.184  -77.754  6.033 0.0000000000
11382  38.299  -78.839  5.896 0.0000000000
9959  41.950  -80.125  4.863 0.0000000000
9943  40.390  -80.989  5.893 0.0000000000
9198  38.884  -81.028  6.091 0.0000000000
10661  37.883  -79.622  4.246 0.0000000000
19840  36.959  -69.175  12.077 0.0000000000
17873  38.039  -70.665  12.007 0.0000000000
17887  40.338  -70.294  11.813 0.0000000000
16134  39.676  -72.215  11.229 0.0000000000
16143  41.988  -72.806  10.571 0.0000000000
15256  42.814  -73.235  10.103 0.0000000000
15276  44.175  -73.929  8.683 0.0000000000
15260  46.605  -73.344  9.482 0.0000000000
14447  46.037  -74.257  8.132 0.0000000000
15320  33.491  -72.910  6.232 0.0000000000
17889  36.746  -71.311  11.193 0.0000000000
17890  36.011  -71.116  10.964 0.0000000000
17001  36.739  -71.405  10.687 0.0000000000
11397  36.860  -78.258  4.193 0.0000000000
12146  36.294  -77.753  4.352 0.0000000000
14450  42.901  -74.539  7.624 0.0000000000
14451  42.311  -74.532  7.319 0.0000000000
14470  43.757  -74.782  7.032 0.0000000000
11412  42.876  -78.471  4.134 0.0000000000
12162  42.563  -77.369  3.770 0.0000000000
11413  42.548  -78.327  4.156 0.0000000000
11394  41.940  -78.439  4.514 0.0000000000
10660  41.845  -79.118  4.221 0.0000000000
7047  39.163  -84.126  4.639 0.0000000000
15316  37.154  -73.204  6.143 0.0000000000
16190  36.851  -72.511  6.834 0.0000000000
15317  36.423  -73.685  6.608 0.0000000000
18002  35.379  -70.777  3.566 0.0000000000
14507  45.832  -75.317  6.465 0.0000000000
12892  46.035  -76.049  6.351 0.0000000000
12112  44.902  -77.549  6.601 0.0000000000
11379  44.292  -78.025  6.130 0.0000000000
11391  44.025  -77.975  5.255 0.0000000000
11368  43.919  -78.546  6.576 0.0000000000
13696  36.007  -75.643  5.718 0.0000000000
12901  35.518  -76.405  5.353 0.0000000000
12930  34.496  -75.724  4.174 0.0000000000
14551  34.963  -74.417  3.350 0.0000000000
15367  35.035  -73.515  3.359 0.0000000000
16151  40.202  -73.153  9.626 0.0000000000
16152  39.235  -72.759  9.523 0.0000000000
16160  39.564  -73.062  8.815 0.0000000000
16188  38.882  -72.261  6.069 0.0000000000
16206  39.509  -72.703  5.543 0.0000000000
13690  44.192  -75.605  5.287 0.0000000000
14510  43.330  -75.236  5.407 0.0000000000
14531  43.047  -75.243  4.435 0.0000000000
13711  41.343  -75.463  4.259 0.0000000000
13710  41.832  -75.221  4.213 0.0000000000
13712  40.280  -75.277  4.571 0.0000000000
14535  39.630  -74.676  4.683 0.0000000000
13713  39.532  -75.312  4.816 0.0000000000
13714  38.978  -75.277  4.944 0.0000000000
13692  40.063  -75.855  4.963 0.0000000000
12113  40.858  -78.214  6.158 0.0000000000
12128  39.287  -77.356  6.154 0.0000000000
12115  38.960  -78.171  6.495 0.0000000000
12116  38.525  -78.391  6.273 0.0000000000
11372  38.742  -78.776  6.416 0.0000000000
7699  41.075  -83.261  8.055 0.0000000000
128111  41.192  -83.001  5.621 0.0000000000
9195  41.385  -82.356  6.494 0.0000000000
9942  41.189  -81.187  5.553 0.0000000000
8466  38.742  -82.395  5.080 0.0000000000
9212  39.276  -81.431  5.931 0.0000000000
9944  38.399  -80.908  5.347 0.0000000000
9960  38.212  -80.747  4.489 0.0000000000
19859  37.771  -68.815  11.646 0.0000000000
18875  38.068  -69.515  11.853 0.0000000000
18857  37.492  -69.784  12.063 0.0000000000
18856  38.366  -69.990  12.022 0.0000000000
16996  42.038  -71.126  11.565 0.0000000000
17886  41.461  -70.182  11.797 0.0000000000
16997  40.898  -71.407  11.559 0.0000000000
16998  39.566  -71.270  11.833 0.0000000000
17006  41.060  -71.941  11.233 0.0000000000
16144  40.728  -72.423  10.868 0.0000000000
16141  44.102  -72.539  10.422 0.0000000000
15255  43.608  -73.047  10.027 0.0000000000
15263  43.337  -73.594  9.429 0.0000000000
15262  44.363  -73.284  9.537 0.0000000000
14428  47.406  -73.839  10.116 0.0000000000
15273  47.090  -73.708  9.030 0.0000000000
15274  46.344  -73.713  8.820 0.0000000000
14519  33.908  -74.237  5.719 0.0000000000
15319  33.848  -73.460  6.431 0.0000000000
15343  33.544  -73.155  5.711 0.0000000000
17985  33.291  -70.727  4.923 0.0000000000
12130  36.979  -77.686  5.307 0.0000000000
12132  35.475  -76.818  4.935 0.0000000000
15279  40.261  -73.423  8.282 0.0000000000
15278  41.602  -74.163  7.920 0.0000000000
15291  41.152  -73.925  6.560 0.0000000000
12925  44.071  -76.402  3.583 0.0000000000
13727  43.333  -75.556  3.652 0.0000000000
12945  43.073  -76.198  2.752 0.0000000000
12928  42.036  -76.144  3.545 0.0000000000
12911  41.666  -76.630  4.216 0.0000000000
12896  40.783  -76.603  5.035 0.0000000000
12126  41.363  -77.487  5.153 0.0000000000
11369  40.965  -79.089  6.166 0.0000000000
128109  40.506  -82.699  5.376 0.0000000000
7729  39.501  -83.076  5.110 0.0000000000
16995  43.066  -71.116  11.376 0.0000000000
17004  42.534  -71.964  11.131 0.0000000000
17003  43.463  -71.955  11.023 0.0000000000
16132  44.031  -72.000  10.994 0.0000000000
16140  45.287  -72.682  10.433 0.0000000000
16172  35.741  -72.616  7.510 0.0000000000
16173  34.748  -72.730  7.521 0.0000000000
16221  33.917  -72.553  4.308 0.0000000000
16222  33.487  -72.452  5.181 0.0000000000
17092  34.037  -71.685  4.322 0.0000000000
18003  34.781  -70.663  4.021 0.0000000000
14469  44.790  -74.693  7.150 0.0000000000
14488  45.303  -74.916  6.672 0.0000000000
13676  44.911  -75.472  5.987 0.0000000000
13707  44.891  -76.063  4.936 0.0000000000
12894  45.049  -76.492  5.428 0.0000000000
12909  44.557  -76.470  4.801 0.0000000000
12141  43.907  -77.384  4.307 0.0000000000
12142  43.261  -77.951  4.158 0.0000000000
14516  37.563  -74.612  5.276 0.0000000000
14493  36.182  -74.192  6.501 0.0000000000
14518  35.598  -75.051  6.134 0.0000000000
13678  34.874  -74.988  6.243 0.0000000000
13698  34.319  -75.285  5.420 0.0000000000
12914  34.509  -75.979  4.645 0.0000000000
13715  34.251  -75.351  4.524 0.0000000000
14537  33.929  -74.356  4.574 0.0000000000
15368  34.393  -73.494  3.814 0.0000000000
16229  35.115  -72.580  3.360 0.0000000000
11415  37.850  -78.862  3.135 0.0000000000
17007  37.971  -72.031  10.207 0.0000000000
16153  38.463  -72.258  9.361 0.0000000000
16208  37.804  -73.178  5.720 0.0000000000
14532  42.174  -75.042  4.441 0.0000000000
14512  41.540  -74.317  5.072 0.0000000000
15336  41.008  -73.812  5.120 0.0000000000
15352  40.244  -73.877  4.694 0.0000000000
15338  39.234  -73.616  5.093 0.0000000000
15339  38.168  -73.725  5.256 0.0000000000
13694  38.235  -75.592  5.384 0.0000000000
12899  37.556  -76.643  5.688 0.0000000000
12897  39.747  -76.486  5.613 0.0000000000
11383  37.737  -78.390  5.451 0.0000000000
11396  37.389  -78.577  4.602 0.0000000000
10647  42.906  -79.795  5.413 0.0000000000
7713  41.247  -82.948  7.312 0.0000000000
9940  42.540  -80.183  5.045 0.0000000000
9958  42.436  -80.019  4.824 0.0000000000
10649  41.613  -79.666  5.170 0.0000000000
10650  40.975  -80.263  5.638 0.0000000000
10636  40.452  -79.873  6.061 0.0000000000
8454  39.801  -81.777  5.751 0.0000000000
9211  39.753  -81.177  6.082 0.0000000000
10637  39.632  -79.723  6.384 0.0000000000
10651  38.207  -79.917  5.400 0.0000000000
10662  37.526  -79.012  4.034 0.0000000000
10677  38.272  -79.639  3.110 0.0000000000
19861  35.593  -68.190  12.099 0.0000000000
19860  36.622  -68.339  11.783 0.0000000000
19841  36.034  -69.003  12.396 0.0000000000
18858  36.383  -69.896  12.284 0.0000000000
17874  36.908  -70.954  11.901 0.0000000000
16985  37.917  -71.343  11.732 0.0000000000
18872  40.800  -69.239  11.694 0.0000000000
18855  39.028  -69.945  11.985 0.0000000000
17872  38.897  -70.636  12.008 0.0000000000
16984  38.684  -71.180  11.870 0.0000000000
16999  38.619  -71.986  11.288 0.0000000000
16135  39.204  -72.362  10.844 0.0000000000
16145  39.646  -72.641  10.441 0.0000000000
16150  41.204  -73.135  9.940 0.0000000000
15264  42.109  -73.652  9.456 0.0000000000
15275  45.296  -73.731  8.721 0.0000000000
14448  45.054  -74.338  7.983 0.0000000000
14473  35.367  -73.995  7.114 0.0000000000
16191  34.060  -72.971  7.113 0.0000000000
16192  33.429  -72.534  6.796 0.0000000000
17078  33.063  -71.535  5.511 0.0000000000
7720  39.971  -82.399  5.450 0.0000000000
8445  41.291  -83.029  5.888 0.0000000000
8455  39.194  -81.910  5.559 0.0000000000
9197  39.365  -80.943  6.202 0.0000000000
9199  38.581  -81.025  5.807 0.0000000000
9213  38.728  -81.506  5.542 0.0000000000
9928  39.798  -80.530  6.192 0.0000000000
9929  39.147  -80.405  6.279 0.0000000000
9930  38.571  -80.511  5.982 0.0000000000
10635  41.136  -79.543  5.738 0.0000000000
10638  38.772  -79.602  6.288 0.0000000000
10658  42.734  -79.362  4.373 0.0000000000
10659  42.308  -79.455  4.371 0.0000000000
10675  42.448  -79.099  4.105 0.0000000000
10676  42.108  -79.084  3.982 0.0000000000
10678  37.740  -79.154  3.629 0.0000000000
11371  39.358  -78.898  6.632 0.0000000000
11393  42.251  -78.105  4.259 0.0000000000
11395  37.909  -79.064  5.147 0.0000000000
11414  42.257  -78.966  4.121 0.0000000000
12104  44.855  -77.868  7.494 0.0000000000
12114  39.881  -78.094  6.521 0.0000000000
12124  45.171  -76.635  5.773 0.0000000000
12131  35.964  -77.154  5.095 0.0000000000
12144  41.835  -77.527  4.511 0.0000000000
12161  43.143  -77.451  3.687 0.0000000000
12163  36.258  -77.760  3.573 0.0000000000
12164  35.749  -77.330  3.605 0.0000000000
12895  41.261  -76.889  4.792 0.0000000000
12902  34.805  -76.090  5.275 0.0000000000
12908  45.087  -76.169  5.261 0.0000000000
12910  42.264  -77.022  3.800 0.0000000000
12913  35.041  -76.538  4.757 0.0000000000
12926  43.474  -76.686  3.001 0.0000000000
12927  42.591  -76.522  3.259 0.0000000000
12944  43.650  -76.126  2.848 0.0000000000
12946  42.784  -76.233  2.814 0.0000000000
13677  44.431  -75.424  5.864 0.0000000000
13679  34.360  -74.750  6.041 0.0000000000
13688  45.701  -75.646  6.195 0.0000000000
13689  45.085  -75.805  5.499 0.0000000000
13691  43.584  -75.472  4.846 0.0000000000
13693  39.181  -75.868  5.180 0.0000000000
13709  43.746  -75.657  4.371 0.0000000000
13726  43.923  -75.851  3.760 0.0000000000
13729  41.869  -75.944  3.826 0.0000000000
13731  34.455  -75.157  3.886 0.0000000000
13743  43.786  -75.816  3.183 0.0000000000
13744  43.194  -75.782  2.995 0.0000000000
13745  42.750  -75.994  2.899 0.0000000000
14432  47.433  -73.963  9.495 0.0000000000
14433  47.334  -74.220  9.699 0.0000000000
14471  42.830  -74.783  6.873 0.0000000000
14474  35.067  -74.033  7.118 0.0000000000
14489  44.449  -75.146  6.392 0.0000000000
14494  35.604  -74.278  6.761 0.0000000000
14508  45.482  -75.481  6.176 0.0000000000
14513  40.977  -74.053  4.803 0.0000000000
14514  39.383  -74.201  4.810 0.0000000000
14517  36.462  -74.504  5.989 0.0000000000
14520  33.656  -73.691  5.460 0.0000000000
14533  41.394  -74.686  4.484 0.0000000000
14536  39.210  -74.974  4.781 0.0000000000
14549  42.878  -75.370  3.870 0.0000000000
14550  42.641  -75.345  4.068 0.0000000000
15254  44.036  -72.928  9.977 0.0000000000
15272  47.318  -73.770  9.361 0.0000000000
15294  36.201  -73.143  7.240 0.0000000000
15296  34.579  -73.550  7.082 0.0000000000
15318  35.968  -73.742  7.098 0.0000000000
15337  40.334  -73.467  5.111 0.0000000000
15341  36.760  -73.750  6.026 0.0000000000
15342  33.721  -73.650  5.832 0.0000000000
15353  39.881  -73.990  4.736 0.0000000000
15354  33.897  -73.465  4.365 0.0000000000
15355  33.653  -73.389  4.931 0.0000000000
16133  40.245  -71.893  11.468 0.0000000000
16149  44.275  -72.936  9.991 0.0000000000
16171  36.306  -72.496  7.290 0.0000000000
16174  33.893  -72.376  7.470 0.0000000000
16209  33.244  -72.416  5.967 0.0000000000
16230  34.471  -72.577  3.803 0.0000000000
16983  39.053  -71.033  11.951 0.0000000000
17008  37.134  -71.587  10.049 0.0000000000
17059  38.988  -72.187  6.540 0.0000000000
17888  39.509  -70.315  11.927 0.0000000000
17984  34.113  -70.866  4.431 0.0000000000
18873  39.661  -69.434  11.766 0.0000000000
19839  37.398  -69.268  11.930 0.0000000000
128106  41.149  -83.259  5.725 0.0000000000
128108  41.292  -83.018  6.731 0.0000000000
128112  40.426  -81.876  5.634 0.0000000000
