#!ascii label  , from subject sub.01.dh.02 vox2ras=TkReg
1986
7105  36.481  -85.087  0.995 0.2000000030
6438  37.006  -85.897  0.586 0.2000000030
7812  36.816  -83.619  0.570 0.2000000030
6419  36.225  -85.692  1.205 0.2000000030
9285  35.986  -81.633  0.604 0.1000000015
5768  37.603  -86.423  0.798 0.3000000119
7811  37.464  -84.186  -0.109 0.2000000030
8531  36.490  -82.536  0.659 0.1000000015
7787  36.364  -84.176  1.151 0.2000000030
8530  37.391  -82.936  0.047 0.1000000015
9284  36.847  -81.778  0.352 0.1000000015
10011  37.081  -81.028  0.139 0.1000000015
10027  36.710  -80.240  -0.092 0.1000000015
10012  36.282  -80.888  0.310 0.1000000015
11496  38.303  -78.532  -1.889 0.1000000015
10757  36.348  -79.725  -0.630 0.1000000015
10780  36.578  -79.470  -1.518 0.1000000015
11518  38.874  -78.272  -2.643 0.2000000030
11520  37.010  -79.122  -2.475 0.1000000015
8552  39.627  -82.224  -1.449 0.1000000015
10024  39.620  -80.814  -1.270 0.1000000015
7834  38.047  -83.716  -0.459 0.2000000030
10026  37.842  -80.660  -0.173 0.1000000015
8554  38.275  -82.828  -0.615 0.1000000015
9302  37.655  -81.830  -0.164 0.1000000015
10755  38.353  -79.794  -0.650 0.1000000015
12306  39.863  -77.078  -4.641 0.2000000030
11541  39.325  -77.919  -3.136 0.2000000030
13075  39.986  -76.251  -5.460 0.1000000015
11542  38.545  -78.014  -3.679 0.2000000030
13871  39.762  -75.436  -5.294 0.2000000030
13872  38.843  -76.019  -5.334 0.1000000015
13863  38.995  -75.578  -4.675 0.1000000015
10025  38.985  -80.800  -0.584 0.1000000015
10777  39.973  -79.929  -1.450 0.1000000015
10778  38.873  -79.248  -1.247 0.1000000015
14681  40.530  -75.023  -5.278 0.2000000030
14675  40.166  -74.503  -4.848 0.2000000030
15490  39.885  -73.527  -3.623 0.2000000030
13862  39.613  -74.976  -4.710 0.2000000030
14669  39.196  -74.305  -3.479 0.1000000015
13852  38.674  -75.401  -3.633 0.2000000030
11494  40.405  -79.054  -1.965 0.1000000015
11495  39.439  -78.714  -1.805 0.1000000015
12255  40.339  -77.792  -3.092 0.2000000030
13066  41.203  -76.032  -4.445 0.2000000030
13067  40.619  -76.274  -4.830 0.3000000119
15469  39.453  -72.939  -3.039 0.3000000119
15470  38.648  -73.506  -2.716 0.2000000030
14654  38.527  -74.579  -2.964 0.2000000030
13035  37.517  -76.193  -3.149 0.2000000030
14673  41.172  -74.795  -4.983 0.3000000119
12283  40.560  -77.035  -3.958 0.2000000030
16345  40.169  -72.330  -3.442 0.3000000119
17206  39.530  -71.433  -2.958 0.3000000119
18099  38.925  -70.556  -2.654 0.3000000119
16329  38.979  -72.349  -2.640 0.3000000119
14655  37.781  -74.387  -2.256 0.2000000030
14656  37.113  -75.095  -2.083 0.2000000030
19091  40.231  -69.768  -3.129 0.4000000060
17222  40.807  -71.534  -4.012 0.3000000119
17223  40.201  -71.455  -3.439 0.3000000119
14674  40.705  -74.400  -4.992 0.2000000030
15489  40.522  -73.039  -4.097 0.2000000030
17207  38.578  -71.479  -2.361 0.3000000119
15471  37.966  -73.449  -2.161 0.2000000030
16330  38.045  -72.474  -2.061 0.2000000030
14632  37.416  -74.061  -1.806 0.2000000030
20060  40.071  -68.499  -2.896 0.3000000119
18098  39.539  -70.544  -2.995 0.3000000119
18100  37.945  -70.590  -2.102 0.2000000030
17194  36.683  -71.624  -1.227 0.2000000030
17193  37.320  -71.569  -1.651 0.2000000030
16305  36.097  -72.713  -0.574 0.1000000015
16319  37.387  -72.504  -1.612 0.2000000030
15453  36.146  -73.725  -0.875 0.2000000030
15452  36.637  -73.633  -1.144 0.2000000030
13820  36.442  -75.172  -1.712 0.2000000030
20061  39.019  -68.710  -2.511 0.3000000119
20062  38.269  -68.920  -2.214 0.3000000119
19077  39.594  -69.689  -2.861 0.3000000119
20047  38.455  -68.060  -2.003 0.2000000030
19079  37.872  -69.525  -2.124 0.3000000119
20048  37.610  -68.700  -1.781 0.2000000030
19078  38.555  -69.654  -2.475 0.3000000119
19063  37.252  -69.815  -1.702 0.1000000015
18085  36.641  -70.661  -1.246 0.1000000015
17174  36.120  -71.717  -0.734 0.1000000015
19048  36.185  -69.723  -0.826 0.1000000015
15436  35.587  -73.543  -0.618 0.1000000015
21090  39.318  -67.475  -2.573 0.3000000119
21074  38.594  -67.098  -1.979 0.2000000030
22118  38.469  -66.302  -1.635 0.2000000030
22119  37.863  -66.176  -0.988 0.2000000030
23181  37.866  -65.097  0.124 0.1000000015
21075  37.676  -67.364  -1.429 0.1000000015
21059  37.253  -66.878  -0.823 0.1000000015
21076  36.945  -68.256  -1.367 0.1000000015
20049  36.955  -69.025  -1.472 0.1000000015
18062  35.813  -70.630  -0.616 0.1000000015
18063  35.185  -70.466  -0.008 0.1000000015
23227  38.980  -65.748  -1.821 0.2000000030
23182  37.180  -65.674  0.281 0.1000000015
22088  36.362  -66.366  0.428 0.1000000015
22103  36.477  -66.829  -0.133 0.1000000015
21046  36.167  -67.049  0.034 0.1000000015
20033  36.440  -68.814  -1.061 0.1000000015
20022  35.518  -68.522  0.238 0.1000000015
19035  35.254  -69.456  0.218 0.1000000015
20034  35.877  -68.848  -0.373 0.1000000015
23158  36.277  -65.533  1.214 0.1000000015
20023  34.930  -68.654  0.701 0.1000000015
18038  34.789  -70.163  0.382 0.1000000015
23157  37.016  -65.112  0.957 0.1000000015
10779  37.717  -79.020  -1.199 0.1000000015
9301  38.592  -81.785  -0.598 0.1000000015
13076  39.177  -76.420  -5.403 0.1000000015
16152  39.235  -72.759  9.523 0.5000000000
16145  39.646  -72.641  10.441 0.5000000000
16146  38.838  -72.418  10.302 0.5000000000
16153  38.463  -72.258  9.361 0.5000000000
17011  37.693  -71.605  9.124 0.5000000000
16995  43.066  -71.116  11.376 0.2000000030
17004  42.534  -71.964  11.131 0.2000000030
17005  41.546  -71.957  11.188 0.3000000119
16144  40.728  -72.423  10.868 0.5000000000
16135  39.204  -72.362  10.844 0.5000000000
16999  38.619  -71.986  11.288 0.5000000000
17000  37.406  -71.597  11.059 0.5000000000
17007  37.971  -72.031  10.207 0.5000000000
17020  37.886  -71.523  8.145 0.5000000000
17908  36.609  -70.806  8.906 0.5000000000
17037  38.059  -71.874  7.396 0.5000000000
16189  37.900  -72.512  6.234 0.5000000000
16996  42.038  -71.126  11.565 0.3000000119
16997  40.898  -71.407  11.559 0.3000000119
16134  39.676  -72.215  11.229 0.5000000000
17001  36.739  -71.405  10.687 0.5000000000
17009  36.486  -71.214  10.060 0.5000000000
17929  36.855  -70.780  8.215 0.5000000000
17038  37.203  -71.240  7.594 0.5000000000
13692  40.063  -75.855  4.963 0.4000000060
13714  38.978  -75.277  4.944 0.5000000000
14515  38.777  -74.582  4.944 0.5000000000
16208  37.804  -73.178  5.720 0.5000000000
12897  39.747  -76.486  5.613 0.4000000060
17886  41.461  -70.182  11.797 0.4000000060
17887  40.338  -70.294  11.813 0.4000000060
16984  38.684  -71.180  11.870 0.5000000000
17873  38.039  -70.665  12.007 0.5000000000
16985  37.917  -71.343  11.732 0.5000000000
17889  36.746  -71.311  11.193 0.5000000000
17874  36.908  -70.954  11.901 0.5000000000
17875  35.695  -70.570  11.981 0.5000000000
17890  36.011  -71.116  10.964 0.5000000000
17901  35.291  -70.724  10.339 0.5000000000
17921  35.585  -70.977  8.830 0.5000000000
17062  36.966  -71.716  7.062 0.6000000238
15339  38.168  -73.725  5.256 0.5000000000
15316  37.154  -73.204  6.143 0.5000000000
16190  36.851  -72.511  6.834 0.5000000000
12113  40.858  -78.214  6.158 0.4000000060
12127  40.380  -77.289  5.891 0.4000000060
12898  38.671  -76.604  5.752 0.5000000000
16935  44.408  -71.689  14.949 0.1000000015
17844  43.351  -69.965  13.967 0.1000000015
17845  42.422  -69.808  14.316 0.1000000015
18828  43.061  -69.536  13.680 0.1000000015
18829  42.671  -69.147  13.762 0.1000000015
18842  43.235  -69.531  13.397 0.1000000015
18843  42.635  -68.818  13.343 0.1000000015
19808  42.064  -68.393  13.729 0.1000000015
17885  42.630  -70.091  11.915 0.2000000030
17871  42.791  -69.626  12.355 0.1000000015
17872  38.897  -70.636  12.008 0.5000000000
18872  40.800  -69.239  11.694 0.4000000060
18856  38.366  -69.990  12.022 0.4000000060
18857  37.492  -69.784  12.063 0.5000000000
18858  36.383  -69.896  12.284 0.5000000000
18859  35.213  -69.746  12.348 0.5000000000
17891  34.925  -70.470  11.345 0.5000000000
17931  35.716  -71.351  8.094 0.5000000000
15340  37.247  -73.772  5.617 0.5000000000
14516  37.563  -74.612  5.276 0.5000000000
12128  39.287  -77.356  6.154 0.4000000060
10636  40.452  -79.873  6.061 0.5000000000
15193  42.744  -73.461  17.837 0.1000000015
16073  43.531  -72.649  16.379 0.1000000015
16089  44.007  -72.197  15.593 0.1000000015
16936  43.358  -71.553  14.992 0.1000000015
16955  42.878  -70.686  14.544 0.1000000015
17846  41.540  -69.842  14.570 0.1000000015
16090  42.862  -72.189  15.646 0.1000000015
16937  42.127  -71.392  15.063 0.1000000015
18830  41.834  -69.024  14.286 0.1000000015
21852  39.800  -66.604  12.672 0.2000000030
22967  39.303  -66.132  12.248 0.2000000030
18852  43.669  -69.843  12.932 0.1000000015
18853  42.660  -69.112  12.727 0.1000000015
19836  42.405  -68.414  13.104 0.1000000015
20804  41.498  -67.610  12.960 0.1000000015
20821  40.662  -67.438  12.431 0.2000000030
18854  42.143  -68.594  12.368 0.2000000030
19855  41.769  -68.335  12.210 0.1000000015
19856  41.089  -68.229  11.865 0.2000000030
20837  39.605  -67.448  11.668 0.2000000030
21867  39.391  -66.488  11.904 0.2000000030
22968  38.841  -65.649  11.737 0.2000000030
18871  41.966  -69.068  11.967 0.2000000030
18873  39.661  -69.434  11.766 0.3000000119
19859  37.771  -68.815  11.646 0.3000000119
19840  36.959  -69.175  12.077 0.5000000000
16172  35.741  -72.616  7.510 0.5000000000
19841  36.034  -69.003  12.396 0.4000000060
15319  33.848  -73.460  6.431 0.5000000000
16191  34.060  -72.971  7.113 0.5000000000
16173  34.748  -72.730  7.521 0.5000000000
14495  34.535  -74.278  6.599 0.5000000000
14473  35.367  -73.995  7.114 0.5000000000
15295  35.414  -73.550  7.276 0.5000000000
18902  34.108  -70.305  10.159 0.5000000000
17902  34.513  -70.437  10.551 0.5000000000
13695  37.009  -75.595  5.535 0.5000000000
14518  35.598  -75.051  6.134 0.5000000000
14493  36.182  -74.192  6.501 0.5000000000
17041  34.306  -71.954  8.000 0.5000000000
13694  38.235  -75.592  5.384 0.5000000000
15317  36.423  -73.685  6.608 0.5000000000
17040  35.310  -71.958  7.860 0.6000000238
11370  40.267  -78.997  6.539 0.4000000060
15179  42.330  -73.761  18.537 0.1000000015
16051  43.105  -73.065  17.096 0.1000000015
16074  42.474  -72.649  16.441 0.1000000015
16075  41.508  -72.589  16.585 0.1000000015
16077  39.695  -72.394  17.149 0.1000000015
16091  41.797  -72.170  15.845 0.1000000015
17826  41.265  -70.648  14.810 0.1000000015
18831  40.676  -69.202  14.668 0.1000000015
19809  41.225  -68.198  14.232 0.1000000015
20789  39.787  -67.154  14.398 0.1000000015
20787  41.445  -67.746  13.602 0.1000000015
21817  39.937  -66.688  13.966 0.2000000030
21834  39.404  -66.182  13.480 0.2000000030
20805  40.823  -67.314  13.248 0.1000000015
21833  40.173  -66.838  13.415 0.2000000030
20838  38.444  -67.684  11.001 0.3000000119
21869  37.872  -66.941  10.776 0.3000000119
22993  38.513  -65.682  11.078 0.2000000030
20839  37.241  -67.622  10.947 0.3000000119
21891  37.537  -66.102  10.761 0.2000000030
19860  36.622  -68.339  11.783 0.4000000060
20855  36.739  -66.773  10.719 0.3000000119
19861  35.593  -68.190  12.099 0.4000000060
20840  36.067  -67.335  11.397 0.4000000060
17078  33.063  -71.535  5.511 0.5000000000
17064  32.683  -71.059  6.737 0.5000000000
17042  33.202  -71.456  7.541 0.5000000000
18860  34.704  -69.192  12.322 0.5000000000
19942  33.339  -68.787  5.270 0.5000000000
19943  32.723  -68.954  5.897 0.5000000000
19907  32.455  -69.533  7.086 0.5000000000
17043  32.686  -70.929  7.179 0.5000000000
17024  33.399  -70.995  8.228 0.6000000238
17892  34.278  -70.245  11.112 0.5000000000
18877  34.109  -69.594  11.730 0.5000000000
19921  32.750  -68.367  6.232 0.5000000000
19906  32.527  -68.741  7.484 0.5000000000
17932  32.937  -70.587  8.094 0.6000000238
17022  34.925  -71.458  8.433 0.5000000000
17911  34.625  -70.670  9.713 0.5000000000
17923  33.508  -70.667  8.829 0.5000000000
17922  34.454  -70.978  8.964 0.5000000000
8454  39.801  -81.777  5.751 0.4000000060
9211  39.753  -81.177  6.082 0.4000000060
11369  40.965  -79.089  6.166 0.4000000060
16921  37.531  -71.220  16.848 0.1000000015
16919  39.300  -71.847  16.535 0.1000000015
17829  37.974  -70.421  15.933 0.1000000015
16092  41.120  -72.230  16.110 0.1000000015
16076  40.455  -72.330  16.626 0.1000000015
16939  39.691  -71.232  15.634 0.1000000015
17828  39.124  -70.311  15.398 0.1000000015
16938  40.800  -71.626  15.504 0.1000000015
18813  38.531  -69.347  15.481 0.1000000015
18832  40.059  -68.726  14.753 0.1000000015
19792  39.655  -68.404  14.864 0.1000000015
20774  39.361  -67.672  14.803 0.1000000015
21835  38.944  -66.106  14.001 0.2000000030
22923  38.420  -65.723  13.608 0.2000000030
22946  38.643  -65.360  12.593 0.2000000030
22969  38.181  -64.881  11.831 0.2000000030
26167  38.685  -62.576  7.188 0.2000000030
25163  38.259  -63.523  6.866 0.2000000030
25165  36.995  -63.291  6.719 0.2000000030
25149  36.430  -63.250  6.886 0.2000000030
25151  34.708  -63.347  7.834 0.2000000030
24106  37.425  -64.330  6.755 0.2000000030
24107  36.497  -64.029  6.889 0.2000000030
24108  35.342  -64.190  7.320 0.2000000030
23039  33.934  -64.983  7.862 0.2000000030
24083  33.975  -64.378  8.113 0.3000000119
23040  33.426  -65.342  8.272 0.2000000030
23014  32.975  -65.973  9.628 0.4000000060
23072  35.664  -65.672  6.648 0.2000000030
23057  36.006  -64.985  7.055 0.3000000119
23058  34.539  -65.215  7.335 0.3000000119
23059  33.835  -65.677  7.544 0.4000000060
21894  33.196  -66.735  10.419 0.5000000000
21872  34.353  -66.745  11.572 0.4000000060
20842  33.999  -67.524  11.881 0.5000000000
21993  34.769  -66.823  5.643 0.5000000000
21994  33.822  -66.817  5.856 0.4000000060
21967  33.508  -66.652  6.543 0.4000000060
21966  34.313  -66.215  6.611 0.4000000060
21947  33.419  -66.360  7.451 0.4000000060
20906  32.733  -67.492  8.095 0.5000000000
20887  32.900  -67.621  9.248 0.5000000000
21910  32.978  -66.902  9.633 0.5000000000
19863  33.721  -68.403  11.654 0.5000000000
21995  33.283  -66.991  6.173 0.5000000000
20927  32.936  -67.374  6.797 0.5000000000
18909  32.756  -69.784  8.542 0.5000000000
17912  33.982  -70.651  9.379 0.5000000000
18903  33.460  -69.919  9.716 0.5000000000
18890  33.906  -70.037  10.686 0.5000000000
17801  36.003  -70.784  17.563 0.1000000015
16904  36.986  -71.293  17.450 0.1000000015
17800  36.611  -70.908  17.197 0.1000000015
18797  36.077  -69.589  16.759 0.1000000015
17830  37.325  -69.984  16.115 0.1000000015
18796  36.905  -69.497  16.209 0.1000000015
18814  37.621  -69.397  15.834 0.1000000015
19777  37.161  -68.765  15.890 0.1000000015
19794  37.907  -68.309  15.655 0.1000000015
20776  37.425  -67.294  15.597 0.1000000015
21801  38.235  -66.634  14.974 0.2000000030
22886  37.605  -66.124  14.774 0.2000000030
22907  38.219  -65.945  14.173 0.2000000030
22994  38.042  -65.082  10.891 0.2000000030
27185  39.201  -61.974  7.433 0.1000000015
26168  37.787  -62.457  6.910 0.2000000030
26194  36.918  -62.856  6.765 0.2000000030
25150  35.747  -63.218  7.207 0.2000000030
22995  36.833  -65.118  10.681 0.2000000030
28139  39.438  -60.598  8.071 0.1000000015
28154  39.015  -61.319  7.548 0.1000000015
27187  37.466  -61.524  7.306 0.1000000015
26170  35.271  -62.117  7.886 0.1000000015
25121  34.067  -63.443  8.568 0.1000000015
24084  33.486  -64.591  8.768 0.2000000030
21871  35.234  -66.544  11.329 0.3000000119
21892  36.426  -65.958  10.770 0.2000000030
25122  33.622  -63.977  9.064 0.1000000015
24057  33.383  -64.764  9.698 0.3000000119
22971  34.457  -66.046  11.256 0.2000000030
19885  33.081  -68.556  9.957 0.5000000000
20872  33.081  -67.579  10.165 0.5000000000
20856  33.308  -67.412  10.834 0.5000000000
18878  33.560  -68.897  11.288 0.5000000000
19892  32.667  -68.679  8.914 0.5000000000
18891  33.476  -69.247  10.734 0.5000000000
17787  35.700  -71.025  18.145 0.1000000015
18788  35.310  -69.819  17.486 0.1000000015
19767  35.092  -68.817  17.230 0.1000000015
18798  35.520  -69.184  17.014 0.1000000015
19780  34.977  -68.091  16.972 0.1000000015
19778  36.484  -68.631  16.223 0.1000000015
21782  36.153  -66.877  16.037 0.1000000015
20761  35.292  -67.449  16.592 0.1000000015
20777  36.803  -67.322  15.841 0.1000000015
22887  36.997  -65.992  14.904 0.2000000030
22908  37.722  -65.849  14.327 0.2000000030
22924  37.383  -65.374  13.493 0.2000000030
22947  37.673  -65.059  12.599 0.2000000030
22948  37.109  -65.075  12.918 0.2000000030
23997  37.347  -64.656  12.325 0.2000000030
24038  37.643  -64.457  11.339 0.2000000030
28155  38.345  -60.981  7.632 0.1000000015
27188  36.310  -61.123  7.867 0.1000000015
26142  34.522  -62.671  8.575 0.1000000015
24040  36.039  -64.303  10.643 0.1000000015
22996  35.670  -65.247  10.798 0.2000000030
25099  34.200  -63.194  9.560 0.1000000015
25100  33.738  -63.968  9.795 0.1000000015
24042  33.901  -64.609  10.691 0.2000000030
22997  34.587  -65.251  11.059 0.2000000030
22970  35.117  -65.810  11.093 0.2000000030
18776  33.662  -69.128  18.625 0.1000000015
19746  33.976  -68.792  18.051 0.1000000015
20723  32.528  -67.697  19.020 0.1000000015
19768  34.371  -68.253  17.452 0.1000000015
21764  33.095  -66.548  17.702 0.1000000015
21763  34.097  -66.589  17.221 0.1000000015
21784  34.766  -66.628  16.665 0.1000000015
21783  35.642  -66.594  16.141 0.1000000015
22888  35.714  -65.532  15.243 0.1000000015
22910  35.867  -65.199  14.454 0.1000000015
23933  35.415  -64.900  14.522 0.1000000015
23955  35.824  -64.873  13.869 0.1000000015
22925  36.719  -65.052  13.318 0.2000000030
23998  36.745  -64.479  12.452 0.2000000030
24016  37.530  -64.482  12.002 0.2000000030
25041  36.287  -63.623  11.642 0.2000000030
24017  37.056  -64.002  11.481 0.2000000030
25056  36.398  -63.540  10.942 0.1000000015
24039  37.036  -64.197  10.748 0.2000000030
28122  40.222  -59.888  10.300 0.1000000015
29142  38.725  -59.540  9.652 0.1000000015
29166  38.046  -59.666  8.924 0.1000000015
27166  36.057  -60.739  8.476 0.1000000015
25077  36.231  -63.811  10.698 0.2000000030
28123  37.121  -59.736  9.156 0.1000000015
28143  35.980  -60.485  8.924 0.1000000015
27189  35.647  -61.400  8.080 0.1000000015
26122  34.641  -62.513  9.409 0.1000000015
25079  34.203  -63.858  10.350 0.1000000015
24041  34.938  -64.370  10.769 0.2000000030
22834  32.281  -65.694  18.435 0.1000000015
22853  32.665  -65.347  17.747 0.1000000015
22852  33.724  -65.603  17.112 0.1000000015
22869  34.762  -65.599  16.277 0.1000000015
22889  34.824  -65.007  15.627 0.1000000015
23976  36.238  -64.734  13.281 0.2000000030
25022  35.215  -63.129  12.754 0.1000000015
23977  35.609  -64.184  13.112 0.1000000015
23999  35.862  -63.723  12.301 0.2000000030
25042  35.670  -63.024  11.867 0.1000000015
29102  37.575  -59.625  11.503 0.1000000015
29123  36.874  -59.683  11.020 0.1000000015
28084  36.384  -60.403  11.619 0.1000000015
28085  35.813  -61.075  11.281 0.1000000015
26089  35.577  -62.337  11.383 0.1000000015
29120  39.186  -59.606  10.332 0.1000000015
29121  38.488  -59.455  10.463 0.1000000015
29144  36.909  -59.529  10.078 0.1000000015
28105  36.297  -60.132  10.407 0.1000000015
28106  35.802  -60.832  10.589 0.1000000015
27131  35.559  -61.690  10.766 0.1000000015
26121  35.115  -62.252  10.014 0.1000000015
26106  35.509  -62.494  10.721 0.1000000015
28124  36.378  -60.066  9.453 0.1000000015
28125  35.802  -60.595  9.634 0.1000000015
27147  35.378  -61.354  9.785 0.1000000015
25078  35.269  -63.300  10.549 0.1000000015
23905  32.489  -64.437  17.762 0.1000000015
23904  33.078  -64.353  17.100 0.1000000015
23920  33.660  -64.212  16.577 0.1000000015
23919  34.252  -64.279  16.055 0.1000000015
23934  34.802  -64.438  15.026 0.1000000015
23978  34.937  -63.576  13.529 0.1000000015
28035  37.336  -59.741  13.371 0.1000000015
28036  36.563  -60.490  13.217 0.1000000015
27056  35.590  -61.462  13.381 0.1000000015
26050  35.116  -62.145  13.105 0.1000000015
25023  34.843  -62.751  13.595 0.1000000015
28034  38.624  -59.700  12.930 0.1000000015
28061  36.388  -60.660  12.537 0.1000000015
27055  36.033  -61.057  12.941 0.1000000015
27083  35.554  -61.572  12.593 0.1000000015
26073  35.421  -62.291  12.224 0.1000000015
28058  39.049  -60.002  12.452 0.1000000015
28083  37.325  -59.889  12.059 0.1000000015
28060  36.942  -60.131  12.610 0.1000000015
27082  35.942  -61.029  12.197 0.1000000015
27109  35.631  -61.557  11.727 0.1000000015
24986  34.345  -63.404  15.449 0.1000000015
26014  34.548  -62.228  15.186 0.1000000015
25004  34.632  -63.287  14.408 0.1000000015
27036  35.106  -61.501  14.845 0.1000000015
28017  36.498  -60.200  14.011 0.1000000015
27035  35.645  -61.186  14.235 0.1000000015
26051  34.969  -62.211  13.672 0.1000000015
27034  36.097  -60.925  13.594 0.1000000015
17006  41.060  -71.941  11.233 0.4000000060
17910  35.573  -70.848  9.593 0.5000000000
16998  39.566  -71.270  11.833 0.4000000060
18855  39.028  -69.945  11.985 0.4000000060
16954  43.939  -70.923  14.534 0.1000000015
18870  42.498  -69.460  12.272 0.2000000030
18874  38.663  -69.386  11.765 0.4000000060
18875  38.068  -69.515  11.853 0.4000000060
16052  42.114  -73.059  17.184 0.1000000015
16956  42.055  -70.470  14.665 0.1000000015
20822  39.867  -66.973  12.177 0.3000000119
22922  39.041  -65.627  13.125 0.2000000030
20820  41.443  -67.727  12.583 0.2000000030
20836  40.384  -67.868  11.922 0.2000000030
19857  40.118  -68.434  11.724 0.2000000030
21868  38.635  -66.431  11.108 0.3000000119
19858  39.070  -68.538  11.486 0.3000000119
16192  33.429  -72.534  6.796 0.5000000000
16053  41.137  -72.997  17.346 0.1000000015
16918  40.042  -71.806  16.038 0.1000000015
18811  40.199  -69.583  14.851 0.1000000015
17827  40.265  -70.269  14.980 0.1000000015
19810  40.222  -68.062  14.556 0.1000000015
20788  40.626  -67.298  14.017 0.1000000015
21818  39.290  -66.528  14.189 0.1000000015
20854  37.358  -66.875  10.639 0.3000000119
20841  34.975  -67.397  11.894 0.4000000060
17965  32.822  -70.558  5.580 0.5000000000
17966  32.563  -70.461  6.260 0.5000000000
18978  33.763  -69.861  4.772 0.5000000000
20955  33.254  -67.562  5.794 0.5000000000
16920  38.250  -71.350  16.526 0.1000000015
17812  37.653  -70.902  16.472 0.1000000015
16940  38.827  -71.103  15.916 0.1000000015
18812  39.672  -69.274  14.995 0.1000000015
19793  38.953  -68.348  15.216 0.1000000015
20790  39.060  -66.971  14.591 0.1000000015
25148  38.288  -63.044  6.940 0.2000000030
26166  39.514  -62.733  7.388 0.2000000030
24119  37.598  -63.776  6.715 0.2000000030
24109  34.629  -64.290  7.641 0.2000000030
23056  37.053  -64.941  6.819 0.2000000030
21873  33.616  -66.845  11.270 0.4000000060
23073  34.982  -65.848  6.698 0.5000000000
21946  34.030  -65.868  7.237 0.4000000060
21931  32.956  -66.592  8.708 0.5000000000
20843  33.558  -67.682  11.327 0.5000000000
22972  33.973  -66.316  11.309 0.3000000119
21964  36.339  -66.144  6.048 0.5000000000
21965  35.357  -66.298  6.200 0.5000000000
17802  35.341  -70.454  17.865 0.1000000015
17814  36.190  -70.289  17.003 0.1000000015
17813  36.897  -70.526  16.701 0.1000000015
20760  36.216  -67.475  16.167 0.1000000015
20759  36.982  -67.965  15.836 0.1000000015
20775  38.438  -67.206  15.151 0.1000000015
21802  37.728  -66.502  15.096 0.2000000030
26169  36.615  -62.456  6.984 0.1000000015
28156  37.423  -60.700  7.846 0.1000000015
18774  35.015  -70.271  18.019 0.1000000015
18775  34.413  -69.855  18.342 0.1000000015
19779  35.661  -68.467  16.692 0.1000000015
20762  34.531  -67.411  17.034 0.1000000015
21803  36.530  -66.615  15.686 0.1000000015
22909  36.579  -65.365  14.177 0.2000000030
29164  39.990  -59.879  8.844 0.1000000015
29165  39.057  -59.770  8.792 0.1000000015
28140  38.280  -60.261  8.220 0.1000000015
28157  36.889  -60.549  8.143 0.1000000015
26141  34.886  -61.885  9.037 0.1000000015
19769  33.691  -68.050  17.865 0.1000000015
19721  33.169  -68.869  19.108 0.1000000015
19747  33.197  -68.250  18.480 0.1000000015
21727  32.089  -66.899  19.395 0.1000000015
21745  32.414  -66.668  18.513 0.1000000015
20744  33.213  -67.472  17.986 0.1000000015
20743  33.832  -67.388  17.539 0.1000000015
21765  32.564  -66.071  18.072 0.1000000015
22851  34.380  -66.081  16.878 0.1000000015
22868  35.514  -65.959  15.885 0.1000000015
21804  35.855  -66.174  15.751 0.1000000015
25057  35.786  -63.044  11.144 0.1000000015
29140  40.226  -59.826  9.357 0.1000000015
29143  37.806  -59.413  9.799 0.1000000015
28142  36.557  -60.372  8.609 0.1000000015
27167  35.564  -61.138  8.666 0.1000000015
25098  34.732  -62.743  9.912 0.1000000015
22870  33.887  -64.808  16.628 0.1000000015
23956  35.002  -64.337  13.997 0.1000000015
29103  36.977  -59.824  11.604 0.1000000015
28082  38.292  -59.820  12.011 0.1000000015
29101  38.426  -59.572  11.293 0.1000000015
29122  37.655  -59.406  10.712 0.1000000015
27108  35.896  -60.996  11.710 0.1000000015
24958  32.877  -63.478  17.081 0.1000000015
24975  33.489  -63.413  16.536 0.1000000015
24974  34.052  -63.440  16.041 0.1000000015
28016  36.901  -59.809  13.789 0.1000000015
26031  35.214  -61.825  13.735 0.1000000015
28059  37.931  -59.846  12.608 0.1000000015
26002  33.980  -62.697  15.953 0.1000000015
26032  34.943  -62.136  14.245 0.1000000015
27019  35.367  -60.831  14.924 0.1000000015
28006  35.215  -60.244  15.087 0.1000000015
29071  37.524  -58.917  13.794 0.1000000015
29070  38.313  -59.055  13.338 0.1000000015
15261  45.561  -73.260  9.566 0.1000000015
15275  45.296  -73.731  8.721 0.1000000015
15262  44.363  -73.284  9.537 0.1000000015
15255  43.608  -73.047  10.027 0.1000000015
15256  42.814  -73.235  10.103 0.1000000015
16140  45.287  -72.682  10.433 0.1000000015
16132  44.031  -72.000  10.994 0.1000000015
15260  46.605  -73.344  9.482 0.2000000030
17003  43.463  -71.955  11.023 0.1000000015
15276  44.175  -73.929  8.683 0.1000000015
14448  45.054  -74.338  7.983 0.2000000030
15263  43.337  -73.594  9.429 0.1000000015
16143  41.988  -72.806  10.571 0.1000000015
14468  45.734  -74.658  7.323 0.2000000030
14449  43.959  -74.404  7.834 0.2000000030
15277  43.002  -74.210  8.577 0.2000000030
15264  42.109  -73.652  9.456 0.2000000030
16150  41.204  -73.135  9.940 0.3000000119
14450  42.901  -74.539  7.624 0.2000000030
14488  45.303  -74.916  6.672 0.2000000030
15265  41.048  -73.560  9.076 0.2000000030
14470  43.757  -74.782  7.032 0.2000000030
12112  44.902  -77.549  6.601 0.1000000015
14487  46.104  -75.040  6.876 0.2000000030
14469  44.790  -74.693  7.150 0.2000000030
16151  40.202  -73.153  9.626 0.4000000060
12111  45.297  -76.802  6.263 0.1000000015
14507  45.832  -75.317  6.465 0.1000000015
14451  42.311  -74.532  7.319 0.2000000030
15278  41.602  -74.163  7.920 0.2000000030
12103  45.425  -76.993  7.185 0.1000000015
16160  39.564  -73.062  8.815 0.4000000060
12893  45.511  -76.191  5.862 0.2000000030
13676  44.911  -75.472  5.987 0.2000000030
11379  44.292  -78.025  6.130 0.1000000015
11391  44.025  -77.975  5.255 0.2000000030
12125  44.688  -77.158  5.555 0.1000000015
14509  44.000  -75.337  5.842 0.2000000030
14472  42.000  -74.485  6.769 0.2000000030
15291  41.152  -73.925  6.560 0.2000000030
15292  40.489  -73.478  7.132 0.4000000060
12894  45.049  -76.492  5.428 0.1000000015
16161  38.968  -72.493  8.521 0.4000000060
13690  44.192  -75.605  5.287 0.3000000119
14510  43.330  -75.236  5.407 0.3000000119
13707  44.891  -76.063  4.936 0.2000000030
13708  44.341  -76.010  4.576 0.4000000060
15315  40.043  -73.026  6.716 0.4000000060
17019  38.530  -72.080  7.855 0.4000000060
14491  42.614  -74.832  6.060 0.3000000119
14532  42.174  -75.042  4.441 0.4000000060
14531  43.047  -75.243  4.435 0.3000000119
26140  42.266  -62.099  8.083 0.1000000015
27184  39.973  -62.020  7.582 0.1000000015
16170  39.224  -72.494  7.523 0.4000000060
15313  41.074  -73.726  5.624 0.4000000060
16187  39.663  -72.480  6.454 0.5000000000
14512  41.540  -74.317  5.072 0.4000000060
14511  42.436  -74.767  5.191 0.3000000119
15336  41.008  -73.812  5.120 0.4000000060
26164  41.489  -62.610  7.687 0.1000000015
26163  42.514  -62.913  7.817 0.1000000015
26165  40.431  -62.760  7.521 0.1000000015
17036  38.836  -72.170  7.055 0.4000000060
17060  38.407  -72.149  6.706 0.5000000000
16188  38.882  -72.261  6.069 0.5000000000
17061  37.581  -71.953  6.955 0.5000000000
25146  39.934  -63.595  7.361 0.1000000015
24103  40.445  -64.545  7.414 0.1000000015
25145  40.938  -63.636  7.542 0.1000000015
24104  39.395  -64.431  7.239 0.1000000015
15252  46.836  -73.024  10.078 0.1000000015
16148  44.699  -72.979  10.015 0.1000000015
16142  43.069  -72.581  10.542 0.1000000015
16141  44.102  -72.539  10.422 0.1000000015
15253  46.152  -72.987  10.016 0.1000000015
16131  44.628  -72.086  11.094 0.1000000015
16994  44.018  -71.381  11.347 0.1000000015
16162  38.252  -72.022  8.571 0.4000000060
24105  38.314  -64.204  6.879 0.1000000015
15273  47.090  -73.708  9.030 0.1000000015
15279  40.261  -73.423  8.282 0.3000000119
14490  43.489  -75.129  6.297 0.2000000030
15280  39.511  -72.940  8.072 0.4000000060
16186  40.172  -72.569  6.097 0.4000000060
16992  45.984  -71.587  11.780 0.1000000015
10539  36.107  -79.434  13.620 0.1000000015
10522  36.556  -80.115  13.992 0.1000000015
9816  37.797  -80.762  15.180 0.1000000015
9831  35.509  -80.291  12.990 0.1000000015
10540  35.303  -79.370  12.868 0.1000000015
9855  34.368  -80.313  12.342 0.1000000015
4281  31.358  -88.887  16.531 0.1000000015
11298  30.721  -78.853  12.575 0.1000000015
11314  31.516  -78.564  11.699 0.1000000015
10521  37.128  -79.556  14.348 0.1000000015
11313  32.410  -78.664  11.611 0.1000000015
11311  33.729  -78.996  11.884 0.1000000015
10520  38.320  -79.377  14.680 0.1000000015
10578  33.632  -79.581  11.887 0.1000000015
9815  38.931  -80.257  15.429 0.1000000015
3691  31.508  -89.380  17.662 0.1000000015
4901  31.616  -88.101  16.083 0.1000000015
5539  31.910  -86.987  15.664 0.1000000015
3670  33.055  -89.049  18.118 0.1000000015
3690  32.441  -89.411  17.526 0.1000000015
3701  31.895  -89.556  16.896 0.1000000015
6218  31.790  -85.512  14.939 0.1000000015
9064  31.547  -81.520  14.627 0.1000000015
10524  31.285  -79.663  13.873 0.1000000015
10538  36.653  -78.892  13.996 0.1000000015
11253  37.861  -78.908  14.307 0.1000000015
9804  39.622  -81.059  15.666 0.1000000015
4900  32.503  -87.834  16.194 0.1000000015
5538  32.834  -86.742  16.112 0.1000000015
6199  32.446  -85.639  15.535 0.1000000015
7602  32.754  -83.760  15.725 0.1000000015
8326  32.498  -82.783  15.198 0.1000000015
8341  32.010  -82.101  14.781 0.1000000015
9818  31.775  -80.470  14.598 0.1000000015
11255  31.787  -78.708  14.143 0.1000000015
11272  31.429  -78.693  13.435 0.1000000015
11294  33.907  -78.498  12.226 0.1000000015
11268  37.257  -78.439  13.918 0.1000000015
11269  36.273  -78.289  13.656 0.1000000015
11270  35.342  -78.379  13.181 0.1000000015
11271  34.557  -78.122  12.790 0.1000000015
11252  38.227  -78.889  14.327 0.1000000015
6883  33.578  -84.675  16.697 0.1000000015
3651  33.696  -89.060  18.686 0.1000000015
3689  33.363  -89.177  17.505 0.1000000015
3699  33.359  -89.068  16.999 0.1000000015
4279  33.172  -88.530  16.623 0.1000000015
5537  33.625  -86.722  16.602 0.1000000015
6198  33.290  -85.678  16.280 0.1000000015
6896  32.979  -84.634  16.046 0.1000000015
8317  33.037  -83.141  15.782 0.1000000015
8325  32.969  -81.959  15.370 0.1000000015
9807  32.983  -80.294  15.371 0.1000000015
3669  33.990  -89.234  18.160 0.1000000015
3688  34.009  -89.082  17.629 0.1000000015
4268  33.892  -88.688  17.211 0.1000000015
4888  33.840  -87.747  16.871 0.1000000015
9048  32.466  -81.320  15.021 0.1000000015
9808  32.406  -80.155  14.922 0.1000000015
10523  32.016  -79.465  14.585 0.1000000015
12003  32.322  -78.050  14.870 0.1000000015
12012  32.206  -77.727  14.267 0.1000000015
12035  31.886  -77.892  13.223 0.1000000015
12034  32.627  -77.175  13.323 0.1000000015
12032  34.637  -77.321  13.241 0.1000000015
12050  33.272  -77.580  12.558 0.1000000015
12051  32.418  -77.689  12.566 0.1000000015
11267  38.529  -78.624  13.762 0.1000000015
10518  40.369  -79.597  14.749 0.1000000015
10519  39.364  -79.514  14.898 0.1000000015
10535  40.688  -79.055  13.876 0.1000000015
10536  39.634  -78.977  14.281 0.1000000015
6882  34.232  -84.492  17.378 0.1000000015
7584  33.750  -83.994  16.930 0.1000000015
3650  34.191  -89.182  18.886 0.1000000015
4248  35.292  -88.491  18.708 0.1000000015
4266  35.238  -88.554  18.198 0.1000000015
4886  35.278  -88.034  17.790 0.1000000015
5525  34.352  -86.855  17.193 0.1000000015
6182  33.987  -85.708  16.979 0.1000000015
7601  33.380  -83.587  16.358 0.1000000015
8316  33.356  -82.413  15.952 0.1000000015
9796  33.601  -80.384  15.967 0.1000000015
4249  34.790  -88.972  18.574 0.1000000015
4267  34.685  -88.843  17.708 0.1000000015
10508  33.304  -79.406  15.745 0.1000000015
10509  32.637  -79.243  15.155 0.1000000015
11241  32.945  -78.473  15.595 0.1000000015
11242  32.525  -78.382  15.131 0.1000000015
12002  32.664  -77.624  15.118 0.1000000015
12807  34.137  -76.441  13.689 0.1000000015
12808  33.209  -76.628  13.898 0.1000000015
12030  36.750  -77.448  13.229 0.1000000015
12048  36.794  -76.724  12.745 0.1000000015
12031  35.704  -77.342  13.328 0.1000000015
12033  33.639  -76.991  13.139 0.1000000015
12047  37.448  -77.171  12.596 0.1000000015
12029  37.769  -77.931  13.162 0.1000000015
12028  38.314  -78.164  13.035 0.1000000015
10537  38.952  -79.080  14.442 0.1000000015
10560  41.301  -79.220  13.218 0.1000000015
4837  35.293  -87.903  20.354 0.1000000015
4215  34.516  -88.485  19.885 0.1000000015
4870  35.921  -87.326  18.993 0.1000000015
5523  35.415  -87.474  18.111 0.1000000015
4214  35.035  -88.506  19.599 0.1000000015
4871  35.548  -87.870  18.471 0.1000000015
5524  35.075  -87.074  17.804 0.1000000015
6181  34.732  -85.841  17.784 0.1000000015
7583  34.032  -83.279  17.008 0.1000000015
8315  33.934  -82.276  16.699 0.1000000015
9035  33.766  -81.364  16.309 0.1000000015
8306  34.416  -82.343  17.411 0.1000000015
9795  34.139  -80.457  16.620 0.1000000015
10506  33.952  -79.512  16.297 0.1000000015
11233  33.620  -78.576  16.108 0.1000000015
11992  33.283  -77.685  15.875 0.1000000015
12782  33.927  -76.393  15.742 0.1000000015
12792  33.851  -76.229  14.706 0.1000000015
13586  34.653  -75.734  14.040 0.1000000015
12805  36.182  -76.328  13.036 0.1000000015
12806  35.113  -76.401  13.463 0.1000000015
12814  37.177  -76.383  12.506 0.1000000015
12815  36.701  -76.309  12.706 0.1000000015
11292  38.595  -78.280  12.904 0.1000000015
11266  39.803  -78.702  13.499 0.1000000015
11265  40.302  -78.799  13.439 0.1000000015
6870  35.914  -84.648  18.961 0.1000000015
7569  35.321  -83.294  18.759 0.1000000015
4855  35.550  -88.075  19.276 0.1000000015
4854  36.325  -87.230  19.758 0.1000000015
5507  35.226  -86.372  18.145 0.1000000015
6871  35.046  -84.565  18.199 0.1000000015
8293  35.330  -82.148  18.752 0.1000000015
6170  35.496  -85.680  18.383 0.1000000015
8294  34.853  -82.324  18.197 0.1000000015
9768  34.884  -80.526  18.067 0.1000000015
11222  34.581  -78.853  17.301 0.1000000015
9027  34.650  -81.406  17.756 0.1000000015
9784  34.545  -80.492  17.351 0.1000000015
11975  34.603  -77.858  17.169 0.1000000015
12776  33.680  -77.019  16.091 0.1000000015
13530  34.315  -76.115  16.035 0.1000000015
13567  36.083  -75.126  14.167 0.1000000015
13569  34.604  -75.584  14.815 0.1000000015
13600  36.785  -75.924  12.751 0.1000000015
13585  35.615  -75.585  13.693 0.1000000015
12813  38.125  -76.605  12.100 0.1000000015
12046  38.464  -77.799  12.353 0.1000000015
6150  37.477  -85.568  19.520 0.1000000015
4836  36.150  -87.233  20.789 0.1000000015
5487  37.053  -86.279  19.563 0.1000000015
6869  36.693  -85.086  19.156 0.1000000015
7553  36.226  -83.492  19.420 0.1000000015
4820  35.586  -87.332  21.313 0.1000000015
6169  36.219  -85.774  18.859 0.1000000015
9767  35.349  -80.490  18.679 0.1000000015
9015  35.060  -81.373  18.446 0.1000000015
11221  34.993  -78.570  17.842 0.1000000015
12775  34.368  -76.710  16.556 0.1000000015
13529  34.773  -75.814  16.206 0.1000000015
13548  34.381  -75.831  15.496 0.1000000015
13546  36.258  -75.109  15.155 0.1000000015
13599  37.477  -75.739  12.670 0.1000000015
13584  36.724  -75.321  13.446 0.1000000015
12812  38.977  -76.247  11.802 0.1000000015
12826  39.342  -76.922  11.207 0.1000000015
5469  37.049  -86.390  20.445 0.1000000015
6850  37.535  -84.742  19.400 0.1000000015
7552  37.198  -83.624  19.612 0.1000000015
6851  36.722  -84.354  19.324 0.1000000015
8995  36.143  -81.471  19.705 0.1000000015
9752  35.908  -80.338  19.412 0.1000000015
10484  35.545  -79.492  18.808 0.1000000015
11212  35.618  -78.438  18.550 0.1000000015
11974  35.325  -77.569  17.898 0.1000000015
12761  35.672  -76.730  17.503 0.1000000015
12762  34.975  -76.966  17.284 0.1000000015
13527  36.886  -75.591  16.448 0.1000000015
12774  35.242  -76.255  16.860 0.1000000015
14369  37.010  -74.831  14.746 0.1000000015
13583  37.867  -75.168  13.553 0.1000000015
14387  36.691  -74.903  14.231 0.1000000015
13582  39.141  -75.368  13.383 0.1000000015
13598  38.501  -75.685  12.527 0.1000000015
12825  40.102  -76.450  10.885 0.1000000015
12075  41.738  -77.646  10.192 0.1000000015
5486  37.553  -85.863  19.837 0.1000000015
6149  38.075  -85.156  19.796 0.1000000015
8279  36.702  -82.422  19.962 0.1000000015
8994  36.581  -81.555  20.061 0.1000000015
6130  37.635  -85.683  20.654 0.1000000015
11211  36.111  -77.909  18.721 0.1000000015
11973  35.998  -77.126  18.039 0.1000000015
12760  36.477  -76.558  17.736 0.1000000015
12772  36.767  -76.056  17.189 0.1000000015
13565  38.763  -75.285  14.409 0.1000000015
13545  37.421  -75.114  15.355 0.1000000015
14368  37.403  -74.930  14.720 0.1000000015
13597  39.676  -75.542  12.248 0.1000000015
13620  39.675  -76.126  11.425 0.1000000015
12838  42.507  -76.389  9.780 0.1000000015
12848  43.989  -76.713  9.126 0.1000000015
6128  38.623  -84.768  20.097 0.1000000015
6129  38.104  -85.192  20.353 0.1000000015
6849  38.471  -84.433  19.616 0.1000000015
8278  37.750  -82.800  19.857 0.1000000015
8970  37.752  -81.515  20.024 0.1000000015
9735  37.418  -80.853  20.172 0.1000000015
7551  38.185  -83.685  19.553 0.1000000015
10473  36.700  -79.565  19.752 0.1000000015
10474  35.984  -79.311  19.326 0.1000000015
11201  36.398  -78.443  19.158 0.1000000015
12739  36.953  -76.625  18.077 0.1000000015
13526  38.004  -75.567  16.254 0.1000000015
14408  44.285  -75.097  12.475 0.1000000015
14409  43.300  -74.793  12.677 0.1000000015
14410  42.865  -74.658  13.138 0.1000000015
13580  41.380  -74.873  13.483 0.1000000015
13581  40.297  -75.197  13.350 0.1000000015
13544  38.429  -75.363  15.357 0.1000000015
13594  42.910  -74.767  12.314 0.1000000015
13595  42.314  -74.761  12.683 0.1000000015
13593  44.994  -75.104  11.946 0.1000000015
13616  44.385  -75.200  11.423 0.1000000015
13618  41.751  -75.235  11.401 0.1000000015
13596  40.950  -75.124  12.378 0.1000000015
13615  45.393  -75.030  11.286 0.1000000015
13629  45.141  -75.247  10.340 0.1000000015
13630  43.904  -75.389  10.350 0.1000000015
13619  40.518  -75.698  11.293 0.1000000015
13654  45.805  -75.901  8.644 0.1000000015
13639  43.513  -76.059  9.648 0.1000000015
12847  44.848  -76.696  8.725 0.1000000015
7538  39.361  -83.970  20.009 0.1000000015
6848  38.950  -84.360  19.864 0.1000000015
7550  39.102  -83.677  19.676 0.1000000015
8277  38.744  -82.612  19.705 0.1000000015
8969  38.565  -81.596  19.767 0.1000000015
10456  37.877  -80.309  19.984 0.1000000015
10457  37.242  -80.177  20.081 0.1000000015
11200  37.401  -78.646  19.616 0.1000000015
11957  36.676  -77.271  18.560 0.1000000015
12738  37.484  -76.586  18.299 0.1000000015
13508  38.556  -75.859  17.067 0.1000000015
13524  40.100  -75.740  16.216 0.1000000015
14397  43.249  -74.682  13.596 0.1000000015
13562  41.926  -74.863  14.433 0.1000000015
13563  40.932  -75.238  14.349 0.1000000015
13543  39.449  -75.522  15.291 0.1000000015
14396  44.009  -74.795  13.468 0.1000000015
13627  46.872  -74.631  10.263 0.1000000015
13628  46.274  -74.906  10.554 0.1000000015
7537  39.527  -83.698  20.504 0.1000000015
8276  39.897  -82.816  19.628 0.1000000015
7549  39.662  -83.500  19.968 0.1000000015
8993  39.577  -81.826  19.536 0.1000000015
9750  39.231  -80.882  19.497 0.1000000015
9733  38.541  -80.758  19.763 0.1000000015
10471  38.681  -79.983  19.773 0.1000000015
10472  37.709  -79.556  19.902 0.1000000015
11199  38.418  -78.837  19.706 0.1000000015
11936  38.100  -77.883  19.460 0.1000000015
11956  37.736  -77.113  18.977 0.1000000015
12757  38.937  -76.065  17.919 0.1000000015
12737  38.370  -76.516  18.519 0.1000000015
13507  39.629  -75.849  17.216 0.1000000015
14384  42.965  -74.745  14.356 0.1000000015
13540  42.775  -75.029  15.243 0.1000000015
13542  40.529  -75.557  15.267 0.1000000015
13525  39.028  -75.732  16.209 0.1000000015
14394  45.840  -74.573  13.308 0.1000000015
14383  43.743  -74.667  14.292 0.1000000015
14406  46.092  -74.634  12.209 0.1000000015
14407  45.293  -74.915  12.561 0.1000000015
8275  40.773  -82.459  19.911 0.1000000015
9749  40.251  -81.032  19.233 0.1000000015
10470  39.833  -80.061  19.261 0.1000000015
11198  39.481  -79.066  19.540 0.1000000015
11935  39.121  -78.072  19.391 0.1000000015
11955  38.741  -77.180  19.098 0.1000000015
13490  40.318  -75.898  17.883 0.1000000015
13523  41.216  -75.660  16.251 0.1000000015
13506  40.724  -75.758  17.169 0.1000000015
13541  41.617  -75.326  15.304 0.1000000015
14395  44.920  -74.838  13.424 0.1000000015
14405  46.923  -74.251  12.041 0.1000000015
14428  47.406  -73.839  10.116 0.1000000015
8992  40.559  -81.891  19.458 0.1000000015
10469  40.919  -80.182  19.235 0.1000000015
11197  40.585  -79.232  19.453 0.1000000015
11934  40.201  -78.229  19.366 0.1000000015
11954  39.782  -77.281  19.096 0.1000000015
12736  39.322  -76.542  18.613 0.1000000015
12756  39.710  -76.055  18.108 0.1000000015
13522  42.356  -75.440  16.303 0.1000000015
14382  44.565  -74.662  14.315 0.1000000015
14367  43.495  -74.766  14.929 0.1000000015
14422  47.442  -73.735  10.935 0.1000000015
15258  47.317  -73.601  9.881 0.1000000015
11933  41.306  -78.373  19.353 0.1000000015
11953  40.892  -77.378  19.127 0.1000000015
12735  40.394  -76.434  18.637 0.1000000015
15237  47.245  -73.781  12.601 0.1000000015
15248  47.740  -73.122  11.646 0.1000000015
12733  42.727  -76.613  18.679 0.1000000015
11952  41.995  -77.528  19.036 0.1000000015
12755  42.715  -75.864  18.050 0.1000000015
12734  41.564  -76.603  18.740 0.1000000015
13504  43.080  -75.621  17.272 0.1000000015
13489  41.162  -75.897  18.116 0.1000000015
13505  41.911  -75.653  17.382 0.1000000015
14393  46.646  -74.154  12.981 0.1000000015
14380  46.480  -73.968  14.282 0.1000000015
14381  45.490  -74.573  14.334 0.1000000015
14366  44.188  -74.686  15.034 0.1000000015
13539  43.857  -74.871  15.626 0.1000000015
16128  47.405  -72.522  11.458 0.1000000015
13503  44.215  -75.572  17.311 0.1000000015
13488  42.048  -75.972  18.343 0.1000000015
13521  43.519  -75.275  16.362 0.1000000015
14364  45.998  -74.490  15.335 0.1000000015
13520  44.761  -74.968  16.376 0.1000000015
14365  45.020  -74.646  15.317 0.1000000015
10542  30.275  -79.562  13.135 0.1000000015
12052  31.902  -77.929  12.575 0.1000000015
11297  31.387  -78.383  12.566 0.1000000015
11296  32.043  -78.043  12.037 0.1000000015
9817  36.810  -80.821  14.347 0.1000000015
11295  32.919  -78.113  11.991 0.1000000015
11293  34.755  -78.857  12.604 0.1000000015
11312  33.262  -78.856  11.761 0.1000000015
9854  34.918  -79.926  12.550 0.1000000015
9111  34.869  -80.702  12.666 0.1000000015
10562  34.340  -79.456  12.234 0.1000000015
3702  31.105  -89.220  17.164 0.1000000015
11315  30.863  -78.666  12.021 0.1000000015
10541  31.010  -79.209  13.350 0.1000000015
10579  32.766  -79.478  11.541 0.1000000015
4280  32.237  -88.818  16.440 0.1000000015
6897  32.500  -84.541  15.535 0.1000000015
4899  33.213  -87.547  16.449 0.1000000015
7618  32.214  -83.939  15.255 0.1000000015
11254  32.200  -78.583  14.737 0.1000000015
12049  34.033  -77.647  12.733 0.1000000015
7600  33.704  -82.887  16.494 0.1000000015
9047  33.260  -81.290  15.604 0.1000000015
4887  34.660  -87.943  17.245 0.1000000015
12793  32.891  -76.894  14.631 0.1000000015
4233  34.593  -88.869  19.281 0.1000000015
12783  33.305  -76.891  15.404 0.1000000015
5506  35.683  -86.787  18.463 0.1000000015
7570  34.581  -83.384  17.884 0.1000000015
9034  34.269  -81.390  17.011 0.1000000015
10505  34.403  -79.595  16.984 0.1000000015
11232  34.212  -78.685  16.697 0.1000000015
11991  33.963  -77.743  16.425 0.1000000015
12063  38.766  -77.228  11.688 0.1000000015
12062  39.483  -77.983  11.615 0.1000000015
11291  39.228  -78.400  12.619 0.1000000015
5505  36.388  -86.536  19.106 0.1000000015
10485  35.184  -79.856  18.287 0.1000000015
10497  34.828  -79.581  17.725 0.1000000015
13568  35.316  -75.247  14.505 0.1000000015
6168  36.968  -85.706  19.185 0.1000000015
8280  35.806  -82.378  19.351 0.1000000015
9014  35.562  -81.366  19.076 0.1000000015
10496  35.198  -79.181  18.264 0.1000000015
13547  35.099  -75.338  15.434 0.1000000015
13528  35.718  -75.619  16.224 0.1000000015
12841  40.041  -77.147  10.781 0.1000000015
9751  36.636  -80.763  20.063 0.1000000015
11202  35.809  -78.883  19.028 0.1000000015
12773  36.137  -76.147  16.978 0.1000000015
14386  37.287  -74.892  14.185 0.1000000015
13633  40.610  -76.180  10.693 0.1000000015
12840  40.754  -76.835  10.330 0.1000000015
12839  41.830  -76.608  9.946 0.1000000015
12850  42.380  -76.886  9.709 0.1000000015
6148  38.572  -84.699  19.810 0.1000000015
8971  37.041  -81.546  20.265 0.1000000015
13510  37.134  -75.907  17.086 0.1000000015
12849  43.001  -76.729  9.444 0.1000000015
13632  41.282  -75.957  10.561 0.1000000015
13631  42.555  -75.723  10.275 0.1000000015
8256  38.123  -82.132  19.871 0.1000000015
11937  37.232  -77.828  19.218 0.1000000015
12758  38.029  -76.064  17.802 0.1000000015
13579  42.109  -74.688  13.684 0.1000000015
13564  39.843  -75.356  14.333 0.1000000015
13617  43.164  -75.011  11.651 0.1000000015
13591  45.869  -74.749  11.895 0.1000000015
14424  46.561  -74.571  11.371 0.1000000015
13638  44.811  -75.881  9.278 0.1000000015
12860  45.503  -76.487  8.326 0.1000000015
14385  42.414  -74.706  14.151 0.1000000015
14423  47.141  -74.226  11.195 0.1000000015
14404  47.456  -73.728  11.844 0.1000000015
16206  39.509  -72.703  5.543 0.4000000060
13728  42.401  -75.612  3.610 0.3000000119
13710  41.832  -75.221  4.213 0.3000000119
14534  40.491  -74.422  4.633 0.3000000119
15352  40.244  -73.877  4.694 0.4000000060
16207  38.595  -72.927  5.603 0.4000000060
13712  40.280  -75.277  4.571 0.3000000119
15338  39.234  -73.616  5.093 0.4000000060
5682  39.039  -85.836  5.582 0.1000000015
5698  38.958  -85.694  4.781 0.1000000015
7047  39.163  -84.126  4.639 0.2000000030
8465  39.445  -82.339  5.400 0.3000000119
13696  36.007  -75.643  5.718 0.4000000060
13727  43.333  -75.556  3.652 0.3000000119
10637  39.632  -79.723  6.384 0.4000000060
12115  38.960  -78.171  6.495 0.4000000060
7729  39.501  -83.076  5.110 0.2000000030
9212  39.276  -81.431  5.931 0.3000000119
11372  38.742  -78.776  6.416 0.4000000060
12129  38.184  -77.754  6.033 0.4000000060
6357  38.684  -85.621  5.928 0.1000000015
12116  38.525  -78.391  6.273 0.4000000060
12899  37.556  -76.643  5.688 0.4000000060
12900  36.467  -76.551  5.523 0.4000000060
5699  38.042  -86.025  4.661 0.1000000015
13678  34.874  -74.988  6.243 0.5000000000
7048  38.509  -84.242  4.171 0.2000000030
8466  38.742  -82.395  5.080 0.3000000119
9198  38.884  -81.028  6.091 0.3000000119
12130  36.979  -77.686  5.307 0.4000000060
14519  33.908  -74.237  5.719 0.4000000060
15320  33.491  -72.910  6.232 0.4000000060
10651  38.207  -79.917  5.400 0.4000000060
11382  38.299  -78.839  5.896 0.4000000060
12132  35.475  -76.818  4.935 0.4000000060
12901  35.518  -76.405  5.353 0.5000000000
5713  38.114  -85.996  3.735 0.2000000030
6373  38.589  -85.045  4.196 0.2000000030
7730  38.444  -83.426  4.426 0.2000000030
9944  38.399  -80.908  5.347 0.3000000119
11383  37.737  -78.390  5.451 0.4000000060
12145  36.873  -78.077  4.646 0.4000000060
13697  35.125  -75.689  5.817 0.5000000000
13698  34.319  -75.285  5.420 0.5000000000
15343  33.544  -73.155  5.711 0.4000000060
11396  37.389  -78.577  4.602 0.4000000060
12147  35.502  -77.060  4.437 0.4000000060
12914  34.509  -75.979  4.645 0.5000000000
13715  34.251  -75.351  4.524 0.5000000000
14538  33.669  -73.957  5.150 0.4000000060
6391  38.127  -85.422  3.086 0.2000000030
7070  38.163  -84.466  3.509 0.2000000030
7753  37.944  -83.665  3.603 0.2000000030
8467  37.983  -82.532  4.373 0.4000000060
8485  37.754  -82.723  3.657 0.2000000030
9229  38.217  -81.693  4.713 0.3000000119
9247  37.932  -81.738  3.747 0.4000000060
9960  38.212  -80.747  4.489 0.3000000119
12929  34.988  -76.240  3.703 0.5000000000
14537  33.929  -74.356  4.574 0.5000000000
16222  33.487  -72.452  5.181 0.4000000060
9971  38.361  -80.657  3.500 0.4000000060
10662  37.526  -79.012  4.034 0.4000000060
11397  36.860  -78.258  4.193 0.4000000060
12930  34.496  -75.724  4.174 0.5000000000
7085  38.159  -84.673  2.598 0.2000000030
5731  37.929  -86.430  2.331 0.2000000030
7765  37.971  -84.020  2.932 0.2000000030
17093  33.595  -71.642  4.738 0.4000000060
8494  37.900  -83.311  2.881 0.2000000030
10661  37.883  -79.622  4.246 0.3000000119
11416  37.263  -78.588  3.629 0.4000000060
12146  36.294  -77.753  4.352 0.4000000060
5714  37.262  -86.888  3.309 0.2000000030
8484  37.956  -82.461  2.941 0.3000000119
9258  38.592  -81.699  2.554 0.4000000060
17985  33.291  -70.727  4.923 0.4000000060
12164  35.749  -77.330  3.605 0.5000000000
14552  34.371  -74.379  3.866 0.5000000000
20954  34.072  -67.550  5.075 0.4000000060
5732  37.385  -87.126  2.408 0.2000000030
6404  38.150  -85.495  2.110 0.2000000030
11415  37.850  -78.862  3.135 0.4000000060
11417  36.648  -78.082  3.605 0.4000000060
15368  34.393  -73.494  3.814 0.5000000000
17092  34.037  -71.685  4.322 0.4000000060
23071  36.694  -65.549  6.542 0.4000000060
5749  37.319  -87.027  1.541 0.2000000030
7104  38.694  -84.831  1.307 0.2000000030
7764  38.377  -83.963  2.306 0.2000000030
8493  38.449  -83.006  2.185 0.2000000030
10677  38.272  -79.639  3.110 0.4000000060
12948  35.472  -76.208  2.898 0.5000000000
14551  34.963  -74.417  3.350 0.5000000000
5092  36.494  -87.272  1.967 0.2000000030
9983  38.836  -80.583  2.657 0.4000000060
12180  35.696  -76.784  3.001 0.5000000000
16221  33.917  -72.553  4.308 0.5000000000
5750  36.327  -86.600  1.363 0.2000000030
21992  35.878  -66.797  5.256 0.4000000060
19941  34.176  -68.418  4.713 0.4000000060
18977  34.681  -69.802  4.305 0.4000000060
6418  38.233  -85.875  1.448 0.2000000030
17103  34.608  -71.667  3.874 0.4000000060
18003  34.781  -70.663  4.021 0.4000000060
5748  38.000  -86.445  1.157 0.2000000030
7786  38.864  -83.862  1.735 0.2000000030
8510  39.112  -83.298  1.565 0.2000000030
6436  38.378  -85.792  0.634 0.2000000030
20977  34.704  -68.011  4.630 0.4000000060
18976  35.091  -69.268  4.174 0.4000000060
18994  35.450  -69.614  3.834 0.4000000060
12178  37.253  -77.761  2.485 0.3000000119
14566  35.501  -74.447  2.778 0.5000000000
15367  35.035  -73.515  3.359 0.5000000000
18002  35.379  -70.777  3.566 0.4000000060
9257  39.119  -81.145  2.259 0.4000000060
11433  38.389  -78.804  2.491 0.4000000060
12195  37.687  -77.495  1.981 0.3000000119
12196  36.808  -76.811  1.954 0.4000000060
10697  39.079  -79.771  2.203 0.4000000060
14565  36.080  -74.449  2.227 0.5000000000
7120  39.343  -84.535  0.539 0.2000000030
20976  35.398  -68.054  4.293 0.4000000060
16229  35.115  -72.580  3.360 0.5000000000
16245  35.746  -72.579  2.886 0.5000000000
12947  36.067  -76.265  2.289 0.5000000000
15388  35.627  -73.520  2.831 0.5000000000
14578  36.703  -74.465  1.735 0.5000000000
12962  36.641  -76.215  1.739 0.5000000000
14535  39.630  -74.676  4.683 0.4000000060
20953  35.068  -67.363  4.853 0.4000000060
19964  34.809  -68.790  4.417 0.4000000060
15387  36.219  -73.520  2.312 0.5000000000
11413  42.548  -78.327  4.156 0.3000000119
12143  42.204  -77.613  4.161 0.3000000119
12911  41.666  -76.630  4.216 0.2000000030
12912  40.803  -75.946  4.544 0.2000000030
9957  42.923  -80.156  4.965 0.2000000030
10660  41.845  -79.118  4.221 0.3000000119
11381  41.408  -78.734  5.532 0.3000000119
9959  41.950  -80.125  4.863 0.2000000030
9942  41.189  -81.187  5.553 0.2000000030
10650  40.975  -80.263  5.638 0.2000000030
7046  40.190  -83.724  5.103 0.2000000030
6421  34.860  -86.013  2.073 0.1000000015
6405  35.049  -85.175  2.040 0.1000000015
10775  41.517  -79.569  -1.404 0.1000000015
12141  43.907  -77.384  4.307 0.1000000015
12945  43.073  -76.198  2.752 0.2000000030
12928  42.036  -76.144  3.545 0.2000000030
11412  42.876  -78.471  4.134 0.2000000030
12162  42.563  -77.369  3.770 0.2000000030
11368  43.919  -78.546  6.576 0.1000000015
10647  42.906  -79.795  5.413 0.1000000015
11392  43.368  -78.558  4.677 0.2000000030
10633  43.363  -79.227  6.697 0.1000000015
10634  42.713  -80.135  6.631 0.1000000015
5077  37.091  -87.336  2.688 0.1000000015
5093  35.755  -87.105  1.890 0.1000000015
7832  39.706  -84.018  -0.828 0.1000000015
7809  40.358  -83.301  -0.285 0.1000000015
9283  40.771  -81.702  -0.019 0.1000000015
10010  40.850  -80.519  0.449 0.1000000015
7853  39.512  -83.487  -1.294 0.1000000015
8550  41.149  -81.817  -1.032 0.1000000015
9282  41.259  -80.930  -0.422 0.1000000015
10734  40.821  -79.346  0.560 0.1000000015
9298  41.295  -81.254  -1.144 0.1000000015
11475  41.800  -78.125  -0.770 0.1000000015
12226  41.022  -76.888  -0.436 0.1000000015
13000  41.947  -76.344  -0.861 0.1000000015
13797  41.700  -75.371  -0.762 0.1000000015
12142  43.261  -77.951  4.158 0.2000000030
11380  43.612  -78.655  5.782 0.1000000015
9996  40.011  -80.622  1.614 0.1000000015
11449  38.550  -78.257  1.826 0.3000000119
6454  38.635  -85.607  -0.055 0.1000000015
7137  39.479  -84.566  -0.143 0.1000000015
7785  39.394  -84.043  1.073 0.1000000015
9267  40.447  -81.228  0.999 0.1000000015
10714  39.869  -79.637  1.307 0.2000000030
12194  38.763  -77.679  1.220 0.3000000119
12982  38.021  -76.146  0.754 0.3000000119
14595  38.097  -74.756  0.907 0.3000000119
7106  35.702  -84.817  1.557 0.1000000015
7122  37.686  -85.198  -0.015 0.1000000015
8508  40.366  -82.301  0.750 0.1000000015
12212  39.485  -77.609  0.608 0.2000000030
13774  39.286  -75.489  0.273 0.3000000119
7139  38.262  -84.610  -0.424 0.1000000015
12210  41.173  -77.714  -0.211 0.1000000015
13773  40.139  -75.514  -0.123 0.2000000030
14593  39.764  -74.556  0.148 0.3000000119
13798  40.928  -75.445  -0.480 0.1000000015
14610  41.277  -74.364  -0.465 0.2000000030
15415  40.403  -73.697  -0.040 0.4000000060
13796  42.324  -75.311  -1.226 0.1000000015
15434  41.179  -73.381  -0.307 0.3000000119
14446  46.839  -74.301  8.484 0.1000000015
14467  46.362  -74.811  7.682 0.1000000015
16244  36.397  -72.618  2.447 0.4000000060
15406  36.841  -73.515  1.867 0.4000000060
13776  37.708  -75.429  0.976 0.3000000119
14577  37.363  -74.528  1.322 0.4000000060
15405  37.719  -73.374  1.403 0.4000000060
15417  38.681  -73.340  0.862 0.4000000060
16284  39.191  -72.509  0.773 0.4000000060
15416  39.493  -73.534  0.484 0.4000000060
16283  40.027  -72.692  0.392 0.5000000000
16282  40.715  -72.701  -0.106 0.5000000000
14608  42.603  -74.326  -1.148 0.2000000030
14609  42.125  -74.419  -0.842 0.1000000015
16304  41.474  -72.623  -0.531 0.4000000060
13033  42.775  -75.526  -1.891 0.1000000015
14631  42.878  -74.299  -1.622 0.1000000015
16302  43.023  -73.114  -1.118 0.2000000030
15433  41.914  -73.521  -0.562 0.2000000030
12253  42.039  -77.214  -2.721 0.1000000015
13034  42.616  -76.103  -2.298 0.1000000015
16316  43.260  -72.964  -1.583 0.2000000030
12281  41.947  -76.695  -3.335 0.1000000015
13051  42.207  -76.198  -3.111 0.1000000015
17112  35.870  -71.612  2.991 0.4000000060
18017  35.950  -70.752  3.188 0.3000000119
17111  36.721  -71.482  2.479 0.4000000060
16267  37.436  -72.580  1.753 0.4000000060
16268  36.968  -72.691  2.073 0.4000000060
16266  38.278  -72.424  1.279 0.4000000060
17129  37.657  -71.455  1.717 0.4000000060
18035  40.251  -71.148  -0.010 0.4000000060
18036  39.504  -70.555  0.427 0.4000000060
17173  40.849  -71.806  -0.431 0.4000000060
16318  42.326  -72.026  -1.422 0.3000000119
17172  41.652  -71.668  -1.160 0.4000000060
18059  41.452  -70.878  -1.357 0.4000000060
15468  42.623  -73.622  -3.112 0.2000000030
16327  42.865  -72.948  -2.830 0.2000000030
17190  43.097  -71.826  -2.175 0.2000000030
14666  42.302  -74.515  -3.379 0.1000000015
14653  42.722  -74.462  -2.642 0.2000000030
11519  37.778  -78.584  -2.901 0.1000000015
19011  36.878  -69.586  2.444 0.4000000060
19012  36.396  -69.536  2.971 0.4000000060
18023  37.691  -70.426  1.755 0.4000000060
18037  38.798  -70.353  0.836 0.4000000060
18022  38.259  -70.628  1.332 0.4000000060
18061  40.091  -70.254  -0.174 0.4000000060
18060  40.810  -70.625  -0.862 0.3000000119
19061  41.809  -69.627  -1.983 0.4000000060
18083  41.406  -70.297  -1.485 0.4000000060
18096  43.291  -70.922  -2.675 0.3000000119
18081  42.887  -70.982  -2.246 0.3000000119
17192  42.182  -71.548  -1.536 0.4000000060
15487  42.042  -73.553  -4.023 0.2000000030
16359  42.282  -72.502  -4.244 0.2000000030
16342  42.965  -72.243  -2.997 0.2000000030
17205  43.211  -71.642  -2.857 0.2000000030
14667  41.751  -74.644  -4.151 0.2000000030
10057  37.306  -80.691  -3.780 0.1000000015
10794  37.309  -79.731  -3.305 0.1000000015
11543  37.874  -78.962  -4.092 0.1000000015
19982  35.814  -68.599  3.747 0.3000000119
19995  36.878  -68.585  2.623 0.4000000060
19996  36.605  -69.079  2.748 0.3000000119
20009  37.932  -68.625  1.706 0.4000000060
21045  38.790  -67.679  1.116 0.4000000060
20021  38.495  -68.735  1.253 0.4000000060
19033  39.081  -69.433  0.649 0.4000000060
20020  39.062  -68.400  0.732 0.4000000060
19046  40.163  -69.340  -0.650 0.4000000060
19047  39.653  -69.638  0.053 0.4000000060
20045  41.295  -68.492  -2.007 0.4000000060
20046  40.498  -68.449  -1.307 0.3000000119
20087  43.526  -68.355  -4.278 0.3000000119
20069  43.581  -68.683  -3.677 0.3000000119
20056  43.171  -68.552  -3.116 0.3000000119
19075  42.385  -69.334  -2.428 0.3000000119
20058  42.002  -68.809  -2.390 0.3000000119
17238  41.252  -71.670  -4.504 0.2000000030
17237  41.686  -71.599  -4.613 0.2000000030
18122  42.781  -70.357  -4.267 0.3000000119
19101  43.277  -69.503  -4.135 0.2000000030
18097  42.962  -70.287  -2.696 0.3000000119
19060  42.567  -70.082  -2.273 0.3000000119
16360  41.807  -72.415  -4.601 0.2000000030
17220  42.938  -71.488  -3.624 0.2000000030
15505  41.360  -73.539  -4.637 0.2000000030
22031  36.343  -67.214  4.132 0.3000000119
22030  36.910  -66.991  3.722 0.3000000119
20994  36.275  -67.807  3.670 0.3000000119
20993  36.826  -67.860  3.013 0.4000000060
18993  36.023  -69.294  3.400 0.3000000119
22067  38.744  -66.843  1.588 0.3000000119
22046  39.275  -66.236  2.288 0.4000000060
22085  39.823  -66.700  0.364 0.4000000060
22086  39.160  -66.941  0.914 0.4000000060
22084  40.866  -66.525  0.111 0.4000000060
21044  39.302  -67.602  0.456 0.4000000060
22100  41.140  -66.667  -1.085 0.3000000119
20031  39.983  -68.273  -0.671 0.4000000060
21058  39.784  -67.540  -0.253 0.4000000060
22146  44.447  -66.493  -3.264 0.3000000119
21084  44.027  -67.096  -2.703 0.2000000030
22116  42.055  -66.821  -2.054 0.2000000030
21072  41.478  -67.546  -2.049 0.3000000119
21073  40.908  -67.579  -1.624 0.3000000119
21121  43.838  -67.617  -4.322 0.3000000119
21103  43.595  -67.994  -3.355 0.3000000119
21085  43.539  -67.485  -2.913 0.2000000030
21086  42.851  -67.808  -2.707 0.2000000030
21087  42.046  -67.883  -2.499 0.2000000030
18110  41.310  -70.389  -3.983 0.2000000030
19089  41.759  -69.353  -3.988 0.3000000119
19102  42.605  -69.229  -4.421 0.3000000119
20088  43.018  -68.177  -4.563 0.3000000119
22015  36.597  -66.763  4.575 0.3000000119
20952  35.661  -67.334  4.593 0.3000000119
22016  36.094  -67.132  4.564 0.3000000119
22113  44.456  -66.077  -1.102 0.2000000030
22097  44.270  -66.441  -0.663 0.2000000030
22099  42.386  -66.336  -1.013 0.2000000030
22083  41.899  -66.360  -0.107 0.2000000030
23209  44.587  -65.669  -1.643 0.2000000030
22128  43.774  -66.839  -2.252 0.2000000030
22115  43.256  -66.435  -1.614 0.2000000030
22098  43.151  -66.233  -0.888 0.2000000030
21963  37.350  -65.988  6.059 0.2000000030
12282  41.506  -76.950  -3.550 0.1000000015
13052  41.771  -76.246  -3.884 0.1000000015
19090  40.768  -69.543  -3.460 0.3000000119
16361  41.086  -72.454  -4.543 0.2000000030
13713  39.532  -75.312  4.816 0.3000000119
12896  40.783  -76.603  5.035 0.3000000119
12126  41.363  -77.487  5.153 0.3000000119
9943  40.390  -80.989  5.893 0.2000000030
14447  46.037  -74.257  8.132 0.1000000015
12925  44.071  -76.402  3.583 0.2000000030
13711  41.343  -75.463  4.259 0.2000000030
9268  39.646  -81.663  1.689 0.1000000015
10715  39.022  -78.994  1.775 0.3000000119
21991  36.935  -66.303  5.297 0.3000000119
8509  39.797  -82.997  1.111 0.1000000015
18001  36.005  -70.092  3.354 0.3000000119
10696  39.648  -80.156  1.864 0.3000000119
12960  38.150  -76.965  0.966 0.2000000030
7810  40.064  -83.737  0.105 0.1000000015
10674  42.625  -78.909  4.062 0.2000000030
11394  41.940  -78.439  4.514 0.3000000119
9958  42.436  -80.019  4.824 0.1000000015
10649  41.613  -79.666  5.170 0.2000000030
10023  41.503  -80.245  -0.946 0.1000000015
12160  43.790  -77.046  3.443 0.2000000030
7138  38.994  -84.903  -0.479 0.1000000015
7851  40.246  -82.918  -1.402 0.1000000015
8529  40.285  -83.037  0.483 0.1000000015
10009  41.375  -79.929  -0.138 0.1000000015
11462  41.266  -78.333  -0.089 0.1000000015
12211  40.660  -77.413  -0.081 0.1000000015
11463  40.369  -78.328  0.432 0.2000000030
12213  38.816  -77.187  0.848 0.3000000119
14594  38.820  -74.427  0.569 0.4000000060
15404  38.219  -73.270  1.162 0.4000000060
12980  39.828  -76.494  0.117 0.3000000119
14592  40.493  -74.710  -0.225 0.3000000119
17110  37.163  -71.412  2.129 0.4000000060
17149  38.846  -71.381  0.907 0.4000000060
14652  42.916  -74.401  -2.102 0.2000000030
16326  43.159  -72.711  -2.358 0.2000000030
19027  37.413  -69.823  1.978 0.4000000060
17128  38.264  -71.473  1.313 0.4000000060
16343  42.632  -72.599  -3.538 0.2000000030
20010  37.440  -68.882  2.048 0.4000000060
19087  43.363  -69.836  -3.678 0.3000000119
18108  43.311  -70.698  -3.341 0.2000000030
17236  42.413  -71.469  -4.299 0.2000000030
21012  37.868  -67.406  2.157 0.4000000060
21028  38.101  -67.734  1.779 0.4000000060
20068  44.020  -68.021  -3.956 0.3000000119
18109  41.827  -70.007  -4.259 0.2000000030
19103  42.092  -69.787  -4.348 0.2000000030
22048  37.439  -67.164  3.011 0.4000000060
22101  40.328  -66.906  -0.402 0.4000000060
22117  41.386  -67.140  -1.692 0.2000000030
23222  44.397  -65.560  -3.100 0.2000000030
23221  44.575  -65.780  -2.707 0.2000000030
22127  44.235  -66.434  -2.344 0.2000000030
22129  43.016  -66.977  -2.492 0.2000000030
22047  38.137  -66.853  2.458 0.3000000119
22029  37.876  -66.507  3.553 0.2000000030
22028  38.953  -66.193  3.361 0.3000000119
22014  37.462  -66.361  4.476 0.2000000030
22013  38.578  -66.212  4.447 0.2000000030
9210  41.049  -82.700  5.551 0.1000000015
12909  44.557  -76.470  4.801 0.1000000015
7036  40.828  -83.737  5.491 0.1000000015
128109  40.506  -82.699  5.376 0.1000000015
7069  40.519  -83.091  5.275 0.1000000015
23070  37.646  -65.551  6.569 0.1000000015
21944  39.574  -66.111  7.104 0.1000000015
21962  38.395  -66.148  6.330 0.1000000015
21990  38.023  -66.141  5.367 0.1000000015
21961  39.408  -66.469  6.517 0.1000000015
21989  39.350  -66.471  5.542 0.1000000015
21988  40.028  -66.636  5.076 0.1000000015
20974  40.599  -66.877  4.763 0.2000000030
22045  40.321  -66.105  1.997 0.2000000030
20973  41.406  -67.305  4.278 0.2000000030
20992  40.716  -66.694  3.981 0.2000000030
22027  40.240  -66.265  3.130 0.2000000030
19962  42.185  -67.962  4.681 0.2000000030
22026  41.046  -66.404  2.509 0.2000000030
22065  40.547  -66.262  1.041 0.2000000030
22064  41.557  -66.301  0.830 0.2000000030
22063  42.590  -66.449  0.704 0.1000000015
22044  41.261  -66.361  1.715 0.2000000030
22043  42.232  -66.631  1.523 0.1000000015
21027  43.151  -67.101  1.331 0.1000000015
23069  38.331  -65.659  6.823 0.1000000015
21945  38.876  -66.020  6.889 0.1000000015
21960  39.997  -66.665  6.919 0.1000000015
20925  40.164  -66.813  6.344 0.1000000015
22012  39.799  -66.366  4.350 0.2000000030
20991  41.485  -66.879  3.292 0.2000000030
21106  41.116  -67.666  -3.674 0.2000000030
21104  42.921  -67.353  -4.534 0.2000000030
21105  42.011  -67.462  -4.120 0.2000000030
20073  40.517  -68.518  -3.289 0.2000000030
21089  40.365  -67.376  -3.171 0.2000000030
22148  43.518  -66.446  -4.208 0.2000000030
22150  41.459  -66.740  -3.664 0.2000000030
22149  42.453  -66.539  -4.006 0.2000000030
22147  44.305  -66.378  -3.866 0.2000000030
23243  41.887  -65.936  -3.454 0.1000000015
22131  40.773  -66.498  -3.312 0.2000000030
23223  42.755  -65.145  -3.221 0.2000000030
24286  43.634  -65.340  -3.345 0.2000000030
24274  40.780  -64.650  -2.230 0.1000000015
23225  40.984  -65.489  -3.017 0.1000000015
24273  41.882  -64.732  -2.517 0.1000000015
23212  39.441  -65.029  -1.524 0.1000000015
23213  38.789  -65.230  -1.147 0.1000000015
19940  42.040  -67.916  5.632 0.1000000015
24257  43.865  -64.528  -2.093 0.1000000015
24259  41.558  -64.184  -1.785 0.1000000015
24272  43.013  -64.801  -2.944 0.1000000015
24261  39.763  -64.574  -1.369 0.1000000015
24260  40.625  -64.251  -1.571 0.1000000015
24241  38.956  -64.169  -0.353 0.1000000015
24240  39.685  -63.999  -0.754 0.1000000015
24217  38.223  -64.369  0.470 0.1000000015
19939  42.941  -68.759  5.108 0.1000000015
19917  44.222  -69.393  6.159 0.1000000015
19918  43.530  -69.127  5.919 0.1000000015
24256  44.484  -65.190  -2.206 0.1000000015
24258  42.699  -64.197  -2.002 0.1000000015
24236  43.414  -64.078  -1.070 0.1000000015
24239  40.346  -63.902  -1.024 0.1000000015
25266  38.823  -63.643  0.394 0.1000000015
25265  39.464  -63.389  0.402 0.1000000015
18938  44.331  -69.611  5.666 0.1000000015
20972  42.332  -67.734  3.721 0.1000000015
24214  43.752  -64.287  0.119 0.1000000015
24235  44.675  -64.852  -0.896 0.1000000015
24192  42.971  -63.758  0.942 0.1000000015
25245  41.920  -63.734  0.605 0.1000000015
24215  42.564  -63.940  -0.159 0.1000000015
26273  40.959  -62.901  1.894 0.1000000015
25263  41.101  -63.683  -0.068 0.1000000015
24238  41.182  -63.902  -0.977 0.1000000015
24216  41.775  -63.850  -0.487 0.1000000015
26257  40.128  -62.077  2.503 0.1000000015
26274  40.422  -62.763  1.793 0.1000000015
25246  40.990  -63.377  1.221 0.1000000015
25247  39.948  -63.137  1.071 0.1000000015
18954  44.069  -69.650  4.966 0.1000000015
18975  43.387  -69.156  4.328 0.1000000015
23194  45.011  -65.920  -0.569 0.1000000015
25209  41.401  -62.671  3.108 0.1000000015
25230  41.463  -63.001  2.176 0.1000000015
26256  40.885  -62.533  2.431 0.1000000015
23193  45.151  -66.324  -0.190 0.1000000015
22132  40.018  -66.390  -2.747 0.1000000015
23226  39.724  -65.275  -2.074 0.1000000015
25264  40.215  -63.478  0.326 0.1000000015
25248  39.097  -63.067  0.971 0.1000000015
24213  44.673  -64.904  0.622 0.1000000015
11558  35.617  -78.766  -4.677 0.1000000015
12287  35.603  -77.846  -3.718 0.1000000015
11559  35.152  -79.099  -4.314 0.1000000015
10115  35.558  -80.476  -5.273 0.1000000015
8637  34.723  -82.240  -4.869 0.1000000015
7228  35.362  -83.820  -4.922 0.1000000015
6526  34.423  -85.339  -4.563 0.1000000015
11557  36.302  -78.343  -5.182 0.1000000015
12286  36.322  -77.508  -4.189 0.1000000015
10116  35.077  -80.873  -5.020 0.1000000015
8654  35.325  -82.028  -5.469 0.1000000015
12257  36.223  -77.170  -3.324 0.1000000015
13055  37.814  -76.229  -3.774 0.1000000015
12309  36.876  -77.530  -4.959 0.1000000015
11579  36.041  -78.832  -5.240 0.1000000015
11545  34.812  -78.650  -3.588 0.1000000015
13853  38.097  -75.674  -3.242 0.1000000015
13054  38.433  -75.884  -4.284 0.1000000015
12258  35.364  -77.386  -2.826 0.1000000015
13842  36.164  -75.754  -1.879 0.1000000015
13821  35.638  -75.577  -1.483 0.1000000015
13038  34.799  -76.919  -2.056 0.1000000015
13017  35.535  -76.074  -1.723 0.1000000015
13018  35.109  -76.210  -1.542 0.1000000015
13056  36.964  -77.002  -4.162 0.1000000015
6527  33.740  -85.542  -4.423 0.1000000015
3700  32.800  -89.321  16.897 0.1000000015
4216  34.117  -88.443  19.975 0.1000000015
4232  35.097  -88.669  19.095 0.1000000015
4819  36.002  -87.167  21.216 0.1000000015
5062  36.903  -87.374  2.933 0.1000000015
5078  36.653  -87.434  2.571 0.2000000030
5091  37.040  -87.376  2.215 0.1000000015
5468  37.737  -85.690  20.177 0.1000000015
5683  38.484  -85.769  5.434 0.1000000015
5751  35.286  -86.638  1.737 0.1000000015
5767  38.048  -86.263  0.609 0.2000000030
5769  37.074  -86.633  0.946 0.2000000030
6406  34.296  -85.281  2.372 0.1000000015
6420  35.520  -85.868  1.568 0.1000000015
6437  37.995  -85.923  0.205 0.3000000119
6455  38.347  -85.359  -0.262 0.1000000015
7071  37.993  -84.125  3.277 0.2000000030
7086  38.022  -84.340  3.074 0.2000000030
7087  35.135  -84.612  1.969 0.1000000015
7103  39.142  -84.489  0.917 0.2000000030
7121  39.027  -85.184  0.236 0.1000000015
7123  36.965  -84.731  0.475 0.2000000030
7720  39.971  -82.399  5.450 0.1000000015
7731  37.879  -83.128  4.077 0.2000000030
7752  38.222  -83.970  3.955 0.2000000030
7831  40.359  -83.178  -0.837 0.1000000015
7833  38.901  -83.816  -0.804 0.1000000015
7852  39.979  -83.350  -1.445 0.1000000015
7909  34.974  -83.311  -4.793 0.1000000015
8255  38.487  -82.123  19.778 0.1000000015
8257  37.464  -82.100  20.087 0.1000000015
8455  39.194  -81.910  5.559 0.3000000119
8511  36.090  -83.122  1.156 0.1000000015
8528  40.535  -82.862  -0.094 0.1000000015
8551  40.868  -82.262  -0.819 0.1000000015
8569  41.026  -81.876  -1.248 0.1000000015
9197  39.365  -80.943  6.202 0.4000000060
9199  38.581  -81.025  5.807 0.3000000119
9213  38.728  -81.506  5.542 0.3000000119
9230  37.833  -82.020  4.254 0.4000000060
9248  37.727  -82.248  4.024 0.4000000060
9269  39.073  -82.522  1.776 0.1000000015
9299  41.140  -81.648  -0.726 0.1000000015
9300  39.381  -81.713  -1.098 0.1000000015
9374  34.777  -81.231  -4.903 0.1000000015
9388  35.745  -81.415  -5.547 0.1000000015
9389  35.192  -81.379  -5.256 0.1000000015
9734  38.046  -80.906  19.933 0.1000000015
9928  39.798  -80.530  6.192 0.4000000060
9929  39.147  -80.405  6.279 0.4000000060
9930  38.571  -80.511  5.982 0.3000000119
9982  39.415  -80.653  2.084 0.4000000060
9995  40.402  -80.400  1.103 0.2000000030
10040  40.111  -80.990  -1.652 0.1000000015
10098  35.346  -79.943  -4.973 0.1000000015
10455  38.266  -80.475  19.873 0.1000000015
10561  34.844  -79.403  12.558 0.1000000015
10563  34.055  -79.958  12.095 0.1000000015
10577  33.958  -79.122  11.977 0.1000000015
10635  41.136  -79.543  5.738 0.2000000030
10638  38.772  -79.602  6.288 0.4000000060
10658  42.734  -79.362  4.373 0.2000000030
10659  42.308  -79.455  4.371 0.1000000015
10675  42.448  -79.099  4.105 0.2000000030
10676  42.108  -79.084  3.982 0.3000000119
10678  37.740  -79.154  3.629 0.4000000060
10713  40.545  -79.981  0.906 0.1000000015
10733  41.434  -79.201  -0.006 0.1000000015
10735  39.960  -78.893  0.672 0.2000000030
10752  41.677  -79.122  -0.741 0.1000000015
10753  39.660  -80.308  -1.244 0.1000000015
10754  39.325  -80.113  -0.970 0.1000000015
10756  37.213  -79.609  -0.561 0.1000000015
10823  35.256  -79.506  -4.693 0.1000000015
10824  34.833  -79.441  -4.237 0.1000000015
10842  35.798  -79.433  -5.229 0.1000000015
11273  30.966  -78.918  13.014 0.1000000015
11310  39.853  -78.502  12.152 0.1000000015
11371  39.358  -78.898  6.632 0.4000000060
11393  42.251  -78.105  4.259 0.3000000119
11395  37.909  -79.064  5.147 0.4000000060
11414  42.257  -78.966  4.121 0.3000000119
11434  37.494  -78.195  2.728 0.3000000119
11435  36.949  -78.174  3.145 0.3000000119
11448  39.320  -78.426  1.125 0.2000000030
11450  38.054  -78.171  2.284 0.3000000119
11464  39.759  -78.340  0.654 0.2000000030
11493  40.757  -79.235  -2.175 0.1000000015
11497  37.330  -78.691  -1.969 0.1000000015
11516  40.892  -78.804  -2.395 0.1000000015
11517  39.911  -78.227  -2.496 0.2000000030
11544  35.535  -78.335  -4.152 0.1000000015
11958  35.908  -77.624  18.400 0.1000000015
12011  32.561  -77.343  14.620 0.1000000015
12013  31.772  -78.220  13.792 0.1000000015
12045  39.029  -78.073  12.152 0.1000000015
12077  39.793  -77.522  11.050 0.1000000015
12104  44.855  -77.868  7.494 0.1000000015
12114  39.881  -78.094  6.521 0.4000000060
12124  45.171  -76.635  5.773 0.1000000015
12131  35.964  -77.154  5.095 0.4000000060
12144  41.835  -77.527  4.511 0.3000000119
12161  43.143  -77.451  3.687 0.2000000030
12163  36.258  -77.760  3.573 0.4000000060
12179  36.603  -77.536  2.780 0.4000000060
12193  39.185  -77.912  0.981 0.3000000119
12225  41.435  -77.330  -0.522 0.1000000015
12256  39.791  -77.818  -3.115 0.2000000030
12284  39.520  -77.499  -3.816 0.2000000030
12288  35.111  -77.975  -3.157 0.1000000015
12305  40.301  -76.779  -4.674 0.3000000119
12310  35.999  -78.013  -4.565 0.1000000015
12325  40.096  -76.703  -5.074 0.1000000015
12326  39.473  -76.861  -5.178 0.1000000015
12329  36.935  -78.199  -5.498 0.1000000015
12759  37.208  -76.190  17.632 0.1000000015
12794  32.553  -77.220  14.403 0.1000000015
12809  32.602  -77.026  14.111 0.1000000015
12827  38.772  -76.750  11.655 0.1000000015
12895  41.261  -76.889  4.792 0.3000000119
12902  34.805  -76.090  5.275 0.5000000000
12908  45.087  -76.169  5.261 0.1000000015
12910  42.264  -77.022  3.800 0.3000000119
12913  35.041  -76.538  4.757 0.5000000000
12926  43.474  -76.686  3.001 0.2000000030
12927  42.591  -76.522  3.259 0.2000000030
12944  43.650  -76.126  2.848 0.2000000030
12946  42.784  -76.233  2.814 0.2000000030
12961  37.273  -76.279  1.295 0.3000000119
12979  40.627  -76.367  -0.351 0.1000000015
12981  38.852  -76.486  0.575 0.3000000119
13001  41.313  -76.311  -0.585 0.1000000015
13015  42.687  -75.453  -1.764 0.1000000015
13016  42.627  -75.783  -1.649 0.1000000015
13036  37.042  -76.500  -2.990 0.2000000030
13037  35.859  -76.414  -2.187 0.1000000015
13053  41.138  -76.505  -4.128 0.2000000030
13070  37.107  -77.180  -4.713 0.1000000015
13509  37.646  -75.840  17.056 0.1000000015
13538  44.458  -74.747  15.619 0.1000000015
13561  42.506  -74.811  14.565 0.1000000015
13566  37.866  -75.086  14.592 0.1000000015
13592  45.586  -74.862  11.914 0.1000000015
13614  45.964  -74.790  11.541 0.1000000015
13640  42.875  -76.180  9.736 0.1000000015
13655  45.282  -76.246  8.723 0.1000000015
13677  44.431  -75.424  5.864 0.2000000030
13679  34.360  -74.750  6.041 0.4000000060
13688  45.701  -75.646  6.195 0.1000000015
13689  45.085  -75.805  5.499 0.2000000030
13691  43.584  -75.472  4.846 0.3000000119
13693  39.181  -75.868  5.180 0.4000000060
13709  43.746  -75.657  4.371 0.4000000060
13726  43.923  -75.851  3.760 0.4000000060
13729  41.869  -75.944  3.826 0.2000000030
13730  34.902  -75.324  3.398 0.5000000000
13731  34.455  -75.157  3.886 0.5000000000
13743  43.786  -75.816  3.183 0.3000000119
13744  43.194  -75.782  2.995 0.3000000119
13745  42.750  -75.994  2.899 0.2000000030
13746  36.010  -75.380  2.206 0.5000000000
13747  35.413  -75.367  2.784 0.5000000000
13757  37.211  -75.408  1.266 0.4000000060
13758  36.623  -75.382  1.694 0.5000000000
13775  38.439  -75.456  0.620 0.3000000119
13818  42.709  -75.069  -1.775 0.1000000015
13837  42.767  -75.171  -2.225 0.2000000030
13838  42.500  -75.332  -2.849 0.2000000030
13839  38.202  -75.204  -2.891 0.1000000015
13840  37.598  -75.705  -2.744 0.2000000030
13841  36.750  -75.839  -2.171 0.2000000030
13849  42.077  -75.426  -3.648 0.1000000015
13850  41.508  -75.471  -4.374 0.2000000030
13851  39.406  -75.049  -4.098 0.1000000015
13860  40.944  -75.619  -4.935 0.3000000119
13861  40.704  -75.842  -5.077 0.3000000119
13869  40.847  -75.289  -5.201 0.3000000119
13870  40.524  -75.609  -5.274 0.2000000030
14398  42.640  -74.661  13.610 0.1000000015
14399  37.204  -74.985  13.706 0.1000000015
14400  36.955  -74.894  13.842 0.1000000015
14425  43.850  -75.134  11.934 0.1000000015
14426  43.636  -75.022  12.180 0.1000000015
14429  47.205  -74.293  10.323 0.1000000015
14430  46.858  -74.559  10.726 0.1000000015
14432  47.433  -73.963  9.495 0.1000000015
14433  47.334  -74.220  9.699 0.1000000015
14471  42.830  -74.783  6.873 0.2000000030
14474  35.067  -74.033  7.118 0.5000000000
14489  44.449  -75.146  6.392 0.2000000030
14492  41.819  -74.266  5.864 0.3000000119
14494  35.604  -74.278  6.761 0.5000000000
14508  45.482  -75.481  6.176 0.1000000015
14513  40.977  -74.053  4.803 0.4000000060
14514  39.383  -74.201  4.810 0.4000000060
14517  36.462  -74.504  5.989 0.5000000000
14520  33.656  -73.691  5.460 0.4000000060
14533  41.394  -74.686  4.484 0.3000000119
14536  39.210  -74.974  4.781 0.5000000000
14549  42.878  -75.370  3.870 0.3000000119
14550  42.641  -75.345  4.068 0.4000000060
14576  38.119  -73.931  0.977 0.4000000060
14607  42.794  -74.254  -1.362 0.2000000030
14633  36.987  -74.326  -1.644 0.2000000030
14634  36.007  -74.398  -1.121 0.2000000030
14668  39.803  -74.398  -4.194 0.2000000030
14680  40.728  -75.125  -5.296 0.3000000119
14682  40.285  -74.825  -5.208 0.2000000030
15254  44.036  -72.928  9.977 0.1000000015
15259  47.157  -73.438  9.632 0.1000000015
15272  47.318  -73.770  9.361 0.1000000015
15293  39.786  -73.031  7.319 0.4000000060
15294  36.201  -73.143  7.240 0.5000000000
15296  34.579  -73.550  7.082 0.5000000000
15314  40.411  -73.091  6.162 0.4000000060
15318  35.968  -73.742  7.098 0.5000000000
15337  40.334  -73.467  5.111 0.4000000060
15341  36.760  -73.750  6.026 0.5000000000
15342  33.721  -73.650  5.832 0.4000000060
15353  39.881  -73.990  4.736 0.4000000060
15354  33.897  -73.465  4.365 0.5000000000
15355  33.653  -73.389  4.931 0.4000000060
15431  43.030  -73.721  -1.298 0.2000000030
15432  42.614  -73.645  -0.878 0.2000000030
15435  36.307  -73.258  -0.759 0.1000000015
15450  43.175  -73.658  -1.864 0.2000000030
15451  37.406  -73.431  -1.670 0.2000000030
15467  43.002  -73.652  -2.456 0.2000000030
15488  41.573  -74.125  -4.499 0.2000000030
15491  39.275  -73.562  -3.229 0.2000000030
15504  41.871  -72.986  -4.440 0.2000000030
15506  40.714  -73.645  -4.622 0.2000000030
15507  40.273  -73.854  -4.291 0.2000000030
16133  40.245  -71.893  11.468 0.5000000000
16149  44.275  -72.936  9.991 0.1000000015
16171  36.306  -72.496  7.290 0.5000000000
16174  33.893  -72.376  7.470 0.5000000000
16205  40.112  -72.679  5.785 0.4000000060
16209  33.244  -72.416  5.967 0.4000000060
16230  34.471  -72.577  3.803 0.4000000060
16243  37.103  -72.043  2.147 0.4000000060
16301  43.176  -73.300  -1.300 0.2000000030
16303  42.350  -72.691  -0.924 0.2000000030
16317  42.826  -72.396  -1.489 0.3000000119
16320  36.776  -72.554  -1.124 0.2000000030
16328  39.575  -72.267  -2.944 0.3000000119
16344  40.666  -72.335  -4.057 0.3000000119
16983  39.053  -71.033  11.951 0.5000000000
17008  37.134  -71.587  10.049 0.5000000000
17012  36.839  -71.056  9.234 0.5000000000
17013  36.370  -71.017  9.573 0.5000000000
17021  37.298  -70.989  8.471 0.5000000000
17023  33.951  -71.290  8.396 0.6000000238
17039  36.309  -71.781  7.486 0.6000000238
17059  38.988  -72.187  6.540 0.5000000000
17063  32.954  -71.721  6.442 0.5000000000
17079  32.764  -71.075  6.085 0.5000000000
17102  35.237  -71.656  3.428 0.3000000119
17147  40.353  -72.003  0.144 0.5000000000
17148  39.750  -71.702  0.547 0.4000000060
17175  35.286  -71.422  -0.259 0.1000000015
17191  42.618  -71.609  -1.755 0.3000000119
17208  37.984  -71.519  -1.997 0.2000000030
17221  42.617  -72.004  -3.974 0.2000000030
17235  42.890  -70.943  -4.065 0.2000000030
17847  40.927  -69.997  14.695 0.1000000015
17876  35.118  -70.271  11.970 0.5000000000
17888  39.509  -70.315  11.927 0.5000000000
17900  36.000  -70.923  9.938 0.5000000000
17909  36.228  -70.857  9.215 0.5000000000
17919  36.832  -70.789  8.666 0.5000000000
17920  36.444  -70.813  8.617 0.5000000000
17930  36.328  -70.931  8.008 0.5000000000
17933  32.644  -70.584  7.452 0.5000000000
17949  32.513  -70.505  6.899 0.5000000000
17984  34.113  -70.866  4.431 0.4000000060
18015  37.136  -70.674  2.173 0.4000000060
18016  36.448  -70.534  2.814 0.4000000060
18064  34.733  -70.607  0.331 0.1000000015
18080  43.111  -71.275  -2.433 0.3000000119
18082  42.108  -70.830  -1.698 0.4000000060
18084  37.257  -70.654  -1.711 0.2000000030
18111  40.235  -70.537  -3.373 0.3000000119
18121  43.204  -70.482  -3.913 0.2000000030
18123  42.043  -70.498  -4.436 0.2000000030
18124  41.428  -71.140  -4.400 0.2000000030
18787  35.871  -70.144  17.165 0.1000000015
18789  34.626  -69.116  17.696 0.1000000015
18876  34.768  -70.099  11.943 0.5000000000
18921  32.481  -69.884  7.685 0.6000000238
18922  32.408  -70.077  7.157 0.5000000000
18939  32.431  -69.887  6.603 0.5000000000
18955  43.552  -69.355  4.709 0.1000000015
18956  33.066  -69.896  5.168 0.5000000000
18957  32.660  -69.652  5.826 0.5000000000
18995  35.098  -70.216  3.949 0.4000000060
19026  37.979  -69.554  1.614 0.4000000060
19034  38.515  -69.743  1.130 0.4000000060
19049  35.633  -69.817  -0.361 0.1000000015
19062  40.928  -69.493  -1.448 0.4000000060
19064  36.682  -69.598  -1.275 0.1000000015
19073  43.206  -69.797  -3.197 0.3000000119
19074  42.830  -69.471  -2.771 0.3000000119
19076  40.273  -69.274  -3.028 0.4000000060
19088  42.181  -68.781  -4.235 0.3000000119
19807  42.448  -68.640  13.541 0.1000000015
19822  42.362  -68.410  13.410 0.1000000015
19823  42.051  -68.026  13.269 0.1000000015
19837  41.990  -68.139  12.678 0.1000000015
19838  41.444  -67.910  12.317 0.1000000015
19839  37.398  -69.268  11.930 0.4000000060
19842  35.210  -68.888  12.445 0.5000000000
19862  34.531  -68.424  12.235 0.5000000000
19874  33.335  -68.255  10.868 0.5000000000
19922  32.561  -69.168  6.507 0.5000000000
19938  43.490  -69.281  5.200 0.1000000015
19961  43.013  -68.633  4.012 0.1000000015
19963  35.328  -68.864  4.093 0.4000000060
19965  34.122  -69.115  4.616 0.4000000060
19980  36.695  -68.348  2.905 0.3000000119
19981  36.427  -68.632  3.122 0.3000000119
20032  39.534  -68.594  0.031 0.4000000060
20057  42.589  -68.647  -2.643 0.3000000119
20059  40.528  -68.875  -3.235 0.2000000030
20070  42.438  -68.220  -4.374 0.3000000119
20071  41.788  -68.346  -3.971 0.3000000119
20072  40.986  -68.624  -3.584 0.2000000030
20086  43.958  -67.869  -4.207 0.3000000119
20722  32.790  -67.451  18.390 0.1000000015
20926  39.688  -66.650  6.108 0.1000000015
20949  41.277  -67.427  5.211 0.2000000030
20951  39.891  -66.709  5.920 0.1000000015
20975  35.938  -67.576  4.198 0.3000000119
20995  35.843  -67.989  3.952 0.3000000119
21013  37.501  -67.802  2.337 0.4000000060
21029  37.717  -68.247  1.939 0.4000000060
21047  35.522  -67.505  0.567 0.1000000015
21057  40.345  -67.514  -0.954 0.4000000060
21060  36.464  -67.575  -0.556 0.1000000015
21061  35.838  -68.106  -0.046 0.1000000015
21088  40.883  -67.051  -3.505 0.2000000030
21102  44.039  -67.399  -3.377 0.3000000119
21107  40.557  -68.132  -3.382 0.2000000030
21120  44.206  -67.515  -4.041 0.3000000119
21122  43.419  -67.736  -4.500 0.3000000119
21744  32.814  -67.060  18.094 0.1000000015
21819  38.432  -66.319  14.525 0.2000000030
21820  37.891  -66.187  14.698 0.2000000030
21851  40.364  -67.053  12.959 0.2000000030
21870  36.005  -66.549  10.949 0.2000000030
21890  38.218  -65.788  10.907 0.2000000030
21893  35.679  -66.026  10.933 0.2000000030
22066  39.597  -66.381  1.337 0.4000000060
22087  36.845  -66.134  0.123 0.1000000015
22096  44.901  -66.415  -0.307 0.1000000015
22102  37.049  -66.411  -0.265 0.1000000015
22114  44.022  -66.469  -1.448 0.2000000030
22130  42.498  -67.338  -2.480 0.2000000030
22133  39.109  -66.336  -2.232 0.2000000030
22163  44.329  -66.975  -3.787 0.3000000119
22164  44.062  -67.012  -4.222 0.2000000030
22165  43.597  -67.218  -4.460 0.3000000119
22945  39.228  -65.857  12.644 0.2000000030
22998  33.609  -65.753  10.817 0.3000000119
23179  43.854  -66.450  -0.692 0.2000000030
23183  36.701  -65.664  0.705 0.1000000015
23195  43.956  -66.434  -1.047 0.2000000030
23196  43.607  -66.350  -1.024 0.2000000030
23198  37.883  -65.575  -0.468 0.1000000015
23210  43.985  -66.575  -1.242 0.2000000030
23211  43.799  -66.476  -1.274 0.2000000030
23214  38.157  -65.640  -0.892 0.2000000030
23224  42.244  -65.229  -3.139 0.2000000030
23240  44.454  -65.947  -3.349 0.2000000030
23241  43.996  -65.666  -3.597 0.2000000030
23242  43.000  -65.529  -3.520 0.2000000030
23244  41.240  -66.138  -3.399 0.2000000030
23954  36.333  -65.026  13.666 0.2000000030
24118  37.991  -63.685  6.746 0.2000000030
24120  37.119  -63.872  6.711 0.2000000030
24193  38.096  -64.164  0.951 0.1000000015
24237  42.215  -63.968  -1.109 0.1000000015
24262  39.320  -64.487  -0.894 0.1000000015
24270  44.452  -65.408  -2.757 0.2000000030
24271  43.968  -65.193  -2.911 0.1000000015
24275  40.210  -64.658  -1.832 0.1000000015
24287  43.432  -65.167  -3.208 0.2000000030
25080  33.716  -64.260  10.183 0.1000000015
25147  38.900  -63.451  7.162 0.2000000030
25164  37.737  -63.229  6.758 0.2000000030
25249  38.266  -63.649  1.168 0.1000000015
25262  41.838  -63.787  -0.040 0.1000000015
25280  40.708  -63.759  -0.644 0.1000000015
25281  40.264  -63.655  -0.432 0.1000000015
25282  39.605  -63.640  -0.181 0.1000000015
25283  39.176  -63.629  0.010 0.1000000015
26171  34.749  -62.676  8.042 0.1000000015
26193  37.204  -62.844  6.761 0.2000000030
26275  39.586  -62.553  1.642 0.1000000015
27186  38.424  -61.787  7.280 0.1000000015
28103  40.564  -60.198  10.770 0.1000000015
28141  37.376  -60.190  8.458 0.1000000015
29056  36.929  -59.443  13.997 0.1000000015
29141  39.756  -59.687  9.726 0.1000000015
29163  40.423  -60.002  9.157 0.1000000015
128107  40.655  -83.267  5.268 0.1000000015
128110  40.634  -83.122  5.064 0.1000000015
128112  40.426  -81.876  5.634 0.4000000060
128113  40.729  -83.044  5.291 0.1000000015
128114  40.781  -82.828  5.385 0.1000000015
