#!ascii label  , from subject sub.01.dh.02 vox2ras=TkReg
670
55057  22.270  -36.384  -9.665 0.1428571492
53834  21.249  -36.859  -10.268 0.1428571492
56264  21.602  -35.212  -11.452 0.1428571492
55056  22.733  -35.946  -9.460 0.1428571492
56263  22.153  -35.039  -11.401 0.2857142985
56247  21.338  -35.923  -11.023 0.1428571492
56245  23.071  -34.994  -10.352 0.1428571492
57524  22.457  -34.305  -12.360 0.5714285970
57506  23.482  -34.410  -11.400 0.1428571492
58762  24.672  -33.916  -11.205 0.2857142985
57505  24.200  -34.144  -11.263 0.2857142985
58780  25.267  -33.170  -11.590 0.1428571492
58781  24.648  -33.606  -11.850 0.2857142985
62436  25.571  -30.773  -12.457 0.2857142985
62454  24.949  -31.040  -13.742 0.1428571492
61212  24.990  -31.953  -12.849 0.2857142985
64847  25.540  -29.188  -14.216 0.2857142985
63614  25.421  -29.812  -13.266 0.2857142985
65952  26.499  -27.766  -15.450 0.2857142985
64846  25.999  -28.494  -14.862 0.2857142985
67134  27.326  -27.039  -17.062 0.2857142985
68371  28.447  -25.499  -19.067 0.8571428657
68362  27.739  -26.287  -17.683 0.4285714328
67125  26.899  -27.069  -15.799 0.2857142985
70733  29.425  -23.906  -20.275 0.7142857313
70719  29.421  -24.178  -19.535 0.7142857313
69526  28.879  -24.894  -19.517 0.7142857313
68372  27.663  -26.277  -18.857 0.7142857313
71919  30.232  -22.558  -20.291 0.8571428657
71932  29.457  -22.991  -20.746 0.5714285970
70720  29.091  -24.423  -20.057 0.7142857313
69527  28.209  -25.038  -19.805 0.7142857313
71950  31.771  -21.749  -22.146 0.4285714328
71931  30.543  -22.382  -21.115 0.7142857313
75633  32.971  -19.680  -22.499 0.2857142985
75634  32.024  -19.744  -22.485 0.5714285970
71966  31.337  -21.489  -22.258 0.8571428657
73195  31.857  -20.976  -22.507 0.7142857313
71951  30.864  -21.837  -21.853 0.8571428657
76673  31.962  -18.306  -21.245 0.1428571492
75618  32.873  -19.130  -22.353 0.1428571492
76690  32.274  -18.967  -21.960 0.4285714328
74431  31.537  -20.412  -22.683 0.5714285970
74432  30.646  -20.338  -22.733 0.8571428657
79853  30.821  -15.868  -20.020 0.1428571492
77693  32.238  -17.433  -21.150 0.1428571492
77694  31.217  -17.685  -20.873 0.1428571492
76691  31.149  -18.642  -21.715 0.4285714328
75636  30.115  -19.760  -22.687 0.8571428657
81934  30.152  -14.095  -19.615 0.1428571492
80920  30.813  -14.989  -19.822 0.1428571492
80921  30.057  -14.840  -19.635 0.1428571492
78797  30.723  -16.720  -20.357 0.1428571492
78798  29.782  -16.836  -20.463 0.4285714328
77712  30.456  -18.154  -21.320 0.5714285970
76692  30.142  -18.663  -21.933 0.7142857313
75637  29.225  -19.620  -23.087 0.8571428657
80922  29.283  -14.565  -19.624 0.1428571492
81952  29.191  -13.494  -19.595 0.1428571492
79855  29.455  -15.373  -19.850 0.1428571492
79873  28.570  -15.683  -20.374 0.5714285970
76693  29.366  -18.566  -22.109 0.8571428657
76707  29.683  -19.149  -22.555 0.8571428657
82908  28.935  -12.402  -19.480 0.1428571492
82909  28.040  -12.313  -20.028 0.2857142985
80939  28.340  -14.441  -20.066 0.1428571492
80940  27.551  -14.253  -20.716 0.8571428657
78799  28.977  -16.809  -20.777 0.8571428657
77696  29.423  -17.465  -20.970 0.7142857313
78817  28.217  -16.745  -21.358 0.8571428657
85001  27.707  -10.422  -20.198 0.1428571492
87161  28.327  -8.831  -20.566 0.1428571492
81971  26.634  -13.007  -21.228 0.8571428657
80957  26.939  -13.999  -21.216 0.8571428657
79891  27.701  -15.954  -21.222 0.8571428657
78818  27.586  -16.601  -22.151 0.8571428657
83952  27.120  -11.274  -20.522 0.4285714328
80958  26.512  -14.112  -21.949 0.8571428657
87162  27.466  -8.765  -20.875 0.1428571492
88279  27.420  -7.879  -21.022 0.2857142985
85016  26.995  -10.433  -20.689 0.5714285970
86116  26.893  -9.634  -20.954 0.8571428657
82925  26.644  -12.004  -20.950 0.8571428657
82938  26.315  -12.181  -21.605 0.8571428657
83965  26.104  -11.345  -21.761 0.8571428657
81985  26.168  -13.211  -22.364 0.8571428657
88291  27.211  -7.220  -21.429 0.2857142985
88280  26.833  -7.934  -21.381 0.7142857313
87175  26.793  -9.026  -21.209 0.5714285970
87176  26.402  -8.680  -21.676 0.8571428657
85032  25.923  -10.492  -21.947 0.8571428657
85033  25.609  -10.530  -22.748 0.8571428657
88292  26.530  -7.658  -22.021 0.8571428657
87191  25.933  -8.630  -22.617 0.8571428657
86129  25.852  -9.585  -22.198 0.8571428657
86150  25.606  -9.762  -23.922 0.7142857313
86130  25.609  -9.672  -23.065 0.7142857313
89341  26.699  -7.081  -22.570 0.8571428657
88306  26.224  -7.694  -22.904 0.8571428657
88321  26.126  -7.736  -23.821 0.8571428657
88336  26.266  -7.472  -24.634 0.8571428657
87214  25.736  -8.810  -24.136 0.7142857313
90362  27.187  -5.646  -24.480 0.7142857313
89385  26.651  -6.595  -24.790 0.8571428657
90363  26.865  -5.995  -25.250 0.8571428657
89394  26.419  -6.719  -25.788 0.8571428657
91450  25.892  -4.902  -26.958 0.7142857313
87213  25.865  -8.343  -23.359 0.8571428657
94664  26.940  -1.980  -25.606 0.1428571492
90374  26.741  -5.698  -25.912 0.8571428657
91441  26.509  -4.855  -26.231 0.7142857313
92553  26.149  -4.021  -26.459 0.7142857313
95613  25.879  -0.561  -27.369 0.1428571492
93643  25.850  -2.885  -26.531 0.5714285970
93649  25.500  -3.028  -27.857 0.5714285970
94690  25.234  -2.327  -28.573 0.5714285970
94681  25.417  -1.714  -27.549 0.1428571492
96517  26.412  0.637  -28.843 0.1428571492
94701  24.784  -1.950  -29.496 0.5714285970
96534  25.466  1.349  -30.719 0.1428571492
97443  26.213  1.594  -31.085 0.1428571492
95629  24.482  -0.753  -29.006 0.1428571492
97451  26.003  1.613  -32.136 0.1428571492
94691  24.801  -1.448  -28.405 0.5714285970
97444  25.402  1.485  -31.337 0.1428571492
97452  24.857  1.424  -32.094 0.1428571492
97456  26.708  1.500  -32.966 0.1428571492
53806  22.234  -37.116  -9.057 0.1428571492
53820  21.485  -37.219  -9.789 0.1428571492
57488  23.027  -34.773  -10.863 0.2857142985
57486  24.708  -34.236  -10.605 0.2857142985
61199  25.584  -31.696  -11.877 0.2857142985
60052  24.976  -32.442  -12.488 0.1428571492
65962  26.880  -27.741  -16.752 0.2857142985
68361  28.365  -25.604  -18.128 0.4285714328
68384  27.853  -25.571  -19.491 0.7142857313
73173  32.356  -21.177  -22.089 0.1428571492
73176  30.066  -21.282  -21.912 0.8571428657
76706  30.605  -19.190  -22.427 0.7142857313
77715  28.066  -17.381  -22.210 0.8571428657
79892  26.959  -15.301  -21.911 0.8571428657
89340  27.114  -6.788  -22.077 0.8571428657
89384  26.889  -6.183  -24.032 0.8571428657
90373  27.195  -5.354  -25.197 0.8571428657
93642  26.327  -3.462  -26.074 0.7142857313
96526  25.754  1.144  -29.827 0.1428571492
97450  26.835  1.651  -32.005 0.1428571492
53821  20.776  -37.553  -9.779 0.1428571492
57522  23.994  -34.127  -11.973 0.4285714328
57523  23.305  -34.263  -12.235 0.2857142985
60053  24.758  -32.854  -12.606 0.1428571492
63596  25.791  -30.042  -12.553 0.2857142985
64830  25.604  -29.108  -13.477 0.2857142985
63632  25.234  -30.187  -14.718 0.2857142985
79852  31.402  -15.909  -20.273 0.1428571492
81951  30.145  -13.357  -19.783 0.1428571492
83936  28.726  -11.366  -19.629 0.1428571492
83937  27.867  -11.333  -20.065 0.2857142985
85000  28.547  -10.438  -19.891 0.1428571492
81970  27.276  -13.226  -20.436 0.8571428657
77724  28.281  -18.007  -22.735 0.8571428657
76708  28.749  -18.804  -22.958 1.0000000000
88278  28.222  -7.993  -20.776 0.1428571492
88290  28.087  -7.173  -21.173 0.1428571492
89355  27.610  -6.308  -22.305 0.2857142985
83978  25.573  -11.457  -23.320 0.8571428657
89356  27.208  -6.466  -22.773 0.5714285970
91422  27.634  -5.137  -23.899 0.5714285970
91433  27.717  -4.690  -24.635 0.5714285970
91440  27.230  -4.741  -25.597 0.7142857313
93634  26.136  -2.374  -25.906 0.4285714328
92544  27.768  -3.770  -25.327 0.2857142985
94665  26.407  -2.173  -25.740 0.2857142985
94674  26.077  -1.534  -26.188 0.1428571492
95614  25.282  -0.853  -27.774 0.1428571492
95638  24.106  -0.499  -31.091 0.2857142985
96518  25.413  0.204  -28.573 0.1428571492
96535  24.669  0.786  -30.723 0.1428571492
96539  24.090  0.538  -31.757 0.1428571492
97462  25.817  1.605  -33.816 0.1428571492
97463  24.961  1.410  -33.933 0.1428571492
97473  26.942  1.707  -34.669 0.1428571492
90336  27.879  -5.670  -22.756 0.4285714328
90350  27.798  -5.266  -23.421 0.4285714328
91432  28.177  -4.244  -24.321 0.4285714328
92545  26.808  -3.967  -25.903 0.5714285970
56246  22.369  -35.471  -10.613 0.1428571492
55071  21.621  -36.440  -10.359 0.1428571492
53835  20.861  -37.054  -10.185 0.1428571492
56265  20.750  -35.248  -11.334 0.2857142985
57507  22.662  -34.664  -11.521 0.5714285970
57487  23.707  -34.584  -10.523 0.1428571492
60040  25.007  -33.068  -12.044 0.1428571492
70734  28.669  -23.948  -20.402 0.7142857313
71952  29.820  -22.007  -21.426 0.8571428657
74430  32.266  -20.438  -22.492 0.5714285970
79872  29.482  -16.073  -20.238 0.2857142985
78796  31.747  -16.434  -20.626 0.1428571492
77695  30.184  -17.533  -20.824 0.1428571492
81953  28.154  -13.370  -19.941 0.5714285970
77714  28.770  -17.808  -21.756 0.8571428657
79874  27.765  -15.141  -20.807 0.8571428657
82924  27.209  -12.195  -20.470 0.8571428657
86117  26.359  -9.641  -21.522 0.8571428657
85017  26.471  -10.472  -21.326 0.8571428657
82939  25.956  -12.202  -22.317 0.8571428657
89371  26.999  -6.362  -23.434 0.8571428657
89372  26.567  -6.866  -23.979 0.8571428657
95607  26.635  -0.603  -26.650 0.1428571492
96525  27.009  1.022  -29.712 0.1428571492
95636  24.348  -0.637  -30.041 0.4285714328
96527  24.774  0.195  -29.439 0.1428571492
97437  26.777  1.393  -30.448 0.1428571492
96519  24.781  -0.174  -28.766 0.1428571492
97457  25.858  1.333  -33.051 0.1428571492
62417  25.955  -31.128  -11.766 0.1428571492
90351  27.390  -5.735  -23.574 0.5714285970
58799  22.982  -34.011  -13.050 0.4285714328
64859  25.650  -29.374  -15.485 0.5714285970
62492  24.938  -30.663  -15.422 0.5714285970
62493  24.293  -31.067  -15.462 0.5714285970
62494  23.378  -30.634  -15.870 0.2857142985
64872  25.575  -29.439  -16.886 0.5714285970
63660  24.766  -30.176  -16.668 0.5714285970
61250  23.473  -32.007  -14.833 0.4285714328
63646  25.324  -30.225  -15.942 0.5714285970
62495  22.537  -30.252  -15.694 0.2857142985
62512  23.493  -30.119  -16.355 0.4285714328
64871  26.365  -28.636  -17.279 0.4285714328
64887  25.789  -28.763  -17.801 0.5714285970
64873  24.423  -29.390  -17.149 0.5714285970
64889  23.802  -28.575  -17.507 0.4285714328
65974  26.840  -28.114  -17.996 0.5714285970
65975  26.138  -28.425  -18.407 0.5714285970
64888  24.870  -28.824  -17.690 0.4285714328
65987  26.506  -27.977  -18.761 0.7142857313
65988  25.745  -27.904  -18.953 0.4285714328
67156  26.505  -27.085  -19.139 0.4285714328
63661  23.910  -29.868  -16.746 0.4285714328
63647  22.861  -29.897  -16.135 0.2857142985
63648  22.193  -29.577  -15.958 0.2857142985
67145  26.919  -27.713  -18.673 0.7142857313
68385  26.882  -25.983  -19.455 0.7142857313
68386  25.859  -25.668  -19.487 0.4285714328
69545  26.271  -24.122  -19.979 0.7142857313
70721  25.717  -24.255  -19.829 0.5714285970
70736  26.599  -23.571  -20.309 0.7142857313
70737  25.561  -23.541  -20.200 0.2857142985
69528  27.396  -25.107  -19.861 0.5714285970
69529  26.348  -24.928  -19.816 0.7142857313
71934  27.104  -22.897  -20.754 0.7142857313
71955  26.539  -22.046  -21.220 0.7142857313
73180  26.006  -21.233  -21.679 0.7142857313
71956  25.380  -21.951  -21.207 0.4285714328
74414  25.716  -20.618  -22.137 0.4285714328
70735  27.619  -23.693  -20.291 0.5714285970
71933  28.237  -22.949  -20.680 0.5714285970
71954  27.652  -22.192  -21.313 0.5714285970
73179  27.133  -21.334  -22.003 0.7142857313
74435  27.440  -20.591  -22.762 0.7142857313
74449  28.078  -20.085  -23.867 0.7142857313
74436  26.259  -20.128  -22.711 0.7142857313
75651  26.952  -18.628  -24.293 0.5714285970
73197  30.299  -20.749  -22.357 0.7142857313
73199  28.408  -21.110  -22.512 0.5714285970
73178  28.138  -21.614  -21.932 0.5714285970
74434  28.635  -20.487  -23.049 0.7142857313
73200  27.771  -21.182  -22.338 0.7142857313
75649  28.560  -19.461  -23.771 0.8571428657
74437  25.064  -20.181  -22.491 0.4285714328
75650  27.799  -19.146  -24.355 0.7142857313
75668  27.322  -18.533  -24.404 0.7142857313
76720  27.637  -18.379  -24.088 0.7142857313
76737  26.538  -18.259  -24.871 0.5714285970
77743  26.955  -17.583  -24.910 0.7142857313
73198  29.343  -20.879  -22.446 0.5714285970
76719  28.295  -18.851  -23.927 0.8571428657
76709  28.146  -18.363  -23.458 0.8571428657
77733  27.268  -17.400  -24.181 0.7142857313
77734  26.874  -16.965  -24.608 0.5714285970
79908  25.700  -15.291  -24.237 0.2857142985
77725  27.682  -17.575  -23.158 0.7142857313
80979  25.329  -14.284  -23.948 0.7142857313
78826  27.148  -16.493  -23.162 0.8571428657
78835  27.002  -16.594  -24.043 0.8571428657
81999  25.948  -13.819  -22.927 0.8571428657
78827  26.829  -16.054  -23.579 0.8571428657
80978  25.885  -14.385  -23.401 0.8571428657
82000  25.628  -13.339  -23.283 0.8571428657
82008  25.103  -13.441  -24.142 0.7142857313
79901  26.813  -15.801  -22.971 0.8571428657
80969  26.258  -14.259  -22.729 0.8571428657
82961  25.375  -12.435  -23.869 0.8571428657
81986  25.840  -12.765  -22.734 0.8571428657
82951  25.655  -12.273  -22.993 0.8571428657
88322  25.884  -8.177  -24.585 0.7142857313
87231  25.676  -8.932  -25.073 0.7142857313
88337  25.911  -8.091  -25.280 0.5714285970
87248  25.542  -8.836  -25.875 0.7142857313
88349  26.269  -7.351  -25.342 0.7142857313
89401  25.693  -6.598  -27.014 0.7142857313
88350  25.876  -7.840  -26.133 0.7142857313
89407  25.185  -6.736  -27.983 0.7142857313
90387  25.392  -5.815  -28.427 0.7142857313
90380  26.081  -5.717  -26.618 0.7142857313
91451  25.588  -4.941  -27.894 0.7142857313
89416  24.916  -6.348  -28.919 0.5714285970
91459  25.399  -4.995  -28.832 0.4285714328
90395  25.263  -5.761  -29.263 0.5714285970
89426  24.928  -6.217  -29.692 0.5714285970
89408  24.368  -6.788  -28.453 0.5714285970
92568  25.055  -4.165  -29.383 0.5714285970
91477  25.182  -5.130  -30.084 0.5714285970
89431  24.927  -6.032  -30.189 0.5714285970
89417  24.365  -6.408  -29.426 0.4285714328
90388  23.996  -6.636  -28.502 0.5714285970
90407  23.856  -5.293  -30.174 0.5714285970
89418  24.058  -6.104  -29.988 0.5714285970
92579  24.792  -3.879  -30.049 0.5714285970
90389  23.874  -6.007  -28.288 0.4285714328
88364  22.297  -7.216  -26.266 0.4285714328
90397  23.822  -5.746  -29.416 0.5714285970
92570  23.397  -3.852  -28.433 0.4285714328
69515  29.003  -24.816  -18.545 0.2857142985
73177  29.105  -21.596  -22.028 0.5714285970
92580  23.070  -3.706  -29.271 0.2857142985
91460  23.544  -4.851  -27.817 0.4285714328
64858  26.219  -28.621  -16.132 0.2857142985
61270  22.804  -30.947  -15.510 0.2857142985
64874  23.447  -29.091  -16.986 0.4285714328
65976  25.262  -28.374  -18.380 0.4285714328
64875  22.536  -28.898  -16.830 0.2857142985
67166  26.214  -26.296  -19.348 0.5714285970
70708  29.299  -24.250  -18.758 0.2857142985
69546  24.516  -24.194  -19.757 0.2857142985
71935  25.997  -22.808  -20.742 0.7142857313
78836  26.442  -16.240  -24.253 0.7142857313
86165  25.541  -9.808  -24.798 0.7142857313
88368  24.562  -7.360  -27.805 0.5714285970
89402  23.538  -6.675  -27.487 0.2857142985
92560  25.355  -4.064  -28.331 0.5714285970
92554  25.670  -3.979  -27.306 0.5714285970
89433  24.233  -5.405  -30.352 0.5714285970
90413  23.942  -4.682  -30.604 0.2857142985
65989  24.738  -27.669  -18.764 0.4285714328
71953  28.750  -22.314  -21.437 0.7142857313
69543  27.950  -24.473  -20.034 0.5714285970
74433  29.563  -20.236  -22.814 0.7142857313
79893  26.515  -14.749  -22.445 0.7142857313
89400  26.189  -6.374  -26.362 0.8571428657
67144  27.227  -27.179  -18.276 0.5714285970
68373  27.099  -26.620  -19.181 0.5714285970
83989  25.449  -11.498  -24.166 0.7142857313
62510  24.741  -30.594  -16.008 0.5714285970
62511  24.125  -30.491  -16.258 0.4285714328
61269  23.448  -31.394  -15.372 0.5714285970
63662  23.131  -29.503  -16.542 0.4285714328
64886  26.336  -28.561  -17.917 0.5714285970
67167  25.552  -26.362  -19.302 0.4285714328
69530  25.230  -24.779  -19.628 0.4285714328
68387  24.874  -25.610  -19.431 0.4285714328
69544  27.038  -24.347  -20.059 0.7142857313
70722  25.092  -23.976  -19.801 0.2857142985
74413  26.587  -20.797  -22.282 0.7142857313
74450  27.016  -19.353  -23.447 0.7142857313
76722  25.769  -18.709  -24.510 0.2857142985
78844  25.659  -16.382  -24.621 0.2857142985
79902  26.461  -15.251  -23.224 0.8571428657
89395  25.894  -7.070  -26.500 0.7142857313
90381  25.630  -5.806  -27.480 0.8571428657
91484  24.899  -4.967  -30.363 0.7142857313
91479  23.216  -4.520  -29.871 0.5714285970
91468  23.475  -4.838  -28.893 0.4285714328
65978  22.954  -27.826  -18.021 0.1428571492
65990  23.733  -27.335  -18.520 0.4285714328
57508  21.929  -34.688  -11.892 0.4285714328
64829  26.078  -28.492  -13.436 0.1428571492
65942  26.446  -27.764  -14.340 0.1428571492
67110  26.792  -27.041  -14.733 0.1428571492
65924  26.638  -27.710  -13.603 0.1428571492
68350  28.223  -25.509  -17.039 0.1428571492
67124  27.329  -26.632  -16.133 0.1428571492
67109  27.258  -26.429  -15.162 0.1428571492
71913  29.460  -23.288  -18.856 0.2857142985
85049  25.560  -10.599  -23.622 0.5714285970
99132  24.371  3.825  -34.028 0.1428571492
82973  25.203  -12.192  -24.583 0.4285714328
99961  23.135  3.321  -34.163 0.1428571492
97459  23.932  0.934  -32.822 0.1428571492
85076  25.126  -10.758  -25.318 0.4285714328
86182  25.209  -9.843  -25.703 0.5714285970
86200  25.092  -9.464  -26.310 0.4285714328
93680  22.502  -0.856  -32.137 0.2857142985
92588  23.292  -2.901  -31.473 0.2857142985
92585  24.388  -3.523  -30.771 0.2857142985
93677  23.466  -2.212  -31.434 0.2857142985
85079  22.602  -10.676  -25.898 0.1428571492
87264  25.178  -8.760  -26.619 0.5714285970
92589  22.830  -2.759  -31.464 0.2857142985
92578  24.932  -3.749  -29.685 0.4285714328
86202  23.379  -9.440  -26.586 0.4285714328
87265  24.317  -8.829  -27.149 0.5714285970
91490  23.168  -3.324  -31.347 0.2857142985
87266  23.276  -8.494  -26.814 0.4285714328
92581  22.649  -3.291  -30.116 0.1428571492
91486  23.414  -4.302  -30.583 0.1428571492
91480  22.865  -3.820  -30.598 0.1428571492
87267  22.295  -8.047  -26.355 0.1428571492
88363  23.241  -7.478  -27.119 0.4285714328
93676  22.364  -1.977  -30.512 0.1428571492
92555  23.487  -3.504  -26.299 0.1428571492
93668  23.215  -3.138  -28.834 0.1428571492
93669  22.811  -2.241  -29.210 0.1428571492
93658  23.368  -2.649  -28.147 0.1428571492
94683  23.399  -1.917  -27.489 0.1428571492
93659  23.070  -2.078  -28.476 0.1428571492
57525  21.657  -34.161  -12.406 0.4285714328
60054  21.369  -33.074  -13.129 0.2857142985
69506  28.651  -24.841  -17.458 0.1428571492
94708  24.239  -1.698  -30.579 0.2857142985
93679  22.470  -1.654  -31.471 0.2857142985
60055  20.749  -32.774  -12.923 0.2857142985
60038  25.882  -32.405  -11.400 0.1428571492
58779  25.587  -32.846  -11.499 0.1428571492
63595  26.241  -29.440  -12.297 0.1428571492
71920  29.657  -23.271  -19.890 0.1428571492
69514  29.216  -24.589  -18.808 0.1428571492
86203  22.145  -9.046  -26.178 0.1428571492
84002  25.150  -11.578  -24.956 0.4285714328
85098  22.472  -9.866  -26.139 0.2857142985
93666  25.041  -3.209  -29.614 0.4285714328
93681  22.463  -1.071  -31.967 0.2857142985
93678  22.869  -1.696  -31.784 0.2857142985
94711  23.750  -1.470  -31.341 0.2857142985
94712  23.312  -1.172  -31.974 0.2857142985
94714  22.796  -0.591  -32.200 0.2857142985
96543  22.811  0.685  -33.220 0.1428571492
95643  21.944  1.478  -33.529 0.1428571492
96541  24.167  1.018  -33.839 0.1428571492
94702  22.625  -1.032  -28.718 0.2857142985
94713  22.110  -1.001  -31.085 0.2857142985
96542  23.474  0.781  -33.164 0.1428571492
96549  23.703  1.404  -34.321 0.1428571492
96540  23.673  0.507  -32.393 0.1428571492
73161  31.128  -22.157  -20.610 0.2857142985
94715  22.360  0.246  -32.177 0.2857142985
95639  23.728  -0.425  -31.915 0.2857142985
58800  22.101  -33.855  -12.934 0.4285714328
93657  25.316  -3.239  -28.844 0.4285714328
93667  24.648  -2.818  -30.351 0.2857142985
88361  25.222  -7.755  -27.216 0.5714285970
92561  23.534  -3.699  -27.402 0.2857142985
85062  25.460  -10.674  -24.488 0.5714285970
88362  24.084  -8.057  -27.599 0.5714285970
90414  24.184  -4.482  -30.624 0.2857142985
91489  23.586  -3.799  -31.021 0.2857142985
68351  27.735  -26.135  -16.591 0.1428571492
67091  26.869  -27.244  -13.956 0.1428571492
85077  24.560  -10.860  -26.022 0.2857142985
92587  23.875  -3.236  -31.279 0.2857142985
93675  24.118  -2.541  -31.073 0.2857142985
86184  23.830  -10.021  -26.489 0.2857142985
86201  24.427  -9.488  -26.652 0.4285714328
92586  22.513  -2.954  -30.986 0.1428571492
58801  21.348  -33.510  -12.737 0.2857142985
84003  24.630  -11.715  -25.691 0.2857142985
95640  23.234  -0.083  -32.347 0.2857142985
97464  22.907  1.446  -34.039 0.1428571492
74451  25.730  -19.469  -23.209 0.4285714328
77744  26.212  -17.223  -24.941 0.2857142985
95637  22.419  0.572  -29.051 0.1428571492
94710  22.326  1.508  -29.349 0.1428571492
128356  23.349  -0.207  -27.516 0.1428571492
128350  22.452  1.375  -28.613 0.1428571492
94709  22.327  -0.336  -29.909 0.1428571492
128342  22.534  0.991  -30.807 0.1428571492
95630  22.807  0.292  -28.001 0.1428571492
99129  23.047  0.755  -27.411 0.1428571492
128377  22.917  1.437  -26.799 0.1428571492
128358  21.877  2.361  -28.754 0.1428571492
128346  22.544  0.928  -28.818 0.1428571492
128383  22.396  2.294  -26.415 0.1428571492
128353  22.208  2.114  -27.988 0.1428571492
76738  25.489  -18.087  -24.867 0.2857142985
128398  21.859  2.878  -26.771 0.1428571492
128355  21.711  2.704  -29.083 0.1428571492
65973  27.149  -27.555  -17.457 0.2857142985
128363  22.399  2.226  -27.009 0.1428571492
128397  23.585  1.280  -25.286 0.1428571492
61249  24.113  -32.207  -14.476 0.4285714328
61231  24.545  -32.150  -13.748 0.2857142985
61213  24.664  -32.466  -13.157 0.1428571492
62474  24.506  -31.548  -14.465 0.2857142985
62473  24.803  -30.919  -14.785 0.2857142985
58819  24.076  -33.340  -13.836 0.2857142985
88369  23.976  -7.356  -27.857 0.4285714328
58833  23.987  -33.107  -14.208 0.4285714328
62455  24.679  -31.601  -13.882 0.1428571492
61268  24.017  -31.714  -14.997 0.4285714328
60066  24.436  -32.922  -13.423 0.2857142985
58821  22.450  -33.376  -13.448 0.2857142985
58822  21.767  -33.326  -13.210 0.2857142985
60067  23.403  -33.089  -14.092 0.2857142985
60068  22.792  -32.829  -14.055 0.2857142985
60078  22.917  -32.288  -14.601 0.2857142985
67157  25.238  -27.074  -19.117 0.2857142985
67168  24.600  -26.327  -19.265 0.2857142985
71936  24.884  -22.704  -20.723 0.1428571492
71957  24.287  -21.940  -21.364 0.1428571492
73181  24.708  -21.009  -21.789 0.2857142985
77745  25.256  -17.236  -24.618 0.1428571492
79915  25.272  -15.879  -24.506 0.1428571492
80985  24.831  -14.277  -24.480 0.1428571492
79916  24.730  -15.349  -24.618 0.1428571492
80986  24.080  -14.267  -25.005 0.1428571492
84004  23.909  -11.819  -26.324 0.1428571492
86183  24.503  -10.105  -26.296 0.1428571492
85078  23.624  -10.804  -26.272 0.1428571492
88370  23.675  -7.139  -27.673 0.1428571492
89403  22.773  -6.547  -26.667 0.1428571492
90382  23.386  -5.775  -27.148 0.1428571492
90383  22.600  -5.635  -26.243 0.1428571492
57526  21.153  -33.893  -12.313 0.2857142985
58820  23.374  -33.470  -13.724 0.1428571492
82962  25.035  -12.826  -24.544 0.2857142985
82018  24.273  -13.375  -25.445 0.1428571492
57509  20.960  -34.458  -11.946 0.2857142985
65977  24.246  -28.088  -18.133 0.2857142985
67158  24.242  -26.891  -18.994 0.2857142985
67169  23.860  -26.284  -19.195 0.2857142985
73182  23.870  -21.408  -21.818 0.1428571492
75653  25.215  -19.186  -23.810 0.1428571492
76723  24.859  -18.624  -24.144 0.1428571492
77746  24.440  -17.175  -24.292 0.1428571492
78845  24.924  -16.418  -24.483 0.1428571492
79917  23.618  -15.375  -24.710 0.1428571492
82974  24.753  -12.554  -25.190 0.1428571492
84005  22.797  -11.778  -25.599 0.1428571492
67159  23.342  -26.451  -18.721 0.2857142985
79909  25.178  -14.798  -24.380 0.1428571492
88351  21.375  -7.520  -25.767 0.1428571492
82009  24.683  -13.468  -24.827 0.1428571492
60069  21.646  -32.603  -13.538 0.2857142985
68388  23.849  -25.638  -19.420 0.1428571492
78846  24.038  -16.350  -24.481 0.1428571492
58803  19.710  -33.390  -11.994 0.1428571492
58802  20.540  -33.514  -12.294 0.1428571492
60041  19.132  -33.016  -11.909 0.1428571492
60056  19.700  -32.690  -12.392 0.1428571492
61232  22.145  -31.965  -14.283 0.1428571492
71930  31.463  -22.100  -21.456 0.1428571492
73160  31.834  -21.581  -20.966 0.1428571492
91406  28.486  -5.145  -22.798 0.1428571492
57510  20.082  -34.524  -11.384 0.1428571492
60070  20.728  -32.006  -13.332 0.1428571492
62475  22.098  -30.641  -15.226 0.1428571492
91421  28.287  -4.625  -23.547 0.1428571492
62496  21.805  -29.791  -15.464 0.1428571492
90321  28.266  -6.039  -22.104 0.1428571492
73174  32.013  -21.613  -21.679 0.1428571492
61251  22.617  -31.558  -15.028 0.1428571492
64890  22.701  -28.490  -17.369 0.1428571492
58782  20.106  -33.916  -11.800 0.1428571492
61252  21.702  -31.054  -14.586 0.1428571492
55072  20.978  -36.531  -10.598 0.1428571492
56230  22.629  -35.761  -9.791 0.1428571492
58834  23.730  -33.201  -14.092 0.4285714328
60039  25.239  -32.548  -12.034 0.1428571492
60076  24.215  -32.792  -14.086 0.2857142985
60077  23.610  -32.744  -14.381 0.4285714328
61230  24.779  -31.681  -13.557 0.1428571492
62435  25.998  -30.197  -12.241 0.2857142985
63613  25.715  -29.139  -13.049 0.2857142985
65961  27.160  -27.475  -17.097 0.2857142985
67135  27.119  -27.125  -16.439 0.2857142985
67155  27.195  -26.883  -18.956 0.5714285970
68383  28.372  -25.275  -19.514 0.7142857313
69525  29.232  -24.601  -19.060 0.1428571492
69542  28.600  -24.604  -20.009 0.7142857313
71949  32.049  -21.415  -22.351 0.4285714328
71964  31.987  -21.243  -22.487 0.7142857313
71965  31.770  -21.365  -22.411 0.7142857313
73175  30.795  -21.287  -22.196 0.8571428657
73194  32.193  -21.013  -22.352 0.1428571492
73196  31.213  -20.975  -22.491 0.8571428657
74412  27.041  -20.909  -22.366 0.7142857313
74448  28.842  -20.005  -23.441 0.7142857313
75619  32.545  -19.414  -22.362 0.2857142985
75635  31.078  -19.758  -22.768 0.5714285970
75652  26.172  -18.953  -24.003 0.5714285970
75669  27.056  -18.425  -24.680 0.7142857313
76672  32.636  -18.076  -21.635 0.1428571492
76704  33.244  -19.092  -22.487 0.1428571492
76705  31.430  -19.274  -22.322 0.5714285970
76721  26.366  -18.649  -24.498 0.5714285970
76736  27.196  -18.139  -24.673 0.7142857313
77713  29.689  -18.070  -21.447 0.5714285970
78779  31.431  -16.178  -20.384 0.1428571492
78780  31.211  -16.229  -20.273 0.1428571492
79854  30.110  -15.557  -19.916 0.1428571492
79871  30.161  -16.205  -20.176 0.2857142985
81935  29.684  -13.858  -19.557 0.1428571492
83953  26.573  -11.284  -21.114 0.8571428657
83966  25.742  -11.391  -22.492 0.8571428657
85097  23.167  -10.184  -26.356 0.1428571492
86100  28.415  -9.608  -20.218 0.1428571492
86101  27.612  -9.591  -20.519 0.5714285970
87163  26.949  -8.443  -21.171 0.5714285970
87192  25.725  -9.032  -23.412 0.7142857313
89339  27.847  -6.512  -21.771 0.1428571492
89357  26.613  -7.005  -23.228 0.8571428657
89409  23.943  -6.823  -28.065 0.1428571492
89427  24.527  -6.198  -30.056 0.5714285970
89428  24.242  -5.867  -30.237 0.5714285970
89432  24.578  -5.766  -30.310 0.5714285970
90322  27.907  -6.114  -22.211 0.2857142985
90337  27.390  -6.053  -23.123 0.5714285970
90396  23.971  -6.490  -28.919 0.5714285970
90406  25.203  -5.704  -29.917 0.5714285970
90411  24.947  -5.512  -30.311 0.5714285970
90412  24.489  -5.071  -30.413 0.5714285970
90415  23.914  -4.218  -30.802 0.2857142985
91466  25.297  -5.104  -29.582 0.5714285970
91467  25.151  -4.695  -29.826 0.5714285970
91478  24.948  -4.617  -30.113 0.5714285970
91485  24.553  -4.400  -30.493 0.7142857313
91487  22.992  -3.600  -31.119 0.2857142985
91488  24.076  -3.985  -30.870 0.2857142985
92536  28.124  -4.111  -24.711 0.4285714328
92569  24.975  -4.374  -29.849 0.5714285970
93633  26.704  -2.916  -25.727 0.2857142985
94682  25.002  -1.143  -27.928 0.1428571492
94700  25.200  -2.667  -29.170 0.5714285970
95620  25.394  -0.349  -27.954 0.1428571492
95621  24.858  -0.582  -28.233 0.1428571492
95641  22.805  0.341  -32.660 0.1428571492
95644  21.454  1.436  -34.063 0.1428571492
95645  21.291  1.293  -34.171 0.1428571492
96512  25.659  -0.060  -27.918 0.1428571492
96544  24.136  1.150  -34.232 0.1428571492
96545  23.428  0.848  -33.838 0.1428571492
96546  22.764  1.201  -33.712 0.1428571492
96547  21.966  1.743  -33.960 0.1428571492
96548  24.009  1.283  -34.457 0.1428571492
96550  23.079  1.151  -33.882 0.1428571492
96553  23.492  1.646  -34.260 0.1428571492
96554  23.024  1.417  -34.087 0.1428571492
97431  22.031  2.229  -28.643 0.1428571492
97453  24.140  1.049  -32.450 0.1428571492
97458  24.655  1.177  -33.200 0.1428571492
97461  26.634  1.511  -33.789 0.1428571492
97465  22.577  1.638  -34.040 0.1428571492
97466  27.024  1.691  -34.358 0.1428571492
97467  26.592  1.687  -34.359 0.1428571492
97470  23.979  1.582  -34.405 0.1428571492
97471  22.898  1.664  -34.165 0.1428571492
97472  22.166  1.871  -34.343 0.1428571492
97474  26.717  1.779  -34.694 0.1428571492
97475  26.494  1.899  -34.717 0.1428571492
97477  23.747  1.806  -34.393 0.1428571492
98294  27.058  2.132  -34.309 0.1428571492
98297  26.942  1.919  -34.712 0.1428571492
98302  26.865  1.780  -34.915 0.1428571492
98303  26.738  1.984  -34.811 0.1428571492
128344  22.060  2.232  -29.046 0.1428571492
128351  22.226  1.978  -28.694 0.1428571492
128354  22.172  2.111  -28.476 0.1428571492
128364  23.130  0.227  -27.578 0.1428571492
128368  23.353  -0.012  -27.452 0.1428571492
128376  23.635  -0.057  -27.218 0.1428571492
