#!ascii label  , from subject sub.01.dh.02 vox2ras=TkReg
265
74449  28.078  -20.085  -23.867 0.0000000000
64871  26.365  -28.636  -17.279 0.0000000000
80979  25.329  -14.284  -23.948 0.0000000000
89431  24.927  -6.032  -30.189 0.0000000000
62510  24.741  -30.594  -16.008 0.0000000000
85032  25.923  -10.492  -21.947 0.0000000000
88321  26.126  -7.736  -23.821 0.0000000000
73180  26.006  -21.233  -21.679 0.0000000000
69544  27.038  -24.347  -20.059 0.0000000000
71953  28.750  -22.314  -21.437 0.0000000000
76693  29.366  -18.566  -22.109 0.0000000000
73195  31.857  -20.976  -22.507 0.0000000000
77733  27.268  -17.400  -24.181 0.0000000000
80957  26.939  -13.999  -21.216 0.0000000000
88361  25.222  -7.755  -27.216 0.0000000000
90374  26.741  -5.698  -25.912 0.0000000000
68362  27.739  -26.287  -17.683 0.0000000000
86150  25.606  -9.762  -23.922 0.0000000000
87231  25.676  -8.932  -25.073 0.0000000000
74435  27.440  -20.591  -22.762 0.0000000000
71954  27.652  -22.192  -21.313 0.0000000000
73199  28.408  -21.110  -22.512 0.0000000000
64872  25.575  -29.439  -16.886 0.0000000000
78836  26.442  -16.240  -24.253 0.0000000000
79901  26.813  -15.801  -22.971 0.0000000000
80969  26.258  -14.259  -22.729 0.0000000000
87176  26.402  -8.680  -21.676 0.0000000000
85016  26.995  -10.433  -20.689 0.0000000000
90389  23.874  -6.007  -28.288 0.0000000000
88362  24.084  -8.057  -27.599 0.0000000000
89416  24.916  -6.348  -28.919 0.0000000000
94691  24.801  -1.448  -28.405 0.0000000000
93649  25.500  -3.028  -27.857 0.0000000000
91450  25.892  -4.902  -26.958 0.0000000000
93642  26.327  -3.462  -26.074 0.0000000000
90373  27.195  -5.354  -25.197 0.0000000000
69527  28.209  -25.038  -19.805 0.0000000000
68384  27.853  -25.571  -19.491 0.0000000000
62493  24.293  -31.067  -15.462 0.0000000000
81986  25.840  -12.765  -22.734 0.0000000000
83978  25.573  -11.457  -23.320 0.0000000000
86130  25.609  -9.672  -23.065 0.0000000000
89341  26.699  -7.081  -22.570 0.0000000000
70721  25.717  -24.255  -19.829 0.0000000000
71934  27.104  -22.897  -20.754 0.0000000000
71933  28.237  -22.949  -20.680 0.0000000000
70733  29.425  -23.906  -20.275 0.0000000000
75637  29.225  -19.620  -23.087 0.0000000000
74433  29.563  -20.236  -22.814 0.0000000000
76706  30.605  -19.190  -22.427 0.0000000000
74450  27.016  -19.353  -23.447 0.0000000000
76737  26.538  -18.259  -24.871 0.0000000000
75650  27.799  -19.146  -24.355 0.0000000000
77724  28.281  -18.007  -22.735 0.0000000000
78817  28.217  -16.745  -21.358 0.0000000000
80939  28.340  -14.441  -20.066 0.0000000000
82938  26.315  -12.181  -21.605 0.0000000000
81970  27.276  -13.226  -20.436 0.0000000000
87264  25.178  -8.760  -26.619 0.0000000000
92568  25.055  -4.165  -29.383 0.0000000000
91451  25.588  -4.941  -27.894 0.0000000000
89401  25.693  -6.598  -27.014 0.0000000000
88350  25.876  -7.840  -26.133 0.0000000000
89385  26.651  -6.595  -24.790 0.0000000000
89384  26.889  -6.183  -24.032 0.0000000000
65975  26.138  -28.425  -18.407 0.0000000000
68386  25.859  -25.668  -19.487 0.0000000000
71951  30.864  -21.837  -21.853 0.0000000000
71919  30.232  -22.558  -20.291 0.0000000000
86182  25.209  -9.843  -25.703 0.0000000000
87248  25.542  -8.836  -25.875 0.0000000000
73200  27.771  -21.182  -22.338 0.0000000000
74434  28.635  -20.487  -23.049 0.0000000000
61250  23.473  -32.007  -14.833 0.0000000000
79908  25.700  -15.291  -24.237 0.0000000000
79902  26.461  -15.251  -23.224 0.0000000000
80978  25.885  -14.385  -23.401 0.0000000000
88280  26.833  -7.934  -21.381 0.0000000000
87175  26.793  -9.026  -21.209 0.0000000000
89418  24.058  -6.104  -29.988 0.0000000000
90388  23.996  -6.636  -28.502 0.0000000000
89408  24.368  -6.788  -28.453 0.0000000000
89426  24.928  -6.217  -29.692 0.0000000000
93643  25.850  -2.885  -26.531 0.0000000000
92545  26.808  -3.967  -25.903 0.0000000000
69526  28.879  -24.894  -19.517 0.0000000000
68371  28.447  -25.499  -19.067 0.0000000000
64873  24.423  -29.390  -17.149 0.0000000000
82961  25.375  -12.435  -23.869 0.0000000000
83989  25.449  -11.498  -24.166 0.0000000000
87214  25.736  -8.810  -24.136 0.0000000000
87213  25.865  -8.343  -23.359 0.0000000000
87191  25.933  -8.630  -22.617 0.0000000000
88306  26.224  -7.694  -22.904 0.0000000000
91479  23.216  -4.520  -29.871 0.0000000000
71935  25.997  -22.808  -20.742 0.0000000000
71955  26.539  -22.046  -21.220 0.0000000000
70734  28.669  -23.948  -20.402 0.0000000000
71932  29.457  -22.991  -20.746 0.0000000000
76707  29.683  -19.149  -22.555 0.0000000000
76692  30.142  -18.663  -21.933 0.0000000000
74436  26.259  -20.128  -22.711 0.0000000000
77734  26.874  -16.965  -24.608 0.0000000000
77743  26.955  -17.583  -24.910 0.0000000000
75668  27.322  -18.533  -24.404 0.0000000000
76720  27.637  -18.379  -24.088 0.0000000000
76709  28.146  -18.363  -23.458 0.0000000000
77725  27.682  -17.575  -23.158 0.0000000000
79892  26.959  -15.301  -21.911 0.0000000000
78818  27.586  -16.601  -22.151 0.0000000000
79891  27.701  -15.954  -21.222 0.0000000000
79874  27.765  -15.141  -20.807 0.0000000000
82939  25.956  -12.202  -22.317 0.0000000000
81985  26.168  -13.211  -22.364 0.0000000000
83965  26.104  -11.345  -21.761 0.0000000000
82924  27.209  -12.195  -20.470 0.0000000000
81953  28.154  -13.370  -19.941 0.0000000000
88368  24.562  -7.360  -27.805 0.0000000000
87265  24.317  -8.829  -27.149 0.0000000000
94690  25.234  -2.327  -28.573 0.0000000000
94701  24.784  -1.950  -29.496 0.0000000000
92560  25.355  -4.064  -28.331 0.0000000000
90380  26.081  -5.717  -26.618 0.0000000000
89400  26.189  -6.374  -26.362 0.0000000000
89395  25.894  -7.070  -26.500 0.0000000000
89394  26.419  -6.719  -25.788 0.0000000000
88349  26.269  -7.351  -25.342 0.0000000000
91433  27.717  -4.690  -24.635 0.0000000000
90362  27.187  -5.646  -24.480 0.0000000000
91422  27.634  -5.137  -23.899 0.0000000000
90351  27.390  -5.735  -23.574 0.0000000000
65988  25.745  -27.904  -18.953 0.0000000000
69545  26.271  -24.122  -19.979 0.0000000000
69529  26.348  -24.928  -19.816 0.0000000000
68372  27.663  -26.277  -18.857 0.0000000000
68373  27.099  -26.620  -19.181 0.0000000000
67144  27.227  -27.179  -18.276 0.0000000000
67145  26.919  -27.713  -18.673 0.0000000000
74432  30.646  -20.338  -22.733 0.0000000000
73197  30.299  -20.749  -22.357 0.0000000000
71966  31.337  -21.489  -22.258 0.0000000000
85062  25.460  -10.674  -24.488 0.0000000000
86165  25.541  -9.808  -24.798 0.0000000000
88322  25.884  -8.177  -24.585 0.0000000000
74413  26.587  -20.797  -22.282 0.0000000000
73179  27.133  -21.334  -22.003 0.0000000000
73178  28.138  -21.614  -21.932 0.0000000000
73177  29.105  -21.596  -22.028 0.0000000000
63646  25.324  -30.225  -15.942 0.0000000000
62492  24.938  -30.663  -15.422 0.0000000000
64859  25.650  -29.374  -15.485 0.0000000000
77696  29.423  -17.465  -20.970 0.0000000000
77712  30.456  -18.154  -21.320 0.0000000000
78835  27.002  -16.594  -24.043 0.0000000000
78826  27.148  -16.493  -23.162 0.0000000000
78827  26.829  -16.054  -23.579 0.0000000000
79893  26.515  -14.749  -22.445 0.0000000000
80958  26.512  -14.112  -21.949 0.0000000000
86117  26.359  -9.641  -21.522 0.0000000000
85017  26.471  -10.472  -21.326 0.0000000000
86116  26.893  -9.634  -20.954 0.0000000000
89407  25.185  -6.736  -27.983 0.0000000000
92554  25.670  -3.979  -27.306 0.0000000000
92553  26.149  -4.021  -26.459 0.0000000000
91441  26.509  -4.855  -26.231 0.0000000000
91440  27.230  -4.741  -25.597 0.0000000000
92544  27.768  -3.770  -25.327 0.0000000000
69543  27.950  -24.473  -20.034 0.0000000000
69528  27.396  -25.107  -19.861 0.0000000000
61269  23.448  -31.394  -15.372 0.0000000000
62494  23.378  -30.634  -15.870 0.0000000000
63660  24.766  -30.176  -16.668 0.0000000000
64887  25.789  -28.763  -17.801 0.0000000000
82008  25.103  -13.441  -24.142 0.0000000000
82000  25.628  -13.339  -23.283 0.0000000000
82951  25.655  -12.273  -22.993 0.0000000000
85033  25.609  -10.530  -22.748 0.0000000000
85049  25.560  -10.599  -23.622 0.0000000000
86129  25.852  -9.585  -22.198 0.0000000000
88292  26.530  -7.658  -22.021 0.0000000000
89340  27.114  -6.788  -22.077 0.0000000000
90397  23.822  -5.746  -29.416 0.0000000000
90407  23.856  -5.293  -30.174 0.0000000000
89433  24.233  -5.405  -30.352 0.0000000000
70736  26.599  -23.571  -20.309 0.0000000000
70735  27.619  -23.693  -20.291 0.0000000000
70720  29.091  -24.423  -20.057 0.0000000000
70719  29.421  -24.178  -19.535 0.0000000000
75649  28.560  -19.461  -23.771 0.0000000000
75636  30.115  -19.760  -22.687 0.0000000000
74431  31.537  -20.412  -22.683 0.0000000000
76691  31.149  -18.642  -21.715 0.0000000000
75634  32.024  -19.744  -22.485 0.0000000000
74430  32.266  -20.438  -22.492 0.0000000000
75651  26.952  -18.628  -24.293 0.0000000000
76719  28.295  -18.851  -23.927 0.0000000000
76708  28.749  -18.804  -22.958 0.0000000000
77715  28.066  -17.381  -22.210 0.0000000000
77714  28.770  -17.808  -21.756 0.0000000000
78799  28.977  -16.809  -20.777 0.0000000000
79873  28.570  -15.683  -20.374 0.0000000000
81999  25.948  -13.819  -22.927 0.0000000000
82925  26.644  -12.004  -20.950 0.0000000000
81971  26.634  -13.007  -21.228 0.0000000000
80940  27.551  -14.253  -20.716 0.0000000000
91484  24.899  -4.967  -30.363 0.0000000000
92579  24.792  -3.879  -30.049 0.0000000000
91477  25.182  -5.130  -30.084 0.0000000000
90395  25.263  -5.761  -29.263 0.0000000000
90387  25.392  -5.815  -28.427 0.0000000000
90381  25.630  -5.806  -27.480 0.0000000000
88337  25.911  -8.091  -25.280 0.0000000000
88336  26.266  -7.472  -24.634 0.0000000000
90363  26.865  -5.995  -25.250 0.0000000000
89372  26.567  -6.866  -23.979 0.0000000000
89371  26.999  -6.362  -23.434 0.0000000000
89356  27.208  -6.466  -22.773 0.0000000000
65976  25.262  -28.374  -18.380 0.0000000000
64886  26.336  -28.561  -17.917 0.0000000000
67166  26.214  -26.296  -19.348 0.0000000000
68385  26.882  -25.983  -19.455 0.0000000000
67156  26.505  -27.085  -19.139 0.0000000000
65987  26.506  -27.977  -18.761 0.0000000000
65974  26.840  -28.114  -17.996 0.0000000000
73198  29.343  -20.879  -22.446 0.0000000000
73176  30.066  -21.282  -21.912 0.0000000000
71952  29.820  -22.007  -21.426 0.0000000000
71931  30.543  -22.382  -21.115 0.0000000000
67155  27.195  -26.883  -18.956 0.0000000000
68383  28.372  -25.275  -19.514 0.0000000000
69542  28.600  -24.604  -20.009 0.0000000000
71964  31.987  -21.243  -22.487 0.0000000000
71965  31.770  -21.365  -22.411 0.0000000000
73175  30.795  -21.287  -22.196 0.0000000000
73196  31.213  -20.975  -22.491 0.0000000000
74412  27.041  -20.909  -22.366 0.0000000000
74448  28.842  -20.005  -23.441 0.0000000000
75635  31.078  -19.758  -22.768 0.0000000000
75652  26.172  -18.953  -24.003 0.0000000000
75669  27.056  -18.425  -24.680 0.0000000000
76705  31.430  -19.274  -22.322 0.0000000000
76721  26.366  -18.649  -24.498 0.0000000000
76736  27.196  -18.139  -24.673 0.0000000000
77713  29.689  -18.070  -21.447 0.0000000000
77744  26.212  -17.223  -24.941 0.0000000000
83953  26.573  -11.284  -21.114 0.0000000000
83966  25.742  -11.391  -22.492 0.0000000000
86101  27.612  -9.591  -20.519 0.0000000000
87163  26.949  -8.443  -21.171 0.0000000000
87192  25.725  -9.032  -23.412 0.0000000000
89357  26.613  -7.005  -23.228 0.0000000000
89427  24.527  -6.198  -30.056 0.0000000000
89428  24.242  -5.867  -30.237 0.0000000000
89432  24.578  -5.766  -30.310 0.0000000000
90337  27.390  -6.053  -23.123 0.0000000000
90396  23.971  -6.490  -28.919 0.0000000000
90406  25.203  -5.704  -29.917 0.0000000000
90411  24.947  -5.512  -30.311 0.0000000000
90412  24.489  -5.071  -30.413 0.0000000000
91466  25.297  -5.104  -29.582 0.0000000000
91467  25.151  -4.695  -29.826 0.0000000000
91478  24.948  -4.617  -30.113 0.0000000000
91485  24.553  -4.400  -30.493 0.0000000000
92569  24.975  -4.374  -29.849 0.0000000000
94700  25.200  -2.667  -29.170 0.0000000000
