#!ascii label  , from subject sub.01.bl.01 vox2ras=TkReg
1273
103919  -50.816  25.618  34.627 0.0000000000
117657  -41.292  44.168  31.402 0.0000000000
106185  -40.425  28.663  35.070 0.0000000000
109305  -48.071  32.249  30.301 0.0000000000
115834  -45.763  40.946  25.836 0.0000000000
114348  -45.784  38.975  32.616 0.0000000000
112195  -46.095  36.624  28.247 0.0000000000
108548  -41.848  31.831  29.976 0.0000000000
99221  -44.668  20.594  44.549 0.0000000000
102992  -47.802  24.354  41.842 0.0000000000
115837  -35.017  41.727  25.217 0.0000000000
117135  -40.021  43.454  22.768 0.0000000000
116500  -45.280  42.352  20.786 0.0000000000
104727  -46.468  26.162  35.428 0.0000000000
112161  -41.462  36.633  32.361 0.0000000000
108503  -46.542  32.132  34.962 0.0000000000
105553  -50.155  27.390  28.552 0.0000000000
107082  -45.967  28.956  22.327 0.0000000000
106270  -42.217  28.417  26.046 0.0000000000
103960  -49.064  25.540  31.227 0.0000000000
113686  -47.624  38.662  23.830 0.0000000000
113638  -47.238  38.509  27.188 0.0000000000
112240  -46.910  36.829  25.166 0.0000000000
112193  -44.054  36.577  27.982 0.0000000000
100206  -47.159  21.837  45.324 0.0000000000
101160  -45.357  22.882  45.891 0.0000000000
116453  -33.237  42.319  27.539 0.0000000000
117145  -43.074  43.634  22.132 0.0000000000
103034  -44.248  24.144  37.418 0.0000000000
104724  -43.388  26.795  35.276 0.0000000000
117004  -38.156  44.038  32.297 0.0000000000
115755  -41.100  42.145  33.013 0.0000000000
111452  -47.730  35.678  32.554 0.0000000000
111413  -46.846  35.623  34.839 0.0000000000
109291  -48.636  32.963  32.466 0.0000000000
106987  -47.851  29.540  30.555 0.0000000000
107832  -49.104  30.727  28.221 0.0000000000
104866  -49.096  27.221  24.421 0.0000000000
107030  -47.575  29.411  27.263 0.0000000000
108618  -42.232  31.159  26.723 0.0000000000
117072  -44.063  43.567  28.264 0.0000000000
115065  -43.229  41.403  31.929 0.0000000000
114372  -44.608  39.429  29.292 0.0000000000
112881  -47.082  37.616  30.213 0.0000000000
111455  -45.753  35.078  31.207 0.0000000000
108551  -44.734  31.479  30.762 0.0000000000
110720  -43.954  34.165  30.386 0.0000000000
110726  -41.077  34.895  29.909 0.0000000000
100243  -47.126  21.736  42.068 0.0000000000
102136  -49.390  23.370  40.641 0.0000000000
103875  -50.315  25.706  38.273 0.0000000000
116422  -32.447  42.533  30.545 0.0000000000
115075  -35.289  41.384  30.374 0.0000000000
115801  -38.821  41.191  28.910 0.0000000000
117087  -41.431  43.941  26.845 0.0000000000
116476  -42.890  43.042  25.409 0.0000000000
115149  -44.371  40.620  22.739 0.0000000000
113727  -46.550  38.292  20.650 0.0000000000
115880  -46.309  41.356  18.688 0.0000000000
102121  -45.316  23.363  41.982 0.0000000000
103023  -47.313  25.004  38.393 0.0000000000
105469  -49.937  27.284  35.729 0.0000000000
109284  -41.054  32.450  33.560 0.0000000000
113603  -44.087  38.824  32.930 0.0000000000
110017  -44.064  33.541  33.741 0.0000000000
107735  -43.644  30.579  35.182 0.0000000000
106203  -45.807  28.729  33.477 0.0000000000
105526  -49.563  27.353  31.717 0.0000000000
103984  -51.276  25.685  30.659 0.0000000000
104013  -49.892  25.562  27.881 0.0000000000
104838  -46.704  26.873  26.085 0.0000000000
104874  -43.237  27.264  23.218 0.0000000000
107841  -44.079  30.595  26.625 0.0000000000
106293  -42.873  28.656  23.680 0.0000000000
105607  -41.498  27.012  23.363 0.0000000000
103059  -50.731  25.362  35.774 0.0000000000
103066  -49.944  25.152  34.733 0.0000000000
103928  -50.345  25.571  33.328 0.0000000000
112990  -47.782  37.234  22.627 0.0000000000
112256  -47.507  37.140  24.384 0.0000000000
112255  -46.967  36.804  24.146 0.0000000000
112936  -45.046  37.479  25.201 0.0000000000
105463  -42.200  27.731  35.259 0.0000000000
117641  -39.206  44.484  31.917 0.0000000000
110021  -47.602  34.157  32.065 0.0000000000
110710  -48.262  34.836  32.926 0.0000000000
110030  -48.449  33.301  31.965 0.0000000000
108539  -49.335  31.973  30.467 0.0000000000
108573  -48.977  31.919  29.160 0.0000000000
107843  -48.895  30.315  27.609 0.0000000000
107809  -47.551  30.748  29.054 0.0000000000
116457  -44.524  42.717  27.259 0.0000000000
115095  -43.672  41.098  28.580 0.0000000000
115104  -45.535  40.615  27.018 0.0000000000
112900  -47.123  37.497  28.178 0.0000000000
113632  -46.873  38.329  28.509 0.0000000000
112184  -46.768  37.021  29.720 0.0000000000
112173  -46.880  36.824  30.919 0.0000000000
111463  -45.705  35.671  30.254 0.0000000000
110721  -45.154  34.364  30.718 0.0000000000
111472  -45.012  35.595  29.334 0.0000000000
112179  -42.220  36.261  29.052 0.0000000000
102093  -47.924  23.298  43.863 0.0000000000
101213  -48.611  22.662  42.478 0.0000000000
102983  -48.809  23.846  41.823 0.0000000000
103857  -49.891  24.583  39.677 0.0000000000
103001  -49.120  24.709  40.585 0.0000000000
115827  -33.929  41.568  26.305 0.0000000000
115800  -34.228  41.154  28.735 0.0000000000
115099  -35.665  40.551  27.602 0.0000000000
115084  -37.002  40.837  29.758 0.0000000000
115820  -37.384  41.226  26.820 0.0000000000
117124  -39.393  43.494  23.744 0.0000000000
117096  -39.505  43.359  25.842 0.0000000000
117097  -40.690  44.057  25.676 0.0000000000
117719  -42.214  44.255  26.322 0.0000000000
117126  -41.544  43.593  23.878 0.0000000000
117146  -44.109  43.861  21.520 0.0000000000
115847  -43.888  41.634  22.575 0.0000000000
115855  -45.024  41.515  21.191 0.0000000000
114446  -45.590  39.416  21.709 0.0000000000
115163  -45.323  40.431  20.856 0.0000000000
114469  -46.112  39.806  19.724 0.0000000000
115879  -45.979  41.549  19.539 0.0000000000
101208  -40.559  22.741  42.401 0.0000000000
101173  -40.890  22.717  44.333 0.0000000000
101210  -42.317  22.534  42.739 0.0000000000
101193  -43.645  22.625  43.788 0.0000000000
102119  -43.537  22.690  41.352 0.0000000000
103900  -46.015  25.393  36.378 0.0000000000
103022  -46.043  24.440  38.640 0.0000000000
103902  -47.493  25.739  36.737 0.0000000000
104693  -48.970  26.398  37.258 0.0000000000
104729  -48.459  26.708  35.564 0.0000000000
111445  -39.743  35.763  32.647 0.0000000000
110694  -39.516  34.259  33.299 0.0000000000
111429  -41.051  34.875  32.936 0.0000000000
115067  -44.542  40.144  32.478 0.0000000000
115054  -44.006  40.661  33.137 0.0000000000
113604  -45.057  38.733  33.474 0.0000000000
109984  -46.993  33.524  35.505 0.0000000000
110700  -45.548  35.306  34.253 0.0000000000
109998  -45.661  33.206  34.862 0.0000000000
109254  -44.395  32.039  34.788 0.0000000000
108501  -44.829  31.483  35.018 0.0000000000
107748  -44.816  29.776  34.671 0.0000000000
107753  -45.889  29.939  33.671 0.0000000000
106252  -49.190  28.423  29.189 0.0000000000
106230  -48.310  27.924  31.125 0.0000000000
105536  -49.641  27.404  30.545 0.0000000000
104773  -50.851  26.574  31.799 0.0000000000
104798  -51.805  25.808  29.270 0.0000000000
103121  -51.638  24.804  29.229 0.0000000000
104813  -51.248  25.650  27.830 0.0000000000
105625  -47.848  27.979  22.360 0.0000000000
104864  -47.944  26.955  24.009 0.0000000000
105612  -46.051  27.896  22.888 0.0000000000
105586  -44.675  27.321  24.734 0.0000000000
105621  -44.375  27.960  22.226 0.0000000000
107783  -43.422  30.892  30.347 0.0000000000
107001  -44.396  29.734  29.166 0.0000000000
107827  -43.421  30.542  28.208 0.0000000000
107037  -42.221  29.349  26.559 0.0000000000
107850  -42.897  30.544  25.927 0.0000000000
106282  -42.514  28.662  24.605 0.0000000000
106292  -42.194  28.109  23.598 0.0000000000
105583  -41.622  27.786  24.626 0.0000000000
104860  -40.597  26.605  24.143 0.0000000000
101258  -50.810  22.663  37.492 0.0000000000
103980  -47.257  26.020  30.472 0.0000000000
115124  -46.717  40.147  24.869 0.0000000000
115112  -47.207  39.920  26.087 0.0000000000
113659  -47.557  38.781  25.840 0.0000000000
112222  -47.406  37.365  26.394 0.0000000000
112205  -46.053  36.624  27.130 0.0000000000
112194  -45.187  36.410  27.977 0.0000000000
112204  -44.855  36.918  26.923 0.0000000000
100215  -45.993  21.316  45.207 0.0000000000
100191  -45.679  21.257  46.662 0.0000000000
102091  -46.908  23.529  43.987 0.0000000000
116480  -33.187  42.852  24.535 0.0000000000
117144  -41.811  43.601  21.956 0.0000000000
117758  -45.109  44.838  20.686 0.0000000000
117759  -45.432  44.771  19.888 0.0000000000
102162  -43.367  23.440  39.057 0.0000000000
103898  -44.148  25.150  35.974 0.0000000000
104726  -45.315  26.564  35.060 0.0000000000
113601  -41.630  38.848  32.206 0.0000000000
112866  -47.181  37.407  33.117 0.0000000000
112844  -46.400  37.508  34.125 0.0000000000
112148  -47.344  36.630  33.990 0.0000000000
110682  -48.035  34.454  34.366 0.0000000000
109287  -47.881  32.620  33.944 0.0000000000
108525  -47.274  31.331  32.832 0.0000000000
108537  -48.377  31.282  31.162 0.0000000000
107810  -49.015  30.255  29.315 0.0000000000
106257  -49.532  28.560  28.138 0.0000000000
105564  -50.382  26.812  26.804 0.0000000000
106276  -49.121  28.614  25.946 0.0000000000
106275  -48.277  28.718  25.604 0.0000000000
107053  -46.822  29.040  24.871 0.0000000000
108594  -42.328  31.293  28.246 0.0000000000
106941  -39.836  29.622  34.620 0.0000000000
117685  -43.092  44.265  29.692 0.0000000000
117047  -42.463  43.750  31.214 0.0000000000
115796  -42.845  42.138  29.777 0.0000000000
114367  -43.810  39.915  30.188 0.0000000000
114369  -45.710  39.116  30.960 0.0000000000
113636  -46.259  38.797  28.151 0.0000000000
113631  -46.259  38.629  29.145 0.0000000000
113625  -46.439  38.663  31.364 0.0000000000
112878  -47.348  37.051  31.525 0.0000000000
111451  -47.140  35.277  31.983 0.0000000000
110028  -46.848  33.718  31.850 0.0000000000
108535  -46.501  32.083  30.943 0.0000000000
109293  -45.189  32.977  31.209 0.0000000000
110037  -44.472  33.352  30.855 0.0000000000
110036  -43.234  33.379  30.695 0.0000000000
111471  -43.957  35.517  29.364 0.0000000000
111460  -42.394  34.816  29.941 0.0000000000
100238  -46.926  21.723  43.007 0.0000000000
100245  -48.423  22.158  41.323 0.0000000000
101237  -50.218  22.542  39.133 0.0000000000
102152  -50.712  23.764  38.734 0.0000000000
103025  -50.755  24.512  37.866 0.0000000000
104731  -51.286  26.119  36.215 0.0000000000
116394  -32.995  42.856  32.225 0.0000000000
115790  -33.766  42.071  30.286 0.0000000000
115764  -34.721  42.744  31.478 0.0000000000
115780  -36.912  42.705  31.293 0.0000000000
115782  -38.773  42.031  30.581 0.0000000000
116426  -39.849  42.230  30.043 0.0000000000
116484  -36.849  42.676  24.808 0.0000000000
116461  -38.033  42.171  26.270 0.0000000000
116447  -39.911  42.151  28.020 0.0000000000
117070  -41.393  43.190  28.560 0.0000000000
117703  -42.672  44.346  27.605 0.0000000000
117089  -43.464  43.996  26.930 0.0000000000
115832  -44.016  41.842  25.680 0.0000000000
117138  -42.901  43.120  23.260 0.0000000000
115843  -43.480  41.561  24.167 0.0000000000
115122  -44.987  40.486  24.630 0.0000000000
114435  -46.091  39.167  22.911 0.0000000000
113712  -47.103  38.262  21.858 0.0000000000
113018  -46.807  37.170  20.097 0.0000000000
113749  -46.052  38.665  18.667 0.0000000000
116514  -46.084  42.533  18.868 0.0000000000
102089  -45.368  23.164  43.357 0.0000000000
102122  -46.279  23.630  42.134 0.0000000000
102163  -44.468  23.486  39.063 0.0000000000
103008  -46.073  23.975  39.818 0.0000000000
103000  -48.162  24.653  40.395 0.0000000000
103862  -49.075  25.746  39.097 0.0000000000
105445  -50.390  26.751  37.101 0.0000000000
104743  -51.348  26.331  34.348 0.0000000000
107744  -40.592  30.357  34.514 0.0000000000
115756  -42.439  42.122  33.351 0.0000000000
114344  -42.390  40.001  32.620 0.0000000000
112862  -42.190  37.743  32.264 0.0000000000
112842  -45.352  37.528  33.715 0.0000000000
111450  -44.570  35.840  33.233 0.0000000000
110706  -42.804  34.871  32.875 0.0000000000
110016  -43.136  32.973  33.516 0.0000000000
108514  -42.413  31.296  34.325 0.0000000000
106933  -41.887  29.620  35.147 0.0000000000
106188  -42.965  28.640  35.322 0.0000000000
105480  -44.470  27.881  34.651 0.0000000000
105482  -46.552  27.320  34.113 0.0000000000
106957  -46.771  29.443  32.333 0.0000000000
105507  -47.407  27.949  32.642 0.0000000000
105493  -48.388  27.404  33.549 0.0000000000
105494  -49.520  27.333  33.737 0.0000000000
105511  -51.057  26.715  33.021 0.0000000000
103942  -51.155  25.791  32.949 0.0000000000
103962  -50.795  25.452  31.345 0.0000000000
103982  -49.952  25.339  30.313 0.0000000000
104796  -48.011  26.214  28.930 0.0000000000
104037  -49.628  26.090  26.384 0.0000000000
104826  -47.632  26.349  26.992 0.0000000000
104825  -46.407  26.651  27.237 0.0000000000
104837  -45.548  27.139  26.437 0.0000000000
104849  -43.411  26.736  25.161 0.0000000000
107003  -46.210  29.691  29.070 0.0000000000
107040  -45.459  29.473  26.347 0.0000000000
107865  -45.106  30.017  24.225 0.0000000000
108620  -43.135  31.112  26.385 0.0000000000
107857  -44.102  30.458  24.864 0.0000000000
107071  -43.878  29.145  22.999 0.0000000000
105609  -42.968  27.591  22.697 0.0000000000
104873  -42.527  26.809  23.228 0.0000000000
103913  -50.886  25.540  35.329 0.0000000000
103058  -50.297  25.007  35.534 0.0000000000
103067  -50.424  25.381  34.807 0.0000000000
103917  -49.871  25.397  34.008 0.0000000000
103929  -50.860  25.688  33.594 0.0000000000
112284  -47.338  36.663  22.400 0.0000000000
112270  -47.521  36.918  23.390 0.0000000000
112269  -46.873  36.650  23.180 0.0000000000
104722  -41.522  26.624  35.582 0.0000000000
105462  -41.195  27.814  35.426 0.0000000000
117034  -40.709  43.816  31.260 0.0000000000
117642  -40.029  44.482  32.362 0.0000000000
117643  -41.386  44.374  32.306 0.0000000000
110029  -47.856  33.506  31.717 0.0000000000
109296  -48.287  32.784  31.096 0.0000000000
109306  -48.852  32.513  30.326 0.0000000000
109318  -48.680  32.191  29.676 0.0000000000
108572  -48.200  31.485  29.230 0.0000000000
108554  -47.977  31.854  29.840 0.0000000000
115822  -44.956  41.959  26.826 0.0000000000
115813  -45.223  41.347  27.089 0.0000000000
115823  -45.465  41.066  26.485 0.0000000000
112196  -46.723  37.044  28.658 0.0000000000
112183  -46.081  36.476  29.355 0.0000000000
112172  -46.383  36.461  30.191 0.0000000000
111473  -45.552  35.999  29.459 0.0000000000
112182  -45.401  36.219  28.873 0.0000000000
99237  -44.903  20.682  43.679 0.0000000000
102965  -47.649  23.750  43.582 0.0000000000
102966  -48.023  23.749  43.217 0.0000000000
102982  -48.320  23.922  42.414 0.0000000000
102993  -48.591  24.319  41.418 0.0000000000
115828  -34.635  41.451  25.786 0.0000000000
115817  -34.532  41.157  26.726 0.0000000000
115818  -35.246  41.004  26.275 0.0000000000
115108  -36.374  40.721  27.091 0.0000000000
115819  -36.174  41.029  26.342 0.0000000000
117134  -38.906  43.547  22.711 0.0000000000
117111  -39.937  43.782  24.763 0.0000000000
117125  -40.525  43.638  23.778 0.0000000000
117112  -41.051  43.967  24.708 0.0000000000
116499  -44.620  42.735  21.414 0.0000000000
115865  -45.528  41.532  20.397 0.0000000000
115175  -45.775  40.533  19.992 0.0000000000
116504  -45.723  42.713  20.065 0.0000000000
101221  -40.402  22.894  41.571 0.0000000000
101232  -40.993  22.756  41.219 0.0000000000
101209  -41.373  22.584  42.621 0.0000000000
101223  -41.998  22.610  41.925 0.0000000000
101224  -43.037  22.652  41.916 0.0000000000
103912  -46.250  25.710  35.929 0.0000000000
103881  -46.501  25.317  36.853 0.0000000000
104707  -47.193  26.028  35.842 0.0000000000
104708  -47.840  26.170  36.313 0.0000000000
104728  -47.492  26.361  35.441 0.0000000000
112861  -40.919  37.681  32.097 0.0000000000
112160  -40.313  36.628  32.285 0.0000000000
111446  -40.766  35.716  32.640 0.0000000000
114347  -45.191  39.452  32.814 0.0000000000
113605  -45.871  38.628  33.159 0.0000000000
109257  -46.643  32.688  35.229 0.0000000000
109983  -46.336  33.284  35.270 0.0000000000
109256  -45.706  32.480  35.163 0.0000000000
108502  -45.839  31.641  35.006 0.0000000000
107737  -45.430  30.967  34.704 0.0000000000
107750  -46.138  30.963  34.111 0.0000000000
106243  -49.307  27.805  29.836 0.0000000000
105544  -50.056  27.364  29.541 0.0000000000
105537  -50.636  26.796  30.197 0.0000000000
105545  -51.107  26.620  29.131 0.0000000000
105555  -51.666  25.948  28.297 0.0000000000
105554  -50.990  26.283  28.040 0.0000000000
106315  -46.479  28.429  22.364 0.0000000000
105613  -46.968  27.642  22.678 0.0000000000
105623  -46.066  28.076  22.428 0.0000000000
105611  -45.009  27.788  22.873 0.0000000000
105622  -45.288  28.207  22.482 0.0000000000
108549  -42.811  31.513  30.411 0.0000000000
107804  -42.918  30.764  29.886 0.0000000000
108570  -42.315  31.184  29.487 0.0000000000
106271  -42.394  28.697  25.530 0.0000000000
105572  -42.039  28.161  25.359 0.0000000000
105584  -42.100  28.273  24.838 0.0000000000
105571  -41.718  27.764  25.796 0.0000000000
105582  -41.015  27.254  24.884 0.0000000000
105570  -40.973  27.208  26.016 0.0000000000
102175  -50.832  23.155  37.350 0.0000000000
103938  -48.311  25.656  32.212 0.0000000000
103959  -47.878  25.871  31.304 0.0000000000
114422  -47.351  39.105  24.054 0.0000000000
114393  -47.613  39.347  25.379 0.0000000000
113674  -47.856  38.744  24.972 0.0000000000
112241  -47.455  37.234  25.410 0.0000000000
112221  -46.875  36.823  26.251 0.0000000000
112220  -45.927  36.744  25.934 0.0000000000
112914  -44.572  37.389  25.990 0.0000000000
100175  -45.220  21.483  47.866 0.0000000000
102059  -46.797  23.271  45.160 0.0000000000
101178  -45.788  23.093  44.970 0.0000000000
116468  -32.980  42.611  25.014 0.0000000000
118366  -44.073  45.223  20.984 0.0000000000
118379  -45.131  45.355  20.236 0.0000000000
119040  -44.173  46.401  19.849 0.0000000000
103908  -42.780  26.110  35.583 0.0000000000
103897  -43.088  25.285  35.988 0.0000000000
103909  -43.714  25.939  35.530 0.0000000000
103910  -44.705  25.805  35.491 0.0000000000
104725  -44.292  26.636  35.157 0.0000000000
117016  -36.443  43.625  32.324 0.0000000000
114343  -41.082  39.953  32.372 0.0000000000
112165  -47.561  36.619  32.869 0.0000000000
111434  -47.727  35.778  33.467 0.0000000000
110023  -48.599  33.854  32.989 0.0000000000
110701  -48.316  34.522  33.695 0.0000000000
110018  -48.295  33.855  33.967 0.0000000000
109277  -48.044  33.400  34.252 0.0000000000
108527  -48.409  32.644  32.880 0.0000000000
108526  -47.918  32.192  33.248 0.0000000000
108532  -48.523  32.272  32.106 0.0000000000
108556  -49.465  31.686  29.955 0.0000000000
107790  -49.385  31.203  29.861 0.0000000000
107811  -49.409  30.770  29.144 0.0000000000
107006  -49.095  29.612  28.772 0.0000000000
107021  -49.291  29.743  28.040 0.0000000000
106264  -49.544  28.684  27.147 0.0000000000
107032  -49.158  29.732  27.081 0.0000000000
107842  -48.356  30.233  27.605 0.0000000000
107031  -48.493  29.650  26.987 0.0000000000
107042  -47.711  28.889  25.946 0.0000000000
106283  -47.223  28.832  24.662 0.0000000000
107041  -46.462  29.101  26.217 0.0000000000
117071  -43.688  43.898  29.038 0.0000000000
117060  -43.022  43.749  29.935 0.0000000000
116443  -43.230  43.001  29.373 0.0000000000
114375  -44.145  40.565  28.349 0.0000000000
114371  -43.822  40.171  28.918 0.0000000000
114368  -44.757  39.362  30.589 0.0000000000
113645  -47.297  38.930  26.540 0.0000000000
114381  -46.694  39.265  27.099 0.0000000000
113637  -46.787  38.829  27.574 0.0000000000
113629  -46.889  38.225  29.648 0.0000000000
113628  -46.356  38.635  30.273 0.0000000000
113626  -47.009  38.203  30.758 0.0000000000
112874  -47.298  37.694  31.726 0.0000000000
112877  -47.243  37.582  31.286 0.0000000000
111456  -46.517  35.823  31.354 0.0000000000
110713  -46.305  34.715  31.765 0.0000000000
110708  -47.142  34.556  32.025 0.0000000000
109294  -46.137  32.842  31.482 0.0000000000
110027  -45.608  33.789  31.421 0.0000000000
111462  -44.572  34.939  29.894 0.0000000000
109302  -43.530  32.433  30.804 0.0000000000
112181  -44.502  36.051  28.727 0.0000000000
112180  -43.387  36.162  28.813 0.0000000000
111469  -41.702  35.454  29.685 0.0000000000
111470  -42.846  35.514  29.474 0.0000000000
100216  -46.773  21.452  44.980 0.0000000000
100226  -46.763  21.562  43.990 0.0000000000
100217  -47.317  21.896  44.563 0.0000000000
101214  -49.001  23.001  42.048 0.0000000000
101226  -48.640  22.335  41.906 0.0000000000
101227  -49.010  22.672  41.453 0.0000000000
101235  -49.212  22.724  40.457 0.0000000000
101236  -49.833  22.902  39.703 0.0000000000
101242  -50.564  23.099  39.013 0.0000000000
101241  -50.225  23.339  39.485 0.0000000000
103864  -50.245  24.931  39.167 0.0000000000
103865  -50.508  24.689  38.805 0.0000000000
103886  -50.748  25.463  37.536 0.0000000000
103903  -50.961  25.538  36.659 0.0000000000
104696  -50.796  26.019  37.427 0.0000000000
116421  -31.541  42.650  30.340 0.0000000000
115776  -31.027  42.397  30.985 0.0000000000
116406  -31.857  42.515  31.180 0.0000000000
115763  -32.207  42.483  31.813 0.0000000000
116407  -32.791  42.682  31.476 0.0000000000
117075  -33.057  43.179  27.833 0.0000000000
115082  -35.010  40.772  29.268 0.0000000000
115799  -33.575  41.751  29.254 0.0000000000
115791  -34.303  41.432  29.883 0.0000000000
115778  -34.473  42.305  31.037 0.0000000000
115779  -35.812  42.461  31.315 0.0000000000
115076  -36.384  41.484  30.580 0.0000000000
115094  -38.222  40.898  28.824 0.0000000000
115078  -37.868  41.588  30.435 0.0000000000
115793  -38.694  41.469  29.772 0.0000000000
116410  -39.321  42.515  30.795 0.0000000000
115794  -39.349  41.669  29.359 0.0000000000
115831  -37.448  41.910  25.952 0.0000000000
116486  -38.237  42.811  25.300 0.0000000000
117086  -40.455  43.450  26.772 0.0000000000
116463  -39.528  42.872  26.635 0.0000000000
117076  -40.892  43.060  27.810 0.0000000000
117069  -40.982  42.959  28.248 0.0000000000
117077  -41.437  43.577  27.505 0.0000000000
117694  -42.193  43.851  28.039 0.0000000000
117702  -42.049  44.113  27.211 0.0000000000
117099  -42.525  43.929  25.940 0.0000000000
117088  -42.876  44.062  26.559 0.0000000000
117100  -43.274  43.295  26.123 0.0000000000
116465  -43.840  42.973  26.499 0.0000000000
116477  -43.670  42.364  25.778 0.0000000000
117137  -42.145  43.365  23.009 0.0000000000
115846  -43.548  41.696  23.257 0.0000000000
115134  -43.969  40.988  23.551 0.0000000000
115121  -44.204  40.914  24.438 0.0000000000
115135  -44.801  40.244  23.812 0.0000000000
114420  -45.725  39.711  23.910 0.0000000000
114434  -45.142  39.814  23.247 0.0000000000
113726  -46.281  38.758  21.407 0.0000000000
113711  -46.432  38.820  22.258 0.0000000000
113713  -47.626  37.572  22.005 0.0000000000
113004  -47.267  37.471  21.183 0.0000000000
115185  -46.182  40.541  19.223 0.0000000000
114470  -46.267  39.506  19.052 0.0000000000
114482  -46.173  39.780  18.176 0.0000000000
115186  -46.286  40.465  18.435 0.0000000000
117153  -45.716  43.758  19.413 0.0000000000
101158  -43.382  22.903  45.668 0.0000000000
101212  -44.094  22.794  42.916 0.0000000000
101194  -44.833  22.864  43.851 0.0000000000
102106  -44.927  23.096  42.799 0.0000000000
102107  -45.747  23.365  42.888 0.0000000000
103020  -43.794  23.695  38.209 0.0000000000
103009  -47.094  24.473  39.585 0.0000000000
103010  -47.976  25.011  39.236 0.0000000000
103854  -48.582  25.261  39.506 0.0000000000
103861  -48.478  25.546  38.837 0.0000000000
104710  -49.524  26.911  36.553 0.0000000000
104694  -49.911  26.862  37.278 0.0000000000
105452  -50.253  27.137  36.561 0.0000000000
105471  -51.191  26.619  35.954 0.0000000000
105487  -51.182  26.806  35.054 0.0000000000
110014  -40.794  33.349  33.418 0.0000000000
108512  -40.373  31.166  34.151 0.0000000000
115784  -42.826  42.192  31.538 0.0000000000
116401  -42.366  43.174  32.794 0.0000000000
115767  -42.996  42.163  32.631 0.0000000000
114345  -43.517  39.883  33.057 0.0000000000
113602  -42.918  38.882  32.544 0.0000000000
112863  -43.466  37.757  32.505 0.0000000000
112137  -46.608  36.664  34.486 0.0000000000
112843  -45.824  37.357  34.136 0.0000000000
112136  -46.118  36.881  34.389 0.0000000000
110699  -44.884  34.430  33.879 0.0000000000
111432  -45.221  35.808  33.626 0.0000000000
111431  -44.347  35.215  33.266 0.0000000000
111448  -43.111  35.799  32.823 0.0000000000
110698  -43.646  34.274  33.242 0.0000000000
110697  -42.485  33.991  33.138 0.0000000000
108500  -44.110  31.582  34.948 0.0000000000
109272  -43.657  32.156  34.349 0.0000000000
107747  -43.032  30.588  35.019 0.0000000000
107733  -42.197  30.161  35.013 0.0000000000
106934  -42.816  29.568  35.372 0.0000000000
106935  -43.731  29.551  35.240 0.0000000000
106945  -45.013  29.350  34.312 0.0000000000
106199  -44.594  28.573  34.527 0.0000000000
106200  -45.258  28.666  33.996 0.0000000000
105481  -45.363  27.668  34.322 0.0000000000
105491  -46.130  27.992  33.568 0.0000000000
107767  -47.321  30.164  31.578 0.0000000000
106972  -47.056  29.933  31.812 0.0000000000
106973  -47.363  29.502  31.399 0.0000000000
105535  -48.864  27.615  31.064 0.0000000000
105524  -47.710  27.957  32.167 0.0000000000
105508  -48.031  27.577  32.693 0.0000000000
105509  -49.102  27.378  32.723 0.0000000000
104774  -51.272  26.172  31.551 0.0000000000
104755  -51.051  26.546  32.443 0.0000000000
104756  -51.305  26.259  32.980 0.0000000000
103963  -51.099  25.737  31.695 0.0000000000
103091  -51.045  25.418  30.991 0.0000000000
104014  -51.233  25.147  28.534 0.0000000000
103999  -50.879  25.061  29.648 0.0000000000
103998  -50.000  25.333  29.127 0.0000000000
103981  -48.651  25.805  29.967 0.0000000000
103997  -49.110  25.798  28.602 0.0000000000
105590  -49.752  27.079  25.588 0.0000000000
104842  -49.905  26.436  26.199 0.0000000000
104854  -49.358  26.738  25.101 0.0000000000
104851  -47.206  26.909  25.179 0.0000000000
104839  -47.953  26.500  25.977 0.0000000000
104824  -45.212  26.703  27.378 0.0000000000
105597  -43.867  27.401  23.828 0.0000000000
104850  -44.196  27.101  25.315 0.0000000000
105585  -43.809  27.172  24.616 0.0000000000
104862  -43.206  26.924  23.965 0.0000000000
108552  -45.778  31.338  30.746 0.0000000000
107787  -46.495  30.578  29.965 0.0000000000
107786  -45.901  30.564  30.295 0.0000000000
107027  -44.440  30.027  27.190 0.0000000000
107028  -45.361  29.400  27.385 0.0000000000
107039  -44.683  29.994  26.460 0.0000000000
107051  -44.947  30.031  25.696 0.0000000000
107852  -44.331  30.474  25.738 0.0000000000
108610  -42.474  31.339  27.106 0.0000000000
108619  -42.880  31.118  26.458 0.0000000000
107049  -43.215  29.515  24.809 0.0000000000
107856  -43.546  30.285  25.280 0.0000000000
107050  -43.735  29.890  24.496 0.0000000000
107061  -44.190  29.735  23.805 0.0000000000
107060  -43.509  29.270  23.700 0.0000000000
106303  -43.343  28.475  22.721 0.0000000000
105596  -41.675  27.621  23.686 0.0000000000
105608  -42.097  27.385  23.096 0.0000000000
104872  -41.726  26.608  23.330 0.0000000000
103053  -50.584  24.948  36.357 0.0000000000
103065  -48.977  24.997  34.366 0.0000000000
112974  -47.868  37.592  23.589 0.0000000000
112956  -47.783  37.854  24.627 0.0000000000
112239  -46.266  36.876  24.829 0.0000000000
112937  -45.653  37.064  25.264 0.0000000000
112955  -45.613  37.257  24.537 0.0000000000
103907  -42.162  26.278  35.584 0.0000000000
104723  -42.514  26.868  35.372 0.0000000000
117630  -38.943  44.542  32.398 0.0000000000
117018  -39.425  44.167  33.054 0.0000000000
116400  -41.528  43.213  33.146 0.0000000000
110709  -47.723  34.787  32.330 0.0000000000
110022  -48.133  34.096  32.337 0.0000000000
109297  -48.720  32.449  31.177 0.0000000000
109298  -49.185  32.119  30.695 0.0000000000
109307  -49.242  32.192  30.374 0.0000000000
109319  -49.225  32.137  29.704 0.0000000000
108598  -49.197  31.275  28.641 0.0000000000
107844  -49.094  30.270  27.693 0.0000000000
108597  -48.954  31.426  28.605 0.0000000000
108596  -48.472  31.121  28.513 0.0000000000
107830  -47.752  30.480  28.223 0.0000000000
116451  -44.355  42.839  27.947 0.0000000000
116450  -43.753  42.951  28.566 0.0000000000
115812  -44.653  41.864  27.527 0.0000000000
115096  -44.388  41.079  28.006 0.0000000000
114376  -44.709  40.005  27.997 0.0000000000
112901  -47.389  37.818  27.520 0.0000000000
113633  -47.188  38.298  27.822 0.0000000000
112888  -47.059  37.675  29.026 0.0000000000
111464  -46.366  36.223  30.698 0.0000000000
110712  -45.659  34.496  31.332 0.0000000000
112192  -42.731  36.947  28.051 0.0000000000
99268  -46.509  21.418  42.423 0.0000000000
101163  -47.428  22.383  44.980 0.0000000000
101196  -47.860  22.370  43.818 0.0000000000
101180  -47.951  22.858  44.005 0.0000000000
102110  -48.728  23.369  42.280 0.0000000000
102123  -49.075  23.390  41.621 0.0000000000
102137  -49.955  23.644  39.842 0.0000000000
103002  -49.624  24.237  40.201 0.0000000000
103856  -49.609  24.872  39.783 0.0000000000
103863  -49.661  25.425  39.117 0.0000000000
116437  -32.171  42.792  29.393 0.0000000000
116460  -33.309  42.117  26.543 0.0000000000
115807  -33.611  41.657  28.154 0.0000000000
115816  -33.742  41.567  27.147 0.0000000000
115090  -34.949  40.714  28.174 0.0000000000
115091  -35.769  40.444  28.545 0.0000000000
115083  -36.000  40.660  29.637 0.0000000000
115092  -36.711  40.487  28.754 0.0000000000
115101  -37.412  40.747  27.862 0.0000000000
115809  -37.728  41.053  27.465 0.0000000000
117123  -38.250  43.517  23.629 0.0000000000
117095  -38.960  43.132  25.457 0.0000000000
117110  -38.693  43.198  24.858 0.0000000000
117711  -41.897  44.278  26.569 0.0000000000
117098  -41.583  44.188  25.480 0.0000000000
117113  -41.975  43.869  24.812 0.0000000000
117114  -42.468  43.431  24.994 0.0000000000
116498  -43.889  43.061  21.989 0.0000000000
116494  -43.478  42.569  22.707 0.0000000000
115854  -44.410  41.532  21.916 0.0000000000
115162  -44.790  40.454  21.714 0.0000000000
114445  -45.073  39.761  22.440 0.0000000000
114457  -45.920  39.413  20.567 0.0000000000
114458  -46.239  39.045  19.886 0.0000000000
102117  -39.302  23.142  41.691 0.0000000000
101207  -39.895  22.917  42.164 0.0000000000
102088  -40.006  22.913  43.334 0.0000000000
101190  -40.566  22.789  43.347 0.0000000000
101175  -42.979  22.685  44.678 0.0000000000
101192  -42.620  22.504  43.690 0.0000000000
101225  -43.664  22.657  42.382 0.0000000000
102120  -44.226  22.805  41.852 0.0000000000
103049  -44.700  24.643  36.688 0.0000000000
103035  -45.347  24.428  37.533 0.0000000000
103050  -45.656  24.876  36.805 0.0000000000
103036  -46.391  24.981  37.506 0.0000000000
103871  -47.541  25.435  37.745 0.0000000000
103872  -48.153  25.614  38.133 0.0000000000
103883  -48.038  25.861  37.243 0.0000000000
104709  -48.764  26.545  36.413 0.0000000000
105468  -49.254  27.027  35.311 0.0000000000
111428  -40.124  34.983  32.999 0.0000000000
110695  -40.462  34.188  33.253 0.0000000000
115066  -43.863  40.736  32.234 0.0000000000
115768  -43.515  41.321  32.714 0.0000000000
115055  -44.579  40.040  33.002 0.0000000000
114346  -44.432  39.659  33.173 0.0000000000
111407  -47.127  34.860  35.290 0.0000000000
111412  -46.088  35.817  34.641 0.0000000000
109999  -46.303  33.983  35.096 0.0000000000
110679  -45.822  34.487  34.627 0.0000000000
110678  -45.322  33.798  34.391 0.0000000000
109997  -44.656  33.182  34.253 0.0000000000
109273  -44.811  32.473  34.693 0.0000000000
107736  -44.742  30.488  34.942 0.0000000000
107749  -45.539  30.297  34.281 0.0000000000
106251  -48.557  28.985  29.586 0.0000000000
106241  -47.631  28.897  30.786 0.0000000000
106242  -48.433  28.369  30.306 0.0000000000
105527  -50.457  26.966  31.317 0.0000000000
104784  -51.033  26.446  30.852 0.0000000000
104785  -51.388  26.020  30.305 0.0000000000
103122  -51.855  24.936  29.455 0.0000000000
104016  -52.278  24.819  28.941 0.0000000000
104028  -50.571  25.741  27.543 0.0000000000
105615  -48.195  27.802  22.876 0.0000000000
104865  -48.535  27.000  24.109 0.0000000000
104875  -48.035  27.256  23.402 0.0000000000
105600  -46.953  27.464  23.565 0.0000000000
105588  -46.588  27.342  24.427 0.0000000000
105574  -45.647  27.310  25.469 0.0000000000
105599  -45.828  27.633  23.643 0.0000000000
105598  -44.798  27.507  23.693 0.0000000000
105610  -43.927  27.632  22.870 0.0000000000
107784  -44.084  30.848  30.532 0.0000000000
107806  -44.985  29.950  29.878 0.0000000000
107805  -43.748  30.220  29.692 0.0000000000
107016  -43.873  29.900  28.798 0.0000000000
107828  -43.932  30.394  27.415 0.0000000000
107849  -42.147  30.510  26.608 0.0000000000
107038  -42.735  29.528  25.748 0.0000000000
106281  -41.928  28.143  24.199 0.0000000000
105595  -41.174  27.143  23.916 0.0000000000
104847  -40.328  26.705  25.150 0.0000000000
100276  -51.096  21.809  37.853 0.0000000000
115116  -46.209  40.536  25.316 0.0000000000
115824  -46.177  40.745  26.159 0.0000000000
115118  -47.299  39.943  25.524 0.0000000000
114386  -47.395  39.465  26.002 0.0000000000
112938  -47.613  37.993  25.629 0.0000000000
112916  -47.451  38.115  26.591 0.0000000000
112207  -47.405  37.522  26.997 0.0000000000
112206  -47.027  36.978  27.438 0.0000000000
112915  -45.307  37.156  25.738 0.0000000000
99204  -45.304  20.859  45.296 0.0000000000
99184  -45.162  20.858  46.106 0.0000000000
100204  -45.777  21.138  45.888 0.0000000000
100205  -46.459  21.586  45.965 0.0000000000
100176  -45.697  21.892  47.478 0.0000000000
101145  -46.325  22.257  46.472 0.0000000000
101162  -46.913  22.389  45.574 0.0000000000
102060  -47.071  23.049  45.243 0.0000000000
102092  -47.428  23.530  44.133 0.0000000000
102980  -47.279  23.761  43.326 0.0000000000
116459  -32.792  42.615  25.923 0.0000000000
116469  -33.768  42.015  25.468 0.0000000000
116470  -34.533  41.834  25.272 0.0000000000
117136  -41.127  43.452  22.858 0.0000000000
117750  -43.539  44.709  21.154 0.0000000000
117149  -44.845  43.913  20.998 0.0000000000
116503  -45.192  43.147  20.724 0.0000000000
117150  -45.405  43.894  20.343 0.0000000000
103048  -43.614  24.559  36.605 0.0000000000
103899  -45.150  25.214  36.120 0.0000000000
103911  -45.651  25.761  35.689 0.0000000000
113600  -40.143  38.731  32.063 0.0000000000
113606  -46.673  38.055  32.887 0.0000000000
113585  -46.294  38.080  33.608 0.0000000000
112865  -46.692  37.696  33.558 0.0000000000
112147  -46.924  37.101  34.198 0.0000000000
112138  -47.123  36.097  34.568 0.0000000000
111435  -48.131  35.157  33.675 0.0000000000
111414  -47.611  35.284  34.523 0.0000000000
111408  -47.428  34.668  35.115 0.0000000000
110672  -47.282  34.209  35.392 0.0000000000
109276  -47.522  32.873  34.640 0.0000000000
109275  -46.867  32.381  34.863 0.0000000000
108517  -46.823  31.751  34.247 0.0000000000
108531  -48.044  31.472  31.927 0.0000000000
107768  -47.894  30.606  31.128 0.0000000000
108538  -48.949  31.691  30.852 0.0000000000
107789  -48.906  30.685  30.111 0.0000000000
107788  -48.246  30.152  30.400 0.0000000000
107005  -48.768  29.637  29.387 0.0000000000
105563  -50.067  27.521  27.483 0.0000000000
105576  -49.783  27.661  26.422 0.0000000000
106286  -48.969  28.050  24.663 0.0000000000
106295  -47.871  28.446  23.924 0.0000000000
106305  -47.319  28.568  23.262 0.0000000000
107074  -46.240  29.130  22.937 0.0000000000
108569  -41.724  31.577  29.084 0.0000000000
108593  -41.481  31.784  28.439 0.0000000000
108609  -41.487  31.691  27.543 0.0000000000
108617  -41.587  31.257  26.900 0.0000000000
107839  -41.619  30.222  27.079 0.0000000000
106261  -41.911  28.492  26.787 0.0000000000
117671  -42.410  44.063  30.521 0.0000000000
117658  -42.106  44.455  31.712 0.0000000000
117048  -42.627  43.879  30.402 0.0000000000
116429  -42.648  42.959  31.012 0.0000000000
115079  -42.848  41.436  30.888 0.0000000000
115803  -43.213  42.040  28.877 0.0000000000
115088  -43.110  41.023  29.769 0.0000000000
115080  -43.356  40.629  31.132 0.0000000000
114362  -44.211  40.018  31.449 0.0000000000
114363  -45.051  39.561  31.747 0.0000000000
114364  -45.805  39.147  32.001 0.0000000000
115110  -46.112  40.428  26.595 0.0000000000
114380  -46.009  39.647  27.292 0.0000000000
114377  -45.526  39.135  28.556 0.0000000000
114373  -45.545  38.994  29.796 0.0000000000
113620  -46.313  38.626  32.340 0.0000000000
113621  -47.128  38.065  31.878 0.0000000000
112875  -47.384  37.422  32.082 0.0000000000
112169  -47.469  36.578  31.972 0.0000000000
112174  -47.225  36.749  31.509 0.0000000000
111457  -47.262  35.967  31.858 0.0000000000
109295  -47.331  32.669  31.129 0.0000000000
109304  -47.439  32.154  30.583 0.0000000000
108534  -45.455  32.157  31.107 0.0000000000
110038  -45.112  33.714  30.940 0.0000000000
109303  -44.507  32.317  31.000 0.0000000000
108550  -43.818  31.549  30.736 0.0000000000
109301  -42.486  32.534  30.557 0.0000000000
111461  -43.427  34.808  29.844 0.0000000000
99238  -45.865  21.184  43.684 0.0000000000
99239  -46.436  21.413  43.320 0.0000000000
100228  -48.140  22.192  42.932 0.0000000000
100240  -48.249  22.157  42.185 0.0000000000
100244  -47.823  21.869  41.709 0.0000000000
100252  -49.158  22.315  39.786 0.0000000000
100262  -50.603  22.065  38.484 0.0000000000
101247  -51.006  22.502  38.211 0.0000000000
101253  -51.020  23.180  37.761 0.0000000000
102174  -50.892  23.715  37.566 0.0000000000
103011  -50.499  24.326  39.061 0.0000000000
103038  -50.820  24.641  37.129 0.0000000000
103914  -51.074  25.680  35.797 0.0000000000
116438  -33.006  42.250  29.844 0.0000000000
116423  -33.501  42.516  30.935 0.0000000000
116408  -33.814  43.243  31.881 0.0000000000
117030  -34.508  43.120  32.454 0.0000000000
117031  -34.894  43.165  32.192 0.0000000000
130568  -37.179  43.264  31.551 0.0000000000
115077  -37.339  41.590  30.520 0.0000000000
115781  -37.946  42.196  31.024 0.0000000000
130570  -38.349  43.390  31.520 0.0000000000
117032  -39.328  43.240  31.259 0.0000000000
117033  -40.074  43.541  31.274 0.0000000000
117045  -40.640  43.430  30.908 0.0000000000
116471  -36.301  42.083  25.211 0.0000000000
115830  -36.710  41.600  25.828 0.0000000000
115821  -38.323  41.815  26.855 0.0000000000
116475  -39.123  42.866  26.146 0.0000000000
116454  -39.004  42.090  27.095 0.0000000000
115802  -39.296  41.670  28.440 0.0000000000
116439  -40.024  42.012  28.932 0.0000000000
116441  -41.110  42.982  29.494 0.0000000000
117058  -41.594  43.448  29.677 0.0000000000
117683  -42.176  43.814  29.000 0.0000000000
117695  -42.742  44.401  28.484 0.0000000000
117078  -43.884  44.234  28.099 0.0000000000
117712  -42.612  44.230  26.791 0.0000000000
117713  -43.040  44.381  27.290 0.0000000000
117079  -44.162  43.512  27.591 0.0000000000
117090  -44.139  43.211  26.995 0.0000000000
116466  -44.407  42.517  26.650 0.0000000000
115833  -44.619  41.638  25.951 0.0000000000
117127  -42.367  43.231  24.089 0.0000000000
116490  -42.800  42.798  24.220 0.0000000000
116491  -43.087  42.412  23.733 0.0000000000
116488  -43.054  42.307  24.781 0.0000000000
115839  -43.812  41.552  25.215 0.0000000000
115840  -44.563  41.026  25.145 0.0000000000
115115  -45.336  40.756  25.303 0.0000000000
115123  -45.862  40.157  24.638 0.0000000000
114405  -46.449  39.733  24.360 0.0000000000
114421  -46.902  39.181  23.687 0.0000000000
113697  -46.539  38.916  22.693 0.0000000000
113698  -47.010  38.765  22.949 0.0000000000
113699  -47.855  38.088  22.740 0.0000000000
113005  -47.591  36.918  21.706 0.0000000000
113738  -46.325  38.343  19.570 0.0000000000
113034  -46.263  37.636  19.167 0.0000000000
101159  -44.407  22.907  45.812 0.0000000000
101176  -44.048  22.707  44.795 0.0000000000
101177  -44.995  22.871  44.963 0.0000000000
102090  -45.919  23.262  43.932 0.0000000000
102108  -46.587  23.601  43.132 0.0000000000
102991  -47.099  24.039  42.442 0.0000000000
102148  -42.926  23.025  39.946 0.0000000000
102149  -44.098  23.354  39.952 0.0000000000
102134  -44.894  23.351  40.909 0.0000000000
102164  -45.402  23.728  39.109 0.0000000000
102150  -45.153  23.512  39.910 0.0000000000
102998  -45.782  23.673  40.595 0.0000000000
102999  -46.808  24.045  41.034 0.0000000000
103855  -49.067  25.258  39.857 0.0000000000
103874  -49.667  25.990  38.483 0.0000000000
103873  -48.975  26.203  38.238 0.0000000000
104685  -49.780  26.440  37.923 0.0000000000
104695  -50.480  26.348  37.452 0.0000000000
105454  -51.116  26.420  36.458 0.0000000000
104739  -51.361  26.244  35.377 0.0000000000
103920  -51.261  25.845  34.894 0.0000000000
107743  -39.585  30.485  34.382 0.0000000000
106942  -40.802  29.502  34.858 0.0000000000
117035  -42.268  43.911  32.201 0.0000000000
115757  -43.261  41.482  33.112 0.0000000000
115053  -42.968  40.913  33.221 0.0000000000
115052  -41.803  41.061  32.944 0.0000000000
113584  -45.802  38.166  33.883 0.0000000000
113583  -45.383  37.920  33.719 0.0000000000
112864  -44.696  37.644  33.215 0.0000000000
111433  -45.674  35.884  34.216 0.0000000000
112164  -44.641  36.476  33.188 0.0000000000
112163  -43.793  36.697  32.780 0.0000000000
112162  -42.669  36.657  32.459 0.0000000000
111447  -41.937  35.462  32.633 0.0000000000
110705  -42.051  34.634  32.914 0.0000000000
110015  -41.844  33.166  33.396 0.0000000000
109271  -42.817  31.906  34.064 0.0000000000
108524  -41.759  31.485  34.022 0.0000000000
108513  -41.316  31.050  34.308 0.0000000000
106943  -41.416  29.700  34.946 0.0000000000
106186  -41.025  28.848  35.178 0.0000000000
106187  -42.013  28.718  35.295 0.0000000000
105464  -43.136  27.690  35.156 0.0000000000
106190  -44.303  28.958  34.774 0.0000000000
105479  -44.101  28.055  34.795 0.0000000000
105465  -43.977  27.541  34.944 0.0000000000
105466  -44.761  27.240  34.823 0.0000000000
104736  -46.018  26.890  34.719 0.0000000000
104737  -47.010  26.605  34.676 0.0000000000
107754  -46.424  30.498  33.347 0.0000000000
106215  -46.785  28.863  32.491 0.0000000000
106229  -47.690  28.413  31.426 0.0000000000
106216  -47.127  28.539  32.321 0.0000000000
106204  -46.603  28.614  32.921 0.0000000000
105492  -47.213  27.732  33.289 0.0000000000
105483  -47.635  27.168  34.186 0.0000000000
104738  -47.876  26.766  34.877 0.0000000000
105484  -48.717  27.106  34.572 0.0000000000
105485  -49.776  27.238  34.723 0.0000000000
105510  -50.413  27.009  32.754 0.0000000000
105495  -50.378  27.257  34.004 0.0000000000
105496  -51.101  26.948  33.866 0.0000000000
103930  -51.229  25.896  33.904 0.0000000000
103941  -50.824  25.599  32.543 0.0000000000
103940  -50.210  25.457  32.345 0.0000000000
103961  -50.061  25.294  31.346 0.0000000000
104783  -47.554  26.160  29.737 0.0000000000
104038  -50.203  25.920  26.775 0.0000000000
104027  -49.774  25.729  26.929 0.0000000000
104853  -48.731  26.510  24.891 0.0000000000
104840  -48.849  26.174  25.795 0.0000000000
104812  -49.284  25.831  27.474 0.0000000000
104811  -48.529  26.093  27.815 0.0000000000
104810  -47.214  26.292  28.086 0.0000000000
104809  -45.994  26.411  28.272 0.0000000000
105573  -44.863  27.241  25.682 0.0000000000
104836  -44.360  26.871  26.283 0.0000000000
108553  -47.165  31.385  30.249 0.0000000000
107829  -47.186  30.201  28.832 0.0000000000
107019  -46.606  29.566  28.303 0.0000000000
107002  -45.234  29.549  29.141 0.0000000000
107018  -45.547  29.406  28.437 0.0000000000
107029  -46.371  29.163  27.305 0.0000000000
107052  -45.616  29.683  25.181 0.0000000000
107063  -45.714  29.628  23.964 0.0000000000
107073  -45.443  29.348  22.908 0.0000000000
107851  -43.498  30.953  26.037 0.0000000000
107864  -44.626  30.102  24.272 0.0000000000
107062  -44.931  29.773  23.614 0.0000000000
107081  -45.250  28.996  22.326 0.0000000000
106313  -44.698  28.556  22.267 0.0000000000
105620  -43.599  27.900  22.216 0.0000000000
106302  -42.570  28.074  22.971 0.0000000000
99222  -45.497  20.981  44.496 0.0000000000
99256  -46.494  21.432  42.926 0.0000000000
99290  -50.990  21.988  38.200 0.0000000000
99291  -50.987  21.988  38.817 0.0000000000
99309  -51.026  22.068  38.118 0.0000000000
100192  -46.068  21.709  47.059 0.0000000000
100225  -46.194  21.338  44.496 0.0000000000
100227  -47.590  22.078  43.608 0.0000000000
100239  -47.674  21.950  42.603 0.0000000000
100246  -48.795  22.409  40.669 0.0000000000
100253  -49.839  22.288  39.230 0.0000000000
100254  -50.222  22.215  38.885 0.0000000000
100255  -50.501  22.200  38.645 0.0000000000
100263  -50.830  22.150  38.348 0.0000000000
100272  -51.240  22.234  38.050 0.0000000000
100273  -51.299  22.022  37.836 0.0000000000
100277  -51.041  22.133  37.884 0.0000000000
100282  -50.677  22.201  37.566 0.0000000000
100283  -50.859  22.336  37.698 0.0000000000
101179  -47.724  22.511  44.196 0.0000000000
101189  -40.016  22.892  43.584 0.0000000000
101195  -45.410  23.022  44.430 0.0000000000
101197  -48.120  22.633  43.554 0.0000000000
101211  -43.241  22.587  42.885 0.0000000000
101220  -39.890  23.019  41.711 0.0000000000
101222  -41.163  22.567  41.805 0.0000000000
101231  -40.664  22.968  41.057 0.0000000000
101233  -41.650  22.718  41.224 0.0000000000
101238  -50.405  22.366  38.843 0.0000000000
101243  -50.503  22.603  38.900 0.0000000000
101246  -50.938  23.227  38.298 0.0000000000
101248  -51.614  22.204  38.009 0.0000000000
101252  -51.027  23.418  37.962 0.0000000000
101254  -51.449  22.104  37.903 0.0000000000
101259  -51.013  22.562  37.802 0.0000000000
102061  -47.283  22.728  45.146 0.0000000000
102073  -46.528  23.318  44.786 0.0000000000
102074  -47.093  23.448  44.741 0.0000000000
102075  -47.493  23.021  44.600 0.0000000000
102076  -47.822  22.923  44.206 0.0000000000
102087  -39.523  23.171  43.579 0.0000000000
102105  -39.978  22.955  42.920 0.0000000000
102109  -48.360  23.319  43.039 0.0000000000
102118  -39.933  23.098  41.449 0.0000000000
102129  -40.085  23.207  40.849 0.0000000000
102132  -42.974  22.696  40.939 0.0000000000
102133  -43.837  22.880  40.758 0.0000000000
102135  -45.856  23.543  41.320 0.0000000000
102151  -50.395  23.746  39.312 0.0000000000
102165  -50.888  23.822  38.151 0.0000000000
102180  -50.628  23.583  36.880 0.0000000000
102181  -50.691  23.051  37.136 0.0000000000
102964  -47.363  23.657  43.775 0.0000000000
102981  -47.718  23.991  42.859 0.0000000000
102994  -49.164  24.030  41.112 0.0000000000
103003  -50.140  24.272  39.581 0.0000000000
103012  -50.672  24.373  38.510 0.0000000000
103021  -44.929  23.857  38.271 0.0000000000
103024  -47.991  25.314  38.675 0.0000000000
103037  -47.077  25.230  37.718 0.0000000000
103051  -46.151  25.120  36.878 0.0000000000
103092  -51.152  25.469  30.681 0.0000000000
103107  -51.189  25.157  30.160 0.0000000000
103108  -51.312  25.352  30.047 0.0000000000
103123  -52.189  24.845  29.232 0.0000000000
103134  -51.839  24.559  28.742 0.0000000000
103135  -52.081  24.518  28.988 0.0000000000
103136  -52.161  24.641  29.137 0.0000000000
103876  -50.574  24.984  38.380 0.0000000000
103882  -47.126  25.444  37.161 0.0000000000
103884  -48.548  26.033  37.737 0.0000000000
103885  -50.626  25.918  37.672 0.0000000000
103901  -46.875  25.680  36.304 0.0000000000
103918  -50.433  25.526  34.200 0.0000000000
103983  -50.664  25.254  30.559 0.0000000000
104000  -51.574  25.449  29.762 0.0000000000
104001  -52.125  25.155  29.288 0.0000000000
104012  -49.274  25.865  27.922 0.0000000000
104015  -52.063  24.756  28.544 0.0000000000
104026  -49.328  26.019  26.379 0.0000000000
104036  -49.293  26.136  26.101 0.0000000000
104684  -49.430  26.464  37.674 0.0000000000
104686  -50.117  26.202  38.093 0.0000000000
104692  -48.421  26.245  36.815 0.0000000000
104711  -50.792  26.427  37.043 0.0000000000
104712  -51.066  26.179  36.996 0.0000000000
104730  -49.209  26.916  35.933 0.0000000000
104735  -45.477  27.082  34.744 0.0000000000
104797  -51.197  26.264  29.923 0.0000000000
104799  -52.216  25.256  28.879 0.0000000000
104814  -51.921  25.507  28.376 0.0000000000
104815  -52.260  25.025  28.618 0.0000000000
104827  -48.910  25.995  26.783 0.0000000000
104828  -49.511  25.737  27.231 0.0000000000
104829  -50.602  26.084  27.188 0.0000000000
104841  -49.298  26.324  25.770 0.0000000000
104852  -48.056  26.638  25.026 0.0000000000
104855  -49.717  26.854  25.613 0.0000000000
104863  -47.399  27.075  24.436 0.0000000000
104876  -48.207  27.417  23.319 0.0000000000
105444  -50.352  26.933  36.933 0.0000000000
105453  -50.738  26.680  36.701 0.0000000000
105467  -45.226  27.147  34.765 0.0000000000
105470  -50.785  27.126  35.851 0.0000000000
105486  -50.586  27.180  34.885 0.0000000000
105490  -45.603  28.257  33.818 0.0000000000
105525  -48.460  27.666  31.840 0.0000000000
105546  -51.679  26.062  28.571 0.0000000000
105575  -46.378  27.220  25.160 0.0000000000
105577  -50.007  27.033  25.918 0.0000000000
105587  -45.641  27.426  24.525 0.0000000000
105589  -49.481  27.424  25.298 0.0000000000
105601  -47.593  27.417  23.201 0.0000000000
105602  -48.494  27.515  23.806 0.0000000000
105603  -48.883  27.677  24.342 0.0000000000
105614  -47.751  27.616  22.760 0.0000000000
105624  -47.142  27.975  22.269 0.0000000000
105626  -48.109  27.894  22.438 0.0000000000
106189  -43.909  28.531  34.972 0.0000000000
106197  -40.564  28.967  35.017 0.0000000000
106198  -44.243  28.263  34.741 0.0000000000
106205  -47.060  28.184  32.790 0.0000000000
106262  -45.783  29.197  27.241 0.0000000000
106263  -45.933  29.079  27.077 0.0000000000
106272  -45.670  29.234  26.960 0.0000000000
106273  -45.953  29.124  26.766 0.0000000000
106274  -47.887  28.742  25.513 0.0000000000
106284  -47.634  28.683  24.976 0.0000000000
106285  -48.409  28.346  24.806 0.0000000000
106294  -47.239  28.731  24.187 0.0000000000
106296  -48.494  28.041  23.728 0.0000000000
106297  -48.760  27.978  24.244 0.0000000000
106304  -44.037  28.750  22.459 0.0000000000
106306  -47.971  28.368  22.938 0.0000000000
106307  -48.173  28.068  22.669 0.0000000000
106312  -43.937  28.306  22.153 0.0000000000
106314  -45.638  28.547  22.321 0.0000000000
106316  -47.307  28.385  22.496 0.0000000000
106317  -48.021  28.121  22.430 0.0000000000
106318  -48.129  28.034  22.447 0.0000000000
106932  -41.295  29.406  35.026 0.0000000000
106936  -44.310  29.442  34.913 0.0000000000
106944  -44.556  29.239  34.635 0.0000000000
106948  -45.557  29.428  33.803 0.0000000000
106949  -46.114  29.460  33.212 0.0000000000
106958  -47.154  28.959  31.829 0.0000000000
106988  -48.345  29.608  29.939 0.0000000000
107004  -46.767  29.919  28.955 0.0000000000
107017  -44.435  29.738  28.188 0.0000000000
107020  -47.134  29.591  27.813 0.0000000000
107043  -48.708  29.148  26.365 0.0000000000
107044  -49.043  29.207  26.472 0.0000000000
107054  -47.365  28.851  25.271 0.0000000000
107064  -46.693  28.992  23.632 0.0000000000
107072  -44.601  29.224  22.816 0.0000000000
107075  -46.966  28.731  22.975 0.0000000000
107083  -46.634  28.624  22.563 0.0000000000
107084  -47.030  28.538  22.604 0.0000000000
107734  -42.682  30.191  35.175 0.0000000000
107745  -41.649  30.283  34.749 0.0000000000
107746  -42.549  30.578  34.852 0.0000000000
107757  -47.193  30.538  32.113 0.0000000000
107758  -47.669  30.964  31.838 0.0000000000
107769  -48.577  31.112  30.796 0.0000000000
107785  -44.855  30.663  30.403 0.0000000000
107807  -45.995  29.981  29.755 0.0000000000
107808  -46.897  30.417  29.460 0.0000000000
107826  -42.880  30.728  29.099 0.0000000000
107831  -48.658  30.779  28.137 0.0000000000
107858  -44.881  30.298  24.892 0.0000000000
107859  -45.297  29.964  24.477 0.0000000000
107866  -45.339  29.881  24.215 0.0000000000
108515  -43.249  31.104  34.768 0.0000000000
108516  -45.899  31.177  34.489 0.0000000000
108518  -47.576  32.358  34.081 0.0000000000
108530  -47.558  31.097  32.192 0.0000000000
108536  -47.109  32.112  30.702 0.0000000000
108555  -49.310  31.368  30.189 0.0000000000
108571  -47.489  31.032  29.494 0.0000000000
108574  -49.284  31.540  29.017 0.0000000000
108611  -43.048  31.161  26.689 0.0000000000
109255  -44.890  32.066  34.968 0.0000000000
109258  -47.181  33.189  35.275 0.0000000000
109274  -45.324  32.505  34.924 0.0000000000
109285  -42.154  32.103  33.743 0.0000000000
109286  -42.968  32.242  33.884 0.0000000000
109288  -48.308  33.044  33.608 0.0000000000
109317  -48.295  32.015  29.737 0.0000000000
109982  -45.919  32.986  35.246 0.0000000000
109996  -43.890  32.941  33.968 0.0000000000
110000  -47.470  33.653  35.205 0.0000000000
110001  -47.900  33.768  34.644 0.0000000000
110013  -39.827  33.430  33.507 0.0000000000
110026  -45.114  33.439  31.047 0.0000000000
110671  -46.784  34.136  35.438 0.0000000000
110680  -46.525  34.827  35.053 0.0000000000
110681  -47.664  34.352  34.975 0.0000000000
110696  -41.463  34.154  33.182 0.0000000000
110707  -43.584  35.195  32.986 0.0000000000
111415  -48.122  34.882  34.119 0.0000000000
111430  -41.610  34.772  32.901 0.0000000000
111449  -44.019  35.862  32.975 0.0000000000
111453  -48.046  35.384  33.154 0.0000000000
112145  -45.307  36.929  33.663 0.0000000000
112146  -45.733  36.490  34.172 0.0000000000
112168  -47.100  36.420  31.544 0.0000000000
112219  -45.199  37.054  26.175 0.0000000000
112834  -45.970  37.243  34.352 0.0000000000
112835  -46.177  37.170  34.389 0.0000000000
112845  -46.926  37.320  33.857 0.0000000000
112889  -47.308  37.956  28.252 0.0000000000
113607  -47.170  37.755  32.401 0.0000000000
113622  -47.262  37.757  32.106 0.0000000000
113644  -47.002  39.023  26.994 0.0000000000
113685  -47.253  38.871  23.475 0.0000000000
114379  -45.314  40.279  27.399 0.0000000000
114384  -46.474  40.014  26.621 0.0000000000
114385  -46.899  39.600  26.594 0.0000000000
114404  -46.012  39.821  24.336 0.0000000000
114406  -47.336  39.505  24.608 0.0000000000
114419  -45.210  39.910  23.645 0.0000000000
114436  -46.706  39.019  23.178 0.0000000000
115085  -37.947  41.108  29.777 0.0000000000
115086  -38.435  41.109  29.324 0.0000000000
115087  -42.826  41.661  30.240 0.0000000000
115093  -37.557  40.692  28.882 0.0000000000
115098  -34.977  40.787  27.275 0.0000000000
115100  -36.477  40.518  27.842 0.0000000000
115102  -37.909  40.835  28.315 0.0000000000
115103  -45.008  40.890  27.491 0.0000000000
115106  -35.050  40.851  26.749 0.0000000000
115107  -35.571  40.764  26.857 0.0000000000
115109  -36.925  40.739  27.364 0.0000000000
115111  -46.802  40.340  26.134 0.0000000000
115117  -46.848  40.373  25.436 0.0000000000
115125  -47.161  40.092  25.074 0.0000000000
115136  -45.333  40.126  24.257 0.0000000000
115148  -43.865  41.195  22.994 0.0000000000
115765  -35.234  42.947  31.707 0.0000000000
115766  -38.600  42.908  31.276 0.0000000000
115777  -33.904  42.320  30.736 0.0000000000
115783  -39.212  41.840  30.050 0.0000000000
115792  -38.251  41.631  30.343 0.0000000000
115795  -42.735  42.204  30.603 0.0000000000
115804  -44.006  42.001  28.203 0.0000000000
115808  -34.334  41.169  27.691 0.0000000000
115810  -38.368  41.276  27.792 0.0000000000
115811  -39.246  41.913  27.722 0.0000000000
115829  -35.662  41.478  25.606 0.0000000000
115835  -46.416  40.631  25.775 0.0000000000
115838  -35.535  41.977  25.035 0.0000000000
116409  -34.505  42.934  31.635 0.0000000000
116411  -40.001  42.826  30.889 0.0000000000
116412  -40.382  43.169  30.897 0.0000000000
116413  -42.595  43.068  31.962 0.0000000000
116424  -34.049  42.757  31.408 0.0000000000
116425  -39.300  42.117  30.392 0.0000000000
116427  -40.687  42.925  30.335 0.0000000000
116428  -41.192  43.223  30.051 0.0000000000
116440  -40.610  42.507  29.370 0.0000000000
116442  -42.795  42.951  30.170 0.0000000000
116448  -40.642  42.656  28.414 0.0000000000
116449  -40.964  42.800  28.948 0.0000000000
116455  -39.658  42.436  27.328 0.0000000000
116456  -40.263  42.761  27.548 0.0000000000
116462  -38.778  42.432  26.440 0.0000000000
116464  -39.947  42.920  27.083 0.0000000000
116472  -37.138  42.271  25.420 0.0000000000
116473  -37.870  42.460  25.615 0.0000000000
116474  -38.658  42.799  25.723 0.0000000000
116478  -44.137  42.378  26.255 0.0000000000
116481  -33.752  42.633  24.642 0.0000000000
116487  -42.699  42.987  24.696 0.0000000000
116495  -44.042  42.316  22.098 0.0000000000
117003  -38.110  44.070  32.004 0.0000000000
117014  -34.571  43.092  32.599 0.0000000000
117015  -35.033  43.097  32.732 0.0000000000
117046  -41.211  43.595  30.592 0.0000000000
117059  -42.667  43.507  30.528 0.0000000000
117085  -39.802  43.285  26.430 0.0000000000
117105  -33.488  43.147  24.130 0.0000000000
117128  -42.773  42.910  23.819 0.0000000000
117629  -38.436  44.287  32.008 0.0000000000
117631  -39.252  44.555  32.704 0.0000000000
117640  -38.660  44.094  31.716 0.0000000000
117644  -41.951  44.329  32.316 0.0000000000
117654  -38.662  43.594  31.499 0.0000000000
117655  -39.310  43.989  31.518 0.0000000000
117656  -40.085  44.206  31.656 0.0000000000
117670  -41.948  44.017  30.145 0.0000000000
117672  -42.809  44.104  30.107 0.0000000000
117684  -42.700  44.278  29.468 0.0000000000
117696  -43.315  44.489  28.813 0.0000000000
117704  -43.240  44.481  27.871 0.0000000000
117710  -41.256  44.153  26.293 0.0000000000
117717  -41.337  44.265  25.859 0.0000000000
117718  -41.818  44.381  26.044 0.0000000000
117751  -44.411  44.784  21.083 0.0000000000
130563  -36.359  43.130  31.605 0.0000000000
130564  -36.867  43.347  31.644 0.0000000000
130565  -36.020  42.972  31.523 0.0000000000
130566  -37.844  43.504  31.742 0.0000000000
130567  -36.683  43.126  31.496 0.0000000000
130569  -35.944  43.141  31.689 0.0000000000
