#!ascii label  , from subject sub.01.bl.01 vox2ras=TkReg
1577
65150  -35.497  -11.980  51.347 0.0000000000
77430  -50.513  -0.184  48.598 0.0000000000
69923  -42.808  -7.999  49.605 0.0000000000
45929  -9.642  -28.795  64.783 0.0000000000
63901  -34.025  -13.035  55.345 0.0000000000
49233  -24.714  -26.265  67.386 0.0000000000
50390  -33.386  -24.386  68.895 0.0000000000
54993  -39.662  -19.972  63.726 0.0000000000
61750  -39.346  -14.532  61.791 0.0000000000
49358  -18.488  -25.165  60.334 0.0000000000
50405  -20.980  -24.621  67.375 0.0000000000
53892  -21.358  -23.444  61.566 0.0000000000
50507  -30.636  -25.353  62.571 0.0000000000
51657  -35.973  -23.926  63.474 0.0000000000
67566  -36.313  -10.054  57.718 0.0000000000
67592  -39.979  -9.808  56.821 0.0000000000
74217  -46.614  -4.025  49.070 0.0000000000
66472  -39.103  -10.917  49.554 0.0000000000
78592  -47.237  0.533  42.860 0.0000000000
43840  -6.860  -31.004  64.733 0.0000000000
64998  -35.279  -11.622  61.307 0.0000000000
66408  -33.266  -11.483  53.472 0.0000000000
49343  -25.680  -25.845  61.170 0.0000000000
46949  -28.833  -27.161  68.825 0.0000000000
68750  -42.419  -8.135  53.584 0.0000000000
80803  -55.474  3.080  41.273 0.0000000000
53921  -37.773  -20.875  61.502 0.0000000000
57290  -38.025  -18.369  60.485 0.0000000000
51680  -20.076  -23.879  60.757 0.0000000000
51683  -34.308  -23.905  60.350 0.0000000000
52819  -36.341  -22.449  61.224 0.0000000000
52773  -38.214  -22.510  63.783 0.0000000000
66382  -36.088  -11.149  55.007 0.0000000000
67568  -38.555  -10.134  57.759 0.0000000000
66384  -37.951  -11.441  54.386 0.0000000000
75235  -49.041  -2.063  48.970 0.0000000000
76285  -47.327  -1.775  52.184 0.0000000000
79639  -51.827  1.982  47.937 0.0000000000
45993  -8.629  -29.261  60.879 0.0000000000
44844  -8.198  -29.755  65.333 0.0000000000
62792  -37.274  -13.281  58.477 0.0000000000
63843  -38.233  -12.520  61.391 0.0000000000
63874  -34.483  -12.095  58.323 0.0000000000
67562  -34.088  -10.984  57.019 0.0000000000
65061  -33.243  -12.193  54.875 0.0000000000
49231  -22.230  -25.685  66.889 0.0000000000
46919  -21.635  -27.380  69.969 0.0000000000
45854  -23.589  -29.382  69.668 0.0000000000
44787  -26.195  -28.970  69.511 0.0000000000
52887  -23.862  -23.863  57.945 0.0000000000
50581  -26.918  -25.037  58.420 0.0000000000
49275  -32.639  -25.907  65.429 0.0000000000
48159  -29.544  -27.519  64.853 0.0000000000
48096  -30.944  -26.160  68.518 0.0000000000
49155  -30.220  -26.554  71.129 0.0000000000
48169  -13.826  -26.287  62.669 0.0000000000
50444  -15.195  -24.707  65.868 0.0000000000
51571  -14.153  -23.820  69.436 0.0000000000
67674  -40.811  -9.416  49.347 0.0000000000
67646  -40.064  -9.132  52.107 0.0000000000
69888  -41.431  -7.302  51.542 0.0000000000
81903  -57.174  2.851  40.521 0.0000000000
45847  -9.347  -28.224  69.274 0.0000000000
57214  -39.315  -18.654  66.188 0.0000000000
59484  -39.217  -16.642  65.961 0.0000000000
58417  -39.662  -17.358  63.177 0.0000000000
60697  -38.056  -15.619  59.741 0.0000000000
50481  -17.670  -24.682  64.038 0.0000000000
51592  -19.527  -23.653  67.505 0.0000000000
51652  -19.377  -23.888  63.608 0.0000000000
51640  -21.380  -23.701  64.309 0.0000000000
51627  -22.591  -24.557  64.482 0.0000000000
50583  -29.159  -24.674  58.658 0.0000000000
50552  -31.712  -24.564  60.428 0.0000000000
50487  -33.437  -25.083  63.727 0.0000000000
50454  -34.835  -24.517  65.636 0.0000000000
52720  -36.395  -22.445  66.860 0.0000000000
53834  -38.107  -21.161  66.565 0.0000000000
49373  -16.725  -25.506  59.348 0.0000000000
68603  -36.412  -9.160  62.240 0.0000000000
69678  -39.241  -7.203  64.121 0.0000000000
68625  -38.495  -8.734  60.895 0.0000000000
68647  -40.322  -8.175  59.390 0.0000000000
72201  -45.041  -5.652  49.042 0.0000000000
73194  -42.517  -4.416  52.277 0.0000000000
75191  -44.667  -2.987  52.390 0.0000000000
40656  -3.178  -34.177  69.191 0.0000000000
65179  -37.556  -11.538  50.434 0.0000000000
67714  -38.977  -10.026  46.232 0.0000000000
71101  -43.474  -6.858  46.731 0.0000000000
72268  -44.816  -5.500  45.767 0.0000000000
75258  -46.798  -3.541  45.715 0.0000000000
76364  -47.851  -1.213  45.047 0.0000000000
78563  -48.767  0.494  45.474 0.0000000000
77497  -45.792  -0.402  42.921 0.0000000000
44780  -7.675  -29.450  69.248 0.0000000000
43784  -6.124  -30.432  69.078 0.0000000000
42710  -4.240  -31.902  69.799 0.0000000000
64909  -38.794  -10.773  66.838 0.0000000000
62736  -39.627  -13.517  64.753 0.0000000000
64967  -38.652  -11.515  63.904 0.0000000000
66216  -36.256  -10.164  63.023 0.0000000000
67496  -34.578  -10.023  59.938 0.0000000000
67610  -34.995  -11.095  56.028 0.0000000000
65127  -34.452  -11.602  52.478 0.0000000000
49168  -20.405  -25.590  70.754 0.0000000000
51681  -23.371  -24.230  61.281 0.0000000000
49291  -25.097  -25.858  64.561 0.0000000000
49346  -28.127  -25.875  61.665 0.0000000000
47039  -27.079  -27.825  64.809 0.0000000000
48067  -26.435  -26.348  69.129 0.0000000000
46887  -27.599  -27.291  71.026 0.0000000000
47105  -10.041  -28.320  61.075 0.0000000000
47068  -12.366  -27.637  62.549 0.0000000000
47028  -11.373  -27.687  64.892 0.0000000000
66433  -39.419  -10.789  52.281 0.0000000000
67613  -41.268  -9.373  55.162 0.0000000000
68679  -43.730  -8.024  57.133 0.0000000000
69858  -43.009  -7.381  53.318 0.0000000000
80759  -50.079  2.553  45.018 0.0000000000
82966  -51.720  3.429  44.492 0.0000000000
82969  -54.609  4.147  44.362 0.0000000000
79693  -53.466  2.121  42.093 0.0000000000
80773  -56.187  2.792  43.828 0.0000000000
53939  -36.903  -21.242  60.395 0.0000000000
55049  -37.507  -19.971  59.729 0.0000000000
55062  -36.974  -20.036  58.617 0.0000000000
52840  -35.419  -22.704  59.422 0.0000000000
53938  -36.396  -21.568  59.737 0.0000000000
52820  -36.822  -21.917  61.282 0.0000000000
65101  -36.155  -11.676  53.183 0.0000000000
65079  -36.927  -11.572  53.884 0.0000000000
65102  -36.981  -11.814  53.089 0.0000000000
76329  -49.285  -1.704  48.318 0.0000000000
76302  -49.245  -1.135  50.596 0.0000000000
77393  -49.831  -0.489  50.142 0.0000000000
78505  -51.181  0.535  50.027 0.0000000000
79625  -51.272  0.926  48.512 0.0000000000
45957  -9.467  -28.898  63.067 0.0000000000
44893  -8.439  -29.793  62.876 0.0000000000
45928  -9.110  -29.144  64.624 0.0000000000
63886  -35.681  -12.982  57.241 0.0000000000
63875  -35.744  -12.663  58.087 0.0000000000
63885  -34.830  -12.677  57.151 0.0000000000
63892  -33.617  -12.254  56.312 0.0000000000
63900  -33.471  -12.598  55.200 0.0000000000
51589  -16.925  -24.106  68.123 0.0000000000
49232  -23.334  -25.951  66.639 0.0000000000
46968  -23.048  -27.479  67.617 0.0000000000
46969  -23.963  -27.512  67.707 0.0000000000
44800  -24.804  -29.256  68.783 0.0000000000
46921  -25.258  -27.291  68.817 0.0000000000
49237  -32.818  -25.226  67.458 0.0000000000
49236  -31.990  -25.813  67.241 0.0000000000
50388  -32.140  -25.065  68.499 0.0000000000
49174  -31.565  -25.569  70.361 0.0000000000
50464  -16.495  -24.696  65.014 0.0000000000
50445  -16.158  -24.645  65.886 0.0000000000
51588  -15.991  -24.041  68.343 0.0000000000
67401  -39.160  -9.703  67.438 0.0000000000
68809  -42.003  -8.691  49.234 0.0000000000
69900  -41.171  -7.908  51.043 0.0000000000
71022  -42.283  -7.095  50.888 0.0000000000
56067  -39.541  -19.448  65.479 0.0000000000
57243  -39.740  -18.364  64.394 0.0000000000
56104  -39.650  -19.177  62.930 0.0000000000
59569  -38.209  -16.859  59.759 0.0000000000
59596  -37.697  -16.355  58.173 0.0000000000
61784  -37.467  -14.960  57.511 0.0000000000
50524  -18.189  -24.853  62.362 0.0000000000
50482  -18.558  -24.361  63.847 0.0000000000
50504  -19.361  -24.233  62.226 0.0000000000
52810  -20.959  -23.377  61.038 0.0000000000
52784  -20.725  -23.374  62.044 0.0000000000
52763  -21.304  -23.468  62.966 0.0000000000
51641  -21.762  -23.999  64.141 0.0000000000
52765  -22.128  -24.082  63.029 0.0000000000
50585  -31.145  -24.081  58.544 0.0000000000
51671  -35.241  -23.900  62.094 0.0000000000
50510  -33.945  -24.469  62.260 0.0000000000
50488  -34.873  -24.624  63.574 0.0000000000
50470  -34.340  -25.084  64.826 0.0000000000
50471  -35.221  -24.484  64.808 0.0000000000
51629  -35.434  -23.819  65.886 0.0000000000
51644  -35.919  -23.963  64.814 0.0000000000
52774  -38.717  -21.715  63.999 0.0000000000
52734  -38.129  -21.982  65.476 0.0000000000
53853  -39.136  -20.888  65.525 0.0000000000
54949  -39.031  -20.128  66.450 0.0000000000
49357  -17.235  -25.279  60.317 0.0000000000
67498  -36.118  -9.370  60.753 0.0000000000
68605  -37.394  -8.782  61.841 0.0000000000
67520  -37.109  -9.510  59.915 0.0000000000
66308  -39.304  -10.178  57.088 0.0000000000
67546  -39.127  -9.441  58.816 0.0000000000
68674  -40.125  -8.820  58.299 0.0000000000
69750  -41.073  -7.909  58.747 0.0000000000
68697  -40.908  -8.833  57.119 0.0000000000
72202  -45.699  -5.187  48.981 0.0000000000
73213  -44.856  -4.284  50.442 0.0000000000
74193  -45.466  -3.506  50.614 0.0000000000
75177  -48.444  -2.130  53.465 0.0000000000
72245  -44.204  -6.116  46.083 0.0000000000
73270  -42.963  -5.048  44.860 0.0000000000
74261  -45.198  -3.366  44.486 0.0000000000
75280  -45.113  -2.597  44.319 0.0000000000
75269  -47.574  -2.211  45.395 0.0000000000
76373  -46.298  -1.289  44.240 0.0000000000
77470  -46.718  -0.457  44.388 0.0000000000
43853  -6.956  -30.832  63.498 0.0000000000
42771  -6.005  -31.883  64.989 0.0000000000
46879  -8.749  -27.531  71.034 0.0000000000
45846  -8.573  -28.925  69.042 0.0000000000
45831  -8.103  -28.834  70.358 0.0000000000
44763  -6.763  -29.798  70.466 0.0000000000
44762  -5.929  -30.371  70.541 0.0000000000
43791  -5.133  -31.483  68.913 0.0000000000
43767  -4.844  -31.333  70.560 0.0000000000
43751  -4.671  -32.065  70.920 0.0000000000
60668  -39.642  -15.459  63.453 0.0000000000
60644  -39.339  -15.546  65.646 0.0000000000
61731  -39.646  -14.462  64.078 0.0000000000
63823  -36.669  -11.782  61.547 0.0000000000
64984  -38.265  -11.626  63.149 0.0000000000
64982  -36.684  -11.338  62.253 0.0000000000
66218  -37.301  -10.669  64.021 0.0000000000
64964  -36.332  -10.749  62.732 0.0000000000
66229  -35.388  -10.298  61.851 0.0000000000
66254  -34.321  -10.741  60.651 0.0000000000
67608  -33.954  -10.956  55.710 0.0000000000
67586  -34.232  -10.848  56.445 0.0000000000
66379  -33.967  -11.523  54.123 0.0000000000
65076  -34.622  -11.438  54.374 0.0000000000
65126  -33.603  -11.506  52.669 0.0000000000
51593  -20.290  -23.804  67.199 0.0000000000
51561  -19.771  -24.034  68.903 0.0000000000
49208  -20.739  -25.153  68.718 0.0000000000
50562  -24.715  -24.830  59.438 0.0000000000
51713  -23.640  -24.180  59.490 0.0000000000
50527  -24.465  -24.973  61.281 0.0000000000
50483  -24.082  -25.183  63.073 0.0000000000
49308  -25.249  -26.022  63.535 0.0000000000
50550  -29.346  -25.246  60.842 0.0000000000
50549  -28.220  -25.461  60.427 0.0000000000
49329  -29.340  -25.849  62.653 0.0000000000
46995  -29.336  -27.900  67.009 0.0000000000
47041  -28.709  -27.950  65.175 0.0000000000
46970  -27.669  -27.643  67.513 0.0000000000
48114  -26.959  -27.225  67.109 0.0000000000
48068  -27.223  -26.697  69.166 0.0000000000
48017  -26.735  -26.760  70.413 0.0000000000
48044  -28.303  -26.704  70.527 0.0000000000
53796  -35.976  -21.997  69.212 0.0000000000
47069  -12.918  -27.362  62.074 0.0000000000
48167  -12.726  -27.175  63.385 0.0000000000
47049  -12.052  -27.643  63.555 0.0000000000
51539  -14.393  -23.439  70.857 0.0000000000
65207  -38.514  -11.398  49.567 0.0000000000
65153  -38.459  -11.405  51.294 0.0000000000
66449  -39.284  -10.786  51.276 0.0000000000
68748  -40.713  -8.633  52.701 0.0000000000
67637  -41.085  -8.950  53.386 0.0000000000
68733  -41.783  -8.877  54.127 0.0000000000
68699  -42.455  -8.459  56.392 0.0000000000
68716  -42.961  -8.515  55.533 0.0000000000
73178  -43.121  -4.231  53.375 0.0000000000
72145  -42.356  -5.228  53.278 0.0000000000
72156  -43.757  -5.907  52.884 0.0000000000
79666  -47.737  1.065  44.451 0.0000000000
79657  -49.423  1.569  45.228 0.0000000000
79667  -48.640  1.746  44.426 0.0000000000
80787  -50.266  2.522  43.535 0.0000000000
81877  -51.486  2.725  43.449 0.0000000000
81852  -53.325  3.809  44.596 0.0000000000
80781  -52.970  3.101  43.566 0.0000000000
79720  -54.467  1.624  40.359 0.0000000000
79706  -52.989  1.370  41.452 0.0000000000
80802  -54.775  2.595  41.448 0.0000000000
81880  -55.094  3.578  42.750 0.0000000000
81882  -56.387  3.232  42.370 0.0000000000
81883  -56.707  2.884  41.837 0.0000000000
78629  -57.100  0.724  41.091 0.0000000000
55007  -38.620  -20.524  62.244 0.0000000000
56118  -38.728  -19.229  61.729 0.0000000000
56131  -37.922  -19.203  60.681 0.0000000000
57303  -37.804  -18.380  59.564 0.0000000000
50545  -19.520  -24.652  60.294 0.0000000000
51699  -34.127  -23.846  59.442 0.0000000000
51684  -35.091  -23.668  60.828 0.0000000000
51672  -36.523  -23.033  62.215 0.0000000000
51658  -37.314  -23.233  63.497 0.0000000000
51673  -37.283  -22.831  62.640 0.0000000000
53900  -37.678  -21.391  61.810 0.0000000000
66325  -36.556  -10.583  56.367 0.0000000000
67567  -37.311  -10.089  57.854 0.0000000000
66326  -37.317  -10.603  56.402 0.0000000000
66354  -37.696  -10.950  55.555 0.0000000000
66355  -38.782  -10.836  55.428 0.0000000000
75233  -47.653  -2.986  49.310 0.0000000000
75208  -46.886  -2.180  50.729 0.0000000000
76301  -48.409  -1.669  50.859 0.0000000000
76276  -49.100  -1.247  52.718 0.0000000000
80718  -52.400  2.549  48.568 0.0000000000
44872  -7.477  -30.446  63.007 0.0000000000
44843  -7.551  -30.304  65.157 0.0000000000
62785  -38.349  -13.744  60.443 0.0000000000
62778  -39.159  -13.658  61.811 0.0000000000
63856  -37.375  -12.730  59.826 0.0000000000
63855  -36.335  -12.248  60.042 0.0000000000
63864  -34.703  -11.927  59.601 0.0000000000
65013  -34.138  -11.084  59.347 0.0000000000
65038  -33.928  -11.707  57.861 0.0000000000
66324  -33.603  -11.532  55.990 0.0000000000
66407  -32.672  -11.616  53.752 0.0000000000
50406  -21.660  -25.149  66.980 0.0000000000
49209  -21.158  -25.356  68.262 0.0000000000
48089  -22.059  -26.950  67.812 0.0000000000
46944  -22.268  -27.730  68.659 0.0000000000
43775  -25.155  -30.645  70.457 0.0000000000
51752  -24.951  -24.629  57.660 0.0000000000
49376  -25.747  -25.490  59.656 0.0000000000
49293  -31.443  -26.047  64.361 0.0000000000
48175  -30.387  -26.234  63.958 0.0000000000
48149  -31.289  -26.553  65.514 0.0000000000
48133  -30.712  -27.008  67.174 0.0000000000
48115  -29.870  -26.784  68.601 0.0000000000
48070  -29.270  -26.435  70.054 0.0000000000
49194  -30.514  -26.062  69.911 0.0000000000
49338  -14.823  -25.990  61.029 0.0000000000
49305  -14.486  -25.693  62.922 0.0000000000
50442  -13.867  -24.954  65.911 0.0000000000
50400  -13.720  -24.765  67.258 0.0000000000
50401  -15.039  -24.402  67.793 0.0000000000
67673  -40.017  -9.746  49.459 0.0000000000
67655  -39.773  -9.859  51.260 0.0000000000
67666  -40.467  -9.158  50.293 0.0000000000
68764  -40.538  -8.172  51.995 0.0000000000
69856  -41.737  -7.296  52.765 0.0000000000
78611  -47.264  0.121  41.688 0.0000000000
79687  -48.040  1.181  43.082 0.0000000000
78612  -48.153  0.286  41.536 0.0000000000
79721  -55.553  2.491  40.334 0.0000000000
81902  -56.790  3.196  40.708 0.0000000000
80829  -56.410  2.676  39.797 0.0000000000
80830  -57.011  2.709  39.458 0.0000000000
45900  -10.456  -27.982  66.244 0.0000000000
45898  -9.177  -28.820  66.266 0.0000000000
59483  -39.106  -17.040  67.064 0.0000000000
58381  -39.235  -17.723  66.073 0.0000000000
59519  -39.670  -16.437  63.845 0.0000000000
59531  -39.582  -16.400  62.853 0.0000000000
58425  -39.018  -17.733  61.525 0.0000000000
59555  -38.847  -16.501  60.833 0.0000000000
60686  -39.032  -15.384  61.064 0.0000000000
61766  -37.887  -14.616  59.133 0.0000000000
62800  -37.135  -13.694  57.837 0.0000000000
50465  -17.391  -24.585  64.890 0.0000000000
51620  -18.026  -24.125  66.244 0.0000000000
50466  -18.287  -24.316  64.787 0.0000000000
51608  -19.664  -23.653  66.512 0.0000000000
51609  -20.440  -23.705  66.187 0.0000000000
51667  -20.034  -23.682  62.083 0.0000000000
52740  -20.334  -23.325  63.510 0.0000000000
51610  -21.162  -23.940  65.918 0.0000000000
50428  -21.927  -24.774  66.157 0.0000000000
50429  -22.999  -25.084  65.706 0.0000000000
50430  -23.884  -25.341  65.794 0.0000000000
50567  -29.792  -24.731  59.674 0.0000000000
50551  -30.583  -24.775  60.674 0.0000000000
50553  -32.746  -24.427  60.119 0.0000000000
50532  -32.686  -24.672  61.283 0.0000000000
50485  -31.676  -25.408  63.371 0.0000000000
49313  -32.625  -25.470  64.048 0.0000000000
49276  -33.514  -25.506  65.780 0.0000000000
50432  -33.739  -24.761  66.937 0.0000000000
51595  -34.000  -24.020  68.699 0.0000000000
51612  -34.647  -23.754  67.469 0.0000000000
52706  -35.482  -22.716  68.031 0.0000000000
53814  -36.607  -21.738  67.836 0.0000000000
52751  -37.333  -22.854  65.135 0.0000000000
52721  -37.075  -22.170  66.540 0.0000000000
53815  -37.141  -21.277  67.798 0.0000000000
56035  -37.800  -20.046  67.990 0.0000000000
49340  -16.501  -25.286  61.252 0.0000000000
68567  -36.926  -8.861  64.114 0.0000000000
69676  -37.530  -8.367  63.260 0.0000000000
69692  -38.409  -8.204  62.564 0.0000000000
69708  -39.389  -7.727  61.779 0.0000000000
67521  -38.315  -9.356  59.596 0.0000000000
68626  -39.290  -8.280  60.737 0.0000000000
71050  -44.068  -6.806  49.620 0.0000000000
71023  -42.712  -6.592  50.805 0.0000000000
73228  -43.873  -5.305  50.342 0.0000000000
74175  -43.160  -3.847  52.205 0.0000000000
74152  -43.747  -3.654  53.403 0.0000000000
75193  -45.809  -2.168  51.920 0.0000000000
75173  -44.888  -2.381  53.835 0.0000000000
63977  -35.520  -12.670  49.438 0.0000000000
65178  -36.666  -11.756  50.440 0.0000000000
63997  -35.962  -12.530  48.770 0.0000000000
65225  -37.211  -11.995  48.800 0.0000000000
65241  -38.496  -11.493  47.824 0.0000000000
66493  -39.158  -10.759  47.686 0.0000000000
67694  -40.004  -9.983  47.325 0.0000000000
67695  -40.888  -9.246  47.532 0.0000000000
68837  -42.245  -8.321  47.829 0.0000000000
69962  -42.722  -7.996  47.581 0.0000000000
71084  -44.374  -6.792  47.610 0.0000000000
72216  -45.160  -6.018  48.010 0.0000000000
72233  -46.356  -5.271  47.639 0.0000000000
73287  -44.470  -4.345  44.502 0.0000000000
73274  -46.402  -4.494  46.146 0.0000000000
74228  -46.990  -4.430  47.153 0.0000000000
74237  -47.814  -3.370  46.799 0.0000000000
76337  -48.929  -1.985  47.278 0.0000000000
76352  -49.484  -0.765  46.664 0.0000000000
77450  -49.828  -0.189  46.615 0.0000000000
77462  -48.506  -0.169  45.613 0.0000000000
78573  -47.244  0.352  44.610 0.0000000000
78591  -46.482  0.089  43.223 0.0000000000
78610  -46.044  -0.375  41.912 0.0000000000
45882  -8.650  -28.972  66.796 0.0000000000
44826  -7.697  -29.904  66.368 0.0000000000
43804  -7.135  -30.353  67.269 0.0000000000
45830  -7.448  -29.266  70.740 0.0000000000
44779  -6.814  -29.939  69.346 0.0000000000
43803  -6.319  -31.114  67.032 0.0000000000
42739  -5.460  -31.718  67.309 0.0000000000
42738  -4.759  -32.217  67.438 0.0000000000
41678  -3.858  -32.853  67.997 0.0000000000
41660  -3.678  -32.982  69.380 0.0000000000
66167  -37.891  -9.763  66.733 0.0000000000
62706  -39.526  -13.637  66.771 0.0000000000
63826  -39.189  -12.611  62.826 0.0000000000
63792  -39.509  -12.565  64.460 0.0000000000
64927  -38.603  -11.002  65.998 0.0000000000
66204  -37.627  -10.360  64.978 0.0000000000
67448  -36.945  -9.380  64.250 0.0000000000
67459  -36.076  -9.701  62.570 0.0000000000
67484  -35.211  -9.848  61.135 0.0000000000
67518  -35.077  -9.993  59.301 0.0000000000
67541  -34.367  -10.543  58.084 0.0000000000
67564  -34.801  -10.437  57.439 0.0000000000
67565  -35.442  -10.184  57.576 0.0000000000
66381  -35.564  -11.240  55.205 0.0000000000
65100  -35.266  -11.582  53.357 0.0000000000
65149  -34.555  -11.926  51.436 0.0000000000
63908  -33.107  -13.091  54.330 0.0000000000
63913  -32.519  -12.618  53.880 0.0000000000
66406  -32.260  -12.038  53.361 0.0000000000
66430  -32.531  -11.643  52.750 0.0000000000
65147  -32.868  -11.751  51.916 0.0000000000
65174  -32.763  -12.162  50.692 0.0000000000
65175  -33.702  -12.265  50.534 0.0000000000
65203  -34.478  -12.753  49.743 0.0000000000
49169  -20.891  -25.936  70.035 0.0000000000
53949  -21.664  -22.862  59.344 0.0000000000
52859  -22.604  -23.466  59.363 0.0000000000
52811  -22.339  -23.718  61.213 0.0000000000
51655  -23.391  -24.789  63.132 0.0000000000
50467  -23.780  -25.108  64.027 0.0000000000
50431  -24.772  -25.773  66.270 0.0000000000
50582  -28.049  -24.915  58.605 0.0000000000
49362  -27.094  -25.846  60.639 0.0000000000
49344  -26.467  -26.122  61.351 0.0000000000
48189  -28.933  -26.390  63.126 0.0000000000
48172  -27.491  -27.268  63.461 0.0000000000
48170  -25.893  -26.641  63.390 0.0000000000
48146  -25.789  -26.812  65.257 0.0000000000
49255  -26.037  -26.061  66.926 0.0000000000
49211  -25.575  -26.152  68.281 0.0000000000
46902  -26.064  -27.110  70.175 0.0000000000
45841  -26.611  -28.041  70.435 0.0000000000
45994  -9.357  -28.840  61.271 0.0000000000
47065  -9.901  -28.616  62.999 0.0000000000
47130  -12.259  -27.582  59.861 0.0000000000
47129  -11.217  -27.646  59.793 0.0000000000
47086  -10.695  -28.163  61.996 0.0000000000
47066  -10.494  -28.391  63.232 0.0000000000
47027  -10.684  -28.074  65.146 0.0000000000
46983  -11.269  -27.091  66.435 0.0000000000
50367  -13.632  -23.891  69.390 0.0000000000
65152  -37.386  -11.622  51.328 0.0000000000
65104  -38.624  -11.491  52.942 0.0000000000
66386  -39.917  -10.526  54.216 0.0000000000
67645  -39.781  -10.069  52.151 0.0000000000
67625  -40.457  -10.079  53.944 0.0000000000
67593  -40.600  -9.491  56.360 0.0000000000
68698  -41.556  -8.767  56.599 0.0000000000
72165  -41.855  -6.003  51.830 0.0000000000
70978  -41.805  -6.371  52.884 0.0000000000
68751  -43.264  -8.187  53.931 0.0000000000
79646  -50.425  1.422  46.193 0.0000000000
80738  -51.324  2.095  46.971 0.0000000000
81830  -51.947  3.151  46.726 0.0000000000
80769  -49.515  2.482  44.233 0.0000000000
82954  -50.833  3.189  44.869 0.0000000000
82937  -53.048  3.885  46.845 0.0000000000
82939  -54.036  4.384  46.374 0.0000000000
81842  -54.673  3.921  45.723 0.0000000000
79692  -52.513  1.653  42.416 0.0000000000
81879  -54.157  3.439  43.210 0.0000000000
81854  -55.507  3.617  44.269 0.0000000000
79709  -57.008  1.647  41.403 0.0000000000
53959  -36.643  -20.997  59.299 0.0000000000
55048  -37.108  -20.463  59.555 0.0000000000
53958  -36.135  -21.649  59.104 0.0000000000
65129  -36.273  -11.821  52.266 0.0000000000
77416  -49.860  -0.729  49.046 0.0000000000
77417  -50.498  0.017  49.631 0.0000000000
77394  -50.623  0.106  50.649 0.0000000000
78526  -51.187  0.521  49.107 0.0000000000
78540  -50.856  0.433  48.087 0.0000000000
45942  -9.519  -28.892  63.957 0.0000000000
45941  -9.025  -29.258  63.756 0.0000000000
63894  -34.791  -13.056  56.320 0.0000000000
63893  -34.164  -12.662  56.164 0.0000000000
51575  -17.628  -23.811  68.881 0.0000000000
51590  -17.839  -24.021  68.023 0.0000000000
48111  -23.781  -26.892  67.226 0.0000000000
48112  -24.574  -26.957  68.016 0.0000000000
46946  -24.601  -27.772  68.359 0.0000000000
48090  -25.016  -27.053  68.573 0.0000000000
50410  -33.141  -24.771  67.804 0.0000000000
49215  -32.271  -25.282  68.049 0.0000000000
50389  -32.728  -24.758  68.380 0.0000000000
50371  -32.634  -24.596  69.304 0.0000000000
50402  -16.213  -24.330  67.556 0.0000000000
68810  -42.676  -8.357  48.953 0.0000000000
69922  -42.181  -8.044  50.026 0.0000000000
69902  -42.498  -7.489  50.422 0.0000000000
56091  -39.768  -19.149  63.702 0.0000000000
55009  -39.649  -19.677  63.216 0.0000000000
58493  -37.460  -17.061  57.559 0.0000000000
59582  -37.980  -16.530  58.999 0.0000000000
50525  -18.779  -24.763  61.839 0.0000000000
53911  -21.303  -23.409  61.060 0.0000000000
52785  -21.189  -23.374  62.015 0.0000000000
52764  -21.682  -23.789  62.985 0.0000000000
53894  -21.753  -23.590  62.044 0.0000000000
51656  -35.255  -24.260  62.938 0.0000000000
50511  -34.851  -24.385  62.689 0.0000000000
50489  -35.571  -24.371  64.150 0.0000000000
54992  -39.337  -20.727  63.736 0.0000000000
53868  -39.140  -21.229  64.785 0.0000000000
54977  -39.316  -20.923  64.282 0.0000000000
54978  -39.528  -20.370  64.676 0.0000000000
49341  -17.785  -25.097  61.551 0.0000000000
67519  -35.961  -9.782  59.602 0.0000000000
67499  -36.818  -9.322  60.661 0.0000000000
67544  -36.701  -9.877  58.742 0.0000000000
66309  -39.723  -9.934  56.961 0.0000000000
67569  -39.871  -9.511  57.591 0.0000000000
68675  -40.613  -8.703  57.834 0.0000000000
67570  -40.514  -9.131  57.244 0.0000000000
73231  -46.329  -4.220  49.258 0.0000000000
74207  -45.782  -3.961  50.006 0.0000000000
74208  -46.438  -3.626  49.757 0.0000000000
74156  -47.968  -2.665  53.201 0.0000000000
72266  -42.889  -5.418  45.235 0.0000000000
75281  -46.084  -2.006  44.387 0.0000000000
76372  -45.585  -1.532  43.946 0.0000000000
42789  -6.567  -31.426  63.806 0.0000000000
42788  -6.145  -31.971  64.017 0.0000000000
43839  -6.406  -31.426  64.997 0.0000000000
46878  -8.393  -27.977  71.276 0.0000000000
44761  -5.459  -30.767  70.813 0.0000000000
44739  -5.674  -31.052  71.303 0.0000000000
61741  -39.594  -14.466  62.958 0.0000000000
64999  -36.019  -11.679  61.733 0.0000000000
64981  -35.780  -11.189  62.095 0.0000000000
64980  -34.955  -11.007  61.963 0.0000000000
64997  -34.655  -11.174  61.070 0.0000000000
66378  -33.580  -11.584  54.304 0.0000000000
66349  -34.002  -11.102  54.946 0.0000000000
66409  -33.715  -11.428  53.376 0.0000000000
66432  -33.460  -11.430  52.896 0.0000000000
50404  -20.387  -24.108  67.819 0.0000000000
50387  -20.807  -24.877  68.226 0.0000000000
50528  -25.095  -25.355  60.798 0.0000000000
50546  -24.570  -24.899  60.348 0.0000000000
50506  -25.023  -25.487  61.762 0.0000000000
50484  -24.845  -25.538  62.796 0.0000000000
50530  -30.350  -25.207  61.864 0.0000000000
50529  -29.609  -25.420  61.638 0.0000000000
49330  -30.118  -25.565  62.698 0.0000000000
46971  -28.627  -27.784  67.857 0.0000000000
46994  -28.374  -28.044  66.789 0.0000000000
46923  -28.094  -27.115  69.213 0.0000000000
48043  -27.353  -26.723  70.154 0.0000000000
48069  -28.219  -26.881  69.799 0.0000000000
53782  -36.552  -21.843  69.675 0.0000000000
49250  -12.761  -25.761  66.177 0.0000000000
66461  -38.919  -11.023  50.318 0.0000000000
66462  -39.443  -10.450  50.386 0.0000000000
68749  -41.544  -8.110  53.005 0.0000000000
68734  -42.646  -8.523  54.557 0.0000000000
72147  -44.213  -4.789  53.264 0.0000000000
72146  -43.451  -5.297  53.400 0.0000000000
79677  -47.899  1.186  43.735 0.0000000000
80780  -52.351  2.881  43.571 0.0000000000
80789  -51.904  2.242  43.030 0.0000000000
79708  -54.900  2.381  40.954 0.0000000000
81892  -55.574  3.504  42.075 0.0000000000
81893  -56.055  3.536  41.671 0.0000000000
81894  -56.570  3.257  41.467 0.0000000000
55021  -38.402  -20.166  61.814 0.0000000000
55034  -37.719  -20.196  60.697 0.0000000000
56157  -37.505  -19.241  58.913 0.0000000000
56144  -37.739  -19.241  60.016 0.0000000000
56168  -37.505  -18.627  58.349 0.0000000000
51717  -34.414  -23.373  58.786 0.0000000000
51701  -35.439  -23.107  60.479 0.0000000000
51685  -35.739  -23.084  61.169 0.0000000000
52795  -36.770  -22.397  61.698 0.0000000000
53920  -37.312  -21.419  61.356 0.0000000000
53901  -38.260  -21.100  62.280 0.0000000000
66353  -36.758  -10.920  55.679 0.0000000000
65080  -37.439  -11.639  53.646 0.0000000000
75234  -48.373  -2.678  48.559 0.0000000000
75224  -48.151  -2.329  49.834 0.0000000000
76261  -48.992  -1.610  53.420 0.0000000000
76262  -50.004  -1.452  53.485 0.0000000000
80699  -52.420  2.074  49.588 0.0000000000
80700  -52.847  2.404  49.491 0.0000000000
44874  -8.582  -29.735  63.601 0.0000000000
44873  -8.081  -30.188  63.361 0.0000000000
44857  -8.178  -30.119  64.353 0.0000000000
44856  -7.485  -30.464  64.026 0.0000000000
62784  -37.987  -13.751  59.727 0.0000000000
62776  -38.039  -13.038  60.532 0.0000000000
63867  -37.473  -13.175  59.113 0.0000000000
63866  -36.696  -12.636  58.948 0.0000000000
63865  -35.506  -12.227  59.244 0.0000000000
65039  -34.172  -11.638  58.503 0.0000000000
65062  -33.426  -12.235  55.254 0.0000000000
65046  -33.278  -11.896  56.699 0.0000000000
66347  -33.459  -11.846  55.071 0.0000000000
66377  -33.254  -11.778  54.600 0.0000000000
49230  -21.580  -25.565  67.575 0.0000000000
48109  -21.955  -26.268  67.524 0.0000000000
45871  -23.036  -28.511  68.683 0.0000000000
45853  -22.932  -28.770  69.594 0.0000000000
44786  -25.267  -29.629  69.306 0.0000000000
44772  -25.741  -29.948  69.964 0.0000000000
50580  -25.683  -25.081  58.175 0.0000000000
50563  -25.395  -25.191  59.156 0.0000000000
50564  -26.239  -25.446  59.095 0.0000000000
49274  -31.851  -26.170  65.113 0.0000000000
48161  -31.339  -26.396  64.873 0.0000000000
48117  -31.198  -26.315  67.693 0.0000000000
48134  -31.316  -26.560  66.597 0.0000000000
48116  -30.407  -26.698  68.072 0.0000000000
48095  -30.309  -26.339  69.045 0.0000000000
49213  -31.005  -25.864  69.143 0.0000000000
49322  -15.595  -25.344  62.111 0.0000000000
49321  -14.762  -25.832  61.637 0.0000000000
50462  -14.828  -24.892  65.237 0.0000000000
50443  -14.359  -24.846  65.762 0.0000000000
50422  -13.995  -24.804  66.353 0.0000000000
50423  -14.656  -24.665  66.622 0.0000000000
51573  -15.805  -23.775  69.134 0.0000000000
69887  -40.995  -7.857  51.698 0.0000000000
68765  -41.024  -8.104  52.478 0.0000000000
69873  -41.286  -7.500  52.291 0.0000000000
79738  -54.595  1.320  39.855 0.0000000000
79739  -55.158  1.654  39.768 0.0000000000
79722  -56.124  2.629  39.965 0.0000000000
78644  -55.402  1.241  39.240 0.0000000000
46957  -10.130  -27.750  67.765 0.0000000000
48004  -9.230  -26.837  71.408 0.0000000000
57213  -38.863  -18.776  66.895 0.0000000000
58380  -38.946  -18.032  66.761 0.0000000000
57253  -39.758  -18.294  63.478 0.0000000000
58408  -39.679  -17.408  64.156 0.0000000000
57279  -38.515  -18.422  61.197 0.0000000000
57265  -39.101  -18.388  61.893 0.0000000000
57291  -38.385  -17.910  60.802 0.0000000000
59570  -38.445  -16.409  60.239 0.0000000000
60698  -38.592  -15.714  60.446 0.0000000000
59556  -39.216  -16.154  61.405 0.0000000000
61757  -38.068  -14.653  59.777 0.0000000000
61773  -37.392  -14.116  57.761 0.0000000000
50447  -17.956  -24.291  65.508 0.0000000000
51637  -19.191  -23.894  64.619 0.0000000000
51622  -19.861  -23.668  65.438 0.0000000000
50526  -19.520  -24.379  61.409 0.0000000000
52742  -21.121  -23.404  63.652 0.0000000000
52741  -20.674  -23.274  63.611 0.0000000000
51639  -20.913  -23.437  64.364 0.0000000000
51623  -20.675  -23.568  65.221 0.0000000000
51624  -21.292  -23.721  65.056 0.0000000000
51611  -21.620  -24.081  65.495 0.0000000000
50449  -22.358  -24.570  65.140 0.0000000000
50407  -23.500  -25.425  66.186 0.0000000000
50450  -23.345  -24.867  64.916 0.0000000000
50568  -30.883  -24.461  59.546 0.0000000000
50584  -30.162  -24.271  58.660 0.0000000000
50531  -31.510  -24.789  61.606 0.0000000000
50554  -33.552  -24.135  59.855 0.0000000000
50533  -33.614  -24.298  60.866 0.0000000000
50509  -32.506  -24.812  62.525 0.0000000000
50486  -32.242  -25.214  63.389 0.0000000000
49296  -33.797  -25.445  65.034 0.0000000000
50453  -34.163  -24.852  66.077 0.0000000000
50452  -33.704  -25.103  66.374 0.0000000000
50433  -34.220  -24.292  67.140 0.0000000000
50412  -34.215  -23.943  67.705 0.0000000000
51628  -34.790  -24.116  66.569 0.0000000000
51614  -35.839  -23.129  66.592 0.0000000000
51613  -35.337  -23.417  67.153 0.0000000000
52719  -35.815  -22.759  67.312 0.0000000000
52707  -36.057  -22.202  67.914 0.0000000000
51645  -36.800  -23.443  64.734 0.0000000000
51659  -37.779  -22.953  64.123 0.0000000000
53851  -37.965  -21.626  66.096 0.0000000000
52733  -37.556  -22.229  65.828 0.0000000000
53833  -37.513  -21.452  66.861 0.0000000000
53832  -36.925  -21.799  67.181 0.0000000000
54931  -37.547  -20.634  67.752 0.0000000000
54947  -37.901  -20.794  67.106 0.0000000000
56053  -39.218  -19.488  66.325 0.0000000000
56052  -38.716  -19.567  66.955 0.0000000000
57199  -38.571  -18.963  67.553 0.0000000000
49356  -16.230  -25.505  60.150 0.0000000000
50501  -17.141  -24.880  63.449 0.0000000000
68579  -36.718  -8.886  63.381 0.0000000000
69662  -37.139  -8.512  63.842 0.0000000000
68580  -36.975  -8.572  63.077 0.0000000000
68624  -37.694  -8.961  61.137 0.0000000000
68592  -37.762  -8.553  62.294 0.0000000000
68606  -38.203  -8.606  61.726 0.0000000000
69707  -38.741  -8.248  61.875 0.0000000000
68607  -38.864  -8.371  61.404 0.0000000000
67591  -37.675  -10.346  57.123 0.0000000000
67545  -37.862  -9.809  58.815 0.0000000000
68660  -39.849  -8.694  58.975 0.0000000000
68659  -39.326  -8.884  59.430 0.0000000000
68646  -39.763  -8.355  59.851 0.0000000000
69722  -40.160  -7.506  60.539 0.0000000000
69736  -40.318  -7.892  59.830 0.0000000000
69723  -40.854  -7.203  60.393 0.0000000000
69738  -42.157  -6.927  59.233 0.0000000000
71051  -44.464  -6.526  49.121 0.0000000000
72200  -44.145  -5.975  49.902 0.0000000000
74192  -44.194  -3.690  51.378 0.0000000000
74176  -44.026  -3.487  52.317 0.0000000000
74163  -43.474  -3.555  52.995 0.0000000000
74164  -44.326  -3.398  52.951 0.0000000000
76299  -46.749  -1.904  51.504 0.0000000000
75207  -45.993  -2.517  51.291 0.0000000000
76284  -46.206  -1.931  52.285 0.0000000000
75166  -45.658  -2.196  54.226 0.0000000000
41676  -2.940  -33.720  68.651 0.0000000000
40689  -2.992  -34.179  67.389 0.0000000000
39703  -3.109  -34.492  68.703 0.0000000000
65240  -37.562  -11.938  47.914 0.0000000000
65262  -37.887  -11.613  47.365 0.0000000000
66492  -38.692  -11.180  47.382 0.0000000000
67693  -39.333  -10.417  46.986 0.0000000000
66494  -39.760  -10.279  48.059 0.0000000000
68835  -41.098  -8.696  47.037 0.0000000000
67696  -41.433  -8.776  47.649 0.0000000000
68836  -41.844  -8.273  47.315 0.0000000000
69961  -42.260  -7.905  47.076 0.0000000000
69985  -43.134  -7.493  47.203 0.0000000000
69963  -43.680  -7.484  47.661 0.0000000000
71083  -43.893  -7.108  47.295 0.0000000000
71102  -44.452  -6.400  46.768 0.0000000000
72246  -44.999  -5.944  46.363 0.0000000000
72232  -45.801  -5.701  47.485 0.0000000000
72247  -45.750  -5.534  46.622 0.0000000000
75267  -45.552  -3.213  44.623 0.0000000000
74247  -45.509  -3.993  44.758 0.0000000000
74248  -46.367  -4.032  45.588 0.0000000000
74236  -46.941  -3.976  46.471 0.0000000000
74229  -47.488  -3.982  47.599 0.0000000000
75260  -48.291  -2.476  46.444 0.0000000000
75270  -48.283  -1.656  45.719 0.0000000000
76351  -48.940  -1.366  46.372 0.0000000000
76365  -48.480  -0.817  45.586 0.0000000000
77480  -46.199  -0.355  43.681 0.0000000000
78572  -46.828  0.065  44.392 0.0000000000
78581  -46.653  0.161  44.072 0.0000000000
41747  -5.569  -32.575  64.214 0.0000000000
45883  -9.199  -28.629  67.205 0.0000000000
45866  -9.206  -28.534  68.225 0.0000000000
44795  -7.985  -29.417  68.168 0.0000000000
44811  -7.646  -29.781  67.458 0.0000000000
44794  -7.311  -29.913  68.314 0.0000000000
45817  -7.913  -28.755  71.292 0.0000000000
44778  -6.163  -30.184  69.812 0.0000000000
43793  -6.619  -30.525  68.279 0.0000000000
43792  -5.805  -31.168  68.377 0.0000000000
43782  -4.865  -31.422  69.678 0.0000000000
42724  -5.062  -31.718  68.130 0.0000000000
42723  -4.326  -32.207  68.595 0.0000000000
41694  -4.174  -32.760  67.464 0.0000000000
41677  -3.395  -33.242  68.421 0.0000000000
42722  -3.855  -32.529  69.288 0.0000000000
42677  -5.070  -32.318  71.004 0.0000000000
66151  -39.245  -10.354  67.369 0.0000000000
66150  -38.483  -10.075  67.140 0.0000000000
60623  -39.239  -16.305  67.716 0.0000000000
60624  -39.113  -15.607  66.954 0.0000000000
61716  -39.561  -14.531  65.197 0.0000000000
61696  -39.386  -14.566  66.275 0.0000000000
61678  -39.413  -14.523  67.108 0.0000000000
62720  -39.596  -13.595  65.808 0.0000000000
62765  -38.952  -12.954  61.953 0.0000000000
63809  -39.304  -12.209  63.689 0.0000000000
64968  -39.214  -11.853  64.401 0.0000000000
64949  -39.314  -12.018  65.004 0.0000000000
64948  -38.735  -11.421  64.988 0.0000000000
64928  -39.195  -11.858  65.738 0.0000000000
66217  -36.670  -10.409  63.527 0.0000000000
66203  -37.029  -10.057  64.264 0.0000000000
67449  -37.443  -9.722  64.913 0.0000000000
66202  -36.539  -9.844  63.740 0.0000000000
67447  -36.586  -9.554  63.767 0.0000000000
66241  -34.480  -10.193  60.593 0.0000000000
67483  -34.800  -9.920  60.479 0.0000000000
67497  -35.207  -9.760  60.214 0.0000000000
66288  -34.202  -11.105  58.099 0.0000000000
66269  -34.172  -10.762  58.876 0.0000000000
67540  -34.222  -10.913  57.574 0.0000000000
67587  -34.682  -10.758  56.622 0.0000000000
67588  -35.223  -10.553  56.779 0.0000000000
67611  -35.468  -10.793  56.218 0.0000000000
66351  -35.228  -11.220  55.518 0.0000000000
65099  -34.319  -11.498  53.500 0.0000000000
65077  -35.259  -11.484  54.471 0.0000000000
63914  -32.587  -13.059  53.656 0.0000000000
63927  -32.022  -12.924  53.069 0.0000000000
65145  -31.604  -12.563  51.757 0.0000000000
65124  -32.062  -12.076  52.403 0.0000000000
65146  -32.043  -11.932  51.823 0.0000000000
65173  -31.912  -12.279  50.773 0.0000000000
51607  -18.821  -23.876  66.823 0.0000000000
51591  -18.714  -23.889  67.773 0.0000000000
51577  -19.346  -23.788  68.417 0.0000000000
49188  -20.515  -25.255  69.525 0.0000000000
46943  -21.643  -27.020  69.171 0.0000000000
49189  -21.015  -25.774  69.107 0.0000000000
48064  -21.288  -26.525  69.638 0.0000000000
51697  -23.480  -24.207  60.312 0.0000000000
52860  -23.043  -23.875  59.649 0.0000000000
52834  -22.882  -23.931  60.744 0.0000000000
52812  -22.755  -23.961  61.709 0.0000000000
51668  -23.225  -24.356  62.266 0.0000000000
50468  -24.595  -25.477  63.860 0.0000000000
50451  -24.421  -25.401  65.034 0.0000000000
50548  -27.627  -25.653  60.401 0.0000000000
49363  -27.824  -25.765  60.944 0.0000000000
49345  -27.311  -26.030  61.491 0.0000000000
48174  -29.737  -26.522  63.725 0.0000000000
47040  -27.969  -28.030  64.880 0.0000000000
47059  -28.245  -27.802  64.290 0.0000000000
47057  -26.832  -27.543  64.063 0.0000000000
48171  -26.607  -27.096  63.386 0.0000000000
47038  -26.346  -27.501  64.750 0.0000000000
48157  -26.034  -27.144  64.156 0.0000000000
48113  -26.512  -26.482  67.451 0.0000000000
49235  -26.138  -25.957  67.669 0.0000000000
49234  -25.461  -25.922  67.305 0.0000000000
49192  -26.046  -26.167  68.791 0.0000000000
48066  -25.728  -26.738  69.505 0.0000000000
49170  -26.073  -26.369  69.605 0.0000000000
46886  -26.725  -27.205  70.655 0.0000000000
45824  -27.116  -27.611  70.779 0.0000000000
49172  -29.816  -26.482  70.928 0.0000000000
48045  -29.140  -26.479  70.781 0.0000000000
48021  -29.687  -26.927  71.501 0.0000000000
51596  -34.429  -23.563  68.264 0.0000000000
47085  -9.866  -28.568  62.272 0.0000000000
48197  -13.754  -26.819  61.299 0.0000000000
48206  -13.934  -26.894  60.498 0.0000000000
47088  -12.482  -27.677  61.533 0.0000000000
47108  -12.757  -27.595  60.692 0.0000000000
47107  -11.887  -27.854  60.718 0.0000000000
47106  -10.872  -28.008  60.816 0.0000000000
47087  -11.630  -27.926  61.740 0.0000000000
47029  -11.807  -27.626  64.195 0.0000000000
47048  -11.334  -27.953  63.848 0.0000000000
47047  -10.706  -28.205  64.369 0.0000000000
47007  -10.832  -27.851  65.802 0.0000000000
47008  -11.273  -27.359  65.899 0.0000000000
50384  -13.952  -24.221  68.648 0.0000000000
69665  -39.218  -7.020  65.036 0.0000000000
65154  -39.100  -11.160  51.778 0.0000000000
65132  -38.927  -11.351  52.302 0.0000000000
66412  -39.358  -10.946  53.274 0.0000000000
66385  -39.112  -11.018  54.389 0.0000000000
67626  -41.014  -9.567  54.081 0.0000000000
67612  -40.520  -10.002  54.974 0.0000000000
67594  -41.397  -9.167  55.922 0.0000000000
68700  -43.354  -8.331  56.404 0.0000000000
68678  -42.879  -8.088  57.148 0.0000000000
72183  -42.648  -5.929  51.122 0.0000000000
71004  -42.423  -6.091  51.245 0.0000000000
72166  -42.346  -5.416  51.583 0.0000000000
70979  -42.611  -6.292  53.323 0.0000000000
72144  -41.902  -5.528  52.895 0.0000000000
69857  -42.175  -7.260  53.109 0.0000000000
78549  -49.172  0.233  45.782 0.0000000000
78551  -50.434  0.392  46.997 0.0000000000
78564  -49.391  0.894  45.531 0.0000000000
79668  -49.378  2.252  44.713 0.0000000000
79658  -50.262  2.150  45.507 0.0000000000
80760  -50.525  2.557  45.378 0.0000000000
80749  -51.533  2.672  46.626 0.0000000000
81839  -50.877  2.935  45.270 0.0000000000
79678  -48.732  1.857  43.569 0.0000000000
79679  -49.258  1.877  43.163 0.0000000000
81862  -50.938  3.334  43.998 0.0000000000
81861  -50.449  2.929  44.235 0.0000000000
82955  -51.644  3.521  45.000 0.0000000000
82945  -51.396  3.296  45.305 0.0000000000
82946  -52.526  3.605  45.959 0.0000000000
82938  -53.406  4.186  46.546 0.0000000000
82947  -53.440  4.308  45.790 0.0000000000
81853  -53.809  4.123  44.592 0.0000000000
82948  -54.267  4.393  45.659 0.0000000000
82949  -54.750  4.185  45.220 0.0000000000
80762  -54.772  3.027  45.340 0.0000000000
80763  -55.302  3.389  44.769 0.0000000000
80790  -53.164  2.725  42.974 0.0000000000
81868  -56.084  3.392  43.439 0.0000000000
81867  -55.458  3.768  43.494 0.0000000000
81855  -55.949  3.237  44.051 0.0000000000
80772  -55.656  2.927  44.464 0.0000000000
79673  -55.935  2.306  44.009 0.0000000000
81895  -57.050  2.969  41.223 0.0000000000
80805  -57.218  2.382  40.950 0.0000000000
53940  -37.425  -20.952  60.985 0.0000000000
55033  -37.301  -20.480  60.097 0.0000000000
55063  -37.316  -19.962  59.188 0.0000000000
52865  -35.020  -22.782  58.838 0.0000000000
52866  -35.627  -22.278  58.934 0.0000000000
52841  -35.908  -22.317  60.125 0.0000000000
52842  -36.414  -21.937  60.797 0.0000000000
65078  -36.103  -11.480  54.131 0.0000000000
66383  -36.919  -11.194  54.761 0.0000000000
76320  -49.246  -1.393  49.502 0.0000000000
77375  -51.002  -0.189  51.588 0.0000000000
78469  -51.735  0.286  51.153 0.0000000000
78486  -52.169  0.910  50.483 0.0000000000
78506  -51.723  1.042  50.096 0.0000000000
78527  -51.497  0.912  49.637 0.0000000000
79626  -51.726  1.499  49.105 0.0000000000
45976  -8.824  -29.309  61.863 0.0000000000
45955  -8.501  -29.626  62.309 0.0000000000
45956  -8.864  -29.365  62.810 0.0000000000
44858  -8.654  -29.570  64.511 0.0000000000
63876  -36.684  -13.028  58.154 0.0000000000
63884  -33.835  -12.206  57.198 0.0000000000
63899  -33.190  -12.462  54.821 0.0000000000
51574  -16.701  -23.752  69.004 0.0000000000
48110  -22.673  -26.677  67.218 0.0000000000
46945  -23.425  -28.154  68.057 0.0000000000
45872  -23.897  -28.906  68.703 0.0000000000
45873  -24.990  -28.518  68.631 0.0000000000
45874  -25.610  -28.339  69.013 0.0000000000
49257  -32.773  -25.743  66.468 0.0000000000
49256  -31.988  -26.143  66.044 0.0000000000
49214  -31.606  -25.519  68.465 0.0000000000
49195  -31.443  -25.367  69.461 0.0000000000
50352  -32.012  -24.940  69.659 0.0000000000
50463  -15.545  -24.827  65.012 0.0000000000
50424  -15.679  -24.540  66.753 0.0000000000
68808  -41.346  -8.993  49.434 0.0000000000
68795  -41.254  -8.572  50.178 0.0000000000
69901  -41.817  -7.658  50.715 0.0000000000
57230  -39.573  -18.500  65.320 0.0000000000
58446  -38.011  -17.687  59.927 0.0000000000
58447  -38.401  -17.338  60.436 0.0000000000
60707  -37.799  -15.513  58.681 0.0000000000
60713  -37.602  -15.500  57.866 0.0000000000
50502  -17.846  -24.773  63.085 0.0000000000
50503  -18.806  -24.388  62.838 0.0000000000
52809  -20.606  -23.512  61.013 0.0000000000
52762  -20.941  -23.169  62.901 0.0000000000
51625  -21.767  -24.041  64.889 0.0000000000
52743  -21.480  -23.721  63.631 0.0000000000
52744  -21.811  -23.985  63.554 0.0000000000
51642  -22.247  -24.297  63.836 0.0000000000
51670  -34.421  -24.026  61.295 0.0000000000
51630  -36.193  -23.246  65.773 0.0000000000
52798  -38.495  -21.912  63.474 0.0000000000
52752  -37.902  -22.583  64.809 0.0000000000
52753  -38.526  -21.971  64.784 0.0000000000
53852  -38.610  -21.320  65.806 0.0000000000
54948  -38.446  -20.454  66.791 0.0000000000
54964  -38.952  -20.644  66.081 0.0000000000
54965  -39.336  -20.273  65.697 0.0000000000
49324  -17.661  -24.940  62.401 0.0000000000
68622  -36.411  -9.199  61.607 0.0000000000
68604  -36.803  -8.917  62.041 0.0000000000
68623  -36.901  -9.145  61.265 0.0000000000
68643  -37.278  -9.245  60.677 0.0000000000
68644  -37.967  -9.160  60.388 0.0000000000
67547  -39.776  -9.114  58.434 0.0000000000
68661  -40.569  -8.289  58.723 0.0000000000
68662  -41.079  -8.213  58.294 0.0000000000
68676  -41.399  -8.332  57.611 0.0000000000
73229  -44.549  -5.080  50.018 0.0000000000
73230  -45.721  -4.623  49.569 0.0000000000
73214  -45.485  -4.114  50.170 0.0000000000
75206  -44.941  -2.929  51.577 0.0000000000
76260  -47.707  -2.085  53.305 0.0000000000
76259  -46.603  -1.935  53.708 0.0000000000
75176  -46.999  -2.265  53.644 0.0000000000
80750  -54.174  2.694  46.435 0.0000000000
67715  -39.780  -9.407  46.252 0.0000000000
71123  -42.623  -6.287  45.820 0.0000000000
71124  -43.428  -6.107  45.775 0.0000000000
72267  -43.902  -5.509  45.423 0.0000000000
75268  -46.403  -2.950  44.980 0.0000000000
75259  -47.322  -3.107  45.947 0.0000000000
76363  -46.903  -1.552  44.718 0.0000000000
77460  -47.305  -0.699  44.823 0.0000000000
77469  -46.097  -0.896  43.936 0.0000000000
41724  -5.436  -32.492  65.252 0.0000000000
45832  -8.857  -28.423  70.007 0.0000000000
45816  -7.267  -29.407  71.256 0.0000000000
43783  -5.571  -30.803  69.566 0.0000000000
43768  -5.270  -30.896  70.297 0.0000000000
42694  -4.344  -31.933  70.370 0.0000000000
43766  -4.570  -31.782  70.773 0.0000000000
43752  -5.307  -31.556  71.073 0.0000000000
60659  -39.646  -15.492  64.536 0.0000000000
63824  -37.471  -11.885  61.865 0.0000000000
63825  -38.408  -12.087  62.408 0.0000000000
64983  -37.610  -11.470  62.721 0.0000000000
64966  -37.765  -11.228  63.591 0.0000000000
64947  -37.975  -11.046  64.495 0.0000000000
64965  -37.043  -10.927  63.136 0.0000000000
66230  -35.798  -10.561  62.311 0.0000000000
66242  -34.733  -10.527  61.247 0.0000000000
67585  -33.840  -11.076  56.298 0.0000000000
67609  -34.442  -11.007  55.788 0.0000000000
66350  -34.535  -11.260  54.953 0.0000000000
65063  -34.930  -11.416  54.918 0.0000000000
66380  -34.219  -11.495  53.970 0.0000000000
66410  -34.066  -11.465  53.607 0.0000000000
51578  -20.034  -23.777  68.116 0.0000000000
50386  -20.354  -24.509  68.565 0.0000000000
46901  -22.163  -28.433  70.966 0.0000000000
46900  -21.695  -27.952  71.111 0.0000000000
51729  -24.183  -24.325  58.620 0.0000000000
51714  -24.065  -24.505  59.833 0.0000000000
51698  -23.971  -24.534  60.813 0.0000000000
51682  -23.886  -24.589  61.735 0.0000000000
51669  -23.786  -24.764  62.466 0.0000000000
50505  -24.342  -25.062  62.190 0.0000000000
50566  -28.637  -25.028  59.660 0.0000000000
49347  -29.020  -25.658  61.771 0.0000000000
49328  -28.500  -26.078  62.413 0.0000000000
47021  -29.809  -27.737  66.316 0.0000000000
47020  -29.141  -28.003  65.926 0.0000000000
47019  -28.136  -28.130  65.804 0.0000000000
47018  -27.312  -27.885  65.607 0.0000000000
46992  -26.866  -27.561  66.131 0.0000000000
48092  -27.113  -26.918  68.046 0.0000000000
48042  -26.490  -26.485  69.796 0.0000000000
48018  -27.469  -26.840  70.757 0.0000000000
49304  -13.795  -26.107  63.173 0.0000000000
48184  -13.460  -26.845  62.181 0.0000000000
48168  -13.345  -26.599  63.134 0.0000000000
48183  -12.994  -27.162  62.673 0.0000000000
48154  -12.345  -27.037  64.460 0.0000000000
48153  -11.760  -27.077  65.358 0.0000000000
48143  -11.641  -26.813  66.064 0.0000000000
51555  -14.647  -23.615  70.028 0.0000000000
65206  -37.765  -11.703  49.610 0.0000000000
65180  -38.323  -11.376  50.335 0.0000000000
66448  -38.780  -11.188  50.801 0.0000000000
68715  -42.037  -8.875  55.477 0.0000000000
73185  -42.505  -4.359  52.978 0.0000000000
72155  -42.153  -5.051  52.615 0.0000000000
70980  -43.334  -6.426  53.089 0.0000000000
79656  -48.204  1.221  45.043 0.0000000000
81876  -50.872  2.924  43.557 0.0000000000
82956  -52.738  3.742  45.056 0.0000000000
82967  -52.489  3.504  44.462 0.0000000000
81864  -52.914  3.366  44.035 0.0000000000
81865  -53.931  3.830  44.123 0.0000000000
78627  -53.549  1.024  40.224 0.0000000000
79719  -53.425  1.170  40.482 0.0000000000
79707  -54.101  2.006  41.305 0.0000000000
80791  -54.462  2.882  42.156 0.0000000000
80792  -55.181  3.326  42.058 0.0000000000
81881  -55.836  3.640  42.634 0.0000000000
80782  -56.410  2.672  43.073 0.0000000000
80815  -57.500  2.327  40.191 0.0000000000
79723  -57.332  1.619  40.627 0.0000000000
78645  -57.409  0.754  40.244 0.0000000000
55008  -39.216  -20.260  62.651 0.0000000000
55022  -38.924  -19.745  62.088 0.0000000000
56117  -38.188  -19.344  61.195 0.0000000000
57278  -38.068  -18.827  60.940 0.0000000000
57316  -37.687  -18.187  58.752 0.0000000000
50544  -19.054  -24.936  61.055 0.0000000000
52831  -20.396  -23.256  59.966 0.0000000000
52832  -20.856  -23.089  60.097 0.0000000000
53929  -21.254  -23.147  60.166 0.0000000000
51716  -33.634  -23.795  58.683 0.0000000000
51700  -34.962  -23.219  59.796 0.0000000000
52772  -37.775  -22.656  62.923 0.0000000000
52796  -37.418  -22.118  62.098 0.0000000000
52797  -38.248  -22.020  62.907 0.0000000000
53902  -38.792  -21.313  63.267 0.0000000000
67590  -36.839  -10.250  57.005 0.0000000000
66327  -38.429  -10.517  56.543 0.0000000000
66328  -39.648  -10.264  56.314 0.0000000000
74218  -47.270  -3.756  48.720 0.0000000000
74209  -47.175  -3.319  49.455 0.0000000000
75223  -47.232  -2.793  50.011 0.0000000000
75209  -47.655  -2.158  50.547 0.0000000000
76300  -47.546  -1.826  51.292 0.0000000000
76286  -48.306  -1.561  51.983 0.0000000000
76275  -48.108  -1.715  52.830 0.0000000000
79589  -52.373  1.319  50.321 0.0000000000
80701  -53.168  2.389  49.240 0.0000000000
80719  -53.011  2.803  48.723 0.0000000000
44892  -8.042  -30.081  62.371 0.0000000000
44891  -7.402  -30.410  62.096 0.0000000000
61749  -38.930  -14.547  61.089 0.0000000000
62777  -38.742  -13.666  61.146 0.0000000000
63842  -37.217  -12.173  60.839 0.0000000000
63841  -35.992  -11.911  60.994 0.0000000000
63854  -35.144  -12.052  60.428 0.0000000000
65014  -34.471  -11.401  60.138 0.0000000000
63853  -34.717  -11.838  60.091 0.0000000000
65028  -34.147  -11.294  58.652 0.0000000000
66287  -33.994  -11.318  57.435 0.0000000000
65047  -33.566  -11.939  57.315 0.0000000000
65037  -33.575  -11.659  57.269 0.0000000000
66307  -33.684  -11.373  56.806 0.0000000000
66348  -33.663  -11.453  55.210 0.0000000000
48088  -21.598  -26.391  68.472 0.0000000000
46920  -22.180  -28.237  70.211 0.0000000000
44785  -24.313  -29.635  69.422 0.0000000000
51751  -24.387  -24.026  57.467 0.0000000000
50579  -24.939  -24.869  58.725 0.0000000000
50547  -25.207  -25.211  59.952 0.0000000000
49360  -25.693  -25.641  60.317 0.0000000000
49311  -31.193  -25.681  63.520 0.0000000000
49310  -30.379  -25.878  63.454 0.0000000000
49292  -30.800  -26.048  63.999 0.0000000000
48160  -30.656  -26.617  64.618 0.0000000000
48148  -30.464  -27.226  65.954 0.0000000000
46996  -30.137  -27.555  67.027 0.0000000000
46972  -29.664  -27.347  68.001 0.0000000000
46950  -29.469  -26.976  68.666 0.0000000000
48093  -28.864  -26.794  69.482 0.0000000000
48071  -29.908  -26.348  69.625 0.0000000000
49193  -29.855  -26.349  70.512 0.0000000000
49173  -30.525  -26.239  70.668 0.0000000000
49156  -30.981  -26.238  71.015 0.0000000000
48199  -14.813  -26.161  60.633 0.0000000000
48198  -14.385  -26.357  61.042 0.0000000000
48185  -14.117  -26.302  61.963 0.0000000000
49270  -13.741  -25.333  65.322 0.0000000000
49251  -13.512  -25.111  66.303 0.0000000000
50385  -14.790  -24.173  68.547 0.0000000000
51587  -15.297  -24.050  68.581 0.0000000000
51572  -14.877  -23.879  69.170 0.0000000000
66473  -39.552  -10.321  49.531 0.0000000000
67665  -39.881  -9.742  50.364 0.0000000000
67656  -40.215  -9.060  51.201 0.0000000000
68779  -40.686  -8.392  51.070 0.0000000000
78593  -47.998  0.634  42.435 0.0000000000
78594  -48.791  0.566  42.340 0.0000000000
78628  -53.791  1.110  40.182 0.0000000000
80812  -55.771  2.938  40.678 0.0000000000
81901  -56.346  3.356  41.052 0.0000000000
80813  -56.252  2.989  40.465 0.0000000000
80814  -56.801  3.005  40.218 0.0000000000
81915  -57.044  2.999  40.163 0.0000000000
79740  -56.195  2.069  39.295 0.0000000000
81916  -57.299  2.685  39.922 0.0000000000
45917  -10.320  -28.219  65.730 0.0000000000
45916  -9.755  -28.618  65.631 0.0000000000
45899  -9.933  -28.258  66.590 0.0000000000
45884  -9.691  -28.174  67.564 0.0000000000
46894  -9.296  -27.576  70.287 0.0000000000
58397  -39.501  -17.519  65.140 0.0000000000
59502  -39.547  -16.502  64.899 0.0000000000
60676  -39.540  -15.469  62.461 0.0000000000
56103  -39.243  -19.209  62.277 0.0000000000
57266  -39.561  -18.300  62.610 0.0000000000
58426  -39.410  -17.349  62.196 0.0000000000
58435  -38.730  -17.490  61.029 0.0000000000
59543  -39.161  -16.935  61.471 0.0000000000
59544  -39.419  -16.320  62.015 0.0000000000
60687  -39.378  -15.582  61.729 0.0000000000
61758  -38.493  -14.630  60.419 0.0000000000
62793  -37.728  -13.777  58.757 0.0000000000
61774  -37.637  -14.435  58.094 0.0000000000
62801  -37.518  -13.748  58.259 0.0000000000
62799  -36.378  -13.163  57.508 0.0000000000
62809  -35.401  -13.133  56.591 0.0000000000
51606  -17.888  -24.174  67.103 0.0000000000
51621  -18.841  -23.917  65.720 0.0000000000
51666  -19.550  -23.946  62.824 0.0000000000
51653  -19.975  -23.501  63.213 0.0000000000
52761  -20.468  -23.303  62.926 0.0000000000
51638  -20.125  -23.430  64.213 0.0000000000
51594  -20.795  -24.012  66.636 0.0000000000
50427  -21.195  -24.296  66.515 0.0000000000
50448  -21.889  -24.321  65.410 0.0000000000
49252  -22.585  -25.446  66.442 0.0000000000
50408  -24.189  -25.789  66.500 0.0000000000
50508  -31.338  -25.168  62.751 0.0000000000
49294  -32.297  -25.830  64.570 0.0000000000
50469  -33.716  -25.342  64.563 0.0000000000
49295  -33.191  -25.602  64.707 0.0000000000
49258  -33.363  -25.255  66.753 0.0000000000
49238  -33.343  -24.852  67.380 0.0000000000
50411  -33.656  -24.313  67.908 0.0000000000
51597  -35.002  -23.300  67.886 0.0000000000
52705  -35.112  -23.082  68.433 0.0000000000
52694  -35.848  -22.161  68.601 0.0000000000
53797  -36.407  -21.637  68.797 0.0000000000
52732  -36.893  -22.754  65.819 0.0000000000
54915  -37.281  -20.747  68.609 0.0000000000
54932  -37.961  -20.298  67.482 0.0000000000
56036  -38.240  -19.668  67.698 0.0000000000
49355  -15.586  -25.918  59.812 0.0000000000
49339  -15.398  -25.745  60.827 0.0000000000
69650  -37.465  -8.618  64.549 0.0000000000
68591  -37.211  -8.579  62.558 0.0000000000
69691  -37.692  -8.433  62.685 0.0000000000
69677  -38.484  -7.880  63.672 0.0000000000
69693  -39.289  -7.467  63.060 0.0000000000
67522  -38.924  -9.140  59.483 0.0000000000
68645  -38.857  -8.815  60.031 0.0000000000
70855  -40.256  -6.998  61.602 0.0000000000
69737  -41.048  -7.531  59.564 0.0000000000
69924  -43.643  -7.463  49.479 0.0000000000
69903  -43.085  -7.307  50.181 0.0000000000
71024  -43.535  -6.673  50.209 0.0000000000
72184  -43.238  -5.675  50.767 0.0000000000
72167  -43.028  -4.996  51.202 0.0000000000
73212  -43.698  -4.639  50.854 0.0000000000
74191  -43.341  -3.974  51.360 0.0000000000
73195  -42.872  -4.413  51.493 0.0000000000
74162  -42.954  -3.858  53.016 0.0000000000
73179  -44.018  -4.198  53.691 0.0000000000
74194  -46.051  -3.032  50.424 0.0000000000
75192  -45.336  -2.300  52.294 0.0000000000
76273  -46.065  -1.889  53.256 0.0000000000
76272  -45.265  -1.907  53.484 0.0000000000
75184  -44.805  -2.449  53.173 0.0000000000
74153  -44.767  -3.245  53.268 0.0000000000
40702  -3.508  -33.925  66.528 0.0000000000
63956  -35.071  -12.683  49.885 0.0000000000
65177  -35.697  -12.175  50.338 0.0000000000
65204  -36.200  -12.129  49.596 0.0000000000
65205  -36.924  -11.721  49.619 0.0000000000
65224  -36.570  -12.206  48.956 0.0000000000
65226  -38.099  -11.790  48.751 0.0000000000
65227  -38.782  -11.332  48.776 0.0000000000
65242  -38.940  -11.124  48.241 0.0000000000
66483  -39.248  -10.829  48.738 0.0000000000
66484  -39.648  -10.311  48.674 0.0000000000
67683  -40.163  -9.914  48.542 0.0000000000
67684  -40.796  -9.539  48.319 0.0000000000
67675  -41.311  -9.204  48.928 0.0000000000
67685  -41.407  -9.027  48.286 0.0000000000
68821  -41.922  -8.609  48.098 0.0000000000
69943  -43.220  -8.013  48.593 0.0000000000
69944  -43.955  -7.497  48.565 0.0000000000
69945  -44.341  -6.967  48.483 0.0000000000
71071  -44.716  -6.426  48.454 0.0000000000
72217  -45.992  -5.446  48.425 0.0000000000
72218  -46.485  -5.040  48.169 0.0000000000
73271  -43.466  -5.034  44.836 0.0000000000
73272  -44.589  -4.785  44.986 0.0000000000
73273  -45.745  -4.941  45.846 0.0000000000
73261  -46.423  -4.929  46.777 0.0000000000
73252  -46.887  -4.670  47.833 0.0000000000
73253  -47.266  -4.268  48.164 0.0000000000
74219  -47.908  -3.506  48.140 0.0000000000
75247  -48.524  -2.647  47.456 0.0000000000
76328  -48.830  -2.297  47.897 0.0000000000
76338  -49.475  -1.258  47.283 0.0000000000
77438  -49.908  -0.603  47.202 0.0000000000
77439  -50.367  -0.209  47.646 0.0000000000
77449  -49.127  -0.280  45.975 0.0000000000
77471  -47.237  -0.213  44.790 0.0000000000
77461  -47.829  -0.166  45.224 0.0000000000
78562  -47.838  0.637  45.129 0.0000000000
79655  -47.688  0.876  44.854 0.0000000000
78582  -47.059  0.741  43.845 0.0000000000
78621  -46.496  0.187  40.669 0.0000000000
45915  -9.192  -28.984  65.425 0.0000000000
44828  -8.808  -29.084  65.898 0.0000000000
44827  -8.365  -29.290  66.160 0.0000000000
45865  -8.601  -28.974  67.764 0.0000000000
44812  -8.078  -29.301  67.115 0.0000000000
43821  -6.969  -30.643  66.046 0.0000000000
44764  -7.335  -29.469  70.062 0.0000000000
43820  -6.360  -31.307  65.667 0.0000000000
42755  -5.676  -31.867  66.136 0.0000000000
42754  -5.100  -32.202  66.661 0.0000000000
41693  -3.673  -33.291  67.455 0.0000000000
41640  -3.498  -33.414  69.357 0.0000000000
42709  -4.050  -32.456  69.930 0.0000000000
41641  -3.933  -33.053  69.938 0.0000000000
67384  -39.781  -10.081  67.738 0.0000000000
67400  -38.303  -9.449  67.158 0.0000000000
60602  -39.445  -16.371  68.331 0.0000000000
62766  -39.395  -13.564  62.456 0.0000000000
62753  -39.583  -13.315  63.582 0.0000000000
63808  -38.828  -11.944  63.164 0.0000000000
63776  -39.498  -12.685  65.364 0.0000000000
63761  -39.448  -12.660  66.293 0.0000000000
64910  -39.208  -11.656  66.603 0.0000000000
66205  -38.180  -10.825  65.271 0.0000000000
66186  -38.022  -10.434  65.771 0.0000000000
66168  -38.167  -10.304  66.475 0.0000000000
66185  -37.648  -9.869  65.887 0.0000000000
67435  -37.327  -9.214  64.723 0.0000000000
68578  -36.509  -9.146  63.190 0.0000000000
67473  -36.196  -9.469  62.450 0.0000000000
66215  -35.911  -9.997  62.529 0.0000000000
67472  -35.745  -9.777  62.054 0.0000000000
67485  -35.950  -9.424  61.716 0.0000000000
67543  -35.711  -10.049  58.551 0.0000000000
66253  -34.215  -10.568  59.831 0.0000000000
67517  -34.467  -10.295  59.078 0.0000000000
67563  -34.388  -10.726  57.211 0.0000000000
67542  -34.909  -10.194  58.335 0.0000000000
67589  -35.940  -10.296  56.732 0.0000000000
66352  -35.945  -10.922  55.867 0.0000000000
65064  -35.241  -11.357  55.055 0.0000000000
65128  -35.369  -11.723  52.341 0.0000000000
62826  -34.436  -13.283  54.883 0.0000000000
63907  -32.824  -12.548  54.425 0.0000000000
65074  -32.464  -12.298  54.092 0.0000000000
65096  -32.238  -12.351  53.527 0.0000000000
65097  -32.321  -11.959  53.889 0.0000000000
66446  -32.711  -11.672  52.262 0.0000000000
66431  -33.135  -11.518  52.648 0.0000000000
65125  -33.180  -11.549  52.416 0.0000000000
65148  -33.643  -11.801  51.613 0.0000000000
65176  -34.692  -12.480  50.359 0.0000000000
51576  -18.533  -23.837  68.708 0.0000000000
53948  -21.164  -22.658  59.243 0.0000000000
53930  -21.649  -23.288  60.339 0.0000000000
53913  -21.935  -23.601  61.600 0.0000000000
52787  -22.084  -23.774  62.201 0.0000000000
51654  -22.707  -24.414  63.102 0.0000000000
51643  -22.977  -24.704  63.939 0.0000000000
50409  -24.820  -25.832  66.902 0.0000000000
50565  -27.331  -25.452  59.676 0.0000000000
49377  -26.338  -25.678  59.881 0.0000000000
49361  -26.316  -25.884  60.566 0.0000000000
49309  -29.775  -25.915  63.173 0.0000000000
48173  -28.574  -27.268  63.821 0.0000000000
48188  -28.041  -26.678  62.962 0.0000000000
49327  -27.647  -26.325  62.217 0.0000000000
48187  -27.160  -26.858  62.744 0.0000000000
48186  -26.414  -26.683  62.766 0.0000000000
49325  -25.736  -26.179  62.325 0.0000000000
48156  -25.533  -26.469  64.305 0.0000000000
48145  -25.393  -26.243  64.939 0.0000000000
48131  -26.359  -26.931  66.421 0.0000000000
49273  -25.775  -26.273  66.166 0.0000000000
49272  -25.254  -25.975  65.565 0.0000000000
49254  -25.466  -25.961  66.492 0.0000000000
49210  -25.294  -26.605  68.543 0.0000000000
46922  -25.643  -27.246  69.398 0.0000000000
45855  -26.023  -27.963  69.688 0.0000000000
48016  -26.293  -26.702  70.215 0.0000000000
45840  -26.250  -27.594  70.263 0.0000000000
44788  -26.523  -28.605  70.029 0.0000000000
48019  -28.414  -26.817  71.168 0.0000000000
46888  -28.521  -27.424  71.405 0.0000000000
45977  -9.273  -29.001  62.257 0.0000000000
45943  -10.068  -28.569  64.122 0.0000000000
47089  -13.168  -27.308  61.416 0.0000000000
47067  -11.449  -27.993  62.823 0.0000000000
45930  -10.204  -28.431  64.963 0.0000000000
46982  -10.722  -27.547  66.854 0.0000000000
51554  -13.706  -23.679  70.092 0.0000000000
65151  -36.437  -11.831  51.336 0.0000000000
65130  -37.173  -11.734  52.245 0.0000000000
65103  -37.859  -11.658  53.184 0.0000000000
65131  -38.102  -11.650  52.213 0.0000000000
66411  -38.636  -11.420  53.669 0.0000000000
66356  -39.734  -10.505  55.198 0.0000000000
66329  -40.217  -10.166  55.759 0.0000000000
67635  -39.803  -10.343  52.855 0.0000000000
67636  -40.367  -9.618  53.084 0.0000000000
66413  -40.025  -10.323  53.464 0.0000000000
69768  -41.834  -7.877  57.710 0.0000000000
68677  -42.051  -8.143  57.182 0.0000000000
71003  -42.069  -6.574  51.380 0.0000000000
70990  -41.620  -6.530  52.064 0.0000000000
68735  -43.536  -8.516  54.768 0.0000000000
79638  -51.145  1.259  47.696 0.0000000000
80739  -51.904  2.682  47.440 0.0000000000
81816  -52.420  3.238  47.589 0.0000000000
80777  -49.677  2.447  43.663 0.0000000000
81849  -50.078  2.705  44.292 0.0000000000
81838  -50.409  2.815  45.014 0.0000000000
82944  -50.997  3.194  45.094 0.0000000000
81841  -52.206  3.372  46.377 0.0000000000
81817  -53.071  3.620  47.378 0.0000000000
81818  -53.648  3.572  47.265 0.0000000000
80741  -54.053  3.589  47.066 0.0000000000
80751  -54.374  3.551  46.526 0.0000000000
81832  -54.346  4.169  46.294 0.0000000000
80761  -54.298  2.543  45.837 0.0000000000
79661  -54.280  2.281  45.431 0.0000000000
81878  -53.433  3.345  43.591 0.0000000000
81866  -54.772  3.893  43.674 0.0000000000
82970  -55.173  4.076  44.099 0.0000000000
80794  -56.870  2.405  41.643 0.0000000000
39716  -3.127  -34.629  68.189 0.0000000000
40640  -3.182  -33.824  69.252 0.0000000000
40641  -3.618  -33.841  69.317 0.0000000000
40655  -2.934  -34.163  68.840 0.0000000000
40673  -3.008  -33.989  68.125 0.0000000000
41659  -3.196  -33.488  68.992 0.0000000000
42772  -6.402  -31.540  64.527 0.0000000000
44801  -25.575  -28.969  68.854 0.0000000000
44802  -25.877  -28.558  69.248 0.0000000000
44845  -8.702  -29.304  65.333 0.0000000000
45825  -27.558  -28.114  70.920 0.0000000000
45842  -27.068  -28.560  70.520 0.0000000000
45856  -26.338  -28.365  69.948 0.0000000000
45897  -8.725  -29.039  66.283 0.0000000000
45958  -9.865  -28.653  63.464 0.0000000000
46885  -26.400  -26.912  70.439 0.0000000000
46893  -8.640  -28.061  70.644 0.0000000000
46903  -26.378  -27.453  70.427 0.0000000000
46924  -28.497  -26.944  69.340 0.0000000000
46947  -25.410  -27.801  68.927 0.0000000000
46948  -27.864  -27.365  68.519 0.0000000000
46967  -22.487  -27.292  67.738 0.0000000000
46973  -30.253  -27.175  67.574 0.0000000000
46981  -10.103  -27.925  67.189 0.0000000000
46993  -27.422  -27.789  66.516 0.0000000000
47017  -26.523  -27.547  65.520 0.0000000000
47058  -27.694  -27.767  64.136 0.0000000000
47132  -13.622  -27.220  60.184 0.0000000000
48020  -29.281  -26.753  71.285 0.0000000000
48022  -30.477  -26.832  71.379 0.0000000000
48041  -26.016  -26.544  69.832 0.0000000000
48065  -25.437  -26.878  69.020 0.0000000000
48091  -26.509  -26.208  68.376 0.0000000000
48094  -29.505  -26.664  69.212 0.0000000000
48132  -26.878  -27.409  66.556 0.0000000000
48147  -29.785  -27.693  65.729 0.0000000000
48158  -28.639  -27.767  64.566 0.0000000000
48190  -29.429  -26.114  63.190 0.0000000000
49154  -29.767  -26.665  71.228 0.0000000000
49171  -26.137  -26.307  69.362 0.0000000000
49190  -25.587  -26.614  69.104 0.0000000000
49191  -25.808  -26.398  69.185 0.0000000000
49212  -25.960  -25.902  68.138 0.0000000000
49253  -22.867  -25.350  66.185 0.0000000000
49277  -33.967  -25.253  65.403 0.0000000000
49312  -31.915  -25.595  63.873 0.0000000000
49326  -26.770  -26.457  62.095 0.0000000000
49331  -30.727  -25.497  63.000 0.0000000000
49348  -29.685  -25.524  62.124 0.0000000000
49364  -28.514  -25.614  61.117 0.0000000000
49378  -26.766  -25.746  60.171 0.0000000000
50370  -31.966  -24.802  68.963 0.0000000000
50426  -17.502  -24.331  66.504 0.0000000000
50479  -16.009  -24.889  64.395 0.0000000000
50571  -33.570  -24.029  59.254 0.0000000000
51605  -17.266  -24.225  67.515 0.0000000000
51626  -22.100  -24.278  64.509 0.0000000000
51646  -37.454  -23.086  64.457 0.0000000000
51728  -23.476  -24.000  59.041 0.0000000000
51730  -24.886  -24.791  58.271 0.0000000000
52786  -21.562  -23.568  62.375 0.0000000000
52788  -22.563  -24.095  62.456 0.0000000000
52885  -22.482  -23.230  58.934 0.0000000000
53869  -39.356  -20.731  65.173 0.0000000000
53883  -39.065  -21.203  63.998 0.0000000000
53893  -21.533  -23.502  61.841 0.0000000000
53912  -21.604  -23.478  61.203 0.0000000000
56079  -39.715  -19.316  64.550 0.0000000000
61783  -37.222  -14.321  57.407 0.0000000000
63840  -35.421  -11.926  60.958 0.0000000000
63873  -33.982  -12.007  57.838 0.0000000000
63883  -33.432  -12.176  56.789 0.0000000000
63906  -32.570  -12.500  54.153 0.0000000000
64891  -38.950  -10.590  67.133 0.0000000000
65015  -34.805  -11.612  60.795 0.0000000000
65029  -34.344  -11.535  59.108 0.0000000000
65054  -33.405  -11.999  55.249 0.0000000000
65055  -33.481  -12.054  55.728 0.0000000000
65075  -32.649  -11.957  54.430 0.0000000000
65098  -33.863  -11.446  53.177 0.0000000000
66149  -38.082  -9.658  67.029 0.0000000000
66323  -33.512  -11.760  55.434 0.0000000000
66429  -32.174  -11.985  53.003 0.0000000000
66447  -33.012  -11.619  52.174 0.0000000000
67460  -36.408  -9.471  63.255 0.0000000000
67461  -36.654  -9.111  63.790 0.0000000000
67607  -33.762  -11.175  55.808 0.0000000000
68589  -36.463  -9.146  62.899 0.0000000000
68590  -36.730  -8.848  62.712 0.0000000000
68796  -41.810  -8.268  50.067 0.0000000000
68822  -42.485  -8.383  48.364 0.0000000000
69675  -37.018  -8.533  63.400 0.0000000000
69872  -40.967  -7.891  52.039 0.0000000000
69925  -44.146  -7.097  49.073 0.0000000000
69964  -44.159  -7.269  48.065 0.0000000000
72154  -41.831  -5.746  52.340 0.0000000000
72231  -45.125  -6.119  47.128 0.0000000000
72248  -46.117  -5.401  47.125 0.0000000000
72269  -45.362  -5.531  46.109 0.0000000000
73240  -45.990  -4.968  48.906 0.0000000000
73241  -46.531  -4.613  48.727 0.0000000000
73242  -47.022  -4.364  48.375 0.0000000000
73260  -46.008  -5.170  46.391 0.0000000000
74151  -43.279  -3.754  53.300 0.0000000000
74174  -42.732  -4.058  52.680 0.0000000000
74230  -48.151  -3.264  47.587 0.0000000000
74238  -48.268  -2.991  47.037 0.0000000000
75174  -45.343  -2.621  53.942 0.0000000000
75175  -46.132  -2.615  53.981 0.0000000000
75185  -45.070  -1.949  52.925 0.0000000000
75205  -44.444  -3.259  51.900 0.0000000000
75222  -46.534  -2.836  50.434 0.0000000000
75225  -48.730  -2.047  49.386 0.0000000000
76241  -45.490  -2.013  54.280 0.0000000000
76242  -45.743  -1.955  54.228 0.0000000000
76256  -44.882  -2.100  54.077 0.0000000000
76257  -45.172  -1.984  54.214 0.0000000000
76258  -45.816  -1.838  53.905 0.0000000000
76271  -44.821  -2.026  53.795 0.0000000000
76274  -47.008  -1.767  53.020 0.0000000000
76283  -45.556  -1.945  52.859 0.0000000000
77341  -49.773  -1.182  53.174 0.0000000000
77429  -49.950  -0.823  48.011 0.0000000000
77451  -50.173  -0.187  47.090 0.0000000000
78485  -51.472  0.433  50.701 0.0000000000
78550  -49.642  0.482  45.985 0.0000000000
79627  -53.422  2.061  49.245 0.0000000000
79645  -49.738  1.097  45.683 0.0000000000
80748  -50.914  2.429  45.973 0.0000000000
80770  -49.796  2.508  44.656 0.0000000000
80786  -50.104  2.625  43.752 0.0000000000
80793  -56.616  2.507  42.325 0.0000000000
80804  -55.993  3.368  41.046 0.0000000000
81797  -52.843  3.172  48.123 0.0000000000
81819  -54.173  4.052  46.882 0.0000000000
81829  -51.413  2.903  46.077 0.0000000000
81831  -52.532  3.554  46.852 0.0000000000
81840  -51.733  3.206  45.927 0.0000000000
81843  -55.121  3.789  45.048 0.0000000000
81850  -50.325  2.807  44.660 0.0000000000
81851  -50.586  2.980  44.955 0.0000000000
81860  -49.977  2.653  44.056 0.0000000000
81863  -51.770  3.240  43.931 0.0000000000
81874  -50.006  2.878  44.111 0.0000000000
81875  -50.438  2.855  43.842 0.0000000000
82922  -53.205  3.865  47.082 0.0000000000
82923  -53.402  3.985  47.038 0.0000000000
82924  -53.788  4.219  46.943 0.0000000000
82953  -50.573  2.989  44.837 0.0000000000
82957  -53.720  4.337  45.006 0.0000000000
82958  -54.448  4.336  44.922 0.0000000000
82959  -55.035  4.147  44.680 0.0000000000
82964  -50.632  3.070  44.601 0.0000000000
82965  -50.996  3.335  44.486 0.0000000000
82968  -54.119  4.244  44.596 0.0000000000
