#!ascii label  , from subject sub.01.bl.01 vox2ras=TkReg
780
48034  -14.739  -25.919  70.115 0.0000000000
58348  -38.896  -17.753  68.790 0.0000000000
68542  -37.784  -8.651  66.035 0.0000000000
70871  -44.864  -5.621  59.631 0.0000000000
54898  -36.971  -21.463  69.365 0.0000000000
70843  -40.789  -6.256  62.158 0.0000000000
72157  -44.575  -5.495  52.428 0.0000000000
74168  -48.834  -3.203  52.556 0.0000000000
56054  -42.531  -19.370  66.574 0.0000000000
61679  -43.110  -14.126  66.338 0.0000000000
63745  -39.578  -12.608  67.153 0.0000000000
51497  -16.353  -23.828  72.938 0.0000000000
49140  -19.830  -25.964  72.376 0.0000000000
44755  -22.843  -29.772  71.733 0.0000000000
42690  -26.733  -31.295  70.849 0.0000000000
45857  -31.511  -28.766  69.990 0.0000000000
48118  -36.052  -26.329  68.219 0.0000000000
50413  -40.479  -24.285  67.780 0.0000000000
66206  -41.916  -10.133  64.592 0.0000000000
74179  -50.257  -3.057  52.139 0.0000000000
57185  -40.607  -18.322  68.499 0.0000000000
59423  -40.518  -16.429  68.524 0.0000000000
60582  -39.718  -16.055  68.572 0.0000000000
51557  -16.454  -23.534  69.896 0.0000000000
50325  -18.339  -24.504  72.938 0.0000000000
49175  -32.736  -25.505  70.653 0.0000000000
46952  -34.321  -27.180  68.871 0.0000000000
49177  -34.760  -25.038  70.292 0.0000000000
56023  -38.038  -19.764  68.543 0.0000000000
52695  -38.374  -22.429  69.176 0.0000000000
54916  -39.319  -20.555  69.130 0.0000000000
52709  -41.379  -22.248  67.372 0.0000000000
66152  -40.292  -10.313  67.719 0.0000000000
64929  -43.192  -11.825  65.327 0.0000000000
68546  -40.853  -8.431  66.363 0.0000000000
72034  -42.398  -5.647  61.008 0.0000000000
71963  -43.316  -5.123  63.911 0.0000000000
72019  -45.068  -5.198  61.981 0.0000000000
72040  -46.813  -5.718  60.181 0.0000000000
69891  -46.399  -7.857  51.507 0.0000000000
69876  -45.534  -7.785  52.739 0.0000000000
52692  -34.961  -23.170  68.991 0.0000000000
69751  -41.677  -7.632  58.410 0.0000000000
72159  -46.383  -4.694  52.058 0.0000000000
71052  -47.792  -6.802  49.814 0.0000000000
73232  -49.778  -4.538  49.877 0.0000000000
54979  -44.050  -20.507  64.851 0.0000000000
59485  -42.456  -16.836  66.415 0.0000000000
62679  -40.927  -13.653  68.384 0.0000000000
49135  -15.887  -24.913  72.307 0.0000000000
45821  -20.384  -28.974  71.685 0.0000000000
45814  -21.426  -28.399  72.498 0.0000000000
43757  -21.799  -30.674  71.930 0.0000000000
41635  -23.687  -32.501  71.253 0.0000000000
40651  -26.246  -33.258  70.663 0.0000000000
40654  -28.627  -33.088  70.159 0.0000000000
44775  -29.665  -29.571  70.774 0.0000000000
44818  -32.954  -30.216  68.022 0.0000000000
50375  -36.765  -23.974  69.748 0.0000000000
49239  -38.780  -25.232  67.829 0.0000000000
48138  -40.224  -26.743  66.653 0.0000000000
49261  -41.974  -24.753  66.525 0.0000000000
51616  -43.341  -22.817  65.296 0.0000000000
71945  -41.261  -6.181  65.014 0.0000000000
68737  -45.110  -8.236  55.005 0.0000000000
70911  -46.652  -5.803  57.765 0.0000000000
49149  -14.190  -25.444  71.439 0.0000000000
57150  -39.596  -17.794  69.748 0.0000000000
59401  -39.932  -16.995  69.347 0.0000000000
59444  -39.433  -16.884  68.805 0.0000000000
50353  -32.600  -24.847  70.047 0.0000000000
49176  -33.887  -25.283  70.325 0.0000000000
50373  -33.929  -24.390  69.865 0.0000000000
57184  -38.530  -18.882  68.499 0.0000000000
55999  -38.778  -20.359  69.764 0.0000000000
56011  -39.625  -19.220  69.402 0.0000000000
54917  -39.837  -20.110  68.823 0.0000000000
67420  -40.241  -9.261  67.551 0.0000000000
68544  -39.229  -8.327  66.831 0.0000000000
72055  -43.520  -5.512  60.192 0.0000000000
73104  -43.703  -4.769  61.580 0.0000000000
72038  -45.181  -4.958  61.107 0.0000000000
70846  -46.114  -6.182  61.482 0.0000000000
72058  -45.776  -5.190  60.179 0.0000000000
68767  -47.891  -8.682  52.079 0.0000000000
69878  -47.373  -8.319  52.584 0.0000000000
68755  -48.652  -8.605  53.354 0.0000000000
75168  -46.507  -2.010  54.037 0.0000000000
74167  -47.586  -3.474  52.745 0.0000000000
72171  -47.506  -4.941  51.270 0.0000000000
73215  -48.245  -4.989  51.111 0.0000000000
71028  -48.570  -6.201  50.134 0.0000000000
73198  -49.138  -4.270  51.625 0.0000000000
73217  -49.975  -4.077  50.747 0.0000000000
54953  -43.860  -19.774  65.930 0.0000000000
56056  -44.108  -19.043  65.841 0.0000000000
57216  -42.611  -18.354  66.411 0.0000000000
62663  -40.267  -14.493  68.330 0.0000000000
61636  -40.849  -14.792  68.533 0.0000000000
62678  -40.417  -13.624  68.302 0.0000000000
64877  -40.059  -11.305  67.692 0.0000000000
64910  -39.208  -11.656  66.603 0.0000000000
49136  -16.935  -25.346  72.377 0.0000000000
49127  -17.272  -24.908  72.988 0.0000000000
50326  -19.097  -25.165  72.645 0.0000000000
46901  -22.163  -28.433  70.966 0.0000000000
45823  -22.328  -28.996  71.987 0.0000000000
44747  -21.696  -29.537  72.621 0.0000000000
43748  -22.095  -30.439  72.357 0.0000000000
42686  -22.856  -31.509  71.548 0.0000000000
42675  -23.051  -31.086  71.949 0.0000000000
41638  -26.368  -32.449  70.975 0.0000000000
40652  -27.102  -33.348  70.588 0.0000000000
42705  -28.125  -31.785  70.464 0.0000000000
46904  -31.321  -27.761  71.021 0.0000000000
45828  -30.093  -28.338  71.307 0.0000000000
44776  -30.301  -29.412  70.510 0.0000000000
43781  -30.127  -30.501  69.982 0.0000000000
44790  -31.320  -29.596  69.435 0.0000000000
43798  -32.044  -30.967  68.648 0.0000000000
44791  -31.970  -29.421  68.988 0.0000000000
46953  -34.947  -26.781  68.692 0.0000000000
46975  -34.160  -27.928  67.545 0.0000000000
46998  -35.146  -27.768  66.742 0.0000000000
48135  -37.502  -26.671  66.939 0.0000000000
52674  -35.709  -23.168  70.137 0.0000000000
52676  -36.873  -22.655  70.280 0.0000000000
51582  -38.870  -23.236  68.579 0.0000000000
50392  -38.592  -24.037  68.548 0.0000000000
50393  -39.485  -24.081  68.189 0.0000000000
48122  -39.836  -25.989  67.074 0.0000000000
49241  -40.362  -25.315  67.425 0.0000000000
49242  -41.104  -25.029  67.381 0.0000000000
53835  -41.737  -20.799  67.013 0.0000000000
52710  -42.230  -22.384  66.955 0.0000000000
53837  -43.470  -21.429  66.142 0.0000000000
53854  -43.692  -21.397  65.319 0.0000000000
51540  -15.225  -23.315  70.755 0.0000000000
52656  -15.355  -23.030  72.181 0.0000000000
51496  -15.194  -23.435  73.201 0.0000000000
60645  -44.284  -15.526  65.269 0.0000000000
61698  -44.477  -14.714  65.039 0.0000000000
66207  -42.679  -10.947  64.978 0.0000000000
70828  -39.876  -6.681  63.579 0.0000000000
71959  -40.189  -6.238  64.870 0.0000000000
71979  -40.849  -5.668  63.940 0.0000000000
70831  -43.586  -6.285  63.141 0.0000000000
70830  -43.060  -6.407  63.557 0.0000000000
69843  -46.422  -7.465  54.809 0.0000000000
69860  -45.212  -8.062  53.934 0.0000000000
69826  -46.514  -7.243  55.875 0.0000000000
69803  -46.428  -6.963  56.803 0.0000000000
70939  -47.259  -6.291  57.158 0.0000000000
70892  -47.637  -6.126  58.348 0.0000000000
75178  -49.652  -1.997  53.730 0.0000000000
74178  -49.583  -3.515  52.164 0.0000000000
76288  -51.025  -1.514  52.979 0.0000000000
76303  -51.051  -1.532  52.300 0.0000000000
56038  -41.150  -19.243  67.520 0.0000000000
58368  -41.428  -17.310  67.371 0.0000000000
58329  -40.480  -17.367  68.858 0.0000000000
60559  -40.055  -15.814  68.659 0.0000000000
61650  -39.790  -14.988  68.092 0.0000000000
51527  -16.638  -23.415  71.735 0.0000000000
51512  -17.854  -23.846  72.814 0.0000000000
50351  -19.652  -25.005  71.279 0.0000000000
46905  -32.109  -27.577  70.567 0.0000000000
45859  -32.856  -28.126  69.056 0.0000000000
48047  -33.515  -26.350  70.322 0.0000000000
48073  -34.495  -26.465  69.562 0.0000000000
48074  -35.480  -25.612  69.696 0.0000000000
54899  -37.496  -20.960  69.474 0.0000000000
54886  -37.606  -21.491  69.794 0.0000000000
53771  -38.257  -21.207  69.922 0.0000000000
53799  -38.591  -21.751  69.294 0.0000000000
52697  -39.786  -22.168  68.256 0.0000000000
51598  -40.808  -23.068  67.751 0.0000000000
53816  -40.328  -20.854  68.163 0.0000000000
54933  -40.561  -20.096  68.159 0.0000000000
51556  -15.526  -23.578  69.950 0.0000000000
63746  -41.911  -12.607  67.409 0.0000000000
63762  -43.212  -12.792  66.192 0.0000000000
64911  -42.015  -11.428  66.636 0.0000000000
67437  -41.414  -9.288  66.137 0.0000000000
68558  -41.183  -8.280  65.642 0.0000000000
70844  -41.420  -6.153  61.633 0.0000000000
71980  -41.955  -5.250  63.540 0.0000000000
73091  -42.972  -4.744  62.274 0.0000000000
72001  -44.304  -5.201  62.770 0.0000000000
71006  -45.521  -6.822  51.363 0.0000000000
69889  -45.018  -7.385  52.129 0.0000000000
69877  -46.523  -8.008  52.515 0.0000000000
69844  -47.357  -7.659  54.629 0.0000000000
58367  -38.823  -18.054  67.699 0.0000000000
57199  -38.571  -18.963  67.553 0.0000000000
69651  -37.983  -8.216  65.226 0.0000000000
69722  -40.160  -7.506  60.539 0.0000000000
70867  -41.317  -6.911  60.382 0.0000000000
69738  -42.157  -6.927  59.233 0.0000000000
70888  -43.478  -6.410  59.102 0.0000000000
73186  -45.270  -4.762  52.547 0.0000000000
72185  -46.281  -6.306  50.852 0.0000000000
69906  -47.176  -7.367  50.252 0.0000000000
68799  -48.407  -8.294  50.321 0.0000000000
73199  -49.891  -4.087  51.466 0.0000000000
72189  -50.024  -5.331  50.673 0.0000000000
56080  -44.493  -18.840  64.886 0.0000000000
58398  -44.287  -17.237  65.296 0.0000000000
60625  -43.015  -15.034  66.448 0.0000000000
59467  -41.950  -16.290  66.924 0.0000000000
60605  -42.189  -15.139  66.968 0.0000000000
62693  -42.189  -13.439  67.134 0.0000000000
63732  -41.224  -12.570  67.964 0.0000000000
66132  -39.744  -10.593  67.599 0.0000000000
60624  -39.113  -15.607  66.954 0.0000000000
61678  -39.413  -14.523  67.108 0.0000000000
64928  -39.195  -11.858  65.738 0.0000000000
49150  -15.369  -25.198  71.602 0.0000000000
49151  -16.326  -25.396  71.792 0.0000000000
44783  -20.900  -29.606  69.996 0.0000000000
50369  -19.781  -24.589  69.931 0.0000000000
49153  -20.171  -25.690  71.778 0.0000000000
46873  -20.414  -27.393  72.460 0.0000000000
44754  -20.897  -29.584  72.095 0.0000000000
41671  -24.176  -32.876  69.892 0.0000000000
40666  -25.120  -33.212  69.829 0.0000000000
43778  -27.459  -29.476  70.663 0.0000000000
44758  -28.521  -29.106  70.931 0.0000000000
43764  -28.503  -30.135  70.693 0.0000000000
42706  -28.849  -31.510  70.339 0.0000000000
41673  -29.766  -32.784  69.702 0.0000000000
46974  -33.412  -28.521  67.967 0.0000000000
51546  -35.285  -23.806  70.138 0.0000000000
49179  -36.018  -24.627  70.039 0.0000000000
49216  -36.857  -24.958  69.145 0.0000000000
51567  -37.507  -23.241  69.590 0.0000000000
49199  -37.594  -24.488  69.086 0.0000000000
48100  -37.582  -25.648  68.353 0.0000000000
48136  -38.437  -26.757  66.835 0.0000000000
48137  -39.395  -26.818  66.796 0.0000000000
50455  -41.903  -25.028  64.996 0.0000000000
50415  -42.158  -23.769  67.087 0.0000000000
50435  -42.316  -24.205  66.535 0.0000000000
50456  -42.390  -24.282  65.229 0.0000000000
51647  -42.762  -23.220  64.332 0.0000000000
50316  -14.759  -24.061  73.287 0.0000000000
69653  -39.375  -7.081  65.796 0.0000000000
69654  -40.850  -6.923  65.680 0.0000000000
68568  -41.368  -7.893  64.932 0.0000000000
70798  -42.335  -5.997  64.508 0.0000000000
69666  -41.866  -6.976  64.451 0.0000000000
67462  -41.598  -9.141  63.956 0.0000000000
69769  -42.411  -7.716  57.817 0.0000000000
69753  -44.054  -7.002  58.555 0.0000000000
69875  -44.491  -7.533  52.674 0.0000000000
69859  -43.913  -8.057  53.296 0.0000000000
68702  -45.001  -7.985  56.336 0.0000000000
69772  -45.923  -6.624  57.625 0.0000000000
70890  -45.804  -5.657  58.711 0.0000000000
72060  -47.156  -5.598  59.523 0.0000000000
57149  -39.186  -17.955  69.859 0.0000000000
58308  -39.422  -17.445  69.620 0.0000000000
58328  -39.068  -17.539  69.489 0.0000000000
50371  -32.634  -24.596  69.304 0.0000000000
50372  -33.401  -24.462  69.620 0.0000000000
50390  -33.386  -24.386  68.895 0.0000000000
57166  -38.919  -18.490  69.513 0.0000000000
57167  -39.414  -18.483  69.696 0.0000000000
68526  -37.922  -8.942  66.904 0.0000000000
68528  -39.506  -8.997  67.400 0.0000000000
68543  -38.418  -8.448  66.584 0.0000000000
70870  -43.889  -5.806  59.619 0.0000000000
72056  -44.237  -5.348  60.250 0.0000000000
72057  -45.015  -5.222  60.290 0.0000000000
70872  -45.555  -5.396  59.675 0.0000000000
68768  -48.704  -8.920  52.591 0.0000000000
74157  -49.130  -2.446  53.318 0.0000000000
73189  -48.277  -3.927  52.058 0.0000000000
73197  -48.036  -4.640  51.401 0.0000000000
73216  -48.695  -5.018  51.208 0.0000000000
74177  -49.175  -3.677  52.050 0.0000000000
54952  -43.235  -20.303  66.361 0.0000000000
56055  -43.398  -19.214  66.187 0.0000000000
62677  -40.046  -14.127  68.139 0.0000000000
62664  -40.562  -14.307  68.380 0.0000000000
63730  -40.025  -12.602  67.932 0.0000000000
51498  -17.289  -24.027  73.015 0.0000000000
50327  -19.456  -25.591  72.489 0.0000000000
49139  -19.399  -25.915  72.642 0.0000000000
44748  -22.220  -29.633  72.468 0.0000000000
43749  -22.725  -30.546  72.041 0.0000000000
42674  -22.768  -31.059  71.965 0.0000000000
43761  -26.249  -31.025  71.013 0.0000000000
42689  -25.792  -31.656  71.120 0.0000000000
41639  -27.011  -31.917  70.723 0.0000000000
42691  -27.665  -31.260  70.644 0.0000000000
45844  -31.203  -28.468  70.648 0.0000000000
45829  -30.817  -28.149  71.165 0.0000000000
44777  -30.958  -29.155  70.110 0.0000000000
44789  -30.613  -29.796  69.887 0.0000000000
44803  -31.760  -30.109  68.861 0.0000000000
46976  -35.279  -26.915  67.866 0.0000000000
46977  -36.153  -26.586  67.603 0.0000000000
46999  -36.414  -27.147  66.687 0.0000000000
48119  -36.897  -26.289  67.769 0.0000000000
53768  -36.484  -22.371  70.111 0.0000000000
53782  -36.552  -21.843  69.675 0.0000000000
51583  -39.745  -23.226  68.143 0.0000000000
49220  -39.829  -24.762  67.825 0.0000000000
54951  -42.194  -20.200  66.826 0.0000000000
53836  -42.580  -21.349  66.685 0.0000000000
51526  -15.647  -23.187  71.627 0.0000000000
52668  -15.230  -23.034  71.822 0.0000000000
51510  -15.839  -23.296  72.560 0.0000000000
61680  -43.614  -14.440  65.923 0.0000000000
61697  -44.094  -14.768  65.499 0.0000000000
66220  -42.372  -10.998  64.148 0.0000000000
66219  -41.581  -10.201  63.644 0.0000000000
70842  -40.050  -6.880  62.564 0.0000000000
70812  -40.300  -6.178  63.947 0.0000000000
70829  -40.513  -6.167  63.194 0.0000000000
72156  -43.757  -5.907  52.884 0.0000000000
69827  -47.285  -7.308  55.742 0.0000000000
69804  -47.059  -6.802  56.568 0.0000000000
57186  -40.737  -17.929  68.243 0.0000000000
59421  -39.801  -16.587  68.978 0.0000000000
59422  -40.126  -16.616  68.972 0.0000000000
60558  -39.889  -15.885  68.699 0.0000000000
61634  -39.960  -15.081  68.520 0.0000000000
51542  -17.126  -23.467  70.797 0.0000000000
50350  -19.177  -24.323  70.822 0.0000000000
49174  -31.565  -25.569  70.361 0.0000000000
49157  -31.779  -25.991  70.977 0.0000000000
46892  -31.580  -27.191  71.049 0.0000000000
48046  -32.272  -26.567  70.812 0.0000000000
46906  -32.802  -26.985  70.447 0.0000000000
48048  -34.557  -25.678  70.098 0.0000000000
56008  -37.712  -20.190  69.106 0.0000000000
54887  -38.063  -20.945  69.938 0.0000000000
54900  -38.003  -20.427  69.583 0.0000000000
54901  -39.021  -20.532  69.721 0.0000000000
53800  -39.034  -21.311  68.997 0.0000000000
53801  -39.754  -21.121  68.504 0.0000000000
56024  -40.270  -19.187  68.832 0.0000000000
56037  -40.687  -19.256  68.053 0.0000000000
51541  -16.120  -23.384  70.791 0.0000000000
64893  -41.445  -11.634  67.289 0.0000000000
64894  -42.170  -12.023  66.895 0.0000000000
66153  -40.730  -10.609  67.476 0.0000000000
67421  -40.755  -9.457  67.067 0.0000000000
72015  -42.068  -5.609  61.717 0.0000000000
72000  -42.510  -5.120  62.160 0.0000000000
72016  -42.801  -5.180  61.531 0.0000000000
73105  -44.426  -4.799  61.956 0.0000000000
72018  -44.522  -5.051  62.373 0.0000000000
70832  -44.269  -5.867  62.748 0.0000000000
70845  -45.462  -6.009  61.939 0.0000000000
69904  -45.975  -7.319  51.240 0.0000000000
69890  -45.667  -7.525  51.829 0.0000000000
69723  -40.854  -7.203  60.393 0.0000000000
69739  -42.663  -6.629  59.167 0.0000000000
69752  -42.820  -7.070  58.687 0.0000000000
74166  -46.502  -3.701  52.891 0.0000000000
74154  -45.732  -3.350  53.349 0.0000000000
73181  -45.612  -3.915  53.048 0.0000000000
73187  -45.929  -4.315  52.621 0.0000000000
72158  -45.786  -5.076  52.103 0.0000000000
71027  -47.542  -6.476  50.091 0.0000000000
72186  -46.765  -5.907  50.735 0.0000000000
68798  -47.460  -8.031  50.524 0.0000000000
69907  -47.815  -7.706  50.112 0.0000000000
69927  -48.406  -7.531  49.884 0.0000000000
72188  -49.111  -5.504  50.663 0.0000000000
73200  -50.113  -3.611  51.532 0.0000000000
54995  -43.640  -20.215  63.757 0.0000000000
54980  -44.219  -19.592  64.498 0.0000000000
58383  -42.915  -17.413  66.164 0.0000000000
57231  -44.176  -17.881  65.597 0.0000000000
58384  -43.657  -17.274  65.686 0.0000000000
59486  -42.991  -16.278  66.144 0.0000000000
59446  -40.950  -16.463  67.865 0.0000000000
61651  -41.156  -14.485  68.056 0.0000000000
61664  -41.762  -14.327  67.365 0.0000000000
62692  -41.542  -13.488  67.806 0.0000000000
64892  -39.530  -11.257  67.287 0.0000000000
48010  -15.961  -25.639  71.051 0.0000000000
45835  -19.912  -28.240  71.190 0.0000000000
45836  -20.415  -28.979  70.592 0.0000000000
46874  -21.002  -27.938  72.503 0.0000000000
46868  -20.633  -27.993  72.622 0.0000000000
45806  -21.109  -28.488  72.669 0.0000000000
43747  -21.601  -29.822  72.520 0.0000000000
43756  -21.457  -30.039  72.308 0.0000000000
43771  -21.323  -30.223  71.788 0.0000000000
43772  -21.789  -30.663  71.013 0.0000000000
43773  -22.330  -31.057  70.236 0.0000000000
41634  -23.192  -32.141  70.950 0.0000000000
41653  -23.664  -32.720  70.549 0.0000000000
40648  -23.956  -33.033  70.648 0.0000000000
40639  -25.785  -32.927  71.154 0.0000000000
40638  -25.229  -33.088  71.204 0.0000000000
40650  -25.249  -33.249  70.586 0.0000000000
40667  -26.184  -33.632  69.957 0.0000000000
39711  -26.585  -33.581  70.281 0.0000000000
40653  -28.042  -33.452  70.285 0.0000000000
40669  -28.470  -33.988  70.064 0.0000000000
39714  -28.695  -34.156  69.579 0.0000000000
40670  -29.065  -33.585  69.878 0.0000000000
44760  -29.979  -29.007  70.971 0.0000000000
45827  -29.234  -28.336  71.374 0.0000000000
44759  -29.323  -29.174  70.999 0.0000000000
43765  -29.169  -29.933  70.674 0.0000000000
42692  -28.403  -31.049  70.540 0.0000000000
43779  -28.879  -30.587  70.523 0.0000000000
42708  -30.267  -31.320  69.666 0.0000000000
42707  -29.645  -31.600  69.942 0.0000000000
42719  -30.192  -32.089  69.619 0.0000000000
41674  -30.465  -32.826  69.336 0.0000000000
43799  -32.808  -31.039  68.200 0.0000000000
42734  -32.382  -32.032  68.469 0.0000000000
46951  -33.428  -27.953  68.608 0.0000000000
51580  -34.433  -23.646  69.102 0.0000000000
52682  -34.906  -23.403  69.476 0.0000000000
51565  -36.568  -23.597  70.162 0.0000000000
51547  -36.092  -23.557  70.300 0.0000000000
50374  -36.302  -24.124  70.080 0.0000000000
49197  -36.442  -24.731  69.543 0.0000000000
53770  -37.746  -21.675  69.920 0.0000000000
52677  -37.266  -22.255  70.022 0.0000000000
52685  -37.712  -22.415  69.693 0.0000000000
50391  -37.899  -23.991  69.079 0.0000000000
49218  -38.191  -24.886  68.541 0.0000000000
49217  -37.339  -25.040  68.917 0.0000000000
48101  -38.259  -25.521  67.878 0.0000000000
48120  -37.923  -26.077  67.480 0.0000000000
49260  -41.568  -25.273  66.599 0.0000000000
49278  -41.817  -25.416  65.549 0.0000000000
51599  -41.887  -23.193  67.363 0.0000000000
52722  -42.999  -22.386  66.444 0.0000000000
51600  -42.501  -23.243  66.769 0.0000000000
51615  -43.104  -23.349  65.963 0.0000000000
51631  -43.085  -23.357  65.093 0.0000000000
53870  -43.622  -21.323  64.496 0.0000000000
49125  -15.329  -24.627  72.969 0.0000000000
49134  -14.787  -24.964  72.336 0.0000000000
64913  -43.383  -12.378  65.754 0.0000000000
63763  -43.764  -13.016  65.640 0.0000000000
64930  -43.631  -12.559  65.279 0.0000000000
69664  -38.558  -7.673  64.676 0.0000000000
69652  -38.703  -7.623  65.535 0.0000000000
71944  -40.885  -6.207  65.118 0.0000000000
70786  -40.511  -6.671  65.672 0.0000000000
70787  -41.037  -6.582  65.305 0.0000000000
69655  -41.208  -7.252  65.419 0.0000000000
71981  -42.619  -4.764  63.558 0.0000000000
70799  -42.947  -5.569  64.177 0.0000000000
69680  -42.510  -6.700  63.801 0.0000000000
69679  -42.041  -7.401  63.557 0.0000000000
68581  -41.539  -8.074  64.170 0.0000000000
68593  -41.683  -8.222  63.219 0.0000000000
69770  -43.424  -7.671  57.888 0.0000000000
68679  -43.730  -8.024  57.133 0.0000000000
69842  -45.733  -7.571  55.212 0.0000000000
68753  -44.731  -8.357  54.474 0.0000000000
68752  -44.174  -8.443  54.137 0.0000000000
68736  -44.376  -8.507  54.945 0.0000000000
68718  -44.718  -8.309  55.729 0.0000000000
68719  -45.360  -7.832  55.833 0.0000000000
69773  -46.524  -6.387  57.312 0.0000000000
69755  -45.781  -6.152  58.167 0.0000000000
70910  -46.074  -5.992  58.057 0.0000000000
72077  -46.645  -5.316  58.986 0.0000000000
72093  -46.896  -5.437  58.383 0.0000000000
57168  -40.076  -18.169  69.467 0.0000000000
58310  -40.031  -17.360  69.456 0.0000000000
57151  -39.971  -17.715  69.716 0.0000000000
59400  -39.610  -17.233  69.465 0.0000000000
60581  -39.567  -16.446  68.625 0.0000000000
50354  -33.463  -24.777  70.174 0.0000000000
50355  -34.327  -24.533  70.145 0.0000000000
56009  -38.463  -19.708  69.290 0.0000000000
55998  -38.555  -20.375  69.730 0.0000000000
56010  -39.037  -19.634  69.702 0.0000000000
54902  -39.323  -19.985  69.431 0.0000000000
67402  -39.920  -9.688  67.811 0.0000000000
67403  -40.378  -9.835  67.629 0.0000000000
68529  -39.962  -9.038  67.616 0.0000000000
68545  -40.141  -8.462  67.050 0.0000000000
72035  -42.973  -5.424  60.656 0.0000000000
72017  -43.303  -5.055  61.267 0.0000000000
72036  -43.747  -5.082  60.844 0.0000000000
73116  -44.388  -4.810  61.304 0.0000000000
72020  -45.628  -5.498  61.467 0.0000000000
72039  -46.177  -5.451  60.748 0.0000000000
68766  -47.112  -8.279  51.802 0.0000000000
68754  -48.028  -8.483  52.978 0.0000000000
74155  -46.809  -2.981  53.360 0.0000000000
73188  -47.095  -4.316  52.094 0.0000000000
72170  -46.790  -5.093  51.452 0.0000000000
73196  -47.338  -4.726  51.524 0.0000000000
72187  -47.910  -5.309  50.760 0.0000000000
72172  -49.444  -5.070  51.243 0.0000000000
75210  -50.706  -2.124  51.587 0.0000000000
74196  -50.273  -3.254  51.070 0.0000000000
74195  -50.085  -3.548  50.473 0.0000000000
72203  -49.855  -5.357  49.710 0.0000000000
54966  -43.855  -20.539  65.694 0.0000000000
54967  -44.206  -19.605  65.323 0.0000000000
57217  -43.675  -18.251  65.979 0.0000000000
60560  -40.373  -15.672  68.530 0.0000000000
60583  -40.828  -15.522  68.201 0.0000000000
63731  -40.617  -12.611  68.126 0.0000000000
50317  -15.822  -24.156  73.096 0.0000000000
49126  -16.379  -24.670  72.794 0.0000000000
45812  -20.141  -28.003  72.637 0.0000000000
45807  -21.510  -28.823  72.691 0.0000000000
44738  -21.735  -29.168  72.708 0.0000000000
42685  -22.311  -30.948  71.922 0.0000000000
42701  -22.305  -31.039  71.514 0.0000000000
42673  -22.529  -30.996  71.971 0.0000000000
42687  -23.512  -31.592  71.519 0.0000000000
41655  -26.765  -32.935  70.818 0.0000000000
41656  -27.408  -32.516  70.597 0.0000000000
41657  -28.346  -32.525  70.309 0.0000000000
46891  -30.803  -27.479  71.335 0.0000000000
46890  -29.832  -27.525  71.514 0.0000000000
45843  -30.473  -28.642  70.959 0.0000000000
43780  -29.493  -30.411  70.378 0.0000000000
43789  -30.689  -30.612  69.511 0.0000000000
44804  -32.381  -29.878  68.441 0.0000000000
47000  -37.819  -27.542  66.380 0.0000000000
52693  -35.506  -22.554  68.967 0.0000000000
52683  -35.442  -22.907  69.649 0.0000000000
53767  -35.974  -22.677  70.087 0.0000000000
52675  -36.318  -22.904  70.303 0.0000000000
51548  -36.597  -23.182  70.316 0.0000000000
51581  -38.144  -23.237  69.122 0.0000000000
49219  -39.079  -24.716  68.058 0.0000000000
49240  -39.501  -25.318  67.589 0.0000000000
48123  -40.474  -25.976  66.897 0.0000000000
49259  -40.942  -25.624  67.022 0.0000000000
53818  -41.782  -21.628  67.014 0.0000000000
52723  -43.404  -22.283  65.705 0.0000000000
51525  -14.957  -23.058  71.419 0.0000000000
52667  -14.890  -22.962  72.027 0.0000000000
52655  -15.028  -22.915  72.678 0.0000000000
66188  -42.581  -11.212  65.647 0.0000000000
64951  -43.563  -12.445  64.755 0.0000000000
64950  -43.024  -11.744  64.543 0.0000000000
69678  -39.241  -7.203  64.121 0.0000000000
69665  -39.218  -7.020  65.036 0.0000000000
70811  -39.840  -6.482  64.501 0.0000000000
71978  -40.376  -6.090  64.411 0.0000000000
70815  -43.780  -5.672  63.278 0.0000000000
70814  -43.346  -5.767  63.731 0.0000000000
69861  -46.415  -7.746  53.668 0.0000000000
69825  -45.930  -7.380  56.071 0.0000000000
70938  -46.806  -6.342  57.075 0.0000000000
72094  -47.220  -5.638  58.137 0.0000000000
74169  -49.830  -2.687  53.055 0.0000000000
74170  -50.330  -2.505  52.902 0.0000000000
75194  -50.648  -2.125  52.638 0.0000000000
56039  -41.748  -19.285  67.072 0.0000000000
57202  -41.921  -18.685  66.866 0.0000000000
57201  -41.141  -18.313  67.595 0.0000000000
58350  -40.796  -17.428  68.155 0.0000000000
58330  -40.671  -16.933  68.414 0.0000000000
61635  -40.359  -15.033  68.413 0.0000000000
62662  -40.003  -14.629  68.323 0.0000000000
62691  -39.723  -13.924  67.612 0.0000000000
51511  -17.013  -23.701  72.519 0.0000000000
51528  -17.950  -23.430  71.891 0.0000000000
50338  -18.917  -24.376  72.029 0.0000000000
50339  -19.557  -25.281  72.190 0.0000000000
43762  -26.731  -30.568  70.781 0.0000000000
48023  -31.316  -26.666  71.155 0.0000000000
45845  -31.919  -28.272  70.203 0.0000000000
45858  -32.231  -28.575  69.436 0.0000000000
46925  -32.378  -27.963  70.035 0.0000000000
46926  -33.160  -27.445  69.717 0.0000000000
46927  -33.942  -26.955  69.508 0.0000000000
48072  -33.785  -26.788  69.801 0.0000000000
48097  -34.801  -26.703  69.028 0.0000000000
48098  -35.400  -26.385  68.903 0.0000000000
54914  -37.011  -21.202  68.985 0.0000000000
53783  -37.207  -21.603  69.687 0.0000000000
53784  -38.200  -21.710  69.720 0.0000000000
54888  -38.554  -20.759  69.885 0.0000000000
53785  -38.601  -21.173  69.736 0.0000000000
52696  -39.001  -22.339  68.653 0.0000000000
52708  -40.488  -21.797  67.861 0.0000000000
53817  -41.001  -21.096  67.461 0.0000000000
54934  -41.219  -20.090  67.499 0.0000000000
54935  -41.634  -19.828  67.222 0.0000000000
62707  -42.861  -13.452  66.538 0.0000000000
62708  -43.501  -13.589  66.033 0.0000000000
63747  -42.549  -12.674  66.753 0.0000000000
64912  -42.779  -11.862  66.232 0.0000000000
66170  -42.229  -11.044  66.177 0.0000000000
66169  -41.505  -10.528  66.656 0.0000000000
66187  -41.944  -10.340  65.592 0.0000000000
67450  -41.573  -9.022  65.032 0.0000000000
71998  -41.227  -5.634  62.943 0.0000000000
72014  -41.499  -5.766  62.229 0.0000000000
73075  -42.493  -4.728  62.980 0.0000000000
73076  -43.064  -4.532  63.221 0.0000000000
73103  -43.215  -4.896  61.672 0.0000000000
73092  -43.668  -4.686  62.520 0.0000000000
73077  -43.709  -4.811  63.317 0.0000000000
72168  -45.019  -6.358  51.678 0.0000000000
70992  -44.599  -6.734  52.101 0.0000000000
71005  -45.100  -6.986  51.733 0.0000000000
53798  -36.913  -21.330  68.445 0.0000000000
56022  -37.625  -20.211  68.431 0.0000000000
68557  -37.586  -8.720  65.206 0.0000000000
69663  -37.849  -8.248  64.220 0.0000000000
69677  -38.484  -7.880  63.672 0.0000000000
70855  -40.256  -6.998  61.602 0.0000000000
70856  -40.907  -6.738  61.067 0.0000000000
70857  -41.806  -6.271  60.889 0.0000000000
70868  -41.925  -6.616  59.989 0.0000000000
70858  -42.399  -6.003  60.422 0.0000000000
70869  -42.846  -6.138  59.666 0.0000000000
73180  -44.968  -4.235  53.077 0.0000000000
72169  -45.759  -5.912  51.328 0.0000000000
71025  -46.035  -6.753  50.921 0.0000000000
71026  -46.642  -6.699  50.495 0.0000000000
69905  -46.513  -7.472  50.792 0.0000000000
68780  -46.961  -8.088  51.029 0.0000000000
68781  -47.692  -8.533  51.137 0.0000000000
68782  -48.742  -9.042  51.361 0.0000000000
71054  -48.825  -6.944  49.952 0.0000000000
72173  -49.704  -4.722  51.287 0.0000000000
73218  -50.088  -3.811  51.261 0.0000000000
56068  -44.372  -18.811  65.401 0.0000000000
57232  -44.553  -18.084  65.223 0.0000000000
59487  -43.922  -16.360  65.495 0.0000000000
60626  -43.663  -15.384  65.766 0.0000000000
57215  -41.750  -18.009  66.893 0.0000000000
58382  -42.104  -17.370  66.612 0.0000000000
60604  -41.412  -15.354  67.575 0.0000000000
59468  -42.512  -15.667  66.608 0.0000000000
61665  -42.507  -14.235  66.784 0.0000000000
64879  -40.736  -11.668  67.780 0.0000000000
64878  -40.350  -11.620  67.836 0.0000000000
66134  -40.382  -10.965  67.672 0.0000000000
67419  -37.702  -9.294  66.376 0.0000000000
59466  -39.206  -17.058  68.110 0.0000000000
60603  -39.418  -15.673  67.937 0.0000000000
61663  -39.464  -14.927  67.604 0.0000000000
62706  -39.526  -13.637  66.771 0.0000000000
67436  -37.485  -9.206  65.298 0.0000000000
48009  -15.035  -25.555  70.811 0.0000000000
48035  -15.660  -25.910  70.215 0.0000000000
50319  -17.617  -24.485  73.083 0.0000000000
48014  -20.459  -26.613  72.050 0.0000000000
45813  -20.529  -28.715  72.382 0.0000000000
44746  -21.201  -29.220  72.584 0.0000000000
44767  -20.982  -29.774  71.130 0.0000000000
42702  -22.609  -31.520  70.820 0.0000000000
40637  -24.439  -33.113  71.107 0.0000000000
40649  -24.394  -33.130  70.448 0.0000000000
39702  -27.366  -33.749  70.267 0.0000000000
39713  -27.902  -34.176  69.983 0.0000000000
43777  -26.985  -29.829  70.645 0.0000000000
43763  -27.556  -30.076  70.768 0.0000000000
46889  -29.094  -27.668  71.588 0.0000000000
41658  -29.057  -32.557  70.090 0.0000000000
45876  -32.791  -28.805  68.506 0.0000000000
44805  -32.948  -29.579  68.099 0.0000000000
45891  -33.681  -29.024  67.408 0.0000000000
44819  -33.427  -29.928  67.664 0.0000000000
51579  -34.001  -24.185  69.283 0.0000000000
51563  -34.496  -23.908  69.782 0.0000000000
50356  -35.065  -24.435  70.224 0.0000000000
51564  -35.173  -23.416  69.848 0.0000000000
49178  -35.485  -24.934  70.177 0.0000000000
49196  -35.939  -25.041  69.830 0.0000000000
48075  -36.102  -25.244  69.500 0.0000000000
48099  -36.484  -25.594  68.905 0.0000000000
53769  -37.122  -21.990  70.022 0.0000000000
52684  -37.227  -22.742  70.020 0.0000000000
51566  -36.992  -23.310  70.055 0.0000000000
50376  -37.294  -23.883  69.445 0.0000000000
49198  -37.052  -24.482  69.261 0.0000000000
48121  -38.876  -25.901  67.273 0.0000000000
50414  -41.611  -24.241  67.290 0.0000000000
50434  -41.880  -24.635  66.775 0.0000000000
49279  -42.155  -24.884  66.129 0.0000000000
52775  -42.068  -22.848  63.423 0.0000000000
52735  -43.493  -22.162  64.970 0.0000000000
52755  -43.148  -22.153  64.263 0.0000000000
62721  -44.158  -13.901  65.475 0.0000000000
69638  -38.330  -8.153  65.967 0.0000000000
69639  -38.949  -7.807  66.225 0.0000000000
69640  -39.783  -7.349  66.371 0.0000000000
70785  -39.933  -6.565  66.008 0.0000000000
70776  -40.152  -6.870  66.172 0.0000000000
69641  -40.565  -7.420  66.128 0.0000000000
71961  -41.525  -5.785  64.526 0.0000000000
70797  -41.544  -6.417  64.900 0.0000000000
69667  -42.425  -6.418  64.251 0.0000000000
70889  -44.551  -6.161  59.011 0.0000000000
70991  -43.976  -6.556  52.586 0.0000000000
69874  -43.670  -7.243  52.910 0.0000000000
68717  -43.879  -8.509  55.665 0.0000000000
68701  -44.339  -8.166  56.541 0.0000000000
69802  -45.512  -7.493  56.729 0.0000000000
69801  -44.900  -7.826  56.797 0.0000000000
69771  -44.681  -7.518  57.523 0.0000000000
69754  -45.189  -6.563  58.333 0.0000000000
72076  -46.089  -5.267  59.462 0.0000000000
72059  -46.481  -5.300  59.834 0.0000000000
72078  -47.283  -5.589  58.745 0.0000000000
70873  -47.808  -6.341  59.204 0.0000000000
70860  -47.412  -6.311  60.092 0.0000000000
39700  -26.542  -33.437  70.443 0.0000000000
39701  -26.806  -33.580  70.368 0.0000000000
40636  -23.949  -33.048  70.873 0.0000000000
40665  -24.563  -33.090  69.985 0.0000000000
41654  -24.006  -32.994  70.407 0.0000000000
43800  -33.500  -31.355  68.041 0.0000000000
43811  -33.345  -30.680  67.923 0.0000000000
44736  -21.061  -28.747  72.703 0.0000000000
44737  -21.408  -29.025  72.771 0.0000000000
44757  -27.853  -28.976  70.818 0.0000000000
45875  -32.299  -29.124  68.823 0.0000000000
45890  -33.240  -29.153  67.925 0.0000000000
48049  -35.104  -25.340  70.141 0.0000000000
50357  -35.727  -24.245  70.239 0.0000000000
51545  -34.779  -24.140  70.111 0.0000000000
51562  -33.969  -24.263  69.640 0.0000000000
51632  -43.244  -22.786  64.701 0.0000000000
51648  -43.037  -22.716  64.352 0.0000000000
52754  -42.905  -22.637  64.136 0.0000000000
53781  -35.953  -22.315  69.711 0.0000000000
54950  -41.718  -20.251  67.124 0.0000000000
57200  -40.769  -18.742  67.883 0.0000000000
57218  -44.243  -18.434  65.627 0.0000000000
58309  -39.710  -17.413  69.615 0.0000000000
58349  -40.637  -17.746  68.503 0.0000000000
59399  -39.224  -17.241  69.569 0.0000000000
59420  -39.463  -17.046  69.282 0.0000000000
59445  -39.633  -16.682  68.934 0.0000000000
66133  -40.118  -10.623  67.746 0.0000000000
67383  -39.478  -10.167  67.583 0.0000000000
67399  -37.906  -9.417  66.904 0.0000000000
68527  -38.685  -8.942  67.155 0.0000000000
68556  -37.313  -8.978  64.681 0.0000000000
68797  -47.007  -7.760  50.643 0.0000000000
69642  -40.947  -7.830  65.901 0.0000000000
69863  -48.209  -8.317  53.691 0.0000000000
69926  -47.748  -7.149  49.803 0.0000000000
70775  -39.878  -6.878  66.212 0.0000000000
70796  -39.769  -6.498  65.303 0.0000000000
70887  -42.911  -6.527  59.136 0.0000000000
70891  -46.569  -5.516  58.462 0.0000000000
71053  -48.155  -6.812  49.740 0.0000000000
71943  -40.316  -6.354  65.284 0.0000000000
71960  -40.675  -6.027  64.704 0.0000000000
71962  -42.625  -5.091  64.099 0.0000000000
71982  -43.665  -5.292  63.529 0.0000000000
71983  -44.033  -5.269  63.181 0.0000000000
71999  -42.063  -5.278  62.605 0.0000000000
72002  -44.612  -5.425  62.420 0.0000000000
72037  -44.411  -4.973  60.805 0.0000000000
73060  -42.884  -4.660  63.738 0.0000000000
73061  -43.156  -4.708  63.765 0.0000000000
73078  -44.130  -4.960  63.066 0.0000000000
73090  -42.534  -4.916  62.544 0.0000000000
73093  -44.168  -4.836  62.701 0.0000000000
73106  -44.903  -4.946  61.661 0.0000000000
73115  -43.977  -4.864  61.071 0.0000000000
73117  -44.731  -4.858  61.503 0.0000000000
73190  -48.892  -3.752  52.020 0.0000000000
74158  -49.709  -2.333  53.491 0.0000000000
74165  -45.924  -3.807  52.993 0.0000000000
75167  -46.219  -2.127  54.200 0.0000000000
75186  -49.944  -2.287  53.550 0.0000000000
76243  -46.165  -1.902  54.086 0.0000000000
