#!ascii label  , from subject sub.01.bl.01 vox2ras=TkReg
973
53982  -36.349  -20.936  58.356 0.0000000000
52962  -19.317  -22.645  54.297 0.0000000000
51775  -27.917  -24.136  55.997 0.0000000000
78603  -39.666  0.955  42.056 0.0000000000
82997  -45.594  3.951  39.319 0.0000000000
52877  -12.014  -22.251  57.987 0.0000000000
76370  -36.682  -1.740  44.917 0.0000000000
58513  -37.379  -16.576  57.153 0.0000000000
51732  -32.662  -23.602  57.907 0.0000000000
51792  -15.847  -23.518  55.713 0.0000000000
48219  -14.664  -26.671  59.421 0.0000000000
54059  -34.061  -21.037  53.928 0.0000000000
57438  -34.645  -18.087  52.716 0.0000000000
55138  -23.022  -20.798  54.690 0.0000000000
54054  -29.612  -21.223  53.707 0.0000000000
66530  -33.744  -10.435  45.458 0.0000000000
70006  -37.832  -7.320  45.462 0.0000000000
73284  -41.300  -4.521  44.452 0.0000000000
46012  -6.798  -28.724  59.251 0.0000000000
43915  -3.515  -30.896  60.911 0.0000000000
59711  -30.674  -16.411  51.437 0.0000000000
62904  -28.430  -13.293  49.400 0.0000000000
65234  -30.284  -11.530  47.659 0.0000000000
48214  -9.953  -27.035  58.770 0.0000000000
50601  -19.469  -24.317  56.520 0.0000000000
53969  -20.512  -22.115  57.838 0.0000000000
52865  -35.020  -22.782  58.838 0.0000000000
56175  -16.983  -19.059  56.055 0.0000000000
51811  -17.221  -23.144  54.841 0.0000000000
49429  -17.629  -25.329  56.362 0.0000000000
55120  -31.880  -20.058  55.109 0.0000000000
54057  -32.211  -21.394  53.784 0.0000000000
70002  -33.795  -7.349  45.562 0.0000000000
67730  -35.977  -8.920  45.480 0.0000000000
71116  -35.301  -6.296  45.133 0.0000000000
74267  -38.501  -3.313  43.701 0.0000000000
75299  -40.039  -2.342  42.825 0.0000000000
75278  -43.420  -3.158  43.715 0.0000000000
77492  -41.865  -0.552  41.900 0.0000000000
77512  -43.300  0.044  41.740 0.0000000000
59645  -30.862  -16.604  54.589 0.0000000000
59691  -32.991  -17.326  51.764 0.0000000000
60759  -29.215  -16.186  53.492 0.0000000000
62874  -26.809  -13.426  50.854 0.0000000000
66470  -27.165  -10.201  49.927 0.0000000000
65219  -29.649  -11.894  48.354 0.0000000000
67682  -28.643  -9.419  48.109 0.0000000000
68831  -30.246  -8.745  47.081 0.0000000000
51814  -24.872  -23.293  54.695 0.0000000000
50576  -8.466  -24.588  58.399 0.0000000000
50598  -10.565  -24.672  57.497 0.0000000000
39792  -4.588  -33.714  62.055 0.0000000000
39782  -2.617  -34.772  62.371 0.0000000000
75265  -35.120  -2.581  46.127 0.0000000000
62829  -36.145  -13.787  55.775 0.0000000000
50628  -29.824  -23.750  57.065 0.0000000000
52907  -13.913  -22.432  57.295 0.0000000000
50616  -12.744  -25.117  56.995 0.0000000000
49426  -14.712  -25.437  56.947 0.0000000000
81918  -47.618  3.922  38.527 0.0000000000
54023  -35.103  -21.264  55.661 0.0000000000
56199  -35.897  -19.429  55.383 0.0000000000
55167  -34.558  -19.985  53.053 0.0000000000
57388  -18.780  -18.878  54.138 0.0000000000
55109  -20.934  -20.866  55.379 0.0000000000
57410  -21.721  -18.468  53.458 0.0000000000
56258  -24.012  -19.597  52.818 0.0000000000
52993  -26.811  -21.505  52.620 0.0000000000
55140  -27.594  -20.553  54.183 0.0000000000
52965  -29.251  -22.844  53.837 0.0000000000
52952  -31.299  -23.030  55.138 0.0000000000
52936  -34.018  -22.388  56.008 0.0000000000
64012  -35.110  -12.620  47.521 0.0000000000
72274  -37.369  -4.517  44.688 0.0000000000
72263  -40.105  -5.935  45.182 0.0000000000
78620  -45.264  0.363  40.408 0.0000000000
44944  -5.340  -29.580  59.618 0.0000000000
41789  -6.202  -31.887  61.931 0.0000000000
59669  -36.187  -17.207  54.198 0.0000000000
61834  -35.397  -14.892  52.613 0.0000000000
62860  -33.203  -13.804  52.534 0.0000000000
60775  -27.219  -15.200  52.316 0.0000000000
61861  -29.912  -15.017  50.036 0.0000000000
62858  -31.817  -13.516  52.318 0.0000000000
65172  -31.185  -12.503  50.836 0.0000000000
65200  -31.778  -12.266  49.550 0.0000000000
65222  -33.004  -12.816  48.495 0.0000000000
65256  -32.208  -11.254  46.248 0.0000000000
68850  -31.996  -8.627  46.417 0.0000000000
53995  -22.285  -22.139  57.131 0.0000000000
49369  -6.529  -25.121  59.173 0.0000000000
47148  -8.008  -27.194  58.757 0.0000000000
48233  -12.310  -26.848  58.296 0.0000000000
38824  -1.472  -35.595  62.558 0.0000000000
51771  -19.653  -23.711  55.872 0.0000000000
51727  -19.824  -23.355  57.584 0.0000000000
54014  -19.994  -22.197  55.989 0.0000000000
52866  -35.627  -22.278  58.934 0.0000000000
55132  -18.126  -21.005  54.025 0.0000000000
54031  -17.242  -21.392  55.097 0.0000000000
52961  -18.310  -22.565  54.184 0.0000000000
50638  -18.841  -24.282  54.810 0.0000000000
71097  -33.653  -5.835  46.077 0.0000000000
71115  -34.242  -6.264  45.542 0.0000000000
72244  -34.087  -5.223  45.856 0.0000000000
77478  -38.954  0.183  42.889 0.0000000000
76389  -39.256  -1.514  42.530 0.0000000000
77490  -39.349  -0.390  42.400 0.0000000000
76391  -41.429  -1.299  42.359 0.0000000000
77491  -40.634  -0.295  41.846 0.0000000000
77510  -41.428  0.211  41.499 0.0000000000
60760  -29.991  -16.360  54.079 0.0000000000
66460  -27.049  -9.872  50.998 0.0000000000
66471  -27.575  -9.919  49.234 0.0000000000
68807  -27.939  -8.250  49.318 0.0000000000
69937  -28.395  -7.521  49.003 0.0000000000
51816  -26.504  -23.725  54.550 0.0000000000
51774  -25.831  -24.503  56.142 0.0000000000
50625  -27.190  -24.560  56.483 0.0000000000
52874  -9.727  -23.223  58.305 0.0000000000
52903  -10.572  -23.627  57.558 0.0000000000
80823  -46.321  2.318  39.312 0.0000000000
39790  -3.443  -34.305  61.879 0.0000000000
58475  -37.796  -17.290  58.437 0.0000000000
60729  -37.324  -15.516  56.815 0.0000000000
50608  -31.322  -23.732  57.812 0.0000000000
50569  -31.924  -24.342  59.301 0.0000000000
52930  -16.072  -21.792  56.646 0.0000000000
52909  -15.301  -21.783  57.529 0.0000000000
52880  -14.676  -21.702  58.378 0.0000000000
52928  -14.731  -22.823  56.616 0.0000000000
51768  -14.091  -23.967  56.344 0.0000000000
50634  -15.385  -24.294  55.938 0.0000000000
49393  -18.071  -25.458  58.219 0.0000000000
49392  -17.056  -25.531  58.379 0.0000000000
54041  -34.679  -21.160  54.688 0.0000000000
55121  -35.311  -20.261  54.884 0.0000000000
55147  -34.150  -20.440  53.271 0.0000000000
58526  -19.311  -17.179  54.721 0.0000000000
57408  -20.007  -18.256  53.667 0.0000000000
58547  -20.985  -16.928  53.816 0.0000000000
57412  -23.828  -18.815  53.050 0.0000000000
56240  -25.056  -19.176  52.935 0.0000000000
54085  -25.268  -21.240  52.636 0.0000000000
55178  -26.311  -20.221  52.627 0.0000000000
55116  -28.648  -20.822  54.910 0.0000000000
55165  -28.884  -20.953  53.845 0.0000000000
54075  -28.322  -21.473  53.324 0.0000000000
52984  -29.673  -21.827  53.515 0.0000000000
51820  -30.566  -23.096  54.725 0.0000000000
52967  -31.168  -22.553  54.180 0.0000000000
54058  -33.197  -21.355  53.907 0.0000000000
52954  -33.162  -22.483  55.013 0.0000000000
52955  -33.831  -22.058  55.059 0.0000000000
52937  -34.758  -21.880  56.197 0.0000000000
65258  -33.802  -11.676  46.126 0.0000000000
65238  -35.650  -12.328  47.030 0.0000000000
66509  -35.554  -11.057  45.853 0.0000000000
68876  -37.344  -8.154  45.508 0.0000000000
67713  -37.563  -10.135  45.745 0.0000000000
75266  -35.718  -2.223  45.639 0.0000000000
74245  -35.742  -3.735  45.115 0.0000000000
74255  -36.380  -3.364  44.762 0.0000000000
73292  -39.822  -3.755  43.974 0.0000000000
73282  -39.324  -4.357  44.326 0.0000000000
72278  -40.687  -5.185  44.816 0.0000000000
71122  -41.682  -6.488  45.728 0.0000000000
78608  -43.754  0.349  41.234 0.0000000000
79713  -43.599  1.673  40.372 0.0000000000
79714  -44.478  1.467  40.033 0.0000000000
47104  -5.057  -27.352  59.618 0.0000000000
47103  -4.522  -27.668  60.041 0.0000000000
46011  -5.638  -28.433  59.260 0.0000000000
42833  -6.477  -31.349  61.609 0.0000000000
41770  -5.830  -32.407  63.163 0.0000000000
57395  -35.661  -18.687  54.011 0.0000000000
57396  -35.951  -18.621  54.584 0.0000000000
58596  -35.279  -17.694  53.013 0.0000000000
59713  -32.537  -16.471  51.506 0.0000000000
60778  -34.851  -15.881  51.930 0.0000000000
60794  -33.059  -15.590  51.404 0.0000000000
61833  -34.835  -14.554  52.319 0.0000000000
61848  -32.598  -14.907  51.593 0.0000000000
62840  -26.919  -13.384  53.472 0.0000000000
62889  -27.459  -13.346  49.711 0.0000000000
61859  -27.594  -14.485  50.336 0.0000000000
62890  -28.457  -13.965  49.666 0.0000000000
62875  -31.152  -13.989  51.491 0.0000000000
63954  -30.545  -13.258  50.730 0.0000000000
63938  -31.415  -13.075  52.072 0.0000000000
63973  -29.618  -13.053  49.403 0.0000000000
65199  -30.662  -12.439  49.570 0.0000000000
65220  -30.818  -12.187  48.409 0.0000000000
65201  -32.797  -12.501  49.522 0.0000000000
65221  -31.871  -12.521  48.202 0.0000000000
63993  -32.572  -12.699  47.414 0.0000000000
66491  -31.174  -11.172  46.756 0.0000000000
69940  -31.128  -7.013  48.177 0.0000000000
68832  -31.245  -8.236  46.877 0.0000000000
69958  -31.591  -7.231  47.699 0.0000000000
55110  -21.689  -20.756  55.358 0.0000000000
55070  -21.589  -21.763  56.607 0.0000000000
55091  -22.687  -21.434  56.196 0.0000000000
48230  -9.366  -26.521  58.381 0.0000000000
48229  -8.362  -26.406  58.410 0.0000000000
47149  -8.942  -27.297  58.726 0.0000000000
49408  -13.425  -25.985  57.400 0.0000000000
49407  -12.566  -25.715  57.246 0.0000000000
48234  -13.313  -26.985  58.446 0.0000000000
49359  -19.153  -25.051  59.705 0.0000000000
51696  -19.961  -23.801  59.606 0.0000000000
52857  -20.129  -22.940  59.008 0.0000000000
53948  -21.164  -22.658  59.243 0.0000000000
51734  -33.899  -23.327  58.013 0.0000000000
50571  -33.570  -24.029  59.254 0.0000000000
56161  -16.595  -19.372  56.549 0.0000000000
54013  -16.689  -21.110  56.141 0.0000000000
51793  -16.642  -23.265  55.269 0.0000000000
50635  -16.002  -24.631  55.844 0.0000000000
49438  -17.783  -24.979  55.572 0.0000000000
49413  -18.350  -25.339  57.149 0.0000000000
56219  -32.394  -19.948  54.047 0.0000000000
56220  -33.117  -19.693  53.505 0.0000000000
55143  -30.347  -20.759  54.074 0.0000000000
54056  -31.276  -21.512  53.675 0.0000000000
55145  -32.155  -20.512  54.035 0.0000000000
68872  -33.404  -8.408  45.625 0.0000000000
67711  -34.954  -10.172  45.547 0.0000000000
68873  -34.430  -8.391  45.336 0.0000000000
70004  -35.846  -7.287  45.035 0.0000000000
71117  -36.375  -6.287  45.049 0.0000000000
75285  -37.447  -2.399  43.825 0.0000000000
76379  -38.201  -2.001  43.092 0.0000000000
75288  -39.488  -2.803  43.096 0.0000000000
74270  -41.335  -3.220  43.389 0.0000000000
74258  -42.730  -3.975  44.043 0.0000000000
75290  -41.941  -2.705  43.238 0.0000000000
75302  -42.925  -1.660  42.995 0.0000000000
76393  -43.303  -1.088  42.668 0.0000000000
77493  -42.854  -0.551  42.085 0.0000000000
78606  -41.860  0.854  41.113 0.0000000000
46013  -7.929  -29.023  59.831 0.0000000000
44946  -7.051  -29.540  59.780 0.0000000000
44912  -7.745  -30.021  61.426 0.0000000000
59666  -32.240  -17.996  52.864 0.0000000000
59667  -33.427  -17.856  52.272 0.0000000000
59665  -31.383  -17.281  53.459 0.0000000000
59689  -31.069  -16.893  52.431 0.0000000000
59688  -30.218  -16.745  52.530 0.0000000000
63926  -26.945  -12.324  52.989 0.0000000000
65144  -27.059  -10.698  51.740 0.0000000000
63952  -26.910  -12.309  50.202 0.0000000000
63971  -27.468  -12.386  49.198 0.0000000000
63972  -28.342  -12.777  48.985 0.0000000000
65217  -27.615  -11.432  48.773 0.0000000000
66482  -28.898  -10.642  47.941 0.0000000000
67690  -29.356  -9.683  47.495 0.0000000000
67691  -30.023  -9.786  46.897 0.0000000000
68818  -29.405  -8.346  47.598 0.0000000000
54053  -23.845  -21.841  54.603 0.0000000000
52949  -23.463  -22.306  56.184 0.0000000000
51772  -24.292  -23.664  56.590 0.0000000000
50577  -9.254  -24.769  58.007 0.0000000000
48231  -10.279  -26.413  58.333 0.0000000000
40774  -4.370  -32.899  61.024 0.0000000000
43902  -3.144  -30.977  61.710 0.0000000000
41803  -3.137  -32.812  61.548 0.0000000000
41802  -2.581  -33.200  62.211 0.0000000000
40757  -2.048  -33.772  62.629 0.0000000000
62819  -35.245  -13.311  55.852 0.0000000000
51776  -28.687  -23.824  56.108 0.0000000000
50605  -28.634  -24.550  57.693 0.0000000000
52879  -13.961  -21.905  58.273 0.0000000000
52878  -12.995  -21.842  58.038 0.0000000000
52905  -11.915  -23.050  57.328 0.0000000000
51767  -13.065  -23.980  56.624 0.0000000000
50618  -13.987  -24.771  56.586 0.0000000000
49409  -14.403  -26.110  57.754 0.0000000000
49428  -16.539  -25.381  56.496 0.0000000000
49391  -16.069  -25.799  58.564 0.0000000000
49371  -15.639  -26.036  59.125 0.0000000000
81913  -47.112  3.434  38.825 0.0000000000
54005  -35.953  -20.979  57.564 0.0000000000
55080  -36.411  -20.137  57.431 0.0000000000
55100  -35.560  -20.650  56.065 0.0000000000
56222  -35.521  -19.335  54.105 0.0000000000
57416  -34.419  -18.715  52.798 0.0000000000
56243  -33.522  -19.536  53.035 0.0000000000
57415  -33.445  -19.198  53.013 0.0000000000
58572  -33.154  -18.573  52.855 0.0000000000
59647  -31.697  -17.507  54.623 0.0000000000
55158  -19.116  -20.869  53.713 0.0000000000
54051  -19.960  -21.243  54.417 0.0000000000
56213  -19.794  -19.639  53.810 0.0000000000
56214  -20.717  -19.430  53.910 0.0000000000
56216  -22.220  -19.649  54.048 0.0000000000
58570  -22.245  -17.771  53.432 0.0000000000
57411  -22.767  -18.618  53.286 0.0000000000
55160  -23.366  -20.304  53.626 0.0000000000
54084  -24.500  -21.199  52.929 0.0000000000
51830  -25.842  -23.242  53.856 0.0000000000
51831  -26.860  -23.114  53.672 0.0000000000
56242  -26.234  -19.618  53.705 0.0000000000
54074  -27.505  -21.496  52.911 0.0000000000
51832  -27.858  -22.901  53.618 0.0000000000
51818  -28.655  -23.297  54.285 0.0000000000
51801  -30.083  -23.408  55.464 0.0000000000
51802  -30.906  -23.297  55.677 0.0000000000
51780  -32.044  -23.217  56.488 0.0000000000
52968  -32.191  -22.223  54.253 0.0000000000
52953  -32.121  -22.767  55.463 0.0000000000
51756  -32.987  -23.282  57.269 0.0000000000
52915  -33.889  -22.909  57.147 0.0000000000
52892  -35.245  -22.306  57.968 0.0000000000
56192  -17.846  -19.421  54.758 0.0000000000
66510  -36.837  -11.095  46.101 0.0000000000
73267  -34.567  -4.368  45.642 0.0000000000
72259  -35.833  -5.291  45.139 0.0000000000
71118  -37.428  -6.374  45.108 0.0000000000
73280  -37.609  -4.099  44.343 0.0000000000
72261  -38.089  -5.604  44.955 0.0000000000
71119  -38.446  -6.556  45.301 0.0000000000
70009  -40.358  -7.497  45.952 0.0000000000
79715  -45.345  1.412  39.725 0.0000000000
81900  -45.145  3.350  39.617 0.0000000000
45990  -4.357  -28.511  60.266 0.0000000000
43931  -4.340  -30.375  60.152 0.0000000000
43918  -6.198  -30.731  60.113 0.0000000000
42868  -5.758  -31.324  60.296 0.0000000000
41819  -5.110  -32.219  60.715 0.0000000000
40768  -5.391  -32.656  61.811 0.0000000000
56181  -36.507  -19.217  56.501 0.0000000000
57355  -36.861  -18.128  56.602 0.0000000000
58534  -36.723  -17.339  55.697 0.0000000000
59693  -35.473  -16.722  52.669 0.0000000000
59668  -36.088  -16.493  53.767 0.0000000000
60739  -36.645  -15.543  55.271 0.0000000000
61809  -35.800  -14.241  54.431 0.0000000000
62836  -35.029  -13.642  54.329 0.0000000000
62835  -34.224  -13.371  54.154 0.0000000000
60758  -28.158  -15.682  53.402 0.0000000000
59710  -29.564  -16.471  51.616 0.0000000000
61845  -26.949  -14.499  51.424 0.0000000000
60804  -28.224  -15.473  50.671 0.0000000000
60791  -30.742  -15.779  50.987 0.0000000000
61847  -31.751  -14.792  51.462 0.0000000000
62859  -32.420  -13.832  52.375 0.0000000000
65198  -29.862  -12.495  49.013 0.0000000000
65173  -31.912  -12.279  50.773 0.0000000000
63994  -33.456  -12.927  47.754 0.0000000000
64010  -33.143  -12.559  46.758 0.0000000000
66506  -32.546  -10.535  45.926 0.0000000000
67707  -31.276  -9.629  46.585 0.0000000000
67708  -31.992  -9.639  46.230 0.0000000000
67727  -32.978  -9.375  45.699 0.0000000000
68851  -32.598  -8.436  46.035 0.0000000000
69960  -32.929  -6.581  47.402 0.0000000000
54015  -20.725  -21.665  56.139 0.0000000000
53993  -20.982  -21.777  57.120 0.0000000000
53973  -22.648  -23.067  57.739 0.0000000000
48213  -6.030  -26.402  58.917 0.0000000000
49370  -7.330  -24.751  58.828 0.0000000000
48227  -6.779  -26.396  58.677 0.0000000000
47126  -7.502  -27.947  59.036 0.0000000000
46014  -8.981  -28.579  60.197 0.0000000000
50599  -11.333  -24.761  57.232 0.0000000000
49388  -11.201  -25.824  57.719 0.0000000000
48216  -11.739  -27.208  58.986 0.0000000000
38818  -2.722  -35.739  63.720 0.0000000000
38825  -2.183  -35.580  62.843 0.0000000000
40756  -1.199  -33.631  62.889 0.0000000000
52948  -19.771  -22.913  55.317 0.0000000000
54032  -19.861  -22.009  54.843 0.0000000000
53958  -36.135  -21.649  59.104 0.0000000000
54049  -18.657  -21.680  53.912 0.0000000000
54048  -17.822  -21.630  54.283 0.0000000000
51794  -19.432  -23.691  54.918 0.0000000000
72243  -33.686  -5.245  46.590 0.0000000000
78589  -39.289  0.668  42.668 0.0000000000
78590  -39.797  0.329  42.054 0.0000000000
78604  -40.318  0.744  41.657 0.0000000000
68791  -27.513  -8.062  50.295 0.0000000000
51798  -27.157  -24.105  55.433 0.0000000000
50640  -26.538  -24.473  55.964 0.0000000000
52850  -11.179  -22.131  58.800 0.0000000000
52849  -10.408  -22.606  58.568 0.0000000000
52876  -11.102  -22.628  57.899 0.0000000000
81911  -45.823  3.021  39.434 0.0000000000
81912  -46.360  3.242  39.223 0.0000000000
59608  -37.515  -16.190  57.471 0.0000000000
60720  -37.462  -15.545  57.239 0.0000000000
59620  -37.418  -16.070  56.826 0.0000000000
51754  -31.791  -23.554  57.311 0.0000000000
50586  -32.082  -23.881  58.250 0.0000000000
52946  -16.195  -22.683  55.943 0.0000000000
52929  -15.470  -22.557  56.565 0.0000000000
52908  -14.704  -22.197  57.432 0.0000000000
51770  -15.250  -23.106  56.153 0.0000000000
51769  -14.961  -23.690  56.044 0.0000000000
51791  -15.540  -24.054  55.771 0.0000000000
58546  -20.367  -17.098  54.097 0.0000000000
57392  -24.574  -18.478  54.292 0.0000000000
57413  -24.690  -18.771  53.442 0.0000000000
57414  -25.241  -18.730  53.997 0.0000000000
56260  -25.564  -19.651  52.761 0.0000000000
56241  -25.576  -19.180  53.407 0.0000000000
55142  -29.369  -20.813  53.976 0.0000000000
54076  -29.268  -21.382  53.615 0.0000000000
54077  -29.719  -21.585  53.564 0.0000000000
52966  -29.980  -22.507  53.871 0.0000000000
54055  -30.102  -21.529  53.603 0.0000000000
54039  -33.480  -21.983  54.444 0.0000000000
54040  -34.002  -21.616  54.513 0.0000000000
54022  -34.427  -21.754  55.349 0.0000000000
66508  -34.366  -10.829  45.631 0.0000000000
65259  -34.890  -11.956  46.477 0.0000000000
70007  -38.849  -7.478  45.861 0.0000000000
75276  -36.079  -2.419  45.029 0.0000000000
75277  -36.812  -2.442  44.451 0.0000000000
73283  -40.260  -4.431  44.403 0.0000000000
72279  -41.660  -5.155  44.981 0.0000000000
72265  -42.018  -5.667  45.445 0.0000000000
80808  -43.211  2.729  40.334 0.0000000000
47124  -5.663  -27.250  59.079 0.0000000000
57417  -35.343  -18.487  53.411 0.0000000000
57439  -34.967  -18.135  52.857 0.0000000000
59712  -31.623  -16.385  51.684 0.0000000000
60793  -32.146  -15.638  51.528 0.0000000000
61849  -33.417  -14.812  51.631 0.0000000000
60792  -31.305  -15.675  51.308 0.0000000000
62891  -29.632  -13.957  49.867 0.0000000000
63953  -30.047  -13.456  49.879 0.0000000000
65235  -31.037  -11.726  47.424 0.0000000000
66490  -30.501  -10.831  46.978 0.0000000000
55111  -22.466  -20.935  55.380 0.0000000000
55112  -23.076  -21.194  55.516 0.0000000000
47150  -9.538  -27.233  58.788 0.0000000000
47128  -9.857  -27.869  59.609 0.0000000000
48235  -14.259  -26.748  58.551 0.0000000000
48251  -13.680  -26.512  57.913 0.0000000000
44925  -3.683  -30.316  60.859 0.0000000000
44909  -3.431  -30.156  61.400 0.0000000000
57316  -37.687  -18.187  58.752 0.0000000000
49394  -18.945  -25.045  58.015 0.0000000000
50561  -19.467  -24.579  58.992 0.0000000000
50578  -19.548  -24.233  57.632 0.0000000000
52883  -20.071  -22.671  57.957 0.0000000000
52884  -20.450  -22.430  58.492 0.0000000000
52858  -20.670  -22.685  59.196 0.0000000000
51717  -34.414  -23.373  58.786 0.0000000000
56176  -16.737  -18.838  56.392 0.0000000000
52960  -17.493  -22.399  54.634 0.0000000000
52947  -16.789  -22.264  55.497 0.0000000000
50647  -17.091  -23.674  54.946 0.0000000000
50648  -17.591  -23.861  54.758 0.0000000000
50622  -19.229  -24.457  55.636 0.0000000000
49430  -18.583  -24.995  56.073 0.0000000000
49414  -19.115  -24.893  56.946 0.0000000000
55118  -30.440  -20.397  54.957 0.0000000000
70003  -34.821  -7.313  45.242 0.0000000000
76378  -37.788  -1.597  43.281 0.0000000000
76387  -37.998  -1.291  42.865 0.0000000000
75298  -39.067  -2.267  42.809 0.0000000000
74269  -40.224  -3.179  43.360 0.0000000000
74277  -40.795  -2.839  42.982 0.0000000000
74278  -41.185  -2.810  43.034 0.0000000000
75301  -42.149  -1.921  42.961 0.0000000000
76392  -42.429  -1.192  42.490 0.0000000000
78605  -41.022  0.883  41.257 0.0000000000
59664  -30.643  -16.692  53.880 0.0000000000
59663  -29.844  -16.535  53.328 0.0000000000
59687  -29.489  -16.465  52.753 0.0000000000
65171  -27.057  -11.098  50.665 0.0000000000
65197  -27.170  -11.363  49.602 0.0000000000
66480  -27.427  -10.668  49.167 0.0000000000
67681  -28.027  -9.232  48.909 0.0000000000
66481  -28.040  -10.399  48.588 0.0000000000
68817  -28.463  -8.275  48.444 0.0000000000
69938  -29.041  -7.074  48.341 0.0000000000
52964  -24.660  -22.806  54.345 0.0000000000
52963  -24.170  -22.477  54.770 0.0000000000
51796  -24.711  -23.646  55.528 0.0000000000
50602  -25.693  -24.780  57.142 0.0000000000
51746  -10.038  -23.969  57.660 0.0000000000
51745  -9.595  -24.331  57.919 0.0000000000
50597  -9.916  -24.754  57.768 0.0000000000
49386  -9.780  -25.585  57.988 0.0000000000
49404  -10.354  -25.220  57.707 0.0000000000
41817  -3.895  -32.527  60.920 0.0000000000
40766  -3.806  -33.511  61.277 0.0000000000
39783  -3.702  -34.700  62.680 0.0000000000
40765  -2.861  -33.833  61.816 0.0000000000
41786  -2.165  -32.769  62.830 0.0000000000
61783  -37.222  -14.321  57.407 0.0000000000
62811  -36.712  -13.733  57.054 0.0000000000
62810  -36.101  -13.305  56.780 0.0000000000
51777  -29.556  -23.627  56.243 0.0000000000
50627  -29.075  -24.000  56.961 0.0000000000
52906  -12.953  -22.823  57.005 0.0000000000
52926  -13.529  -23.470  56.588 0.0000000000
50619  -15.065  -24.707  56.279 0.0000000000
49437  -16.960  -25.118  55.750 0.0000000000
49373  -16.725  -25.506  59.348 0.0000000000
49411  -16.356  -25.642  57.523 0.0000000000
54004  -35.411  -21.504  56.935 0.0000000000
55079  -35.821  -20.645  56.891 0.0000000000
55148  -35.079  -20.159  53.605 0.0000000000
56245  -34.943  -19.423  53.189 0.0000000000
56197  -32.414  -18.997  54.940 0.0000000000
58551  -32.191  -18.266  54.212 0.0000000000
56212  -18.757  -19.633  53.940 0.0000000000
55134  -19.468  -20.659  53.853 0.0000000000
57409  -20.593  -18.574  53.592 0.0000000000
56236  -20.848  -19.013  53.682 0.0000000000
56237  -21.294  -19.044  53.699 0.0000000000
56215  -21.664  -19.542  54.101 0.0000000000
56238  -22.374  -19.323  53.659 0.0000000000
56239  -23.346  -19.435  53.173 0.0000000000
55175  -23.705  -19.966  52.955 0.0000000000
55161  -24.029  -20.903  53.112 0.0000000000
52992  -26.177  -21.796  52.683 0.0000000000
52991  -25.505  -21.979  52.948 0.0000000000
52980  -26.095  -22.593  53.123 0.0000000000
55115  -27.689  -20.772  55.222 0.0000000000
55114  -26.718  -20.076  54.955 0.0000000000
56195  -26.215  -19.786  54.909 0.0000000000
55139  -26.855  -20.056  53.931 0.0000000000
55162  -26.743  -19.987  53.165 0.0000000000
55163  -27.496  -20.643  53.226 0.0000000000
52983  -29.080  -22.155  53.461 0.0000000000
52982  -28.105  -22.169  53.305 0.0000000000
51833  -28.624  -22.702  53.631 0.0000000000
51800  -29.165  -23.528  55.289 0.0000000000
51819  -29.660  -23.182  54.509 0.0000000000
51779  -31.320  -23.377  56.510 0.0000000000
51803  -31.543  -23.122  55.856 0.0000000000
52935  -33.072  -22.851  56.392 0.0000000000
52934  -32.459  -22.978  56.288 0.0000000000
52914  -33.356  -23.054  57.096 0.0000000000
52916  -34.685  -22.357  57.036 0.0000000000
57371  -18.523  -18.310  54.498 0.0000000000
58525  -18.086  -17.525  55.238 0.0000000000
56193  -18.453  -19.045  54.321 0.0000000000
63996  -35.249  -12.869  48.560 0.0000000000
65260  -36.111  -11.873  46.613 0.0000000000
65239  -36.343  -12.248  47.857 0.0000000000
67729  -35.162  -9.251  45.354 0.0000000000
67712  -36.129  -9.969  45.576 0.0000000000
74243  -34.530  -3.546  46.174 0.0000000000
74244  -35.103  -3.454  45.417 0.0000000000
73269  -36.220  -4.334  45.057 0.0000000000
72260  -37.034  -5.139  45.048 0.0000000000
74266  -37.835  -3.039  43.794 0.0000000000
74257  -37.926  -3.579  44.054 0.0000000000
72277  -39.695  -5.156  44.660 0.0000000000
72276  -38.738  -4.953  44.678 0.0000000000
72262  -39.083  -5.827  45.029 0.0000000000
71120  -39.477  -6.699  45.486 0.0000000000
71121  -40.644  -6.915  45.694 0.0000000000
71099  -41.416  -7.236  45.964 0.0000000000
74259  -43.349  -3.730  43.995 0.0000000000
77513  -44.161  0.003  42.008 0.0000000000
78619  -44.145  0.672  40.555 0.0000000000
78609  -44.676  -0.068  41.315 0.0000000000
80809  -44.009  2.571  40.163 0.0000000000
80810  -44.799  2.448  39.814 0.0000000000
46010  -4.909  -28.878  59.602 0.0000000000
44943  -4.596  -29.598  59.941 0.0000000000
44927  -6.810  -30.156  60.318 0.0000000000
43903  -6.685  -30.818  60.969 0.0000000000
41806  -6.097  -31.720  61.388 0.0000000000
42851  -6.112  -31.438  60.849 0.0000000000
42850  -5.660  -31.674  60.610 0.0000000000
42867  -5.127  -31.608  60.266 0.0000000000
41805  -5.567  -32.165  61.191 0.0000000000
41804  -5.003  -32.591  60.950 0.0000000000
40749  -5.209  -32.981  63.285 0.0000000000
55101  -35.973  -20.030  56.335 0.0000000000
58552  -36.400  -17.675  54.790 0.0000000000
57377  -36.461  -18.431  55.568 0.0000000000
59692  -34.290  -17.064  51.918 0.0000000000
60779  -35.473  -15.413  52.542 0.0000000000
60762  -35.876  -15.797  53.185 0.0000000000
59648  -36.313  -16.168  54.152 0.0000000000
60749  -36.162  -15.578  54.088 0.0000000000
61810  -36.294  -15.072  54.791 0.0000000000
61816  -35.652  -14.857  53.176 0.0000000000
62861  -33.995  -13.754  52.687 0.0000000000
61815  -35.164  -14.021  53.555 0.0000000000
62845  -34.612  -13.600  53.699 0.0000000000
62843  -33.417  -13.462  53.197 0.0000000000
61829  -27.398  -14.953  53.300 0.0000000000
60776  -27.587  -15.506  52.510 0.0000000000
60777  -28.651  -16.066  52.386 0.0000000000
60789  -27.936  -15.675  51.616 0.0000000000
63937  -26.908  -12.076  51.610 0.0000000000
62856  -26.921  -13.498  52.259 0.0000000000
61860  -28.813  -14.934  49.845 0.0000000000
60805  -29.361  -15.798  50.562 0.0000000000
60806  -30.279  -15.597  50.610 0.0000000000
61846  -30.876  -15.020  50.931 0.0000000000
61862  -30.371  -14.998  50.491 0.0000000000
62842  -32.798  -13.416  53.035 0.0000000000
63928  -32.291  -13.325  52.891 0.0000000000
65145  -31.604  -12.563  51.757 0.0000000000
63991  -28.916  -12.324  48.741 0.0000000000
63992  -29.492  -12.444  48.871 0.0000000000
65202  -33.873  -12.785  49.460 0.0000000000
63975  -34.142  -12.994  48.897 0.0000000000
65223  -33.739  -12.966  48.571 0.0000000000
65236  -31.903  -11.978  46.732 0.0000000000
64009  -32.509  -12.426  46.828 0.0000000000
65257  -32.833  -11.725  46.189 0.0000000000
67706  -30.696  -10.007  46.731 0.0000000000
67692  -30.700  -9.284  46.812 0.0000000000
68849  -31.617  -9.037  46.511 0.0000000000
67726  -32.519  -9.743  45.897 0.0000000000
67709  -32.408  -9.169  46.052 0.0000000000
55135  -20.415  -20.497  54.398 0.0000000000
54033  -20.402  -21.443  55.162 0.0000000000
55071  -22.181  -21.812  56.618 0.0000000000
53994  -21.581  -22.060  57.352 0.0000000000
53971  -21.610  -22.423  58.295 0.0000000000
52933  -23.640  -23.021  56.498 0.0000000000
52932  -23.161  -22.497  56.681 0.0000000000
52912  -23.070  -23.131  57.212 0.0000000000
50582  -28.049  -24.915  58.605 0.0000000000
49368  -5.757  -25.804  59.311 0.0000000000
50560  -8.111  -24.083  58.767 0.0000000000
50559  -7.482  -24.012  59.212 0.0000000000
50575  -7.781  -24.546  58.679 0.0000000000
48228  -7.517  -26.389  58.550 0.0000000000
47147  -7.251  -27.099  58.719 0.0000000000
47127  -8.540  -28.015  59.288 0.0000000000
51748  -11.910  -24.007  56.993 0.0000000000
50600  -12.111  -24.981  56.988 0.0000000000
48249  -12.019  -26.234  57.678 0.0000000000
48232  -11.291  -26.428  58.182 0.0000000000
38817  -2.165  -36.168  63.349 0.0000000000
39781  -1.561  -34.662  62.625 0.0000000000
51750  -19.719  -23.583  56.797 0.0000000000
52911  -19.916  -22.786  56.951 0.0000000000
53992  -20.309  -22.114  57.043 0.0000000000
55108  -17.656  -20.656  54.588 0.0000000000
55088  -17.124  -20.267  55.565 0.0000000000
51812  -17.923  -23.278  54.450 0.0000000000
50649  -18.260  -23.939  54.610 0.0000000000
51813  -18.738  -23.482  54.381 0.0000000000
55099  -31.612  -19.710  56.238 0.0000000000
71114  -33.418  -6.507  45.920 0.0000000000
72258  -34.826  -5.297  45.300 0.0000000000
77489  -38.529  -0.912  42.609 0.0000000000
76390  -40.300  -1.400  42.346 0.0000000000
75300  -41.170  -2.298  42.790 0.0000000000
77509  -40.844  0.380  41.557 0.0000000000
60761  -30.418  -16.418  54.412 0.0000000000
60746  -30.097  -16.302  54.793 0.0000000000
60745  -29.364  -16.161  54.534 0.0000000000
67672  -27.415  -9.102  49.721 0.0000000000
51815  -25.480  -23.667  54.653 0.0000000000
51797  -25.941  -24.234  55.547 0.0000000000
50624  -26.116  -24.675  56.520 0.0000000000
50603  -26.556  -24.841  57.374 0.0000000000
52875  -10.280  -23.160  57.888 0.0000000000
79730  -46.163  1.457  39.467 0.0000000000
79731  -46.974  1.521  39.384 0.0000000000
39784  -4.425  -34.019  62.601 0.0000000000
39791  -4.231  -34.135  61.768 0.0000000000
39775  -4.281  -34.228  63.472 0.0000000000
38827  -3.490  -35.134  63.247 0.0000000000
60719  -37.224  -15.035  56.978 0.0000000000
61794  -36.841  -14.431  56.580 0.0000000000
51753  -31.089  -23.562  57.180 0.0000000000
50607  -30.500  -23.793  57.682 0.0000000000
50585  -31.145  -24.081  58.544 0.0000000000
53991  -16.079  -20.879  56.970 0.0000000000
52910  -15.582  -21.125  57.618 0.0000000000
52881  -15.156  -21.282  58.436 0.0000000000
52927  -14.034  -23.185  56.610 0.0000000000
49412  -17.359  -25.535  57.340 0.0000000000
49374  -17.735  -25.429  59.295 0.0000000000
54060  -34.754  -20.692  54.009 0.0000000000
55166  -34.173  -20.056  52.893 0.0000000000
57372  -19.175  -17.901  54.174 0.0000000000
57389  -19.474  -18.580  53.836 0.0000000000
58545  -19.665  -17.715  53.928 0.0000000000
58568  -20.235  -17.844  53.661 0.0000000000
58569  -21.162  -17.533  53.518 0.0000000000
58549  -23.430  -17.611  54.265 0.0000000000
57391  -23.920  -18.311  53.841 0.0000000000
57437  -24.525  -19.090  52.904 0.0000000000
57436  -24.266  -19.286  52.830 0.0000000000
55176  -24.333  -20.430  52.775 0.0000000000
55177  -25.387  -20.373  52.522 0.0000000000
54086  -26.165  -21.011  52.436 0.0000000000
55141  -28.436  -20.819  54.268 0.0000000000
55164  -28.335  -21.021  53.742 0.0000000000
52969  -32.929  -22.059  54.064 0.0000000000
64028  -34.535  -12.517  46.882 0.0000000000
68875  -36.379  -8.165  45.285 0.0000000000
68852  -36.879  -9.047  45.585 0.0000000000
75275  -35.505  -2.741  45.414 0.0000000000
74254  -35.721  -3.133  45.087 0.0000000000
73279  -36.963  -4.137  44.648 0.0000000000
73291  -39.067  -3.778  43.929 0.0000000000
72264  -41.103  -5.817  45.422 0.0000000000
78607  -42.855  0.760  41.094 0.0000000000
78618  -43.467  0.946  40.762 0.0000000000
45991  -4.898  -28.172  59.726 0.0000000000
41788  -5.801  -32.375  62.185 0.0000000000
56223  -35.723  -19.228  54.707 0.0000000000
57418  -35.740  -18.239  53.976 0.0000000000
58574  -35.751  -17.528  53.598 0.0000000000
59714  -33.559  -16.370  51.470 0.0000000000
60795  -34.072  -15.394  51.517 0.0000000000
61850  -34.069  -14.652  51.718 0.0000000000
61832  -33.759  -14.207  52.031 0.0000000000
61831  -32.935  -14.327  52.006 0.0000000000
62857  -27.103  -14.146  53.066 0.0000000000
62892  -30.422  -14.345  50.554 0.0000000000
63974  -30.509  -12.822  50.144 0.0000000000
68819  -30.521  -7.783  47.480 0.0000000000
68820  -31.135  -7.561  47.566 0.0000000000
68833  -31.881  -7.938  46.706 0.0000000000
69978  -32.273  -7.875  46.523 0.0000000000
55136  -21.221  -20.010  54.760 0.0000000000
55089  -21.320  -21.357  56.110 0.0000000000
55090  -22.006  -21.407  55.993 0.0000000000
55072  -22.526  -21.723  56.646 0.0000000000
49385  -8.787  -25.549  58.180 0.0000000000
49384  -7.687  -25.385  58.482 0.0000000000
49424  -13.161  -25.441  57.074 0.0000000000
48250  -12.882  -26.480  57.715 0.0000000000
48217  -12.769  -27.303  59.140 0.0000000000
58493  -37.460  -17.061  57.559 0.0000000000
50545  -19.520  -24.652  60.294 0.0000000000
51712  -19.843  -23.577  58.488 0.0000000000
51733  -33.285  -23.519  57.973 0.0000000000
50587  -32.672  -23.846  58.404 0.0000000000
55068  -16.415  -19.970  56.775 0.0000000000
50636  -16.946  -24.312  55.169 0.0000000000
50637  -18.086  -24.538  54.989 0.0000000000
49439  -18.319  -24.864  55.472 0.0000000000
49375  -18.720  -25.258  59.108 0.0000000000
55146  -33.188  -20.532  53.647 0.0000000000
56196  -32.268  -19.528  54.991 0.0000000000
55117  -29.483  -20.618  55.017 0.0000000000
55144  -31.293  -20.711  54.141 0.0000000000
67728  -34.065  -9.711  45.359 0.0000000000
67710  -34.473  -10.248  45.429 0.0000000000
68874  -35.424  -8.248  45.191 0.0000000000
70005  -36.862  -7.279  45.156 0.0000000000
75286  -38.131  -2.507  43.360 0.0000000000
76388  -38.398  -1.636  42.792 0.0000000000
75287  -38.825  -2.775  43.191 0.0000000000
74268  -39.313  -3.304  43.491 0.0000000000
73293  -40.792  -3.734  44.053 0.0000000000
73294  -41.822  -4.030  43.899 0.0000000000
73285  -42.605  -4.612  44.526 0.0000000000
74271  -42.491  -3.487  43.631 0.0000000000
74272  -43.116  -3.269  43.634 0.0000000000
75291  -43.119  -2.588  43.372 0.0000000000
77494  -43.716  -0.486  42.331 0.0000000000
77511  -42.374  0.103  41.527 0.0000000000
44928  -7.450  -29.795  60.545 0.0000000000
58573  -34.183  -17.966  52.520 0.0000000000
59690  -31.899  -17.230  52.089 0.0000000000
62903  -27.872  -12.959  49.308 0.0000000000
63990  -28.088  -12.133  48.702 0.0000000000
65218  -28.479  -11.504  48.397 0.0000000000
66489  -29.690  -10.785  47.424 0.0000000000
68830  -29.721  -9.135  47.222 0.0000000000
69939  -30.106  -7.192  48.096 0.0000000000
54052  -23.376  -21.357  54.914 0.0000000000
54034  -23.471  -21.805  55.570 0.0000000000
54035  -23.908  -22.159  55.138 0.0000000000
51795  -24.100  -23.296  56.029 0.0000000000
51773  -25.243  -24.346  56.570 0.0000000000
51752  -24.951  -24.629  57.660 0.0000000000
51724  -8.548  -23.974  58.639 0.0000000000
51725  -9.236  -23.831  58.319 0.0000000000
48208  -15.033  -26.242  60.044 0.0000000000
42866  -4.127  -31.497  60.493 0.0000000000
42865  -3.443  -31.791  61.192 0.0000000000
41787  -2.660  -32.542  62.258 0.0000000000
75264  -34.599  -2.996  46.776 0.0000000000
76357  -35.793  -1.981  46.149 0.0000000000
76358  -36.400  -1.708  45.724 0.0000000000
62818  -34.592  -13.157  55.638 0.0000000000
50626  -28.213  -24.352  56.774 0.0000000000
50570  -32.907  -24.066  59.036 0.0000000000
52852  -13.203  -21.652  59.186 0.0000000000
51749  -12.454  -23.438  56.935 0.0000000000
50617  -13.234  -24.893  56.836 0.0000000000
49425  -13.818  -25.466  57.036 0.0000000000
49389  -14.719  -26.473  58.351 0.0000000000
50620  -15.812  -25.089  56.305 0.0000000000
49427  -15.643  -25.420  56.808 0.0000000000
49410  -15.404  -25.841  57.653 0.0000000000
49390  -15.206  -26.224  58.499 0.0000000000
48220  -15.201  -26.327  59.301 0.0000000000
55122  -35.655  -20.086  55.681 0.0000000000
56198  -35.586  -19.557  54.770 0.0000000000
56221  -33.819  -20.024  52.928 0.0000000000
57394  -32.558  -18.940  53.853 0.0000000000
59646  -31.157  -16.788  54.990 0.0000000000
59632  -31.345  -16.780  55.719 0.0000000000
54069  -19.016  -21.304  53.741 0.0000000000
57390  -20.113  -19.054  53.676 0.0000000000
55137  -22.298  -20.103  54.536 0.0000000000
59643  -21.180  -16.615  54.300 0.0000000000
59660  -21.455  -16.884  53.792 0.0000000000
58571  -23.169  -17.981  53.516 0.0000000000
55159  -22.603  -19.762  53.983 0.0000000000
54071  -23.523  -21.180  54.223 0.0000000000
52978  -24.358  -22.249  54.137 0.0000000000
52979  -25.078  -22.433  53.612 0.0000000000
54073  -24.910  -21.677  53.097 0.0000000000
51829  -25.166  -23.131  54.176 0.0000000000
51817  -27.563  -23.515  54.438 0.0000000000
56217  -25.811  -19.159  54.256 0.0000000000
56261  -26.151  -19.637  53.068 0.0000000000
54087  -26.942  -20.852  52.612 0.0000000000
52981  -27.116  -22.323  52.926 0.0000000000
51799  -28.207  -23.733  55.255 0.0000000000
51778  -30.479  -23.525  56.542 0.0000000000
51755  -32.392  -23.424  57.235 0.0000000000
51781  -32.597  -23.158  56.744 0.0000000000
51757  -33.484  -23.222  57.513 0.0000000000
52891  -34.556  -22.884  57.971 0.0000000000
53981  -35.823  -21.649  58.142 0.0000000000
57347  -17.223  -17.994  55.842 0.0000000000
57370  -17.629  -18.289  55.326 0.0000000000
56211  -18.154  -20.281  54.135 0.0000000000
55133  -18.741  -20.796  53.778 0.0000000000
64013  -35.662  -12.580  48.170 0.0000000000
73259  -34.095  -4.467  46.485 0.0000000000
73268  -35.318  -4.400  45.170 0.0000000000
74256  -37.280  -3.299  44.256 0.0000000000
73281  -38.422  -4.132  44.215 0.0000000000
72275  -37.869  -4.738  44.659 0.0000000000
70008  -39.807  -7.399  45.935 0.0000000000
78636  -45.992  0.682  39.830 0.0000000000
80811  -45.599  2.329  39.508 0.0000000000
82988  -44.877  4.726  39.867 0.0000000000
45974  -3.790  -28.303  61.287 0.0000000000
44926  -3.922  -29.621  60.753 0.0000000000
43916  -3.925  -30.602  60.499 0.0000000000
44945  -6.198  -29.664  59.615 0.0000000000
43933  -5.649  -30.283  59.809 0.0000000000
43932  -5.009  -30.517  59.864 0.0000000000
42884  -4.564  -31.011  60.113 0.0000000000
41818  -4.618  -32.322  60.726 0.0000000000
40775  -4.703  -32.772  61.012 0.0000000000
40767  -4.805  -33.124  61.541 0.0000000000
40759  -5.336  -32.854  62.408 0.0000000000
40758  -4.841  -33.398  62.517 0.0000000000
58512  -37.096  -16.964  56.754 0.0000000000
58595  -34.903  -17.660  52.501 0.0000000000
59649  -36.488  -16.446  54.695 0.0000000000
59635  -36.928  -16.328  55.818 0.0000000000
59619  -37.204  -16.206  56.380 0.0000000000
60728  -37.032  -15.433  56.259 0.0000000000
61802  -36.375  -14.416  55.507 0.0000000000
62828  -35.793  -13.727  55.301 0.0000000000
62827  -35.072  -13.473  55.141 0.0000000000
62826  -34.436  -13.283  54.883 0.0000000000
60744  -28.543  -15.733  54.341 0.0000000000
61814  -27.818  -15.027  54.185 0.0000000000
61828  -27.076  -14.731  52.427 0.0000000000
60803  -27.403  -15.238  51.081 0.0000000000
60790  -28.705  -16.013  51.313 0.0000000000
59731  -30.067  -16.237  50.900 0.0000000000
61830  -32.288  -14.394  51.879 0.0000000000
62876  -31.838  -14.099  51.934 0.0000000000
62834  -33.561  -13.293  53.913 0.0000000000
62825  -33.764  -13.139  54.658 0.0000000000
65123  -31.982  -12.408  52.726 0.0000000000
63976  -34.679  -12.955  49.285 0.0000000000
63995  -34.352  -12.974  48.240 0.0000000000
64011  -34.091  -12.808  47.210 0.0000000000
64027  -33.967  -12.333  46.579 0.0000000000
66507  -33.381  -10.954  45.677 0.0000000000
66504  -31.066  -10.472  46.683 0.0000000000
66505  -31.695  -10.685  46.384 0.0000000000
66528  -32.783  -9.968  45.700 0.0000000000
66529  -33.219  -10.176  45.540 0.0000000000
69979  -32.815  -7.229  46.259 0.0000000000
71096  -33.255  -6.042  46.790 0.0000000000
53970  -20.953  -22.060  58.322 0.0000000000
55092  -23.108  -21.430  55.993 0.0000000000
54017  -22.962  -21.851  56.464 0.0000000000
53996  -22.677  -22.547  57.202 0.0000000000
52886  -23.055  -23.622  58.386 0.0000000000
53972  -22.262  -22.853  58.336 0.0000000000
53950  -22.152  -23.201  59.611 0.0000000000
50604  -27.604  -24.747  57.547 0.0000000000
48212  -5.363  -26.424  59.373 0.0000000000
47125  -6.507  -27.501  58.864 0.0000000000
49383  -7.090  -25.813  58.620 0.0000000000
52904  -11.096  -23.387  57.439 0.0000000000
51747  -10.903  -24.054  57.341 0.0000000000
49406  -11.658  -25.563  57.386 0.0000000000
49405  -10.944  -25.309  57.532 0.0000000000
49387  -10.632  -25.795  57.892 0.0000000000
48215  -10.711  -27.095  58.929 0.0000000000
48218  -13.848  -27.137  59.541 0.0000000000
47129  -11.217  -27.646  59.793 0.0000000000
80824  -47.060  2.409  39.105 0.0000000000
38819  -3.357  -35.317  63.799 0.0000000000
38826  -3.019  -35.421  63.007 0.0000000000
38810  -2.639  -35.880  64.546 0.0000000000
40747  -1.568  -33.066  62.961 0.0000000000
39780  -0.904  -34.299  62.589 0.0000000000
38811  -3.171  -35.444  64.632 0.0000000000
39774  -3.816  -34.793  63.652 0.0000000000
42883  -4.219  -30.888  60.245 0.0000000000
43917  -5.551  -30.931  59.973 0.0000000000
48236  -14.854  -26.554  58.816 0.0000000000
48248  -11.531  -26.025  57.708 0.0000000000
49355  -15.586  -25.918  59.812 0.0000000000
49431  -19.157  -24.728  56.282 0.0000000000
50621  -18.668  -24.710  55.350 0.0000000000
50623  -25.654  -24.644  56.699 0.0000000000
50639  -26.133  -24.505  56.018 0.0000000000
51715  -33.032  -23.787  58.403 0.0000000000
51726  -9.796  -23.532  58.016 0.0000000000
51731  -32.224  -23.596  57.690 0.0000000000
51766  -12.616  -24.586  56.868 0.0000000000
52913  -23.744  -23.548  57.356 0.0000000000
52931  -19.822  -23.038  56.187 0.0000000000
52950  -23.934  -22.717  55.559 0.0000000000
52951  -24.427  -23.029  54.944 0.0000000000
54016  -22.740  -21.673  56.584 0.0000000000
54050  -19.431  -21.559  54.016 0.0000000000
54070  -19.221  -21.099  53.782 0.0000000000
54072  -24.140  -21.537  53.577 0.0000000000
55157  -18.981  -21.073  53.687 0.0000000000
55179  -26.935  -20.372  52.821 0.0000000000
56244  -34.025  -19.600  52.805 0.0000000000
56259  -24.725  -19.651  52.691 0.0000000000
57333  -37.564  -18.013  57.999 0.0000000000
57348  -16.822  -18.361  56.287 0.0000000000
58459  -37.936  -17.501  59.244 0.0000000000
58492  -37.268  -17.268  57.209 0.0000000000
58567  -19.818  -18.082  53.732 0.0000000000
58575  -36.001  -17.853  54.238 0.0000000000
59596  -37.697  -16.355  58.173 0.0000000000
59661  -21.937  -17.128  53.643 0.0000000000
59662  -29.528  -16.365  53.180 0.0000000000
59715  -34.241  -16.187  51.602 0.0000000000
59732  -30.452  -16.043  50.939 0.0000000000
60750  -36.417  -15.654  54.701 0.0000000000
60788  -27.232  -15.252  51.875 0.0000000000
61784  -37.467  -14.960  57.511 0.0000000000
61801  -36.040  -14.073  55.057 0.0000000000
61808  -35.344  -13.933  54.095 0.0000000000
62820  -35.878  -13.429  56.077 0.0000000000
62821  -36.372  -13.801  56.287 0.0000000000
62837  -35.437  -13.729  54.789 0.0000000000
62844  -34.051  -13.485  53.442 0.0000000000
62862  -34.559  -13.801  53.098 0.0000000000
62905  -29.021  -13.554  49.572 0.0000000000
63915  -33.045  -13.271  53.641 0.0000000000
64026  -33.416  -12.103  46.390 0.0000000000
65237  -32.581  -12.192  46.608 0.0000000000
71064  -29.413  -6.736  48.627 0.0000000000
73295  -42.428  -4.055  43.989 0.0000000000
75289  -41.413  -2.766  43.113 0.0000000000
75297  -38.519  -2.252  43.020 0.0000000000
77476  -37.958  -0.863  42.946 0.0000000000
77488  -38.158  -1.153  42.729 0.0000000000
81914  -47.995  3.249  38.621 0.0000000000
