#!ascii label  , from subject sub.01.bl.01 vox2ras=TkReg
1538
94606  -38.552  15.413  35.780 0.0000000000
89438  -50.146  11.116  24.752 0.0000000000
99319  -45.337  21.238  37.818 0.0000000000
91558  -48.886  11.766  33.420 0.0000000000
91446  -44.670  12.696  41.537 0.0000000000
94697  -43.599  15.352  27.439 0.0000000000
100387  -46.882  21.477  26.482 0.0000000000
104053  -40.800  25.132  24.250 0.0000000000
89187  -36.685  10.747  45.798 0.0000000000
90368  -42.757  9.910  34.284 0.0000000000
89387  -44.905  10.307  29.638 0.0000000000
93717  -42.996  14.818  32.676 0.0000000000
99308  -50.699  21.852  38.103 0.0000000000
98383  -50.110  19.288  31.689 0.0000000000
100302  -46.469  22.024  33.756 0.0000000000
100351  -41.438  22.319  28.275 0.0000000000
103995  -45.910  26.006  29.997 0.0000000000
87428  -47.320  9.203  23.226 0.0000000000
98324  -35.079  19.519  38.865 0.0000000000
99353  -41.136  20.529  35.178 0.0000000000
93701  -52.466  14.901  35.975 0.0000000000
91517  -46.602  11.734  37.452 0.0000000000
87270  -40.916  8.606  37.889 0.0000000000
91440  -38.270  12.709  41.935 0.0000000000
90510  -46.434  11.291  25.166 0.0000000000
92823  -45.474  13.597  21.941 0.0000000000
95587  -47.325  17.360  32.399 0.0000000000
97536  -47.036  19.110  25.908 0.0000000000
96646  -46.739  17.445  19.989 0.0000000000
99485  -42.804  20.695  21.199 0.0000000000
100444  -38.504  21.351  21.836 0.0000000000
91539  -41.018  12.288  33.763 0.0000000000
92688  -43.162  13.019  33.578 0.0000000000
94614  -41.280  15.633  34.359 0.0000000000
102180  -50.628  23.583  36.880 0.0000000000
101266  -49.103  22.512  35.751 0.0000000000
103056  -48.497  24.162  35.215 0.0000000000
103081  -45.799  24.726  32.714 0.0000000000
88431  -48.612  10.036  23.582 0.0000000000
98285  -33.609  19.854  41.671 0.0000000000
98301  -36.523  20.186  40.337 0.0000000000
91487  -45.503  12.829  39.606 0.0000000000
89287  -44.084  10.139  37.979 0.0000000000
91483  -42.232  12.049  39.769 0.0000000000
92551  -36.504  12.872  43.282 0.0000000000
91481  -33.499  12.622  39.518 0.0000000000
94580  -31.337  15.551  38.345 0.0000000000
92624  -29.774  13.310  39.650 0.0000000000
90423  -49.312  11.827  30.671 0.0000000000
90464  -42.747  11.834  28.491 0.0000000000
89409  -45.425  10.665  27.756 0.0000000000
90494  -43.849  12.187  25.916 0.0000000000
90523  -45.065  12.272  23.564 0.0000000000
93819  -44.536  14.484  25.133 0.0000000000
99337  -43.321  20.952  36.624 0.0000000000
97436  -44.732  18.840  33.717 0.0000000000
98372  -46.847  19.502  34.796 0.0000000000
100343  -48.658  21.151  29.048 0.0000000000
98422  -49.660  19.757  28.804 0.0000000000
99450  -48.703  20.551  25.562 0.0000000000
97557  -47.760  18.458  22.282 0.0000000000
100467  -47.032  21.091  22.222 0.0000000000
98513  -45.170  20.139  20.822 0.0000000000
100436  -44.682  21.538  23.197 0.0000000000
103143  -40.615  24.144  27.032 0.0000000000
100398  -40.077  21.708  24.803 0.0000000000
102268  -39.012  23.882  23.547 0.0000000000
101365  -37.837  22.810  21.822 0.0000000000
104069  -39.374  25.002  22.757 0.0000000000
88327  -45.604  9.351  33.953 0.0000000000
89360  -46.908  10.465  31.407 0.0000000000
90406  -43.606  9.369  33.152 0.0000000000
91611  -41.741  11.204  31.762 0.0000000000
93753  -42.475  14.475  30.612 0.0000000000
99322  -48.134  21.081  37.817 0.0000000000
97428  -48.908  19.358  35.151 0.0000000000
99360  -49.500  20.782  35.545 0.0000000000
100305  -48.863  20.801  32.620 0.0000000000
100329  -46.312  20.976  30.316 0.0000000000
100369  -44.039  21.511  27.499 0.0000000000
100327  -43.995  21.886  30.914 0.0000000000
103120  -43.041  24.867  30.019 0.0000000000
104822  -43.097  26.005  27.579 0.0000000000
87425  -45.342  9.208  22.441 0.0000000000
96495  -36.735  17.167  36.161 0.0000000000
97425  -39.230  18.123  34.985 0.0000000000
98335  -38.168  20.350  37.370 0.0000000000
98318  -40.219  19.830  39.361 0.0000000000
99274  -42.550  20.396  40.367 0.0000000000
99233  -41.511  20.261  43.722 0.0000000000
99276  -44.651  20.755  40.792 0.0000000000
91546  -50.261  12.880  34.698 0.0000000000
91520  -49.431  12.429  37.491 0.0000000000
90355  -47.711  11.550  35.654 0.0000000000
88315  -45.012  9.289  35.925 0.0000000000
88312  -42.477  8.756  34.868 0.0000000000
90259  -43.970  11.583  43.516 0.0000000000
91363  -39.312  12.398  45.891 0.0000000000
91380  -40.253  11.991  44.267 0.0000000000
92572  -41.358  12.859  41.513 0.0000000000
88257  -39.270  9.700  40.223 0.0000000000
93690  -36.691  14.465  36.602 0.0000000000
92806  -51.182  13.454  24.983 0.0000000000
90452  -47.366  10.988  29.042 0.0000000000
91659  -48.129  12.054  26.565 0.0000000000
91696  -49.301  12.186  23.388 0.0000000000
90548  -47.676  10.957  22.667 0.0000000000
89463  -46.331  10.664  21.383 0.0000000000
90567  -45.127  11.958  19.986 0.0000000000
96521  -42.831  17.533  33.513 0.0000000000
94624  -45.028  16.778  32.481 0.0000000000
95635  -45.278  17.154  29.842 0.0000000000
96537  -49.001  17.572  32.513 0.0000000000
97492  -47.226  18.369  29.157 0.0000000000
96600  -45.449  17.344  26.262 0.0000000000
95697  -46.116  16.669  23.386 0.0000000000
94757  -46.582  15.416  20.452 0.0000000000
92837  -44.639  13.559  19.884 0.0000000000
100400  -42.211  21.223  24.814 0.0000000000
100461  -41.136  20.706  21.345 0.0000000000
98479  -39.959  19.490  22.698 0.0000000000
98477  -38.063  19.685  23.229 0.0000000000
100414  -36.281  21.304  24.000 0.0000000000
92672  -40.129  13.911  34.904 0.0000000000
92685  -41.342  13.648  34.048 0.0000000000
94608  -40.027  15.548  35.237 0.0000000000
103057  -49.388  24.482  35.341 0.0000000000
103076  -48.796  25.298  33.633 0.0000000000
89437  -49.572  10.755  24.184 0.0000000000
92615  -44.600  13.400  40.372 0.0000000000
91485  -43.645  12.468  39.168 0.0000000000
92613  -42.773  13.225  40.091 0.0000000000
90318  -32.195  12.005  39.648 0.0000000000
91479  -31.576  12.505  39.202 0.0000000000
91571  -49.468  11.991  32.562 0.0000000000
90409  -49.115  11.628  31.624 0.0000000000
92765  -42.751  13.425  27.762 0.0000000000
91634  -43.350  11.964  27.474 0.0000000000
92777  -43.692  13.631  26.596 0.0000000000
92790  -44.256  13.683  25.503 0.0000000000
93798  -44.004  14.452  26.478 0.0000000000
99318  -44.325  21.102  37.739 0.0000000000
99357  -45.211  20.711  35.668 0.0000000000
99359  -46.677  20.574  36.045 0.0000000000
100372  -47.461  21.457  27.354 0.0000000000
100374  -49.109  21.303  27.171 0.0000000000
100406  -48.141  21.308  25.717 0.0000000000
99465  -47.607  20.752  23.730 0.0000000000
100423  -46.883  21.393  24.752 0.0000000000
100452  -46.404  21.382  22.726 0.0000000000
100422  -45.970  21.472  24.551 0.0000000000
103152  -40.974  24.623  26.267 0.0000000000
102262  -39.545  23.797  25.110 0.0000000000
103166  -40.159  24.589  24.163 0.0000000000
103173  -39.398  24.500  23.140 0.0000000000
104052  -40.378  24.920  23.644 0.0000000000
90379  -43.882  9.090  34.176 0.0000000000
89344  -44.903  9.267  33.193 0.0000000000
91557  -43.772  10.015  34.051 0.0000000000
93709  -43.022  13.996  32.877 0.0000000000
90405  -43.270  12.204  32.382 0.0000000000
92721  -42.622  13.279  32.283 0.0000000000
92732  -41.880  13.373  30.846 0.0000000000
93741  -42.984  14.783  31.658 0.0000000000
99306  -49.351  21.516  38.428 0.0000000000
98338  -49.075  20.564  36.836 0.0000000000
99342  -49.635  21.325  36.598 0.0000000000
101276  -48.054  22.246  35.055 0.0000000000
100299  -48.795  20.877  34.022 0.0000000000
100304  -48.075  21.106  33.188 0.0000000000
100317  -47.381  20.687  31.263 0.0000000000
100316  -46.257  20.932  31.407 0.0000000000
100328  -45.226  21.321  30.598 0.0000000000
100308  -44.971  22.090  32.519 0.0000000000
103957  -45.814  25.543  31.466 0.0000000000
103090  -44.032  24.786  31.270 0.0000000000
103993  -44.117  25.545  29.724 0.0000000000
104010  -43.154  25.534  28.894 0.0000000000
104808  -44.870  26.288  28.346 0.0000000000
87426  -46.110  9.042  22.645 0.0000000000
97408  -35.622  18.718  37.217 0.0000000000
98346  -36.814  19.089  36.559 0.0000000000
98325  -35.993  19.710  38.575 0.0000000000
98289  -37.925  20.059  40.987 0.0000000000
98303  -38.461  19.776  40.281 0.0000000000
98304  -39.503  19.533  40.326 0.0000000000
98319  -41.096  20.111  39.819 0.0000000000
98292  -40.776  19.873  41.387 0.0000000000
99217  -40.996  20.484  44.658 0.0000000000
98295  -43.150  20.302  42.420 0.0000000000
99253  -44.124  20.498  42.750 0.0000000000
99278  -46.543  21.397  41.501 0.0000000000
99255  -46.085  21.200  42.890 0.0000000000
93718  -51.803  14.390  33.727 0.0000000000
92680  -51.285  13.749  35.625 0.0000000000
91507  -48.807  12.090  38.388 0.0000000000
91519  -48.568  12.071  37.271 0.0000000000
91529  -49.402  12.512  36.384 0.0000000000
90344  -46.738  11.532  36.700 0.0000000000
90353  -46.295  10.935  36.041 0.0000000000
90343  -46.228  11.378  36.939 0.0000000000
88295  -42.864  9.086  37.942 0.0000000000
87289  -43.521  8.692  36.826 0.0000000000
87287  -41.748  8.434  36.559 0.0000000000
91361  -37.868  11.690  45.873 0.0000000000
91395  -38.341  12.815  44.029 0.0000000000
92571  -38.857  13.211  42.608 0.0000000000
91398  -40.946  12.531  42.596 0.0000000000
91441  -39.662  12.256  41.692 0.0000000000
91463  -40.342  12.001  41.072 0.0000000000
90293  -38.640  11.339  41.434 0.0000000000
94593  -35.186  15.358  36.900 0.0000000000
93681  -34.093  14.773  37.509 0.0000000000
92793  -51.480  13.559  25.385 0.0000000000
89374  -45.960  10.335  30.520 0.0000000000
90437  -46.932  10.725  29.925 0.0000000000
89388  -46.199  10.652  29.400 0.0000000000
90497  -46.529  11.236  26.243 0.0000000000
90484  -46.763  11.287  27.197 0.0000000000
91670  -47.951  11.800  25.671 0.0000000000
91685  -49.392  12.620  24.672 0.0000000000
90527  -48.189  11.778  24.049 0.0000000000
91707  -48.882  11.657  22.917 0.0000000000
90538  -47.405  11.116  23.108 0.0000000000
91694  -45.312  12.864  22.547 0.0000000000
90536  -45.640  12.017  22.466 0.0000000000
90546  -45.686  11.867  21.256 0.0000000000
90557  -45.902  11.278  21.093 0.0000000000
91713  -45.635  12.600  20.570 0.0000000000
99352  -40.157  19.946  35.042 0.0000000000
97434  -41.364  18.039  33.910 0.0000000000
99372  -41.907  19.624  33.807 0.0000000000
96524  -45.594  18.085  33.330 0.0000000000
95570  -44.878  17.235  32.849 0.0000000000
94625  -45.689  16.965  32.331 0.0000000000
94650  -44.430  15.979  31.144 0.0000000000
95621  -46.301  17.216  30.759 0.0000000000
97441  -49.333  19.020  33.974 0.0000000000
96518  -49.041  18.044  33.991 0.0000000000
97457  -49.977  18.604  32.055 0.0000000000
98433  -48.320  19.251  27.547 0.0000000000
97507  -48.404  18.736  28.780 0.0000000000
97519  -47.538  18.837  27.747 0.0000000000
96586  -46.013  18.161  27.927 0.0000000000
96601  -45.948  17.966  25.832 0.0000000000
96608  -45.668  17.216  25.319 0.0000000000
97543  -46.586  18.168  24.723 0.0000000000
97572  -47.299  18.526  20.746 0.0000000000
95713  -47.146  17.263  21.264 0.0000000000
95730  -46.839  16.938  19.846 0.0000000000
93866  -45.979  14.570  19.273 0.0000000000
95728  -46.232  16.163  19.472 0.0000000000
93846  -44.732  14.789  20.287 0.0000000000
95711  -45.754  16.811  20.046 0.0000000000
99486  -43.910  20.662  21.157 0.0000000000
97556  -45.013  18.686  21.742 0.0000000000
100368  -42.722  21.723  27.477 0.0000000000
100401  -43.113  21.425  25.123 0.0000000000
100383  -42.024  21.418  26.100 0.0000000000
100415  -38.992  21.670  23.321 0.0000000000
100432  -40.591  21.336  22.595 0.0000000000
100445  -39.502  21.015  21.303 0.0000000000
98501  -40.292  19.949  21.011 0.0000000000
99472  -39.255  20.378  21.308 0.0000000000
98478  -39.039  19.399  22.967 0.0000000000
99471  -38.328  20.547  21.916 0.0000000000
103171  -37.627  24.240  22.724 0.0000000000
101361  -37.486  22.449  22.393 0.0000000000
101348  -36.931  22.657  23.810 0.0000000000
101346  -35.578  21.924  24.885 0.0000000000
91540  -41.828  11.728  33.122 0.0000000000
92676  -43.498  10.997  34.505 0.0000000000
92674  -41.997  12.664  32.671 0.0000000000
92687  -42.428  13.460  33.252 0.0000000000
93715  -42.526  15.428  33.421 0.0000000000
100281  -50.106  22.082  36.955 0.0000000000
102179  -50.116  23.341  36.470 0.0000000000
102185  -48.920  23.464  35.621 0.0000000000
102193  -47.253  23.434  34.769 0.0000000000
101280  -45.658  22.907  33.560 0.0000000000
103074  -46.814  24.699  33.437 0.0000000000
103937  -47.138  25.432  32.358 0.0000000000
88430  -47.837  9.616  23.378 0.0000000000
98299  -34.263  20.070  40.685 0.0000000000
98314  -35.776  19.949  39.591 0.0000000000
98300  -35.436  20.247  40.702 0.0000000000
91504  -46.008  12.133  38.185 0.0000000000
90341  -45.107  11.097  37.711 0.0000000000
91502  -44.356  12.173  38.813 0.0000000000
89272  -42.926  10.807  39.107 0.0000000000
88274  -41.681  9.628  39.215 0.0000000000
90254  -36.883  11.457  44.385 0.0000000000
92567  -35.789  12.992  42.588 0.0000000000
92644  -33.500  13.480  38.585 0.0000000000
93671  -32.887  14.603  38.088 0.0000000000
92643  -32.432  13.873  38.558 0.0000000000
92641  -30.969  14.251  38.782 0.0000000000
89385  -42.889  10.854  29.466 0.0000000000
89398  -45.488  10.622  28.590 0.0000000000
90466  -44.247  10.742  27.994 0.0000000000
90482  -44.653  10.897  27.196 0.0000000000
90509  -45.452  11.322  24.899 0.0000000000
90525  -46.458  11.297  23.967 0.0000000000
90508  -44.498  11.977  24.735 0.0000000000
91682  -44.596  12.801  24.145 0.0000000000
92815  -45.139  13.679  23.089 0.0000000000
99336  -42.370  20.805  36.509 0.0000000000
99365  -43.102  20.415  34.412 0.0000000000
99366  -44.036  20.536  34.679 0.0000000000
97438  -46.389  18.826  34.091 0.0000000000
95572  -47.624  17.822  32.948 0.0000000000
99399  -49.806  20.277  30.602 0.0000000000
98411  -50.327  19.776  30.073 0.0000000000
100360  -49.583  20.721  28.557 0.0000000000
99442  -49.454  20.488  26.756 0.0000000000
98458  -48.511  19.966  25.361 0.0000000000
97544  -47.283  18.748  24.487 0.0000000000
98472  -48.068  19.747  24.143 0.0000000000
99477  -47.942  20.056  22.306 0.0000000000
98516  -47.095  19.303  20.761 0.0000000000
97570  -46.384  18.361  20.375 0.0000000000
99495  -46.152  20.311  20.840 0.0000000000
100465  -45.321  21.316  21.335 0.0000000000
100449  -43.404  21.413  21.912 0.0000000000
101315  -40.829  22.989  28.126 0.0000000000
100382  -40.482  21.761  26.133 0.0000000000
101333  -40.084  22.577  26.598 0.0000000000
101340  -38.963  22.546  24.534 0.0000000000
101357  -38.522  22.427  23.052 0.0000000000
100458  -38.006  22.235  21.758 0.0000000000
102281  -38.313  23.578  21.965 0.0000000000
103177  -38.057  24.329  21.976 0.0000000000
104067  -38.003  24.851  22.642 0.0000000000
89332  -46.884  10.358  33.319 0.0000000000
90407  -47.701  10.856  32.137 0.0000000000
89345  -45.953  9.697  32.744 0.0000000000
89359  -45.703  9.872  31.700 0.0000000000
89373  -43.786  9.867  31.066 0.0000000000
91569  -44.249  10.686  33.420 0.0000000000
91597  -42.331  10.602  33.000 0.0000000000
90435  -42.047  10.595  31.077 0.0000000000
90434  -41.938  11.240  30.268 0.0000000000
92742  -42.195  13.449  29.205 0.0000000000
93777  -42.828  14.924  28.759 0.0000000000
99321  -47.380  21.005  37.652 0.0000000000
99341  -47.059  20.734  36.690 0.0000000000
98350  -48.679  20.054  36.303 0.0000000000
98363  -49.246  19.674  35.283 0.0000000000
98374  -49.555  19.538  33.678 0.0000000000
100292  -49.220  21.315  35.312 0.0000000000
99368  -49.328  20.403  33.766 0.0000000000
99378  -49.292  20.414  31.935 0.0000000000
99384  -49.101  20.692  30.704 0.0000000000
100342  -47.727  21.126  29.117 0.0000000000
100371  -46.408  21.384  27.417 0.0000000000
100386  -45.819  21.446  26.466 0.0000000000
100354  -44.751  21.448  28.547 0.0000000000
100353  -43.481  21.681  28.654 0.0000000000
100337  -42.308  22.341  29.538 0.0000000000
101289  -44.120  22.896  32.195 0.0000000000
102208  -42.832  23.366  30.963 0.0000000000
101306  -41.689  23.094  29.496 0.0000000000
103132  -41.587  24.534  28.393 0.0000000000
104023  -41.831  25.087  27.496 0.0000000000
104045  -42.073  25.558  25.854 0.0000000000
95540  -38.126  16.266  35.949 0.0000000000
96503  -38.958  17.240  35.404 0.0000000000
97423  -37.857  18.207  35.648 0.0000000000
99350  -38.673  19.545  35.585 0.0000000000
99333  -39.434  20.383  36.112 0.0000000000
98316  -37.878  19.990  39.398 0.0000000000
99295  -39.331  20.447  37.917 0.0000000000
99314  -40.672  20.527  37.298 0.0000000000
99298  -41.724  20.503  38.392 0.0000000000
99299  -42.603  20.534  38.463 0.0000000000
99301  -44.435  20.931  38.743 0.0000000000
99252  -40.400  20.169  42.584 0.0000000000
98293  -41.556  20.047  41.679 0.0000000000
99275  -43.621  20.517  40.537 0.0000000000
99302  -45.455  21.101  38.847 0.0000000000
99286  -46.779  21.411  40.218 0.0000000000
99287  -47.503  21.535  39.869 0.0000000000
100251  -48.472  22.047  40.296 0.0000000000
92697  -50.682  13.225  33.261 0.0000000000
91559  -49.451  12.350  33.775 0.0000000000
91509  -50.519  12.788  38.384 0.0000000000
92666  -51.430  13.745  36.619 0.0000000000
92664  -50.106  12.812  36.197 0.0000000000
91545  -49.597  12.539  35.072 0.0000000000
90372  -48.000  11.465  34.901 0.0000000000
90380  -46.904  10.669  34.558 0.0000000000
89312  -45.983  9.830  35.197 0.0000000000
89310  -43.825  8.770  34.360 0.0000000000
89296  -44.931  10.005  36.878 0.0000000000
88313  -43.460  8.629  35.109 0.0000000000
89309  -42.871  9.023  33.943 0.0000000000
90366  -41.332  10.698  33.536 0.0000000000
91348  -41.192  12.915  46.683 0.0000000000
91378  -38.403  12.253  45.031 0.0000000000
91379  -39.285  12.358  44.692 0.0000000000
91365  -41.345  11.987  45.447 0.0000000000
90241  -41.656  11.386  43.634 0.0000000000
90270  -42.069  12.036  42.424 0.0000000000
91444  -42.795  12.767  41.501 0.0000000000
92611  -41.544  12.502  40.560 0.0000000000
89258  -40.798  10.694  40.284 0.0000000000
88272  -39.892  9.250  39.627 0.0000000000
93692  -38.339  14.495  36.071 0.0000000000
95538  -36.622  16.210  36.449 0.0000000000
96486  -35.240  17.079  36.988 0.0000000000
97406  -34.147  18.385  37.865 0.0000000000
97393  -33.393  19.205  39.114 0.0000000000
91675  -52.920  12.227  26.127 0.0000000000
90513  -51.557  12.001  25.333 0.0000000000
90529  -50.829  12.102  24.809 0.0000000000
90422  -48.593  11.389  30.870 0.0000000000
90439  -48.992  11.608  29.813 0.0000000000
90468  -47.115  11.199  28.058 0.0000000000
91648  -48.397  12.202  27.439 0.0000000000
91661  -49.347  13.055  26.852 0.0000000000
92804  -49.942  13.291  25.442 0.0000000000
91686  -50.088  12.485  24.103 0.0000000000
90528  -50.318  11.850  24.164 0.0000000000
89446  -49.302  10.790  23.455 0.0000000000
89445  -48.692  10.475  23.114 0.0000000000
88440  -47.484  9.797  22.693 0.0000000000
90537  -46.483  11.297  22.727 0.0000000000
89453  -46.776  10.844  22.030 0.0000000000
88449  -47.101  9.994  22.027 0.0000000000
88447  -45.808  10.131  21.437 0.0000000000
88446  -45.081  10.385  21.346 0.0000000000
90555  -44.569  11.446  20.800 0.0000000000
96505  -40.414  16.906  34.639 0.0000000000
95558  -42.042  16.624  33.788 0.0000000000
94622  -43.162  16.092  33.003 0.0000000000
97446  -43.178  18.374  33.452 0.0000000000
95569  -43.878  17.018  32.979 0.0000000000
93727  -43.389  15.191  32.311 0.0000000000
93742  -44.013  15.716  31.866 0.0000000000
94662  -43.970  16.037  30.177 0.0000000000
95648  -43.608  16.170  28.463 0.0000000000
97426  -47.861  19.275  34.941 0.0000000000
95573  -48.605  17.683  33.310 0.0000000000
95606  -48.001  17.027  32.114 0.0000000000
97481  -49.833  18.364  30.025 0.0000000000
96563  -48.311  17.645  30.567 0.0000000000
96562  -47.042  17.496  30.276 0.0000000000
96575  -46.265  17.788  29.337 0.0000000000
96592  -44.749  17.339  27.694 0.0000000000
94698  -43.989  15.683  26.847 0.0000000000
94723  -44.559  15.357  25.532 0.0000000000
94740  -45.564  15.567  23.080 0.0000000000
96626  -46.854  17.499  22.970 0.0000000000
94748  -46.508  15.816  21.466 0.0000000000
93848  -46.295  14.454  20.555 0.0000000000
92839  -46.130  14.068  19.595 0.0000000000
91730  -45.068  12.598  19.740 0.0000000000
97563  -45.570  18.522  21.091 0.0000000000
100402  -44.231  21.536  25.309 0.0000000000
100435  -43.645  21.588  22.973 0.0000000000
100448  -42.344  21.289  21.878 0.0000000000
100399  -41.225  21.447  24.938 0.0000000000
100433  -41.595  21.312  22.733 0.0000000000
100462  -42.090  21.032  21.283 0.0000000000
99474  -41.393  20.136  21.359 0.0000000000
98480  -40.934  19.593  22.566 0.0000000000
98455  -41.022  19.621  24.945 0.0000000000
99470  -37.551  20.799  22.216 0.0000000000
99457  -36.778  20.153  23.883 0.0000000000
104861  -42.567  26.423  24.233 0.0000000000
104062  -41.275  25.894  23.619 0.0000000000
104870  -40.207  26.032  23.555 0.0000000000
104060  -39.420  25.404  23.374 0.0000000000
104050  -38.180  24.885  24.373 0.0000000000
93698  -39.732  14.671  35.262 0.0000000000
93699  -40.371  14.766  34.898 0.0000000000
94607  -39.288  15.480  35.477 0.0000000000
91447  -45.623  12.718  41.477 0.0000000000
92599  -45.404  12.998  40.840 0.0000000000
92598  -44.951  13.119  40.916 0.0000000000
92614  -43.799  13.441  40.271 0.0000000000
92597  -44.142  13.203  40.917 0.0000000000
90300  -31.853  11.133  39.933 0.0000000000
91570  -48.942  11.631  32.823 0.0000000000
90393  -48.888  11.552  32.361 0.0000000000
93787  -42.927  14.432  27.832 0.0000000000
92766  -43.201  13.599  27.236 0.0000000000
93797  -43.564  14.416  27.061 0.0000000000
94710  -43.841  15.041  26.778 0.0000000000
99339  -45.231  21.135  36.757 0.0000000000
99340  -46.170  21.053  36.823 0.0000000000
100388  -47.845  21.484  26.468 0.0000000000
100405  -47.321  21.419  25.644 0.0000000000
100424  -47.665  21.096  24.951 0.0000000000
100404  -46.372  21.469  25.554 0.0000000000
104044  -41.330  25.151  25.416 0.0000000000
103160  -40.674  24.632  25.278 0.0000000000
90369  -43.711  9.321  34.106 0.0000000000
91543  -43.571  10.106  34.207 0.0000000000
92694  -43.505  13.041  32.523 0.0000000000
92708  -43.059  13.808  32.622 0.0000000000
99307  -50.024  21.558  38.101 0.0000000000
99324  -49.636  21.350  37.413 0.0000000000
99343  -50.211  21.838  37.393 0.0000000000
100297  -47.062  22.051  34.277 0.0000000000
100298  -47.958  21.692  34.428 0.0000000000
100303  -47.117  21.493  33.528 0.0000000000
100310  -47.177  20.977  32.421 0.0000000000
100309  -46.024  21.652  32.784 0.0000000000
100315  -45.054  21.488  31.763 0.0000000000
103979  -46.285  25.863  30.712 0.0000000000
103978  -45.355  25.747  30.739 0.0000000000
103994  -44.941  25.918  29.932 0.0000000000
104793  -44.573  25.878  29.135 0.0000000000
104794  -45.502  26.107  29.166 0.0000000000
87421  -47.441  9.141  23.830 0.0000000000
87420  -46.951  8.716  23.574 0.0000000000
87419  -46.252  8.653  23.392 0.0000000000
87427  -46.866  9.006  22.861 0.0000000000
98332  -35.128  19.173  37.784 0.0000000000
98333  -36.244  19.354  37.416 0.0000000000
98290  -38.941  19.775  41.182 0.0000000000
98291  -39.942  19.572  41.198 0.0000000000
99237  -44.903  20.682  43.679 0.0000000000
99254  -45.297  20.836  42.832 0.0000000000
93711  -52.499  14.917  34.999 0.0000000000
93710  -51.807  14.438  34.782 0.0000000000
93700  -51.874  14.417  35.805 0.0000000000
91518  -47.506  11.712  37.034 0.0000000000
91516  -46.124  11.705  37.474 0.0000000000
87271  -41.640  8.650  38.029 0.0000000000
87279  -42.253  8.569  37.542 0.0000000000
87278  -41.308  8.498  37.272 0.0000000000
87285  -40.257  8.934  36.567 0.0000000000
87277  -40.440  8.624  37.210 0.0000000000
90226  -37.379  11.426  46.085 0.0000000000
92570  -38.496  13.249  42.533 0.0000000000
91412  -38.670  13.080  42.256 0.0000000000
91413  -39.240  13.050  42.460 0.0000000000
92653  -35.360  13.327  37.489 0.0000000000
93682  -34.841  14.438  37.257 0.0000000000
93673  -34.370  14.077  37.611 0.0000000000
92780  -50.349  13.745  26.759 0.0000000000
90511  -47.228  11.547  25.490 0.0000000000
91683  -47.745  11.708  25.049 0.0000000000
90526  -47.488  11.532  24.352 0.0000000000
90539  -48.133  11.613  23.479 0.0000000000
91705  -45.529  12.696  21.526 0.0000000000
92829  -45.856  13.540  20.772 0.0000000000
99363  -41.132  19.704  34.296 0.0000000000
99364  -41.949  20.414  34.296 0.0000000000
95571  -46.166  17.409  32.744 0.0000000000
95586  -46.378  17.141  32.145 0.0000000000
95585  -45.859  16.920  31.864 0.0000000000
95604  -46.450  17.155  31.535 0.0000000000
97452  -49.821  19.138  32.574 0.0000000000
97451  -49.809  18.860  33.015 0.0000000000
97469  -50.639  18.990  31.635 0.0000000000
98444  -47.777  19.315  26.630 0.0000000000
98432  -47.716  19.122  27.240 0.0000000000
97528  -47.229  18.906  26.907 0.0000000000
97518  -46.707  18.516  27.376 0.0000000000
97527  -46.506  18.571  26.394 0.0000000000
96609  -46.222  17.755  25.006 0.0000000000
97535  -46.520  18.436  25.371 0.0000000000
96647  -47.029  17.645  20.202 0.0000000000
96654  -46.753  16.924  19.741 0.0000000000
96653  -46.595  16.757  19.743 0.0000000000
95720  -45.733  16.169  19.677 0.0000000000
96645  -46.160  17.200  19.938 0.0000000000
98504  -43.574  20.252  21.424 0.0000000000
98503  -42.497  20.386  21.453 0.0000000000
100367  -41.295  21.930  27.472 0.0000000000
100430  -38.781  21.571  22.340 0.0000000000
100431  -39.647  21.334  22.416 0.0000000000
99481  -39.684  20.446  20.842 0.0000000000
98490  -39.115  19.760  22.007 0.0000000000
102273  -37.370  23.191  23.172 0.0000000000
92673  -41.613  12.832  33.209 0.0000000000
93706  -41.699  14.753  34.030 0.0000000000
92686  -41.959  13.713  33.439 0.0000000000
93707  -42.372  14.846  33.530 0.0000000000
94615  -41.899  15.758  33.908 0.0000000000
101257  -50.561  22.685  37.135 0.0000000000
102183  -47.769  23.166  35.147 0.0000000000
103055  -47.837  23.769  35.164 0.0000000000
103063  -46.828  23.964  34.274 0.0000000000
103064  -47.690  24.418  34.548 0.0000000000
103926  -48.629  25.456  33.034 0.0000000000
103925  -47.759  25.353  33.003 0.0000000000
103959  -47.878  25.871  31.304 0.0000000000
88423  -48.749  9.867  24.396 0.0000000000
98286  -34.665  20.281  41.801 0.0000000000
91503  -45.054  12.265  38.677 0.0000000000
91484  -42.799  12.414  39.519 0.0000000000
90323  -43.247  11.563  39.109 0.0000000000
90322  -42.569  11.458  39.457 0.0000000000
89271  -42.291  10.398  39.358 0.0000000000
91461  -34.351  12.316  40.440 0.0000000000
91499  -33.742  12.821  39.077 0.0000000000
92628  -33.400  13.008  38.996 0.0000000000
92627  -32.889  13.155  38.985 0.0000000000
92625  -30.777  13.552  38.978 0.0000000000
90450  -42.625  11.492  29.093 0.0000000000
89396  -43.434  10.746  28.951 0.0000000000
90465  -43.407  11.227  28.107 0.0000000000
90481  -43.828  11.689  26.925 0.0000000000
90495  -44.572  11.456  25.940 0.0000000000
90507  -44.197  12.480  25.358 0.0000000000
91669  -44.347  12.890  25.008 0.0000000000
92802  -44.575  13.678  24.560 0.0000000000
92814  -44.752  13.391  23.793 0.0000000000
93820  -44.759  14.584  24.338 0.0000000000
99355  -43.213  20.895  35.520 0.0000000000
99356  -44.192  20.976  35.618 0.0000000000
98360  -45.892  20.413  35.352 0.0000000000
98371  -45.763  19.861  34.672 0.0000000000
97449  -46.555  18.491  33.683 0.0000000000
97450  -46.950  18.590  33.743 0.0000000000
99409  -49.161  20.871  29.592 0.0000000000
99410  -49.650  20.546  29.646 0.0000000000
100344  -49.320  21.004  28.862 0.0000000000
100408  -49.321  21.034  26.032 0.0000000000
100375  -49.530  20.941  27.027 0.0000000000
99451  -49.210  20.675  26.011 0.0000000000
98446  -49.054  20.164  26.274 0.0000000000
98471  -47.861  19.493  24.756 0.0000000000
99476  -47.539  20.646  22.655 0.0000000000
99466  -47.952  20.237  23.403 0.0000000000
98507  -47.554  19.282  21.201 0.0000000000
99488  -47.190  20.316  21.373 0.0000000000
99496  -46.755  19.818  20.850 0.0000000000
99487  -46.461  20.798  21.066 0.0000000000
100451  -45.489  21.497  22.342 0.0000000000
100450  -44.471  21.486  22.055 0.0000000000
100464  -44.366  21.131  21.054 0.0000000000
102237  -40.654  23.493  27.634 0.0000000000
101324  -40.599  22.676  27.442 0.0000000000
102245  -40.260  23.396  26.817 0.0000000000
102252  -39.343  22.861  25.450 0.0000000000
102260  -38.773  22.859  24.289 0.0000000000
101349  -38.761  22.380  23.924 0.0000000000
102267  -38.651  23.118  23.752 0.0000000000
102274  -38.607  23.603  22.782 0.0000000000
103179  -39.328  24.763  22.758 0.0000000000
103178  -38.672  24.373  22.377 0.0000000000
104068  -38.679  24.874  22.644 0.0000000000
89325  -46.785  10.409  33.970 0.0000000000
89331  -46.391  9.899  33.496 0.0000000000
89358  -44.427  9.558  32.427 0.0000000000
90420  -43.001  9.651  32.613 0.0000000000
92675  -42.590  11.981  33.976 0.0000000000
92689  -44.112  11.323  34.292 0.0000000000
92696  -44.009  12.302  33.571 0.0000000000
91596  -42.048  11.952  32.917 0.0000000000
91612  -41.786  10.841  32.671 0.0000000000
90436  -42.240  10.244  32.142 0.0000000000
91610  -41.605  11.977  31.038 0.0000000000
93754  -42.386  14.115  31.251 0.0000000000
92731  -42.099  13.878  30.016 0.0000000000
93763  -42.499  14.560  29.415 0.0000000000
94660  -42.611  14.974  29.821 0.0000000000
98336  -47.974  20.661  37.244 0.0000000000
98337  -48.452  20.577  37.046 0.0000000000
98352  -49.438  20.328  35.802 0.0000000000
98351  -49.186  19.917  36.023 0.0000000000
98364  -49.501  19.780  34.784 0.0000000000
99369  -49.438  20.308  34.368 0.0000000000
101267  -49.661  22.551  36.198 0.0000000000
100280  -49.704  21.802  36.285 0.0000000000
99374  -49.360  20.444  32.940 0.0000000000
99385  -49.335  20.521  31.073 0.0000000000
100312  -48.943  20.704  31.607 0.0000000000
99396  -46.802  20.731  30.575 0.0000000000
100330  -47.378  20.785  30.197 0.0000000000
100341  -46.658  21.122  29.288 0.0000000000
100356  -47.058  21.273  28.294 0.0000000000
100355  -45.943  21.349  28.422 0.0000000000
100340  -45.530  21.299  29.477 0.0000000000
100339  -44.327  21.598  29.687 0.0000000000
100338  -43.037  22.030  29.878 0.0000000000
103073  -45.816  24.174  33.289 0.0000000000
102198  -44.865  23.204  33.124 0.0000000000
102202  -44.612  23.597  32.727 0.0000000000
103105  -43.306  24.720  30.481 0.0000000000
103089  -43.405  24.272  31.193 0.0000000000
102219  -42.602  23.713  30.540 0.0000000000
101307  -42.274  22.809  30.089 0.0000000000
102229  -41.979  23.719  29.797 0.0000000000
102228  -41.479  23.686  29.083 0.0000000000
103118  -41.829  24.306  29.301 0.0000000000
104806  -43.247  25.780  28.321 0.0000000000
104024  -42.404  25.506  27.761 0.0000000000
104821  -42.582  25.749  27.193 0.0000000000
104035  -42.200  25.488  26.889 0.0000000000
104834  -42.641  25.916  26.552 0.0000000000
87418  -45.419  8.700  23.181 0.0000000000
87424  -44.831  9.467  22.277 0.0000000000
96496  -37.675  17.226  35.871 0.0000000000
97417  -37.082  18.209  36.053 0.0000000000
98334  -37.462  19.977  37.152 0.0000000000
98347  -37.697  19.262  36.069 0.0000000000
99311  -38.136  20.269  36.842 0.0000000000
99312  -38.809  20.489  37.111 0.0000000000
98315  -36.795  19.970  39.443 0.0000000000
98317  -39.006  19.764  39.403 0.0000000000
98328  -39.545  20.128  38.689 0.0000000000
99296  -40.058  20.429  38.100 0.0000000000
99297  -40.781  20.366  38.402 0.0000000000
99315  -41.578  20.612  37.453 0.0000000000
99273  -41.847  20.391  39.931 0.0000000000
99281  -41.805  20.392  39.193 0.0000000000
99282  -42.630  20.472  39.358 0.0000000000
99300  -43.492  20.654  38.588 0.0000000000
99283  -43.544  20.578  39.557 0.0000000000
99232  -40.504  20.269  43.377 0.0000000000
98262  -41.276  20.146  42.852 0.0000000000
98278  -41.091  19.882  42.178 0.0000000000
98279  -41.750  20.099  42.422 0.0000000000
99265  -43.653  20.462  41.636 0.0000000000
99284  -44.550  20.762  39.738 0.0000000000
99285  -45.599  21.031  39.930 0.0000000000
100257  -47.536  21.585  40.385 0.0000000000
100258  -48.033  21.671  39.850 0.0000000000
100250  -47.966  21.755  40.806 0.0000000000
93730  -52.371  14.933  32.882 0.0000000000
92691  -51.267  13.737  34.553 0.0000000000
92698  -51.307  13.696  33.509 0.0000000000
92690  -50.686  13.246  34.246 0.0000000000
91560  -50.196  12.732  34.025 0.0000000000
91508  -49.690  12.446  38.425 0.0000000000
91521  -50.216  12.759  37.536 0.0000000000
92656  -50.955  13.213  37.491 0.0000000000
92665  -50.645  13.157  36.538 0.0000000000
91530  -49.973  12.717  36.846 0.0000000000
91528  -48.396  11.964  35.907 0.0000000000
91544  -48.739  11.954  34.510 0.0000000000
90371  -47.298  11.178  35.095 0.0000000000
89298  -45.826  10.049  35.933 0.0000000000
89311  -44.896  9.142  35.114 0.0000000000
89288  -44.621  10.420  37.578 0.0000000000
89289  -45.173  10.569  37.212 0.0000000000
88297  -44.182  9.711  37.452 0.0000000000
87297  -43.047  8.422  35.864 0.0000000000
87298  -43.871  8.608  36.089 0.0000000000
89308  -41.901  9.530  34.030 0.0000000000
90272  -43.652  11.721  42.638 0.0000000000
91346  -39.212  12.707  46.918 0.0000000000
91347  -40.144  13.058  46.781 0.0000000000
91364  -40.255  12.368  45.664 0.0000000000
91394  -37.255  12.138  44.166 0.0000000000
91396  -39.287  12.951  43.548 0.0000000000
91381  -41.205  11.633  44.291 0.0000000000
90228  -42.002  11.412  44.673 0.0000000000
90240  -40.915  11.888  43.455 0.0000000000
91414  -40.535  12.864  42.094 0.0000000000
90256  -41.438  11.982  42.819 0.0000000000
91415  -41.598  12.697  42.136 0.0000000000
91416  -42.418  12.384  41.982 0.0000000000
92573  -41.805  12.775  41.558 0.0000000000
92595  -42.183  12.901  41.071 0.0000000000
92594  -41.443  12.738  40.909 0.0000000000
90306  -39.718  11.312  41.037 0.0000000000
90307  -40.523  11.373  40.608 0.0000000000
89257  -39.993  10.394  40.387 0.0000000000
89269  -40.652  9.959  40.004 0.0000000000
92655  -37.024  12.917  37.129 0.0000000000
91526  -37.898  12.519  36.549 0.0000000000
92662  -37.233  13.427  36.737 0.0000000000
92663  -38.084  13.516  36.313 0.0000000000
93691  -37.565  14.454  36.405 0.0000000000
94600  -37.105  15.379  36.419 0.0000000000
94599  -36.438  15.409  36.561 0.0000000000
95531  -34.829  16.313  37.153 0.0000000000
95532  -35.520  16.189  36.815 0.0000000000
93680  -33.459  14.914  37.653 0.0000000000
94581  -32.189  15.535  38.015 0.0000000000
97399  -32.297  18.153  38.511 0.0000000000
97400  -33.282  18.361  38.426 0.0000000000
97392  -32.420  18.946  39.382 0.0000000000
98311  -33.021  19.513  39.868 0.0000000000
90500  -53.402  11.778  26.588 0.0000000000
92795  -52.609  12.830  26.240 0.0000000000
93822  -51.224  13.806  25.252 0.0000000000
91673  -51.567  12.893  25.335 0.0000000000
91687  -50.923  12.650  24.679 0.0000000000
90408  -48.404  11.313  31.849 0.0000000000
90421  -47.813  10.915  31.159 0.0000000000
90438  -47.888  11.130  30.080 0.0000000000
89408  -44.812  10.624  28.045 0.0000000000
90467  -46.231  10.823  27.882 0.0000000000
90485  -47.621  11.707  27.347 0.0000000000
91660  -48.803  12.600  26.695 0.0000000000
91672  -49.357  12.897  25.932 0.0000000000
91695  -48.646  12.132  23.792 0.0000000000
91697  -49.858  11.964  23.445 0.0000000000
90541  -49.734  11.477  23.543 0.0000000000
90540  -49.314  11.481  23.081 0.0000000000
90549  -48.192  11.235  22.829 0.0000000000
90550  -48.761  11.206  22.843 0.0000000000
89455  -48.272  10.617  22.799 0.0000000000
88441  -48.204  10.084  23.059 0.0000000000
89454  -47.392  10.604  22.483 0.0000000000
90524  -45.575  11.653  23.702 0.0000000000
90547  -46.209  11.319  21.734 0.0000000000
89464  -46.815  10.397  21.893 0.0000000000
88448  -46.521  9.959  21.688 0.0000000000
90556  -45.514  11.786  20.538 0.0000000000
89462  -45.555  10.947  20.943 0.0000000000
89473  -45.181  11.518  20.477 0.0000000000
89461  -44.898  11.149  20.780 0.0000000000
89472  -44.985  11.606  20.269 0.0000000000
96504  -39.820  17.214  34.951 0.0000000000
96510  -40.330  17.477  34.539 0.0000000000
97435  -41.863  17.662  33.800 0.0000000000
96512  -41.638  17.209  33.910 0.0000000000
96513  -42.193  17.334  33.705 0.0000000000
95567  -42.553  16.882  33.576 0.0000000000
95568  -43.138  16.864  33.360 0.0000000000
98369  -43.892  20.037  34.162 0.0000000000
98378  -43.608  19.409  33.706 0.0000000000
97447  -44.165  18.493  33.446 0.0000000000
96523  -44.535  17.806  33.175 0.0000000000
94623  -43.932  16.248  32.622 0.0000000000
94635  -44.300  16.212  32.281 0.0000000000
93728  -44.189  15.952  32.117 0.0000000000
95620  -45.302  16.777  30.584 0.0000000000
94663  -44.637  16.364  30.540 0.0000000000
95619  -44.745  16.610  30.152 0.0000000000
94675  -43.842  16.235  29.555 0.0000000000
95634  -44.395  16.745  29.478 0.0000000000
97419  -48.492  19.626  35.700 0.0000000000
97418  -48.031  19.557  35.550 0.0000000000
97427  -48.472  19.197  34.877 0.0000000000
96527  -49.088  17.748  33.406 0.0000000000
95574  -48.890  17.665  33.692 0.0000000000
95589  -48.808  17.486  33.249 0.0000000000
95588  -48.296  17.356  32.731 0.0000000000
96536  -48.464  17.243  32.315 0.0000000000
97509  -50.163  19.815  29.676 0.0000000000
97497  -50.705  19.289  30.156 0.0000000000
97496  -49.967  19.174  29.713 0.0000000000
97493  -47.923  18.366  29.327 0.0000000000
97494  -48.602  18.337  29.600 0.0000000000
96577  -48.062  18.086  29.874 0.0000000000
96576  -47.464  18.005  29.815 0.0000000000
96593  -45.279  17.571  27.245 0.0000000000
96585  -45.300  17.687  28.283 0.0000000000
95662  -44.708  17.144  27.234 0.0000000000
95661  -44.140  16.520  27.534 0.0000000000
95673  -44.789  16.895  26.687 0.0000000000
95672  -44.393  16.114  26.465 0.0000000000
95681  -44.947  16.408  25.687 0.0000000000
95689  -45.969  17.085  24.155 0.0000000000
95688  -45.532  16.513  24.523 0.0000000000
95696  -45.564  16.078  23.795 0.0000000000
97551  -47.649  18.535  23.201 0.0000000000
96619  -47.174  18.083  23.478 0.0000000000
96627  -47.449  17.958  22.659 0.0000000000
95712  -46.843  16.454  20.887 0.0000000000
95703  -46.768  16.844  22.033 0.0000000000
94756  -46.301  15.044  21.151 0.0000000000
92830  -46.221  13.950  20.035 0.0000000000
93856  -46.406  14.611  19.845 0.0000000000
93865  -45.462  14.349  19.453 0.0000000000
92851  -45.644  13.681  19.638 0.0000000000
92850  -44.968  13.420  19.636 0.0000000000
91720  -44.422  12.472  20.167 0.0000000000
93854  -44.523  13.826  20.102 0.0000000000
98514  -45.781  19.519  20.803 0.0000000000
97564  -45.916  18.387  20.547 0.0000000000
98506  -45.640  19.097  20.968 0.0000000000
97550  -44.461  18.678  22.442 0.0000000000
96632  -44.781  17.688  22.099 0.0000000000
100385  -44.679  21.501  26.426 0.0000000000
100403  -45.332  21.491  25.442 0.0000000000
100419  -42.886  21.472  23.948 0.0000000000
100434  -42.616  21.443  22.829 0.0000000000
100446  -40.394  21.107  21.613 0.0000000000
100447  -41.345  21.168  21.811 0.0000000000
99475  -41.665  20.365  21.398 0.0000000000
99483  -40.989  20.285  21.072 0.0000000000
98491  -40.014  19.711  21.557 0.0000000000
98468  -40.900  19.628  23.698 0.0000000000
98467  -39.953  19.480  23.863 0.0000000000
98466  -39.005  19.428  24.081 0.0000000000
98465  -38.098  19.544  24.384 0.0000000000
98476  -37.339  19.772  23.772 0.0000000000
100457  -37.889  22.463  21.692 0.0000000000
100443  -37.789  21.741  21.829 0.0000000000
100428  -36.550  21.212  23.229 0.0000000000
99462  -36.534  20.686  23.675 0.0000000000
99456  -36.306  20.598  24.610 0.0000000000
104872  -41.726  26.608  23.330 0.0000000000
104871  -41.005  26.349  23.583 0.0000000000
104859  -39.801  26.159  24.237 0.0000000000
104051  -39.001  25.548  24.307 0.0000000000
91552  -40.416  13.493  34.654 0.0000000000
92684  -40.664  13.998  34.573 0.0000000000
93705  -41.028  14.751  34.508 0.0000000000
94613  -40.645  15.581  34.792 0.0000000000
103052  -50.214  24.176  36.357 0.0000000000
103065  -48.977  24.997  34.366 0.0000000000
103927  -49.479  25.481  33.293 0.0000000000
103939  -49.331  25.510  32.234 0.0000000000
88432  -49.145  10.340  24.064 0.0000000000
97376  -33.109  19.067  42.842 0.0000000000
98273  -33.750  19.546  42.787 0.0000000000
92616  -45.236  13.220  40.382 0.0000000000
92632  -45.002  13.425  39.985 0.0000000000
91486  -44.451  12.875  39.184 0.0000000000
92631  -44.506  13.340  39.789 0.0000000000
92629  -43.191  12.940  39.536 0.0000000000
91466  -42.246  12.614  39.950 0.0000000000
91480  -32.597  12.549  39.466 0.0000000000
92626  -31.944  13.226  38.821 0.0000000000
91572  -50.103  12.689  32.979 0.0000000000
91586  -50.206  12.561  31.899 0.0000000000
91585  -49.702  12.146  31.352 0.0000000000
92753  -42.477  13.258  28.409 0.0000000000
91633  -42.866  12.430  27.915 0.0000000000
91646  -43.023  13.009  27.439 0.0000000000
91647  -43.488  12.666  27.008 0.0000000000
91658  -43.696  12.937  26.227 0.0000000000
91668  -43.937  12.905  25.636 0.0000000000
92789  -43.890  13.423  26.017 0.0000000000
92778  -44.086  13.926  26.131 0.0000000000
93810  -44.326  14.508  25.876 0.0000000000
99338  -44.274  21.136  36.680 0.0000000000
99358  -45.978  20.714  35.971 0.0000000000
98361  -46.480  20.213  35.337 0.0000000000
100357  -48.056  21.418  28.201 0.0000000000
100358  -48.820  21.159  28.081 0.0000000000
100373  -48.372  21.468  27.266 0.0000000000
100389  -48.681  21.467  26.400 0.0000000000
100425  -48.182  21.021  25.272 0.0000000000
99459  -48.093  20.557  24.748 0.0000000000
100439  -47.265  21.128  24.115 0.0000000000
100453  -47.136  21.160  23.170 0.0000000000
100438  -46.568  21.359  23.780 0.0000000000
100437  -45.683  21.480  23.472 0.0000000000
100421  -44.957  21.474  24.347 0.0000000000
103151  -40.304  24.108  26.095 0.0000000000
103159  -40.006  24.240  25.136 0.0000000000
103165  -39.537  24.258  23.906 0.0000000000
103174  -39.998  24.735  23.391 0.0000000000
104070  -39.699  25.019  22.827 0.0000000000
89323  -45.061  9.097  34.279 0.0000000000
88344  -45.584  9.403  33.348 0.0000000000
89330  -44.833  9.009  33.715 0.0000000000
90390  -43.851  8.904  33.627 0.0000000000
92695  -43.619  13.306  32.891 0.0000000000
91595  -42.725  12.415  32.709 0.0000000000
92733  -41.758  13.078  31.922 0.0000000000
99305  -48.566  21.440  38.560 0.0000000000
99323  -48.881  21.089  37.674 0.0000000000
98339  -49.390  20.699  36.524 0.0000000000
100290  -48.280  21.977  35.078 0.0000000000
100291  -48.624  21.702  35.132 0.0000000000
100311  -48.226  20.857  32.009 0.0000000000
99382  -46.791  20.661  30.985 0.0000000000
100314  -44.351  22.141  31.941 0.0000000000
103935  -45.461  25.147  32.077 0.0000000000
103080  -44.760  24.586  32.249 0.0000000000
103956  -44.908  25.317  31.487 0.0000000000
103977  -44.395  25.430  30.621 0.0000000000
103976  -43.789  25.202  30.260 0.0000000000
103991  -42.816  25.189  29.324 0.0000000000
104011  -43.710  25.564  29.206 0.0000000000
104807  -43.874  25.861  28.503 0.0000000000
104823  -44.120  26.391  27.434 0.0000000000
97416  -36.064  18.188  36.627 0.0000000000
98326  -37.089  19.969  38.407 0.0000000000
98288  -37.177  20.242  40.802 0.0000000000
98302  -37.479  20.005  40.223 0.0000000000
99280  -41.103  20.208  39.064 0.0000000000
98305  -40.473  19.741  40.482 0.0000000000
98306  -41.395  20.222  40.740 0.0000000000
99234  -42.335  20.377  43.854 0.0000000000
98280  -42.470  20.249  42.707 0.0000000000
98264  -42.650  20.364  43.315 0.0000000000
99266  -44.888  20.703  41.859 0.0000000000
99277  -45.700  21.074  41.065 0.0000000000
99267  -45.860  21.032  42.096 0.0000000000
93719  -52.385  15.034  33.921 0.0000000000
92679  -50.465  13.118  35.353 0.0000000000
91527  -47.698  11.641  36.192 0.0000000000
90354  -47.081  11.474  35.977 0.0000000000
89297  -45.399  10.002  36.469 0.0000000000
88286  -43.060  9.644  38.367 0.0000000000
88296  -43.572  9.421  37.735 0.0000000000
87280  -43.026  8.717  37.392 0.0000000000
87288  -42.642  8.427  36.668 0.0000000000
87295  -41.375  8.762  35.805 0.0000000000
88324  -41.073  9.495  35.039 0.0000000000
88310  -40.802  9.357  35.504 0.0000000000
92552  -37.481  13.147  43.431 0.0000000000
92553  -38.382  13.388  43.234 0.0000000000
91397  -40.294  12.559  43.044 0.0000000000
91442  -40.677  12.656  41.271 0.0000000000
89256  -39.020  10.393  40.874 0.0000000000
91515  -36.838  12.373  37.300 0.0000000000
92654  -36.459  13.324  37.091 0.0000000000
93684  -36.411  13.968  36.749 0.0000000000
93689  -36.208  14.912  36.627 0.0000000000
93683  -35.846  14.374  36.826 0.0000000000
94592  -34.438  15.481  37.260 0.0000000000
93813  -51.993  13.798  26.242 0.0000000000
93811  -51.010  13.921  25.462 0.0000000000
93821  -51.031  13.760  25.056 0.0000000000
89375  -47.129  10.687  30.609 0.0000000000
90483  -45.891  10.798  27.034 0.0000000000
90498  -47.360  11.610  26.440 0.0000000000
91671  -48.631  12.393  25.686 0.0000000000
91684  -48.310  12.001  24.715 0.0000000000
91706  -48.653  11.843  23.154 0.0000000000
90535  -45.301  12.511  23.011 0.0000000000
98358  -39.592  19.035  34.738 0.0000000000
98366  -40.221  18.663  34.481 0.0000000000
98367  -40.756  18.878  34.221 0.0000000000
98368  -41.374  18.885  33.925 0.0000000000
97445  -42.209  18.150  33.691 0.0000000000
97448  -44.917  18.367  33.516 0.0000000000
94636  -45.018  16.489  31.975 0.0000000000
95603  -45.570  16.812  31.341 0.0000000000
96508  -49.096  18.593  34.122 0.0000000000
96507  -48.952  18.749  34.376 0.0000000000
96519  -49.277  18.325  33.583 0.0000000000
96528  -49.592  18.117  32.802 0.0000000000
96538  -49.873  18.029  31.905 0.0000000000
98434  -49.371  19.722  27.417 0.0000000000
98421  -48.963  19.228  28.520 0.0000000000
98420  -48.453  19.043  28.237 0.0000000000
97520  -47.984  18.941  28.089 0.0000000000
97506  -47.697  18.613  28.588 0.0000000000
97505  -46.904  18.451  28.384 0.0000000000
96594  -45.939  18.087  26.833 0.0000000000
96617  -45.954  17.278  24.632 0.0000000000
97565  -47.668  18.584  21.461 0.0000000000
96634  -47.509  17.838  21.776 0.0000000000
96641  -47.307  17.848  20.916 0.0000000000
95722  -47.027  17.088  20.437 0.0000000000
95721  -46.767  16.278  20.044 0.0000000000
94765  -46.471  15.430  19.658 0.0000000000
94774  -46.272  15.380  19.272 0.0000000000
94773  -45.802  15.278  19.314 0.0000000000
94772  -45.348  14.925  19.519 0.0000000000
93855  -44.859  14.282  19.831 0.0000000000
94764  -45.536  15.464  19.609 0.0000000000
95719  -45.453  15.801  19.863 0.0000000000
99493  -44.740  20.566  20.809 0.0000000000
98505  -44.894  19.767  21.195 0.0000000000
98495  -44.236  19.576  21.918 0.0000000000
100384  -43.452  21.525  26.338 0.0000000000
101350  -39.263  21.943  24.269 0.0000000000
100416  -39.869  21.558  23.541 0.0000000000
100460  -40.297  20.633  21.031 0.0000000000
99482  -40.187  20.267  20.783 0.0000000000
100459  -39.878  20.580  20.844 0.0000000000
98489  -38.442  19.847  22.429 0.0000000000
99464  -37.832  20.192  22.460 0.0000000000
102280  -37.642  23.500  22.149 0.0000000000
101356  -36.931  22.073  23.303 0.0000000000
101355  -36.506  21.683  23.708 0.0000000000
100413  -35.798  21.435  24.641 0.0000000000
101347  -36.191  22.253  24.369 0.0000000000
102265  -36.288  22.963  24.879 0.0000000000
91541  -42.256  11.047  33.365 0.0000000000
91542  -43.211  10.625  34.059 0.0000000000
93708  -42.690  14.246  33.063 0.0000000000
99344  -50.639  21.943  37.735 0.0000000000
101256  -50.194  22.672  36.685 0.0000000000
102186  -49.627  23.706  36.057 0.0000000000
101265  -48.490  22.533  35.406 0.0000000000
101275  -47.548  22.538  34.831 0.0000000000
100296  -46.654  22.351  34.145 0.0000000000
101285  -45.936  22.306  33.483 0.0000000000
102192  -46.637  23.301  34.306 0.0000000000
102200  -46.171  23.624  33.767 0.0000000000
103075  -48.092  25.067  33.711 0.0000000000
103082  -46.470  25.048  32.699 0.0000000000
103936  -46.213  25.308  32.169 0.0000000000
103958  -46.751  25.682  31.425 0.0000000000
103996  -46.639  26.059  30.086 0.0000000000
98323  -34.327  19.388  39.087 0.0000000000
98313  -34.788  19.838  39.746 0.0000000000
99271  -36.155  20.345  40.851 0.0000000000
99260  -35.938  20.426  41.549 0.0000000000
99272  -36.616  20.360  40.998 0.0000000000
91488  -46.922  12.255  39.209 0.0000000000
90334  -45.318  11.671  38.060 0.0000000000
90333  -44.682  11.446  38.290 0.0000000000
89281  -44.203  10.812  38.258 0.0000000000
90332  -43.943  11.535  38.699 0.0000000000
89280  -43.529  10.491  38.564 0.0000000000
89279  -42.866  10.095  38.855 0.0000000000
88285  -42.294  9.292  38.566 0.0000000000
88284  -41.310  8.954  38.618 0.0000000000
90239  -37.176  11.204  44.912 0.0000000000
89214  -36.078  10.692  44.207 0.0000000000
90253  -36.325  11.322  44.033 0.0000000000
91393  -36.124  12.279  43.451 0.0000000000
91392  -35.569  12.419  43.103 0.0000000000
92568  -36.852  13.131  42.806 0.0000000000
92645  -34.479  13.306  38.002 0.0000000000
93672  -33.799  14.195  37.911 0.0000000000
93670  -31.900  14.724  38.340 0.0000000000
92642  -31.511  14.063  38.655 0.0000000000
93669  -31.104  14.772  38.583 0.0000000000
89386  -43.635  10.328  29.634 0.0000000000
89397  -44.249  10.508  28.674 0.0000000000
90496  -45.555  11.037  26.061 0.0000000000
91693  -44.921  12.874  23.325 0.0000000000
99354  -42.176  20.813  35.341 0.0000000000
98370  -44.625  19.622  34.134 0.0000000000
99367  -44.844  20.456  34.843 0.0000000000
97437  -45.426  18.805  33.920 0.0000000000
96514  -45.894  18.496  33.753 0.0000000000
96525  -46.673  18.189  33.319 0.0000000000
99400  -50.389  19.930  30.962 0.0000000000
98389  -50.815  19.526  31.318 0.0000000000
99411  -50.202  20.062  30.302 0.0000000000
99423  -49.940  20.136  29.738 0.0000000000
99434  -49.657  20.222  28.318 0.0000000000
100359  -49.410  20.860  28.027 0.0000000000
99433  -49.571  20.428  27.665 0.0000000000
98435  -49.653  19.963  27.965 0.0000000000
98445  -48.532  19.656  26.451 0.0000000000
98457  -47.815  19.468  25.598 0.0000000000
97545  -47.797  19.267  24.241 0.0000000000
97558  -47.946  18.988  22.706 0.0000000000
98484  -48.031  19.589  23.032 0.0000000000
97566  -47.876  18.921  22.028 0.0000000000
98508  -47.799  19.178  21.674 0.0000000000
97571  -46.897  18.438  20.352 0.0000000000
98515  -46.529  19.297  20.637 0.0000000000
99494  -45.312  20.459  20.703 0.0000000000
100466  -46.327  21.206  21.611 0.0000000000
100473  -45.958  21.043  20.944 0.0000000000
100471  -44.883  20.851  20.580 0.0000000000
100463  -43.118  21.108  21.230 0.0000000000
101325  -41.050  22.499  28.058 0.0000000000
100366  -40.556  22.177  26.968 0.0000000000
100381  -39.789  21.930  25.560 0.0000000000
102253  -39.619  23.389  25.834 0.0000000000
101341  -39.354  22.332  25.100 0.0000000000
101362  -38.260  22.536  22.152 0.0000000000
101366  -38.030  23.010  21.745 0.0000000000
103172  -39.023  24.370  22.785 0.0000000000
103185  -38.229  23.995  21.839 0.0000000000
103184  -38.034  23.891  21.681 0.0000000000
104058  -37.877  24.731  23.373 0.0000000000
90391  -47.662  10.784  33.135 0.0000000000
90392  -48.414  11.303  32.822 0.0000000000
89346  -46.862  10.312  32.400 0.0000000000
92677  -43.864  10.508  34.832 0.0000000000
91568  -44.089  12.464  33.009 0.0000000000
91584  -43.085  10.523  33.203 0.0000000000
89372  -42.721  10.522  30.208 0.0000000000
89370  -42.205  11.159  29.882 0.0000000000
91608  -42.167  11.921  29.464 0.0000000000
91609  -41.838  12.451  29.912 0.0000000000
91623  -42.352  12.345  28.943 0.0000000000
93776  -42.498  14.106  28.601 0.0000000000
94687  -43.305  15.404  28.281 0.0000000000
99320  -46.357  21.183  37.792 0.0000000000
98349  -47.952  20.265  36.442 0.0000000000
99376  -49.752  19.565  32.595 0.0000000000
100300  -49.209  20.654  34.391 0.0000000000
99375  -49.708  19.944  33.080 0.0000000000
99379  -49.609  20.028  32.135 0.0000000000
99386  -49.760  20.114  31.329 0.0000000000
99398  -49.355  20.613  30.297 0.0000000000
99408  -48.840  20.961  29.624 0.0000000000
100318  -48.497  20.716  30.858 0.0000000000
100331  -48.382  20.892  29.798 0.0000000000
100370  -45.266  21.435  27.469 0.0000000000
100352  -42.147  22.105  28.713 0.0000000000
101284  -45.371  22.403  33.128 0.0000000000
100307  -44.524  22.449  32.392 0.0000000000
101299  -43.800  22.482  31.567 0.0000000000
102210  -43.860  23.874  31.852 0.0000000000
101288  -43.500  23.104  31.546 0.0000000000
101298  -43.288  22.592  31.043 0.0000000000
101308  -42.911  22.513  30.494 0.0000000000
101316  -41.352  22.812  28.756 0.0000000000
102238  -41.049  23.617  28.361 0.0000000000
103131  -40.937  24.137  27.789 0.0000000000
104009  -42.381  25.174  28.738 0.0000000000
104008  -42.021  25.114  28.111 0.0000000000
103144  -41.254  24.615  27.259 0.0000000000
104034  -41.595  25.123  26.530 0.0000000000
95547  -38.802  16.283  35.596 0.0000000000
96497  -38.385  16.927  35.737 0.0000000000
96502  -38.273  17.551  35.590 0.0000000000
97424  -38.532  18.161  35.371 0.0000000000
98356  -38.220  18.805  35.573 0.0000000000
98357  -38.749  19.011  35.209 0.0000000000
99351  -39.156  19.724  35.411 0.0000000000
99334  -40.409  20.526  36.179 0.0000000000
98327  -38.397  20.262  38.258 0.0000000000
99313  -39.800  20.455  37.139 0.0000000000
99335  -41.377  20.727  36.347 0.0000000000
99316  -42.516  20.628  37.540 0.0000000000
99317  -43.418  20.773  37.631 0.0000000000
98277  -40.375  19.999  41.980 0.0000000000
98307  -42.119  20.267  41.195 0.0000000000
98294  -42.476  20.179  41.905 0.0000000000
99264  -42.859  20.323  41.137 0.0000000000
99303  -46.501  21.294  38.892 0.0000000000
99304  -47.621  21.521  38.967 0.0000000000
100267  -48.335  21.603  39.157 0.0000000000
99289  -49.164  21.641  38.958 0.0000000000
100260  -49.478  21.875  39.058 0.0000000000
92678  -49.911  12.715  35.767 0.0000000000
90382  -48.191  11.392  33.843 0.0000000000
90381  -47.406  10.929  34.137 0.0000000000
89324  -46.288  9.867  34.307 0.0000000000
90370  -46.647  10.719  35.203 0.0000000000
90342  -45.657  11.232  37.320 0.0000000000
88306  -44.920  9.473  36.378 0.0000000000
88304  -43.996  9.203  37.101 0.0000000000
87299  -44.289  8.875  36.325 0.0000000000
88314  -44.460  8.846  35.745 0.0000000000
90367  -42.279  9.971  33.077 0.0000000000
91538  -40.163  12.728  34.750 0.0000000000
93697  -39.039  14.558  35.630 0.0000000000
91418  -44.214  12.191  42.138 0.0000000000
91330  -41.492  13.341  47.223 0.0000000000
91331  -41.916  13.207  47.225 0.0000000000
91349  -42.181  12.551  46.462 0.0000000000
91377  -37.792  11.748  45.345 0.0000000000
91366  -42.495  11.838  45.629 0.0000000000
90229  -42.913  11.411  44.876 0.0000000000
90242  -42.552  11.228  43.906 0.0000000000
90257  -42.208  11.363  42.926 0.0000000000
90258  -43.108  11.361  43.214 0.0000000000
90271  -42.773  11.768  42.449 0.0000000000
91417  -43.250  12.206  41.946 0.0000000000
91445  -43.701  12.770  41.482 0.0000000000
92596  -43.177  13.369  40.973 0.0000000000
92612  -41.985  12.727  40.467 0.0000000000
91465  -41.722  12.169  40.188 0.0000000000
91464  -41.037  12.199  40.653 0.0000000000
90308  -41.257  11.377  40.274 0.0000000000
90321  -41.909  11.336  39.812 0.0000000000
89270  -41.404  10.378  39.836 0.0000000000
88273  -40.901  9.412  39.333 0.0000000000
88283  -40.297  8.620  38.421 0.0000000000
90292  -37.452  11.633  41.562 0.0000000000
89241  -37.725  10.572  41.241 0.0000000000
88256  -38.487  9.680  40.334 0.0000000000
88270  -37.868  9.481  39.551 0.0000000000
88271  -38.797  9.276  39.506 0.0000000000
88282  -39.105  8.831  38.536 0.0000000000
88294  -40.181  8.529  37.684 0.0000000000
92670  -38.795  13.569  35.814 0.0000000000
94601  -37.862  15.394  36.188 0.0000000000
95539  -37.375  16.287  36.228 0.0000000000
95537  -36.078  16.034  36.613 0.0000000000
96494  -35.916  16.924  36.528 0.0000000000
97415  -35.562  17.589  36.800 0.0000000000
97407  -35.130  18.101  37.174 0.0000000000
98331  -34.472  19.144  38.409 0.0000000000
94591  -33.706  15.593  37.505 0.0000000000
97405  -33.644  18.091  38.006 0.0000000000
97401  -33.907  18.969  38.653 0.0000000000
97394  -33.898  19.280  39.137 0.0000000000
98312  -33.878  19.585  39.745 0.0000000000
98298  -33.319  19.870  40.667 0.0000000000
98284  -32.783  19.480  41.567 0.0000000000
97381  -32.029  19.133  41.226 0.0000000000
98272  -33.111  19.309  42.326 0.0000000000
90514  -52.587  11.739  25.889 0.0000000000
92794  -52.017  13.343  25.946 0.0000000000
91674  -52.216  12.525  25.773 0.0000000000
90512  -50.752  11.684  24.969 0.0000000000
89399  -46.519  10.773  28.599 0.0000000000
91635  -48.698  12.292  28.053 0.0000000000
91649  -49.073  12.759  27.590 0.0000000000
92791  -49.870  13.392  26.297 0.0000000000
92805  -50.551  13.354  24.894 0.0000000000
89447  -49.800  11.218  23.964 0.0000000000
89456  -48.945  10.895  22.922 0.0000000000
89444  -47.445  10.880  22.613 0.0000000000
89443  -47.097  10.829  22.574 0.0000000000
88439  -46.706  9.493  22.245 0.0000000000
88438  -45.982  9.465  21.925 0.0000000000
88437  -45.224  9.716  21.849 0.0000000000
95548  -39.563  16.364  35.355 0.0000000000
95549  -40.261  16.344  35.006 0.0000000000
95556  -40.813  16.354  34.513 0.0000000000
96511  -40.904  17.193  34.200 0.0000000000
95557  -41.441  16.470  34.131 0.0000000000
94621  -42.535  16.010  33.473 0.0000000000
99373  -42.636  19.926  33.761 0.0000000000
98377  -42.572  19.063  33.594 0.0000000000
96522  -43.627  17.681  33.261 0.0000000000
94649  -43.331  15.360  30.850 0.0000000000
94661  -42.897  15.284  30.176 0.0000000000
94674  -43.324  15.642  29.285 0.0000000000
95660  -43.556  15.917  27.890 0.0000000000
98362  -47.358  19.957  35.553 0.0000000000
98373  -47.423  19.380  34.898 0.0000000000
96517  -48.743  18.474  34.160 0.0000000000
96516  -48.222  18.375  33.984 0.0000000000
97439  -47.459  18.860  34.324 0.0000000000
95559  -48.248  18.054  33.411 0.0000000000
97483  -51.179  19.005  30.908 0.0000000000
97482  -50.536  18.536  30.451 0.0000000000
96552  -50.099  18.020  31.033 0.0000000000
97495  -49.318  18.700  29.486 0.0000000000
97480  -49.129  18.194  30.056 0.0000000000
96551  -49.251  17.743  31.413 0.0000000000
96550  -48.517  17.314  31.756 0.0000000000
95623  -47.912  17.103  31.458 0.0000000000
95605  -47.254  17.197  31.816 0.0000000000
95636  -45.934  17.304  30.160 0.0000000000
96574  -45.023  17.401  29.087 0.0000000000
95649  -44.091  16.780  28.664 0.0000000000
94711  -44.274  15.259  26.298 0.0000000000
95680  -44.506  15.791  25.973 0.0000000000
93838  -45.472  14.517  22.499 0.0000000000
96618  -46.524  17.667  24.109 0.0000000000
96633  -47.194  17.515  22.239 0.0000000000
94741  -46.198  16.025  22.393 0.0000000000
94747  -45.950  15.243  21.978 0.0000000000
93847  -45.876  14.386  21.445 0.0000000000
92838  -45.966  13.321  19.951 0.0000000000
91721  -45.455  12.632  19.996 0.0000000000
92852  -46.064  14.235  19.395 0.0000000000
90566  -44.730  11.932  20.186 0.0000000000
96640  -45.724  17.474  20.492 0.0000000000
96639  -45.314  17.521  21.298 0.0000000000
100420  -43.909  21.543  24.144 0.0000000000
100418  -41.883  21.279  23.833 0.0000000000
100417  -40.847  21.421  23.752 0.0000000000
98493  -42.069  20.010  21.890 0.0000000000
98481  -41.926  19.824  22.645 0.0000000000
98492  -41.016  19.838  21.472 0.0000000000
98469  -41.945  19.626  23.753 0.0000000000
98454  -39.948  19.498  25.011 0.0000000000
100429  -37.100  21.398  22.503 0.0000000000
99463  -36.994  20.314  22.936 0.0000000000
104795  -46.730  26.227  29.286 0.0000000000
104835  -43.352  26.393  26.409 0.0000000000
104848  -42.635  26.133  25.418 0.0000000000
104054  -41.826  25.766  24.527 0.0000000000
104873  -42.527  26.809  23.228 0.0000000000
104063  -41.988  26.242  23.618 0.0000000000
104061  -40.200  25.339  23.315 0.0000000000
104059  -38.515  25.097  23.345 0.0000000000
87269  -40.467  8.538  37.794 0.0000000000
87276  -39.972  8.874  36.844 0.0000000000
87286  -40.866  8.727  36.392 0.0000000000
87290  -44.078  8.904  36.645 0.0000000000
87296  -42.109  8.511  35.747 0.0000000000
88293  -39.558  8.797  37.360 0.0000000000
88305  -44.469  9.421  36.769 0.0000000000
88311  -41.483  9.180  34.999 0.0000000000
88325  -41.195  9.536  34.829 0.0000000000
88326  -45.172  9.030  33.963 0.0000000000
88333  -45.364  9.249  33.608 0.0000000000
88334  -45.936  9.564  33.618 0.0000000000
88345  -45.922  9.577  33.133 0.0000000000
89188  -37.032  11.071  45.473 0.0000000000
89202  -36.864  10.870  45.207 0.0000000000
89242  -38.443  10.562  41.199 0.0000000000
89255  -38.281  10.074  40.978 0.0000000000
89322  -41.035  9.673  34.830 0.0000000000
89371  -42.387  10.989  29.868 0.0000000000
89384  -42.467  11.171  29.622 0.0000000000
90238  -36.728  11.121  44.491 0.0000000000
90255  -40.898  12.268  42.964 0.0000000000
90352  -45.897  10.777  36.545 0.0000000000
90376  -43.389  12.061  33.973 0.0000000000
90377  -43.224  12.045  33.529 0.0000000000
90378  -43.538  12.303  33.003 0.0000000000
90387  -43.120  11.991  33.677 0.0000000000
90388  -43.114  11.763  33.104 0.0000000000
90389  -43.506  12.587  32.665 0.0000000000
90404  -43.272  12.403  32.790 0.0000000000
90418  -42.941  12.345  32.531 0.0000000000
90419  -42.794  12.163  32.200 0.0000000000
90432  -42.175  11.667  29.621 0.0000000000
90433  -42.209  11.478  29.711 0.0000000000
90440  -49.471  12.097  29.988 0.0000000000
90449  -42.307  11.701  29.424 0.0000000000
90451  -43.086  11.062  28.915 0.0000000000
90499  -53.037  11.320  26.300 0.0000000000
90574  -44.907  12.262  19.802 0.0000000000
90575  -44.967  12.102  19.771 0.0000000000
91362  -38.330  11.977  46.252 0.0000000000
91443  -42.136  12.702  41.613 0.0000000000
91459  -32.683  12.066  39.929 0.0000000000
91467  -45.833  12.866  40.687 0.0000000000
91553  -40.740  13.243  34.380 0.0000000000
91554  -43.549  12.034  33.585 0.0000000000
91555  -43.829  12.569  33.361 0.0000000000
91556  -43.927  12.558  33.054 0.0000000000
91566  -43.037  12.096  33.951 0.0000000000
91567  -43.328  12.920  33.140 0.0000000000
91582  -43.246  12.531  32.544 0.0000000000
91583  -43.041  11.686  32.823 0.0000000000
91598  -49.762  12.329  30.435 0.0000000000
91622  -42.340  11.994  29.085 0.0000000000
91729  -44.709  12.651  19.843 0.0000000000
92524  -41.253  13.410  47.214 0.0000000000
92550  -35.750  12.749  43.076 0.0000000000
92554  -38.858  13.248  42.864 0.0000000000
92569  -37.726  13.436  42.766 0.0000000000
92630  -43.698  13.199  39.604 0.0000000000
92652  -34.739  13.765  37.547 0.0000000000
92661  -36.702  13.787  36.766 0.0000000000
92707  -43.180  13.043  32.136 0.0000000000
92720  -42.958  12.783  32.191 0.0000000000
92781  -52.259  13.586  26.400 0.0000000000
92803  -44.880  13.988  23.883 0.0000000000
92836  -44.251  13.365  20.232 0.0000000000
93716  -42.715  15.263  33.205 0.0000000000
93740  -42.806  14.794  31.049 0.0000000000
93752  -42.473  14.672  30.032 0.0000000000
93764  -42.824  15.113  29.261 0.0000000000
93786  -42.580  13.824  28.115 0.0000000000
93867  -46.227  14.675  19.409 0.0000000000
94598  -35.870  15.387  36.679 0.0000000000
94637  -45.764  16.899  32.111 0.0000000000
94648  -42.852  15.042  30.713 0.0000000000
94673  -42.795  15.161  29.601 0.0000000000
94763  -45.130  15.276  19.991 0.0000000000
95560  -48.760  17.918  33.764 0.0000000000
95561  -48.944  17.890  33.819 0.0000000000
95622  -47.246  17.250  31.081 0.0000000000
95633  -43.768  16.393  29.123 0.0000000000
95704  -47.182  17.389  21.806 0.0000000000
95729  -46.568  16.276  19.608 0.0000000000
96506  -48.812  18.974  34.570 0.0000000000
96515  -46.211  18.397  33.633 0.0000000000
96526  -47.569  18.335  33.594 0.0000000000
96561  -46.423  17.447  30.141 0.0000000000
96564  -49.490  17.939  30.571 0.0000000000
96565  -50.094  18.097  30.453 0.0000000000
96573  -44.482  17.124  28.934 0.0000000000
96584  -44.582  17.239  28.364 0.0000000000
96655  -46.865  17.210  19.850 0.0000000000
97420  -48.834  19.684  35.799 0.0000000000
97429  -49.110  19.190  34.600 0.0000000000
97432  -39.927  18.084  34.598 0.0000000000
97433  -40.578  18.044  34.292 0.0000000000
97440  -48.189  18.800  34.475 0.0000000000
97444  -41.714  18.472  33.816 0.0000000000
97458  -49.891  18.985  32.093 0.0000000000
97468  -50.586  18.466  31.392 0.0000000000
97508  -48.894  18.816  29.102 0.0000000000
97510  -50.228  19.592  29.824 0.0000000000
97552  -47.839  19.133  23.620 0.0000000000
98261  -40.793  20.093  42.567 0.0000000000
98263  -41.957  20.227  43.109 0.0000000000
98281  -43.202  20.342  43.059 0.0000000000
98287  -35.342  20.368  41.412 0.0000000000
98310  -32.530  19.386  39.999 0.0000000000
98329  -40.152  20.142  38.693 0.0000000000
98348  -38.354  19.336  35.698 0.0000000000
98359  -40.237  19.240  34.560 0.0000000000
98376  -41.882  18.905  33.757 0.0000000000
98379  -44.330  19.065  33.727 0.0000000000
98380  -49.769  19.393  32.882 0.0000000000
98381  -49.784  19.318  32.299 0.0000000000
98400  -50.817  19.682  30.604 0.0000000000
98409  -48.942  18.956  28.973 0.0000000000
98410  -49.383  19.226  29.148 0.0000000000
98423  -49.955  19.925  29.567 0.0000000000
98459  -48.913  20.340  25.840 0.0000000000
98496  -47.960  19.402  22.196 0.0000000000
98502  -40.578  20.072  20.969 0.0000000000
99238  -45.865  21.184  43.684 0.0000000000
99259  -35.322  20.402  41.729 0.0000000000
99288  -48.932  21.526  38.898 0.0000000000
99325  -50.414  21.776  37.782 0.0000000000
99326  -50.902  21.986  37.909 0.0000000000
99331  -37.925  19.914  36.544 0.0000000000
99332  -38.495  19.951  36.135 0.0000000000
99362  -40.556  19.480  34.509 0.0000000000
99371  -41.551  19.296  33.913 0.0000000000
99380  -49.750  19.631  32.167 0.0000000000
99383  -47.108  20.650  30.744 0.0000000000
99387  -50.061  19.691  31.501 0.0000000000
99395  -46.503  20.793  30.813 0.0000000000
99397  -48.938  20.780  30.134 0.0000000000
99421  -49.598  20.526  28.280 0.0000000000
99422  -49.765  20.359  28.944 0.0000000000
99458  -47.666  20.881  24.379 0.0000000000
99473  -39.840  20.083  20.898 0.0000000000
99484  -41.835  20.572  21.308 0.0000000000
99489  -47.750  19.661  21.691 0.0000000000
100249  -47.312  21.627  41.123 0.0000000000
100259  -48.777  21.775  39.373 0.0000000000
100261  -50.000  22.024  38.843 0.0000000000
100268  -48.663  21.564  39.011 0.0000000000
100269  -49.856  21.786  38.611 0.0000000000
100270  -50.367  21.883  38.435 0.0000000000
100271  -50.753  21.941  38.262 0.0000000000
100319  -49.036  20.660  31.076 0.0000000000
100326  -43.331  22.279  30.564 0.0000000000
100345  -49.613  20.786  28.848 0.0000000000
100390  -49.247  21.200  26.407 0.0000000000
100391  -49.443  20.905  26.401 0.0000000000
100407  -48.854  21.098  25.641 0.0000000000
100472  -45.332  21.000  20.637 0.0000000000
101264  -48.030  22.741  35.222 0.0000000000
101274  -46.863  22.710  34.458 0.0000000000
101279  -45.117  22.937  33.288 0.0000000000
101281  -46.293  22.726  33.983 0.0000000000
101283  -44.718  22.760  32.848 0.0000000000
101287  -43.022  23.123  31.180 0.0000000000
101297  -42.733  22.985  30.790 0.0000000000
101317  -41.885  22.574  29.368 0.0000000000
101332  -39.675  22.417  25.872 0.0000000000
102184  -48.271  23.314  35.373 0.0000000000
102199  -45.297  23.529  33.317 0.0000000000
102203  -45.180  24.180  32.962 0.0000000000
102209  -43.128  23.663  31.203 0.0000000000
102220  -42.976  24.172  30.844 0.0000000000
102261  -39.103  23.362  24.692 0.0000000000
102275  -38.962  24.161  23.044 0.0000000000
102286  -37.961  23.583  21.716 0.0000000000
102287  -38.098  23.674  21.721 0.0000000000
103104  -42.810  24.331  30.456 0.0000000000
103106  -43.866  25.055  30.677 0.0000000000
103119  -42.564  24.628  29.790 0.0000000000
103133  -42.032  24.712  29.097 0.0000000000
103158  -39.624  24.107  24.617 0.0000000000
103167  -40.443  24.645  24.662 0.0000000000
103180  -39.795  24.885  22.941 0.0000000000
103992  -43.296  25.191  29.735 0.0000000000
104025  -42.841  25.647  28.275 0.0000000000
104782  -47.034  26.128  29.910 0.0000000000
104792  -44.083  25.682  29.140 0.0000000000
