#!ascii label  , from subject sub.01.bl.01 vox2ras=TkReg
1362
56105  -42.908  -19.783  62.751 0.0000000000
39728  -29.991  -34.454  68.684 0.0000000000
66439  -47.270  -10.582  52.573 0.0000000000
56262  -37.750  -19.813  52.280 0.0000000000
63887  -40.953  -12.568  57.723 0.0000000000
44851  -39.809  -29.788  65.537 0.0000000000
47117  -32.348  -27.544  60.718 0.0000000000
48304  -36.562  -26.926  53.212 0.0000000000
44784  -21.400  -30.039  69.463 0.0000000000
67648  -49.453  -9.083  52.886 0.0000000000
42904  -25.943  -30.804  57.921 0.0000000000
56169  -39.769  -19.860  57.228 0.0000000000
60740  -40.745  -16.092  55.195 0.0000000000
60700  -43.228  -15.872  60.497 0.0000000000
49315  -41.357  -25.389  64.073 0.0000000000
44959  -38.260  -29.372  59.314 0.0000000000
51758  -38.172  -24.031  57.710 0.0000000000
50682  -38.199  -24.416  52.243 0.0000000000
69911  -52.575  -7.508  50.370 0.0000000000
41687  -24.954  -32.832  69.142 0.0000000000
44879  -24.196  -30.027  63.290 0.0000000000
41778  -27.225  -32.256  63.732 0.0000000000
66388  -44.143  -10.761  54.859 0.0000000000
41705  -35.133  -32.875  67.580 0.0000000000
42800  -31.245  -31.784  64.879 0.0000000000
43897  -36.096  -30.627  62.216 0.0000000000
47175  -34.344  -27.457  56.606 0.0000000000
46917  -18.741  -27.160  69.939 0.0000000000
68610  -43.394  -7.997  61.471 0.0000000000
67527  -47.359  -9.879  59.819 0.0000000000
69805  -47.955  -7.025  56.795 0.0000000000
66338  -51.455  -10.238  56.979 0.0000000000
66423  -53.682  -10.318  54.103 0.0000000000
47075  -20.933  -27.554  62.063 0.0000000000
44934  -28.431  -29.302  59.928 0.0000000000
56145  -40.761  -19.918  59.484 0.0000000000
58476  -42.005  -17.837  58.641 0.0000000000
57294  -42.971  -17.941  61.217 0.0000000000
52775  -42.068  -22.848  63.423 0.0000000000
50534  -39.697  -24.342  61.585 0.0000000000
52868  -39.932  -22.359  60.106 0.0000000000
54006  -39.125  -21.521  57.373 0.0000000000
65213  -47.354  -12.108  49.614 0.0000000000
65163  -49.524  -11.514  51.505 0.0000000000
39739  -27.630  -34.059  68.860 0.0000000000
41718  -26.555  -32.358  66.639 0.0000000000
40725  -28.729  -33.451  65.892 0.0000000000
57455  -37.399  -18.778  51.036 0.0000000000
61803  -41.557  -14.675  55.878 0.0000000000
61817  -40.678  -14.631  53.336 0.0000000000
63909  -41.346  -12.857  54.711 0.0000000000
65106  -42.177  -11.573  53.887 0.0000000000
65058  -42.790  -11.104  56.826 0.0000000000
43831  -37.877  -30.934  66.525 0.0000000000
41738  -35.803  -32.674  65.337 0.0000000000
42828  -38.181  -31.532  63.754 0.0000000000
46076  -38.057  -28.370  56.260 0.0000000000
45005  -36.322  -29.207  57.488 0.0000000000
47211  -34.930  -27.498  54.761 0.0000000000
52995  -37.880  -22.351  52.617 0.0000000000
68630  -45.969  -8.671  61.223 0.0000000000
68681  -50.482  -8.322  57.567 0.0000000000
68705  -51.868  -8.440  56.119 0.0000000000
65087  -52.804  -10.814  55.299 0.0000000000
69847  -53.792  -7.247  54.854 0.0000000000
69913  -55.056  -6.700  51.397 0.0000000000
45851  -19.814  -28.246  69.938 0.0000000000
47016  -19.905  -27.670  65.860 0.0000000000
45921  -21.669  -28.502  65.691 0.0000000000
43920  -25.096  -30.165  60.040 0.0000000000
44931  -23.685  -28.978  59.824 0.0000000000
45002  -24.483  -29.776  55.957 0.0000000000
45948  -31.786  -28.897  63.300 0.0000000000
43895  -29.342  -30.344  63.282 0.0000000000
45984  -30.302  -28.521  61.477 0.0000000000
56200  -38.683  -19.877  54.916 0.0000000000
58553  -38.898  -17.919  54.133 0.0000000000
57379  -40.067  -18.246  56.316 0.0000000000
59622  -42.081  -16.045  57.182 0.0000000000
61775  -41.603  -14.493  59.087 0.0000000000
47042  -40.734  -27.949  64.693 0.0000000000
44906  -38.839  -29.824  62.252 0.0000000000
47100  -38.816  -27.156  61.440 0.0000000000
48240  -38.323  -26.706  58.686 0.0000000000
49440  -38.630  -25.873  55.439 0.0000000000
49479  -37.648  -25.938  52.020 0.0000000000
51804  -38.491  -23.865  55.708 0.0000000000
54042  -38.503  -21.621  55.266 0.0000000000
67668  -50.522  -8.847  50.781 0.0000000000
72172  -49.444  -5.070  51.243 0.0000000000
42732  -23.498  -31.691  68.782 0.0000000000
43825  -23.304  -30.320  66.232 0.0000000000
43827  -24.545  -31.191  66.061 0.0000000000
43876  -25.334  -30.982  63.716 0.0000000000
42857  -25.927  -31.603  60.967 0.0000000000
60780  -38.530  -16.129  52.241 0.0000000000
65157  -43.648  -10.790  51.579 0.0000000000
66418  -46.168  -10.586  53.786 0.0000000000
40687  -33.153  -33.857  68.193 0.0000000000
40712  -31.675  -34.048  66.729 0.0000000000
40730  -33.793  -33.570  66.276 0.0000000000
43862  -33.569  -30.622  64.140 0.0000000000
45969  -34.384  -28.547  62.295 0.0000000000
43924  -37.577  -30.602  60.460 0.0000000000
46024  -35.666  -28.850  59.356 0.0000000000
47153  -33.994  -27.035  58.542 0.0000000000
58399  -44.610  -17.254  64.810 0.0000000000
42720  -30.796  -31.794  69.289 0.0000000000
45906  -35.042  -28.803  66.535 0.0000000000
47000  -37.819  -27.542  66.380 0.0000000000
60669  -44.354  -15.593  63.153 0.0000000000
62768  -42.768  -13.632  62.843 0.0000000000
64985  -41.194  -11.332  62.147 0.0000000000
69694  -42.060  -7.574  62.998 0.0000000000
66255  -41.844  -10.602  60.004 0.0000000000
66272  -43.821  -10.113  58.842 0.0000000000
66313  -46.471  -10.510  57.581 0.0000000000
66362  -47.503  -10.591  55.684 0.0000000000
69741  -48.464  -7.441  59.123 0.0000000000
66316  -49.749  -10.461  57.862 0.0000000000
66393  -49.080  -10.662  54.520 0.0000000000
65111  -51.006  -11.319  53.273 0.0000000000
69880  -54.338  -7.355  53.007 0.0000000000
46989  -18.275  -27.237  66.456 0.0000000000
46033  -19.595  -27.964  58.552 0.0000000000
45963  -22.381  -28.397  62.387 0.0000000000
46035  -21.372  -27.902  58.301 0.0000000000
41756  -29.495  -32.337  64.719 0.0000000000
42859  -27.627  -31.645  61.823 0.0000000000
42906  -26.729  -30.693  58.795 0.0000000000
43970  -28.948  -30.662  57.666 0.0000000000
56132  -41.840  -19.665  60.984 0.0000000000
57292  -42.126  -19.012  60.824 0.0000000000
56121  -42.899  -18.900  62.119 0.0000000000
53904  -42.247  -21.581  62.928 0.0000000000
52822  -41.148  -22.632  62.176 0.0000000000
53942  -41.098  -21.280  61.084 0.0000000000
55035  -40.899  -20.745  60.278 0.0000000000
66454  -46.497  -10.738  51.636 0.0000000000
65161  -47.544  -10.848  51.119 0.0000000000
63959  -48.376  -12.075  50.053 0.0000000000
65162  -48.483  -11.029  51.518 0.0000000000
39727  -29.035  -34.413  68.890 0.0000000000
40697  -28.282  -33.895  67.551 0.0000000000
39754  -29.603  -34.311  67.234 0.0000000000
55198  -37.268  -20.578  50.777 0.0000000000
56279  -37.442  -19.707  51.351 0.0000000000
62812  -41.076  -13.658  57.356 0.0000000000
62830  -41.391  -13.740  55.248 0.0000000000
63895  -40.984  -12.727  56.666 0.0000000000
65065  -41.399  -11.994  55.126 0.0000000000
65048  -41.379  -11.838  57.076 0.0000000000
43832  -38.776  -30.665  65.858 0.0000000000
42782  -37.945  -31.957  65.384 0.0000000000
43865  -38.677  -31.095  64.531 0.0000000000
47214  -37.763  -27.606  54.773 0.0000000000
47190  -36.419  -28.272  55.286 0.0000000000
47237  -35.712  -27.389  53.889 0.0000000000
47236  -34.653  -27.095  53.982 0.0000000000
54094  -37.557  -21.431  51.851 0.0000000000
53000  -37.663  -22.379  51.784 0.0000000000
54103  -37.372  -21.523  51.150 0.0000000000
68721  -50.088  -8.373  55.456 0.0000000000
68740  -50.860  -8.819  54.444 0.0000000000
68724  -52.965  -7.868  55.528 0.0000000000
68757  -51.048  -9.040  53.713 0.0000000000
44798  -20.967  -29.544  69.028 0.0000000000
45888  -20.974  -28.760  67.617 0.0000000000
44816  -21.783  -29.652  67.592 0.0000000000
43952  -25.482  -30.488  58.453 0.0000000000
43951  -24.987  -29.874  58.544 0.0000000000
43968  -25.546  -30.552  57.333 0.0000000000
42966  -25.329  -31.096  55.491 0.0000000000
42938  -25.921  -31.110  56.408 0.0000000000
47096  -32.095  -27.846  61.545 0.0000000000
45985  -30.896  -28.428  61.895 0.0000000000
47116  -31.429  -27.917  60.888 0.0000000000
56201  -39.047  -19.751  55.500 0.0000000000
57398  -39.056  -18.983  54.877 0.0000000000
57356  -39.914  -18.621  56.474 0.0000000000
59583  -42.866  -16.746  59.502 0.0000000000
58495  -42.376  -16.963  58.115 0.0000000000
59597  -42.643  -16.526  58.571 0.0000000000
61776  -42.240  -15.106  58.621 0.0000000000
61768  -42.385  -15.031  59.632 0.0000000000
48163  -41.185  -26.302  64.398 0.0000000000
48176  -39.922  -27.059  63.508 0.0000000000
48192  -40.269  -25.951  63.027 0.0000000000
50573  -38.889  -24.106  59.928 0.0000000000
49365  -38.605  -25.628  60.358 0.0000000000
50588  -37.857  -25.194  58.109 0.0000000000
48267  -38.413  -26.747  56.849 0.0000000000
50629  -38.220  -24.913  56.950 0.0000000000
50650  -38.597  -24.828  55.058 0.0000000000
51782  -38.333  -23.943  56.650 0.0000000000
55081  -39.526  -20.517  57.335 0.0000000000
54024  -38.583  -21.964  56.118 0.0000000000
54043  -38.798  -21.184  55.992 0.0000000000
55123  -38.528  -20.556  54.871 0.0000000000
41686  -23.973  -32.365  69.070 0.0000000000
42762  -23.996  -31.374  66.987 0.0000000000
42749  -25.191  -31.782  67.225 0.0000000000
41753  -27.144  -32.351  64.669 0.0000000000
42781  -26.420  -31.833  64.984 0.0000000000
42798  -26.569  -31.858  64.002 0.0000000000
42839  -26.054  -31.519  62.068 0.0000000000
42840  -26.563  -31.869  62.527 0.0000000000
59650  -39.550  -17.172  54.441 0.0000000000
59670  -38.706  -17.218  53.410 0.0000000000
59672  -39.951  -16.078  53.959 0.0000000000
61837  -40.981  -13.864  53.122 0.0000000000
61835  -39.796  -14.713  51.993 0.0000000000
61853  -40.293  -14.007  51.412 0.0000000000
66415  -43.442  -10.855  54.141 0.0000000000
66450  -43.038  -10.809  52.922 0.0000000000
66435  -43.689  -10.684  53.386 0.0000000000
66436  -44.528  -10.564  53.174 0.0000000000
66389  -45.014  -10.502  54.804 0.0000000000
41692  -34.370  -33.027  68.010 0.0000000000
39759  -33.901  -34.182  67.170 0.0000000000
40700  -35.086  -33.480  67.110 0.0000000000
42805  -36.587  -32.009  63.808 0.0000000000
41761  -35.238  -32.277  64.784 0.0000000000
43882  -35.168  -30.614  63.251 0.0000000000
44903  -34.089  -28.992  62.896 0.0000000000
44905  -35.431  -29.637  62.147 0.0000000000
45988  -38.596  -28.794  60.911 0.0000000000
43925  -38.188  -30.374  60.778 0.0000000000
43943  -38.015  -30.117  59.889 0.0000000000
46072  -35.370  -28.536  57.059 0.0000000000
44990  -36.153  -29.266  58.126 0.0000000000
46039  -35.218  -28.277  58.130 0.0000000000
47139  -34.663  -27.556  59.194 0.0000000000
49480  -38.172  -25.559  52.356 0.0000000000
45908  -37.115  -28.590  66.269 0.0000000000
48139  -40.909  -26.322  66.467 0.0000000000
59520  -44.654  -16.560  63.921 0.0000000000
64971  -43.286  -12.514  64.186 0.0000000000
64970  -42.639  -11.920  63.883 0.0000000000
63827  -41.736  -12.194  62.711 0.0000000000
64969  -41.797  -11.315  63.270 0.0000000000
68609  -42.427  -8.107  61.744 0.0000000000
67486  -41.717  -9.235  61.535 0.0000000000
67501  -42.860  -9.409  60.334 0.0000000000
67523  -43.255  -10.073  59.508 0.0000000000
67502  -44.419  -9.124  60.247 0.0000000000
67504  -46.629  -9.203  60.468 0.0000000000
67526  -46.195  -9.672  59.469 0.0000000000
66293  -46.950  -10.322  58.519 0.0000000000
66334  -47.019  -10.744  56.671 0.0000000000
66314  -47.515  -10.565  57.644 0.0000000000
70913  -48.050  -6.721  57.762 0.0000000000
66318  -51.366  -9.812  57.577 0.0000000000
67550  -50.447  -9.669  58.583 0.0000000000
66317  -50.728  -10.252  57.833 0.0000000000
66336  -49.306  -10.425  56.753 0.0000000000
66364  -50.140  -10.674  55.518 0.0000000000
65084  -50.624  -11.081  53.958 0.0000000000
65069  -51.352  -10.874  55.140 0.0000000000
66395  -53.350  -10.316  54.980 0.0000000000
65113  -53.213  -11.446  54.256 0.0000000000
68802  -51.924  -8.143  50.675 0.0000000000
68772  -53.699  -7.440  53.115 0.0000000000
68804  -53.450  -7.888  51.513 0.0000000000
45933  -20.571  -27.710  64.508 0.0000000000
47036  -19.739  -27.475  64.567 0.0000000000
47074  -20.066  -27.438  62.277 0.0000000000
47112  -19.507  -27.604  60.468 0.0000000000
47113  -20.352  -27.650  60.336 0.0000000000
44862  -23.523  -29.817  64.642 0.0000000000
44861  -23.009  -29.171  64.176 0.0000000000
44897  -23.632  -29.367  62.313 0.0000000000
46021  -23.015  -28.464  58.981 0.0000000000
44003  -22.365  -30.401  54.902 0.0000000000
41734  -31.976  -33.116  65.882 0.0000000000
40743  -30.159  -32.897  65.380 0.0000000000
42799  -30.168  -31.740  64.738 0.0000000000
44899  -28.592  -29.831  62.031 0.0000000000
43894  -28.676  -30.675  62.789 0.0000000000
43908  -27.637  -30.610  60.980 0.0000000000
42876  -27.145  -31.336  60.714 0.0000000000
44933  -27.715  -29.680  59.495 0.0000000000
43983  -28.378  -30.824  57.051 0.0000000000
56158  -40.635  -19.651  58.909 0.0000000000
57334  -40.757  -18.857  58.125 0.0000000000
56159  -41.049  -19.172  59.084 0.0000000000
57305  -42.178  -18.068  59.673 0.0000000000
58461  -43.108  -16.873  60.299 0.0000000000
50492  -41.813  -23.688  63.681 0.0000000000
50513  -40.533  -24.372  62.524 0.0000000000
51674  -40.881  -23.596  62.476 0.0000000000
51702  -39.686  -23.325  60.694 0.0000000000
51736  -38.980  -23.241  59.403 0.0000000000
52917  -38.476  -23.053  57.242 0.0000000000
53960  -39.597  -21.956  59.037 0.0000000000
55065  -40.006  -20.672  58.613 0.0000000000
65189  -50.196  -12.264  50.754 0.0000000000
40695  -26.375  -33.384  68.522 0.0000000000
41703  -26.336  -32.834  67.740 0.0000000000
41704  -27.135  -33.016  67.145 0.0000000000
41719  -27.413  -32.953  66.313 0.0000000000
41732  -28.421  -32.937  65.170 0.0000000000
60741  -41.351  -15.513  55.503 0.0000000000
60751  -40.452  -15.717  54.394 0.0000000000
61811  -41.414  -14.577  54.839 0.0000000000
62838  -41.391  -13.670  54.286 0.0000000000
63916  -41.491  -12.807  53.881 0.0000000000
63929  -41.627  -12.521  53.053 0.0000000000
65081  -41.655  -12.118  54.296 0.0000000000
65083  -42.628  -11.134  55.201 0.0000000000
66357  -43.180  -10.960  55.590 0.0000000000
42753  -36.400  -32.103  67.018 0.0000000000
40717  -35.898  -32.915  66.140 0.0000000000
41721  -36.733  -32.558  66.079 0.0000000000
41763  -37.055  -32.338  64.311 0.0000000000
42826  -37.187  -31.886  63.313 0.0000000000
46041  -38.438  -28.453  57.694 0.0000000000
44976  -38.120  -29.348  58.188 0.0000000000
45007  -37.473  -29.197  56.735 0.0000000000
46094  -36.137  -28.764  55.964 0.0000000000
47189  -35.260  -28.090  55.695 0.0000000000
47188  -34.082  -27.396  55.593 0.0000000000
47210  -33.802  -27.253  54.708 0.0000000000
51851  -37.935  -23.338  52.023 0.0000000000
51850  -37.796  -23.495  51.054 0.0000000000
69697  -44.829  -6.563  62.367 0.0000000000
68629  -44.946  -8.563  60.996 0.0000000000
69712  -45.614  -6.998  62.022 0.0000000000
68631  -46.961  -8.304  61.089 0.0000000000
68632  -47.852  -8.209  60.456 0.0000000000
69828  -48.386  -7.642  55.585 0.0000000000
69775  -49.598  -7.845  57.556 0.0000000000
69807  -49.969  -8.018  56.755 0.0000000000
68682  -51.250  -8.574  57.041 0.0000000000
67573  -52.234  -9.289  56.910 0.0000000000
66366  -52.203  -10.429  56.297 0.0000000000
67596  -53.203  -9.358  56.046 0.0000000000
67614  -53.612  -9.333  55.352 0.0000000000
67630  -54.169  -8.795  54.699 0.0000000000
69930  -51.733  -6.722  50.016 0.0000000000
69912  -53.920  -7.231  51.157 0.0000000000
71032  -54.656  -6.357  50.686 0.0000000000
46918  -19.316  -27.668  69.925 0.0000000000
46966  -19.314  -27.646  67.996 0.0000000000
45887  -20.100  -28.014  67.374 0.0000000000
45903  -20.629  -28.081  66.488 0.0000000000
45934  -21.324  -28.015  64.234 0.0000000000
44917  -24.255  -29.744  61.668 0.0000000000
44916  -23.496  -29.001  61.109 0.0000000000
44950  -24.547  -29.527  59.290 0.0000000000
44966  -23.915  -28.814  57.965 0.0000000000
45001  -23.970  -29.081  56.226 0.0000000000
45048  -23.458  -29.968  54.778 0.0000000000
44024  -24.157  -30.434  54.799 0.0000000000
44863  -31.539  -30.015  64.263 0.0000000000
43879  -30.613  -30.623  64.363 0.0000000000
44901  -30.426  -29.283  63.115 0.0000000000
45964  -29.741  -28.870  61.809 0.0000000000
44920  -29.091  -29.105  61.532 0.0000000000
56246  -38.128  -19.825  53.493 0.0000000000
56263  -38.018  -19.554  53.017 0.0000000000
57397  -38.731  -18.529  54.206 0.0000000000
58554  -39.418  -17.779  54.662 0.0000000000
58555  -39.913  -17.482  55.225 0.0000000000
57358  -40.880  -18.046  57.125 0.0000000000
58537  -40.892  -17.268  56.300 0.0000000000
59637  -41.168  -16.688  56.078 0.0000000000
61796  -41.902  -15.422  57.183 0.0000000000
61785  -41.529  -14.492  58.044 0.0000000000
62803  -40.888  -13.499  58.567 0.0000000000
45937  -40.405  -28.901  65.112 0.0000000000
44886  -39.368  -29.902  64.178 0.0000000000
45951  -39.592  -28.810  63.821 0.0000000000
47081  -38.935  -27.715  62.048 0.0000000000
47099  -38.642  -27.684  60.880 0.0000000000
49350  -39.406  -25.502  61.990 0.0000000000
48209  -38.554  -26.829  60.369 0.0000000000
47141  -38.489  -27.601  59.163 0.0000000000
47166  -38.474  -27.601  57.291 0.0000000000
47193  -38.254  -27.657  55.639 0.0000000000
48284  -37.931  -27.147  54.204 0.0000000000
48324  -37.450  -26.412  52.547 0.0000000000
48306  -38.287  -26.524  53.874 0.0000000000
49458  -38.505  -25.621  53.438 0.0000000000
50669  -38.488  -24.580  53.094 0.0000000000
52938  -38.463  -22.948  56.347 0.0000000000
52956  -38.442  -22.798  55.450 0.0000000000
51834  -38.474  -23.621  53.806 0.0000000000
52985  -38.209  -22.541  53.606 0.0000000000
54078  -38.176  -21.501  53.493 0.0000000000
67658  -49.676  -9.272  51.776 0.0000000000
68812  -49.021  -8.150  50.100 0.0000000000
69908  -49.759  -7.521  50.324 0.0000000000
71030  -50.616  -6.468  50.390 0.0000000000
71031  -51.197  -6.622  50.199 0.0000000000
69929  -51.079  -6.590  49.771 0.0000000000
43797  -22.507  -30.764  68.583 0.0000000000
44817  -22.254  -29.872  67.010 0.0000000000
43809  -22.737  -30.465  67.463 0.0000000000
43826  -24.048  -30.983  66.223 0.0000000000
43856  -24.137  -30.204  64.136 0.0000000000
42764  -25.639  -31.653  66.454 0.0000000000
42796  -25.123  -31.199  65.134 0.0000000000
43875  -24.639  -30.418  63.350 0.0000000000
43907  -25.508  -30.916  61.572 0.0000000000
43921  -25.476  -30.913  60.502 0.0000000000
42890  -25.885  -31.039  58.927 0.0000000000
58598  -37.821  -17.804  52.250 0.0000000000
58619  -37.610  -17.574  51.491 0.0000000000
60763  -39.595  -15.787  53.255 0.0000000000
66453  -45.497  -10.764  51.879 0.0000000000
66438  -46.329  -10.680  52.755 0.0000000000
39730  -31.725  -34.502  68.312 0.0000000000
39743  -31.204  -34.799  67.821 0.0000000000
39757  -32.367  -34.363  67.245 0.0000000000
40729  -32.808  -33.559  66.402 0.0000000000
41759  -33.201  -32.314  65.350 0.0000000000
41737  -34.949  -32.957  65.433 0.0000000000
41760  -34.224  -32.380  64.990 0.0000000000
43861  -32.623  -30.824  64.519 0.0000000000
44883  -32.954  -29.705  63.930 0.0000000000
45968  -33.332  -28.602  62.936 0.0000000000
47097  -33.051  -27.695  61.473 0.0000000000
43899  -38.641  -30.686  62.885 0.0000000000
42862  -37.820  -31.356  61.935 0.0000000000
43911  -36.886  -30.843  61.252 0.0000000000
43959  -37.217  -30.111  59.065 0.0000000000
44957  -36.636  -30.043  59.633 0.0000000000
44921  -35.989  -29.776  61.218 0.0000000000
46006  -35.426  -28.638  60.510 0.0000000000
47119  -34.611  -27.638  60.344 0.0000000000
48323  -36.349  -26.203  52.394 0.0000000000
54995  -43.640  -20.215  63.757 0.0000000000
56092  -43.847  -19.039  63.619 0.0000000000
46899  -19.388  -27.561  70.680 0.0000000000
43787  -21.881  -30.533  69.921 0.0000000000
43773  -22.330  -31.057  70.236 0.0000000000
41652  -23.167  -32.112  70.332 0.0000000000
39712  -27.029  -33.884  69.997 0.0000000000
40669  -28.470  -33.988  70.064 0.0000000000
39715  -29.412  -34.147  69.271 0.0000000000
40672  -30.770  -33.419  69.179 0.0000000000
41689  -31.905  -32.997  68.697 0.0000000000
42735  -33.214  -32.104  68.269 0.0000000000
42750  -34.628  -31.585  67.705 0.0000000000
44820  -34.201  -29.905  67.228 0.0000000000
43813  -35.027  -30.754  67.293 0.0000000000
44835  -36.489  -29.726  66.552 0.0000000000
44836  -37.582  -29.853  66.559 0.0000000000
45910  -39.332  -28.759  66.464 0.0000000000
45911  -40.150  -28.608  66.270 0.0000000000
47004  -41.021  -26.806  66.032 0.0000000000
48150  -41.437  -26.343  65.183 0.0000000000
52777  -42.957  -21.811  63.856 0.0000000000
57268  -44.249  -17.513  63.278 0.0000000000
58437  -44.055  -16.674  62.405 0.0000000000
60677  -43.701  -15.315  62.188 0.0000000000
63777  -44.161  -13.150  64.906 0.0000000000
62755  -43.774  -13.846  63.531 0.0000000000
61753  -43.185  -14.988  61.622 0.0000000000
61751  -42.035  -14.040  61.541 0.0000000000
62787  -41.220  -13.766  60.529 0.0000000000
63869  -40.849  -12.166  59.541 0.0000000000
66231  -41.293  -10.270  62.497 0.0000000000
66243  -41.344  -10.420  61.296 0.0000000000
65030  -41.567  -11.380  59.085 0.0000000000
65041  -42.366  -11.108  58.356 0.0000000000
66290  -43.481  -10.584  58.090 0.0000000000
66311  -44.384  -10.364  57.275 0.0000000000
67525  -45.114  -9.531  59.588 0.0000000000
66291  -44.631  -10.130  58.153 0.0000000000
66332  -45.072  -10.426  56.498 0.0000000000
66360  -45.574  -10.470  55.661 0.0000000000
66391  -46.864  -10.551  54.704 0.0000000000
66392  -47.934  -10.548  54.599 0.0000000000
69725  -48.029  -7.287  59.842 0.0000000000
67507  -48.691  -8.704  59.801 0.0000000000
68664  -49.614  -8.250  58.485 0.0000000000
66278  -49.581  -9.650  59.153 0.0000000000
66295  -48.958  -10.268  58.606 0.0000000000
66315  -48.607  -10.462  57.724 0.0000000000
66363  -48.672  -10.521  55.638 0.0000000000
66420  -48.366  -10.652  53.344 0.0000000000
65109  -49.086  -10.773  53.066 0.0000000000
65137  -50.313  -11.390  52.368 0.0000000000
65165  -51.222  -11.905  51.632 0.0000000000
65086  -52.202  -11.186  54.692 0.0000000000
65112  -52.166  -11.718  53.399 0.0000000000
63942  -51.685  -12.261  51.647 0.0000000000
68759  -53.137  -7.623  53.951 0.0000000000
69866  -54.279  -7.316  53.815 0.0000000000
67642  -54.367  -8.653  53.885 0.0000000000
69893  -54.386  -7.450  52.052 0.0000000000
67652  -54.388  -8.731  53.056 0.0000000000
66424  -53.904  -10.363  53.465 0.0000000000
47015  -18.952  -27.406  65.603 0.0000000000
44848  -22.209  -29.061  65.812 0.0000000000
45935  -22.326  -28.664  64.814 0.0000000000
45946  -21.595  -27.969  62.866 0.0000000000
45982  -22.965  -28.600  60.978 0.0000000000
45981  -22.466  -28.292  61.217 0.0000000000
45980  -21.671  -27.776  60.895 0.0000000000
46034  -20.470  -27.892  58.478 0.0000000000
39767  -30.380  -33.954  66.470 0.0000000000
40741  -29.035  -33.086  65.442 0.0000000000
41779  -27.864  -32.382  63.572 0.0000000000
42822  -28.950  -31.413  63.562 0.0000000000
41799  -28.183  -31.983  62.838 0.0000000000
41814  -27.322  -32.117  62.126 0.0000000000
42858  -26.766  -31.952  61.597 0.0000000000
42891  -26.341  -31.148  59.368 0.0000000000
42905  -26.314  -30.831  58.391 0.0000000000
44936  -29.976  -28.739  60.260 0.0000000000
44953  -29.477  -29.557  59.374 0.0000000000
44952  -28.524  -29.451  59.006 0.0000000000
44968  -27.950  -29.834  57.881 0.0000000000
42923  -26.913  -30.564  57.771 0.0000000000
42939  -26.403  -31.137  56.463 0.0000000000
56119  -42.095  -20.135  61.605 0.0000000000
56120  -42.536  -19.521  61.938 0.0000000000
55010  -42.812  -20.503  63.004 0.0000000000
53924  -41.887  -21.377  62.372 0.0000000000
55024  -42.120  -20.744  62.154 0.0000000000
55023  -41.722  -20.528  61.473 0.0000000000
65160  -47.001  -10.765  51.273 0.0000000000
66455  -47.351  -10.642  51.752 0.0000000000
66456  -47.869  -10.669  51.636 0.0000000000
66440  -48.028  -10.598  52.243 0.0000000000
39741  -29.372  -34.577  68.112 0.0000000000
39742  -30.282  -34.744  67.923 0.0000000000
55186  -37.486  -20.649  51.631 0.0000000000
65040  -41.524  -11.718  58.059 0.0000000000
43833  -39.426  -30.102  65.714 0.0000000000
43846  -38.789  -30.991  65.161 0.0000000000
43847  -39.342  -30.340  65.346 0.0000000000
47238  -36.722  -27.582  53.901 0.0000000000
47213  -36.939  -27.810  54.671 0.0000000000
55180  -37.717  -20.852  52.329 0.0000000000
68769  -49.000  -8.807  53.112 0.0000000000
68739  -49.683  -8.737  54.398 0.0000000000
67628  -50.079  -9.012  54.136 0.0000000000
67639  -50.360  -9.160  53.571 0.0000000000
44815  -21.185  -29.383  68.281 0.0000000000
44799  -21.524  -29.911  68.580 0.0000000000
43982  -25.548  -30.811  56.332 0.0000000000
42921  -25.967  -30.899  56.972 0.0000000000
47095  -31.400  -28.145  61.635 0.0000000000
56182  -39.720  -19.431  56.705 0.0000000000
60708  -42.807  -15.839  59.285 0.0000000000
60699  -42.918  -15.474  60.131 0.0000000000
48178  -41.044  -25.874  63.927 0.0000000000
48177  -40.527  -26.365  63.662 0.0000000000
49314  -40.990  -25.377  63.565 0.0000000000
51735  -38.525  -23.705  58.842 0.0000000000
50589  -37.989  -24.806  58.552 0.0000000000
50610  -37.906  -25.008  57.714 0.0000000000
50641  -38.529  -24.886  56.031 0.0000000000
54025  -39.008  -21.290  56.663 0.0000000000
55102  -39.211  -20.489  56.275 0.0000000000
41701  -24.517  -32.240  68.433 0.0000000000
41702  -25.300  -32.339  68.010 0.0000000000
42821  -26.718  -31.981  63.200 0.0000000000
41797  -27.161  -32.175  62.725 0.0000000000
59651  -40.020  -16.831  54.813 0.0000000000
59671  -39.206  -16.923  53.808 0.0000000000
62864  -41.138  -13.258  52.542 0.0000000000
66387  -43.348  -10.972  54.964 0.0000000000
66416  -44.372  -10.623  54.049 0.0000000000
40699  -34.311  -33.766  67.536 0.0000000000
42825  -36.355  -31.395  62.991 0.0000000000
42824  -35.761  -31.156  63.272 0.0000000000
43883  -35.834  -30.997  62.913 0.0000000000
43896  -35.363  -30.116  62.599 0.0000000000
44939  -38.337  -29.508  60.329 0.0000000000
47176  -35.011  -28.191  56.589 0.0000000000
46056  -35.247  -28.366  57.761 0.0000000000
47165  -34.836  -27.920  57.294 0.0000000000
47154  -34.862  -27.790  58.208 0.0000000000
47164  -34.199  -27.144  57.636 0.0000000000
49502  -38.046  -25.007  51.817 0.0000000000
69710  -43.718  -7.384  61.963 0.0000000000
69709  -43.059  -7.594  61.917 0.0000000000
68627  -42.970  -8.528  61.039 0.0000000000
68628  -43.832  -8.530  60.851 0.0000000000
67549  -46.897  -10.073  59.194 0.0000000000
66275  -47.484  -10.232  59.116 0.0000000000
66294  -47.966  -10.425  58.538 0.0000000000
69804  -47.059  -6.802  56.568 0.0000000000
70940  -47.612  -6.488  57.366 0.0000000000
66337  -50.495  -10.432  56.902 0.0000000000
66365  -51.345  -10.623  56.134 0.0000000000
65114  -53.801  -11.182  53.494 0.0000000000
68803  -52.962  -8.107  51.016 0.0000000000
46941  -18.429  -27.101  68.660 0.0000000000
47056  -20.737  -27.620  63.128 0.0000000000
47037  -20.469  -27.612  63.959 0.0000000000
47093  -20.218  -27.500  61.267 0.0000000000
47094  -20.977  -27.624  61.014 0.0000000000
44878  -23.754  -29.693  63.483 0.0000000000
45024  -22.038  -29.481  54.865 0.0000000000
41757  -30.891  -32.739  65.264 0.0000000000
44919  -28.259  -29.601  61.060 0.0000000000
44918  -27.738  -29.827  60.330 0.0000000000
56146  -41.146  -19.682  59.793 0.0000000000
57293  -42.510  -18.432  60.989 0.0000000000
57304  -41.792  -18.807  60.233 0.0000000000
58448  -42.867  -17.780  60.876 0.0000000000
58460  -42.723  -17.488  60.187 0.0000000000
58449  -43.318  -17.369  61.112 0.0000000000
51660  -41.748  -23.315  63.346 0.0000000000
50514  -41.025  -23.900  62.827 0.0000000000
51675  -41.301  -23.350  62.781 0.0000000000
52844  -40.238  -22.477  60.711 0.0000000000
51703  -40.143  -23.125  61.162 0.0000000000
52843  -39.846  -22.682  60.319 0.0000000000
52867  -39.536  -22.658  59.745 0.0000000000
52894  -39.054  -22.598  58.735 0.0000000000
53961  -40.090  -21.686  59.652 0.0000000000
55050  -40.641  -20.510  59.683 0.0000000000
53984  -39.770  -21.421  58.885 0.0000000000
65212  -46.790  -11.767  49.719 0.0000000000
65187  -48.798  -11.749  50.668 0.0000000000
65188  -49.634  -12.050  50.742 0.0000000000
40683  -26.760  -33.845  69.116 0.0000000000
40696  -27.386  -33.559  68.055 0.0000000000
40709  -28.703  -33.858  66.822 0.0000000000
40708  -27.871  -33.443  67.002 0.0000000000
40724  -28.068  -33.462  66.217 0.0000000000
41731  -27.787  -32.965  65.423 0.0000000000
60752  -41.003  -15.250  54.618 0.0000000000
63902  -41.152  -12.827  55.648 0.0000000000
62846  -41.251  -13.437  53.436 0.0000000000
65057  -42.006  -11.389  56.498 0.0000000000
65066  -41.910  -11.363  55.586 0.0000000000
65067  -42.635  -11.081  55.988 0.0000000000
42766  -37.107  -31.950  66.660 0.0000000000
42767  -37.843  -31.810  66.004 0.0000000000
41741  -37.973  -31.872  64.537 0.0000000000
41740  -37.651  -32.219  64.885 0.0000000000
41764  -37.641  -31.962  64.173 0.0000000000
42827  -37.791  -31.744  63.551 0.0000000000
44993  -38.203  -29.066  57.010 0.0000000000
46075  -37.495  -28.825  56.181 0.0000000000
53001  -37.799  -22.702  52.149 0.0000000000
70833  -44.945  -5.903  62.310 0.0000000000
70859  -46.771  -6.296  60.795 0.0000000000
69713  -46.565  -7.174  61.417 0.0000000000
69724  -47.324  -7.245  60.683 0.0000000000
69863  -48.209  -8.317  53.691 0.0000000000
69862  -47.423  -8.090  53.519 0.0000000000
69845  -48.190  -8.053  54.444 0.0000000000
69829  -49.344  -8.036  55.813 0.0000000000
68704  -50.498  -8.164  56.500 0.0000000000
68683  -51.959  -8.786  56.824 0.0000000000
67595  -52.758  -9.381  56.437 0.0000000000
68706  -52.656  -8.726  56.234 0.0000000000
69831  -53.547  -7.609  55.252 0.0000000000
68725  -53.521  -8.414  55.573 0.0000000000
69832  -53.957  -7.624  55.147 0.0000000000
67615  -53.970  -8.617  55.222 0.0000000000
68726  -54.238  -8.051  55.043 0.0000000000
69931  -53.060  -7.089  49.925 0.0000000000
45869  -20.077  -28.370  68.575 0.0000000000
45904  -21.426  -28.714  66.714 0.0000000000
43906  -24.958  -30.264  61.092 0.0000000000
44932  -24.341  -29.610  60.522 0.0000000000
43967  -25.039  -29.980  57.668 0.0000000000
44967  -24.433  -29.317  58.066 0.0000000000
44985  -24.524  -29.496  56.960 0.0000000000
44984  -23.932  -28.890  57.266 0.0000000000
44005  -24.319  -30.136  55.200 0.0000000000
45027  -24.379  -30.010  55.442 0.0000000000
42992  -25.232  -31.461  54.960 0.0000000000
44882  -31.834  -29.474  63.894 0.0000000000
44902  -31.189  -29.211  63.415 0.0000000000
45965  -30.302  -28.817  62.286 0.0000000000
45983  -29.753  -28.681  61.060 0.0000000000
56224  -38.445  -19.719  54.305 0.0000000000
57378  -39.608  -18.478  55.778 0.0000000000
58535  -39.828  -17.801  55.422 0.0000000000
58536  -40.392  -17.567  55.996 0.0000000000
57335  -41.114  -18.149  57.612 0.0000000000
59609  -42.158  -16.894  57.697 0.0000000000
59621  -41.794  -16.684  57.142 0.0000000000
60730  -41.782  -15.695  56.583 0.0000000000
60731  -41.961  -15.738  57.121 0.0000000000
61786  -42.023  -15.208  57.736 0.0000000000
62795  -41.089  -13.848  59.606 0.0000000000
45952  -40.188  -28.518  64.471 0.0000000000
48191  -39.642  -26.515  62.806 0.0000000000
47060  -39.516  -27.763  63.214 0.0000000000
47080  -38.719  -28.299  61.402 0.0000000000
50512  -39.906  -24.887  62.226 0.0000000000
49366  -39.060  -25.121  61.173 0.0000000000
49379  -38.255  -25.704  59.203 0.0000000000
48221  -38.423  -26.678  59.624 0.0000000000
47156  -38.520  -27.626  58.200 0.0000000000
48255  -38.350  -26.719  57.754 0.0000000000
48273  -38.485  -26.804  55.923 0.0000000000
48285  -38.389  -26.930  54.882 0.0000000000
49446  -38.644  -25.785  54.429 0.0000000000
50658  -38.636  -24.711  54.075 0.0000000000
52918  -38.861  -22.276  57.767 0.0000000000
52939  -38.709  -22.143  56.925 0.0000000000
52970  -38.362  -22.657  54.524 0.0000000000
54061  -38.354  -21.601  54.294 0.0000000000
55149  -38.385  -20.781  54.079 0.0000000000
55168  -38.162  -20.550  53.539 0.0000000000
71029  -49.626  -6.612  50.378 0.0000000000
69909  -50.355  -7.376  50.429 0.0000000000
72190  -50.423  -6.084  50.284 0.0000000000
72204  -50.424  -5.814  50.008 0.0000000000
71055  -50.942  -6.380  50.082 0.0000000000
42731  -22.910  -31.351  69.083 0.0000000000
42746  -23.078  -31.071  68.344 0.0000000000
43844  -23.909  -30.383  65.270 0.0000000000
43845  -24.576  -30.966  65.521 0.0000000000
41717  -25.855  -32.101  67.265 0.0000000000
42765  -26.289  -31.881  65.839 0.0000000000
42797  -25.663  -31.326  64.387 0.0000000000
43858  -25.253  -31.056  64.189 0.0000000000
43857  -24.823  -30.816  64.468 0.0000000000
43892  -24.861  -30.338  62.186 0.0000000000
43893  -25.481  -30.884  62.680 0.0000000000
42874  -25.901  -31.296  59.920 0.0000000000
57441  -38.004  -18.816  52.761 0.0000000000
58576  -38.533  -17.849  53.477 0.0000000000
59694  -38.436  -16.934  52.836 0.0000000000
59717  -37.807  -16.721  51.340 0.0000000000
60765  -40.723  -15.121  54.090 0.0000000000
60764  -40.393  -15.145  53.533 0.0000000000
65133  -41.991  -11.855  53.271 0.0000000000
65155  -42.017  -11.773  52.700 0.0000000000
66451  -43.664  -10.628  52.540 0.0000000000
66452  -44.582  -10.605  52.216 0.0000000000
66437  -45.423  -10.642  52.955 0.0000000000
39731  -32.476  -34.338  68.135 0.0000000000
39744  -32.074  -34.576  67.764 0.0000000000
39745  -32.987  -34.317  67.721 0.0000000000
40714  -33.508  -34.003  66.781 0.0000000000
41735  -33.003  -32.980  65.932 0.0000000000
40733  -36.132  -32.780  65.770 0.0000000000
40732  -35.507  -33.128  65.887 0.0000000000
42803  -34.518  -31.484  64.360 0.0000000000
42802  -33.410  -31.560  64.722 0.0000000000
44865  -32.820  -30.314  64.235 0.0000000000
43880  -33.615  -30.021  63.762 0.0000000000
47079  -33.542  -28.044  62.133 0.0000000000
47098  -34.159  -27.770  61.466 0.0000000000
44907  -39.094  -29.777  63.254 0.0000000000
43900  -38.910  -30.426  63.664 0.0000000000
43913  -38.362  -30.688  61.785 0.0000000000
43912  -37.751  -30.985  61.236 0.0000000000
42861  -37.401  -31.201  61.637 0.0000000000
44992  -37.497  -29.483  57.497 0.0000000000
44975  -37.374  -29.802  58.358 0.0000000000
44991  -36.800  -29.538  57.861 0.0000000000
44973  -36.018  -29.256  58.773 0.0000000000
44956  -36.228  -29.503  59.314 0.0000000000
44937  -36.119  -29.504  60.093 0.0000000000
44938  -36.517  -30.224  60.550 0.0000000000
47138  -33.761  -27.156  59.574 0.0000000000
47118  -33.453  -27.374  60.589 0.0000000000
47152  -32.999  -26.891  58.890 0.0000000000
48338  -37.195  -26.030  51.998 0.0000000000
42701  -22.305  -31.039  71.514 0.0000000000
40667  -26.184  -33.632  69.957 0.0000000000
41675  -31.144  -32.866  69.077 0.0000000000
42721  -31.575  -31.931  68.812 0.0000000000
42736  -34.037  -32.060  68.009 0.0000000000
43811  -33.345  -30.680  67.923 0.0000000000
46997  -34.634  -28.313  66.874 0.0000000000
45905  -34.337  -28.931  66.907 0.0000000000
44833  -34.879  -29.739  66.775 0.0000000000
43828  -35.341  -30.188  66.840 0.0000000000
43829  -35.860  -30.472  66.924 0.0000000000
45909  -38.300  -28.747  66.411 0.0000000000
44837  -38.648  -29.801  66.360 0.0000000000
47002  -39.867  -27.761  66.595 0.0000000000
48138  -40.224  -26.743  66.653 0.0000000000
47003  -40.676  -27.530  66.159 0.0000000000
48140  -41.347  -26.237  65.917 0.0000000000
49278  -41.817  -25.416  65.549 0.0000000000
53885  -43.280  -21.317  63.901 0.0000000000
57254  -44.081  -18.453  63.698 0.0000000000
57255  -44.342  -17.887  63.820 0.0000000000
60660  -44.657  -15.667  63.909 0.0000000000
59532  -44.494  -16.352  63.395 0.0000000000
59558  -44.003  -16.231  62.301 0.0000000000
61744  -44.060  -15.084  62.802 0.0000000000
63811  -42.869  -12.847  63.599 0.0000000000
63812  -43.562  -13.172  63.874 0.0000000000
62769  -43.356  -13.855  63.203 0.0000000000
61743  -43.480  -14.376  62.752 0.0000000000
61742  -42.946  -14.097  62.521 0.0000000000
61752  -42.533  -14.208  61.903 0.0000000000
62780  -42.225  -13.644  62.205 0.0000000000
63844  -41.272  -12.396  61.770 0.0000000000
63858  -40.798  -12.661  60.536 0.0000000000
65000  -40.943  -11.415  60.965 0.0000000000
67474  -41.451  -9.228  62.887 0.0000000000
67500  -41.859  -9.878  60.745 0.0000000000
65016  -41.055  -11.564  59.993 0.0000000000
66270  -42.084  -10.893  59.250 0.0000000000
65031  -42.189  -10.997  58.930 0.0000000000
66310  -43.507  -10.700  57.088 0.0000000000
67503  -45.573  -9.112  60.328 0.0000000000
66292  -45.827  -10.070  58.499 0.0000000000
66312  -45.432  -10.340  57.442 0.0000000000
66333  -46.047  -10.497  56.597 0.0000000000
66361  -46.509  -10.580  55.690 0.0000000000
70893  -48.156  -6.809  58.615 0.0000000000
70873  -47.808  -6.341  59.204 0.0000000000
69726  -48.430  -7.827  59.600 0.0000000000
68633  -48.395  -8.233  59.927 0.0000000000
68648  -48.809  -8.321  59.433 0.0000000000
69757  -49.523  -7.959  58.065 0.0000000000
68665  -50.223  -8.588  58.293 0.0000000000
66296  -50.044  -10.121  58.761 0.0000000000
67530  -50.045  -9.309  58.937 0.0000000000
66277  -49.044  -9.832  59.192 0.0000000000
65108  -48.706  -10.710  53.013 0.0000000000
66421  -49.387  -10.736  53.712 0.0000000000
65110  -49.963  -10.963  53.344 0.0000000000
65071  -52.564  -10.551  55.841 0.0000000000
65070  -52.127  -10.740  55.601 0.0000000000
63917  -52.531  -12.151  53.141 0.0000000000
65139  -51.985  -11.954  52.683 0.0000000000
63930  -51.888  -12.049  52.321 0.0000000000
67659  -50.688  -9.208  51.568 0.0000000000
67650  -51.310  -9.155  52.466 0.0000000000
68770  -52.180  -8.760  52.278 0.0000000000
69879  -54.066  -7.029  53.375 0.0000000000
68743  -54.407  -7.947  54.276 0.0000000000
68761  -54.451  -7.893  53.460 0.0000000000
68788  -54.615  -7.701  51.832 0.0000000000
67661  -54.476  -8.416  52.299 0.0000000000
66442  -54.076  -9.728  53.142 0.0000000000
46990  -19.380  -27.611  66.743 0.0000000000
47055  -19.859  -27.430  63.308 0.0000000000
47054  -18.874  -27.382  63.455 0.0000000000
47092  -19.369  -27.496  61.442 0.0000000000
47133  -19.790  -27.652  60.053 0.0000000000
46017  -19.349  -27.803  59.513 0.0000000000
46048  -19.086  -28.315  57.627 0.0000000000
44832  -22.626  -29.904  66.556 0.0000000000
44877  -23.094  -28.921  62.985 0.0000000000
45947  -22.338  -28.470  63.589 0.0000000000
46020  -22.144  -28.024  59.198 0.0000000000
46001  -22.810  -28.480  60.224 0.0000000000
46000  -21.974  -27.811  60.195 0.0000000000
46019  -21.204  -27.860  59.337 0.0000000000
42990  -23.554  -30.900  54.578 0.0000000000
44004  -23.089  -30.414  54.725 0.0000000000
40711  -30.979  -34.078  66.724 0.0000000000
39755  -30.572  -34.364  67.161 0.0000000000
40727  -30.726  -33.521  65.976 0.0000000000
40742  -29.625  -32.997  65.387 0.0000000000
41755  -28.674  -32.613  64.626 0.0000000000
41780  -28.553  -32.147  63.538 0.0000000000
44880  -29.874  -29.906  63.486 0.0000000000
43878  -29.817  -30.834  64.004 0.0000000000
43877  -29.139  -30.818  63.433 0.0000000000
42860  -28.122  -31.312  62.363 0.0000000000
42842  -28.366  -31.594  62.918 0.0000000000
42841  -28.003  -31.788  62.479 0.0000000000
41798  -27.761  -32.068  62.632 0.0000000000
41815  -27.564  -32.003  62.171 0.0000000000
42892  -26.839  -30.992  59.734 0.0000000000
43940  -30.145  -29.867  59.438 0.0000000000
44935  -29.343  -28.948  60.397 0.0000000000
43954  -29.134  -30.326  58.181 0.0000000000
44970  -29.125  -29.745  58.784 0.0000000000
44969  -28.715  -29.951  58.212 0.0000000000
44951  -27.801  -29.675  58.583 0.0000000000
44986  -28.434  -30.144  57.752 0.0000000000
42940  -27.463  -30.968  56.683 0.0000000000
42922  -26.441  -30.792  57.344 0.0000000000
55051  -40.966  -20.398  60.127 0.0000000000
56133  -42.282  -19.160  61.159 0.0000000000
57281  -43.228  -18.274  61.884 0.0000000000
52800  -42.176  -22.113  63.189 0.0000000000
53903  -41.809  -21.704  62.533 0.0000000000
52821  -40.834  -22.118  61.394 0.0000000000
53941  -40.761  -21.387  60.583 0.0000000000
55036  -41.224  -20.650  60.761 0.0000000000
66464  -46.133  -10.806  50.958 0.0000000000
65185  -46.665  -11.065  50.604 0.0000000000
65186  -47.763  -11.619  50.275 0.0000000000
39740  -28.414  -34.208  68.328 0.0000000000
39753  -28.860  -34.325  67.576 0.0000000000
40710  -29.345  -33.911  66.470 0.0000000000
62822  -41.257  -13.741  56.275 0.0000000000
65056  -41.386  -11.960  56.086 0.0000000000
42768  -38.356  -31.474  65.483 0.0000000000
47192  -37.924  -27.963  55.322 0.0000000000
46096  -37.651  -28.364  55.727 0.0000000000
47191  -37.282  -28.095  55.259 0.0000000000
47212  -35.982  -27.894  54.630 0.0000000000
48302  -34.379  -26.651  53.317 0.0000000000
54088  -37.699  -21.735  52.307 0.0000000000
68738  -48.807  -8.467  54.111 0.0000000000
68720  -49.057  -8.248  55.021 0.0000000000
68722  -51.328  -8.367  55.462 0.0000000000
68723  -52.301  -8.100  55.338 0.0000000000
68741  -52.139  -8.219  54.648 0.0000000000
68742  -52.849  -7.519  54.926 0.0000000000
45852  -20.459  -28.992  69.435 0.0000000000
45870  -20.676  -29.065  68.565 0.0000000000
45889  -21.560  -29.129  67.111 0.0000000000
43936  -25.211  -30.146  59.188 0.0000000000
43981  -25.063  -30.164  56.607 0.0000000000
44006  -24.881  -30.558  55.501 0.0000000000
44007  -25.390  -30.971  55.775 0.0000000000
42967  -25.842  -31.331  55.784 0.0000000000
45967  -32.217  -28.473  62.853 0.0000000000
45966  -31.230  -28.670  62.656 0.0000000000
47076  -31.329  -28.342  62.094 0.0000000000
46004  -30.867  -28.221  61.208 0.0000000000
56225  -38.798  -19.559  54.911 0.0000000000
58477  -42.455  -17.428  58.889 0.0000000000
58494  -41.869  -17.514  57.936 0.0000000000
59610  -42.325  -16.379  57.731 0.0000000000
60721  -42.186  -15.748  57.500 0.0000000000
60714  -42.522  -15.764  58.180 0.0000000000
48162  -40.746  -27.097  64.392 0.0000000000
47061  -40.185  -27.661  64.015 0.0000000000
50556  -39.032  -24.433  60.454 0.0000000000
50555  -38.714  -24.882  60.174 0.0000000000
50572  -38.569  -24.621  59.659 0.0000000000
49396  -38.040  -25.742  58.190 0.0000000000
49416  -38.197  -25.781  57.364 0.0000000000
49432  -38.454  -25.846  56.411 0.0000000000
55124  -38.789  -20.696  55.597 0.0000000000
41685  -23.560  -32.096  69.299 0.0000000000
42733  -23.997  -31.875  68.331 0.0000000000
42748  -24.453  -31.754  67.622 0.0000000000
42763  -24.675  -31.423  66.635 0.0000000000
41730  -26.954  -32.394  65.625 0.0000000000
42820  -26.093  -31.476  63.206 0.0000000000
58577  -38.995  -17.595  54.050 0.0000000000
59695  -38.993  -16.230  52.918 0.0000000000
61836  -40.602  -14.321  52.702 0.0000000000
66414  -42.746  -11.103  53.811 0.0000000000
65134  -42.481  -11.276  53.154 0.0000000000
66434  -43.048  -10.880  53.482 0.0000000000
66417  -45.270  -10.536  53.916 0.0000000000
40688  -33.889  -33.655  68.046 0.0000000000
40698  -33.680  -34.107  67.874 0.0000000000
40715  -34.441  -33.837  66.772 0.0000000000
41762  -36.189  -32.320  64.559 0.0000000000
42804  -35.643  -31.524  63.922 0.0000000000
43864  -34.987  -31.082  63.917 0.0000000000
43863  -34.496  -30.801  63.889 0.0000000000
43881  -34.181  -30.259  63.616 0.0000000000
44885  -34.473  -29.975  63.266 0.0000000000
44904  -34.716  -29.549  62.768 0.0000000000
45970  -34.939  -29.112  62.229 0.0000000000
45971  -38.826  -28.902  61.757 0.0000000000
44923  -38.540  -29.724  61.285 0.0000000000
46057  -35.740  -28.894  57.588 0.0000000000
46040  -35.529  -28.691  58.360 0.0000000000
47140  -35.224  -28.163  58.846 0.0000000000
47120  -35.181  -28.098  59.654 0.0000000000
43790  -31.316  -30.819  69.030 0.0000000000
46998  -35.146  -27.768  66.742 0.0000000000
45907  -35.944  -28.569  66.321 0.0000000000
46999  -36.414  -27.147  66.687 0.0000000000
59503  -44.495  -16.409  65.026 0.0000000000
58409  -44.629  -17.221  64.208 0.0000000000
59504  -44.644  -16.454  64.431 0.0000000000
60646  -44.573  -15.571  64.673 0.0000000000
61717  -44.541  -14.712  64.357 0.0000000000
63828  -42.326  -12.788  63.010 0.0000000000
63810  -42.270  -12.210  63.344 0.0000000000
70830  -43.060  -6.407  63.557 0.0000000000
69695  -42.805  -7.124  62.722 0.0000000000
68594  -42.032  -7.827  62.558 0.0000000000
68608  -41.749  -8.487  62.356 0.0000000000
67487  -42.436  -8.789  61.099 0.0000000000
66256  -42.700  -10.237  59.733 0.0000000000
67524  -44.050  -9.653  59.529 0.0000000000
67548  -46.479  -10.031  58.916 0.0000000000
70912  -47.430  -6.043  57.706 0.0000000000
69756  -48.881  -7.574  58.217 0.0000000000
67571  -51.012  -8.817  57.574 0.0000000000
67551  -50.741  -9.209  58.160 0.0000000000
66298  -51.042  -9.651  58.001 0.0000000000
66297  -50.804  -9.864  58.261 0.0000000000
66394  -49.997  -10.736  54.206 0.0000000000
65068  -50.725  -10.924  54.623 0.0000000000
65085  -51.368  -11.235  54.216 0.0000000000
63918  -52.992  -12.373  53.320 0.0000000000
68784  -51.282  -8.697  51.076 0.0000000000
68785  -52.164  -8.594  51.386 0.0000000000
68787  -53.665  -7.774  52.170 0.0000000000
69892  -54.079  -7.237  52.516 0.0000000000
68805  -54.895  -7.624  51.085 0.0000000000
67669  -54.509  -8.587  51.553 0.0000000000
46018  -20.308  -27.770  59.548 0.0000000000
44850  -23.397  -29.962  65.249 0.0000000000
44849  -22.796  -29.550  65.496 0.0000000000
46037  -23.274  -28.466  57.792 0.0000000000
46036  -22.315  -28.067  58.078 0.0000000000
46087  -20.826  -28.386  55.512 0.0000000000
41733  -31.339  -33.284  65.848 0.0000000000
44900  -29.419  -29.516  62.608 0.0000000000
43909  -28.090  -30.626  61.854 0.0000000000
43922  -27.303  -30.459  60.068 0.0000000000
43938  -27.194  -30.272  59.145 0.0000000000
42924  -29.241  -31.337  57.415 0.0000000000
43984  -28.713  -30.969  57.141 0.0000000000
56170  -40.084  -19.662  57.642 0.0000000000
57317  -40.976  -19.010  58.743 0.0000000000
57318  -41.504  -18.481  58.868 0.0000000000
57319  -42.064  -17.945  58.985 0.0000000000
59571  -43.364  -16.459  60.816 0.0000000000
50491  -41.348  -24.295  63.458 0.0000000000
50490  -40.871  -24.859  63.181 0.0000000000
50535  -40.228  -23.860  61.841 0.0000000000
51687  -40.582  -23.217  61.778 0.0000000000
51686  -40.067  -23.557  61.425 0.0000000000
51719  -39.172  -23.592  59.966 0.0000000000
52893  -38.596  -23.112  58.059 0.0000000000
53983  -39.441  -21.442  58.221 0.0000000000
55064  -39.651  -20.721  58.029 0.0000000000
55082  -39.793  -20.369  57.906 0.0000000000
40682  -25.749  -33.376  69.210 0.0000000000
41688  -25.742  -32.987  68.527 0.0000000000
41754  -27.850  -32.654  64.476 0.0000000000
61818  -40.999  -14.466  53.755 0.0000000000
65105  -41.785  -12.183  53.655 0.0000000000
65082  -41.993  -11.445  54.719 0.0000000000
65107  -42.704  -11.129  54.440 0.0000000000
66358  -43.826  -10.755  55.600 0.0000000000
42752  -35.795  -32.161  67.282 0.0000000000
41706  -35.769  -32.829  66.966 0.0000000000
41707  -36.384  -32.470  66.619 0.0000000000
41739  -36.750  -32.579  65.224 0.0000000000
41722  -37.430  -32.311  65.541 0.0000000000
42843  -36.546  -31.209  62.318 0.0000000000
46025  -38.460  -28.522  58.716 0.0000000000
45006  -36.833  -29.317  57.093 0.0000000000
46095  -36.969  -28.656  55.736 0.0000000000
46074  -36.822  -29.133  56.332 0.0000000000
46073  -36.088  -28.964  56.827 0.0000000000
46093  -35.546  -28.560  56.406 0.0000000000
51841  -38.221  -23.483  52.888 0.0000000000
50681  -37.907  -24.425  51.489 0.0000000000
69696  -43.973  -6.713  62.445 0.0000000000
69711  -44.678  -7.336  62.120 0.0000000000
68611  -44.357  -7.941  61.507 0.0000000000
68612  -45.330  -8.074  61.844 0.0000000000
70846  -46.114  -6.182  61.482 0.0000000000
68613  -46.238  -8.010  61.870 0.0000000000
67505  -47.659  -9.151  60.505 0.0000000000
69827  -47.285  -7.308  55.742 0.0000000000
69806  -49.410  -7.723  56.628 0.0000000000
69776  -50.014  -7.998  57.020 0.0000000000
68703  -49.826  -8.107  56.147 0.0000000000
67572  -51.500  -9.204  57.454 0.0000000000
66319  -51.898  -9.607  57.251 0.0000000000
66339  -52.373  -9.939  56.903 0.0000000000
66340  -52.886  -9.757  56.401 0.0000000000
66367  -53.038  -10.194  56.032 0.0000000000
68707  -53.068  -8.969  56.098 0.0000000000
67629  -53.799  -9.643  54.673 0.0000000000
67641  -54.082  -9.423  54.125 0.0000000000
46942  -19.288  -27.701  69.164 0.0000000000
45902  -20.033  -27.846  66.771 0.0000000000
46991  -19.999  -27.784  66.463 0.0000000000
45920  -20.674  -27.839  65.242 0.0000000000
44898  -24.223  -29.925  62.722 0.0000000000
44949  -23.841  -28.876  58.676 0.0000000000
45026  -23.853  -29.622  55.193 0.0000000000
45049  -23.769  -30.064  54.836 0.0000000000
44025  -24.652  -30.935  54.876 0.0000000000
43860  -31.462  -30.732  64.561 0.0000000000
43859  -30.611  -31.135  64.585 0.0000000000
44881  -30.776  -29.914  64.010 0.0000000000
55181  -37.926  -20.295  52.946 0.0000000000
57419  -38.308  -19.044  53.551 0.0000000000
56183  -40.086  -19.180  57.092 0.0000000000
57357  -40.444  -18.463  56.948 0.0000000000
58514  -40.641  -17.854  56.592 0.0000000000
58515  -41.050  -17.582  56.837 0.0000000000
59636  -40.593  -16.786  55.527 0.0000000000
61795  -41.588  -14.706  56.994 0.0000000000
62802  -40.719  -12.898  58.930 0.0000000000
44867  -40.083  -29.450  65.334 0.0000000000
44866  -39.822  -29.798  64.962 0.0000000000
45936  -39.901  -29.205  64.528 0.0000000000
45972  -39.108  -28.821  62.741 0.0000000000
46007  -38.499  -28.454  59.880 0.0000000000
49332  -40.083  -25.439  62.620 0.0000000000
48201  -39.020  -26.560  61.798 0.0000000000
49349  -38.850  -25.861  61.322 0.0000000000
48200  -38.686  -26.622  61.043 0.0000000000
47121  -38.531  -27.471  59.969 0.0000000000
46058  -38.402  -28.271  56.909 0.0000000000
47177  -38.388  -27.607  56.457 0.0000000000
47215  -38.137  -27.574  55.121 0.0000000000
47239  -37.413  -27.473  54.175 0.0000000000
48305  -37.559  -26.986  53.509 0.0000000000
48325  -38.175  -26.352  53.034 0.0000000000
51821  -38.487  -23.757  54.759 0.0000000000
54089  -37.921  -21.210  52.884 0.0000000000
68782  -48.742  -9.042  51.361 0.0000000000
68783  -49.467  -9.158  51.002 0.0000000000
68800  -49.654  -8.447  50.396 0.0000000000
68801  -50.879  -8.178  50.486 0.0000000000
69910  -51.362  -7.208  50.430 0.0000000000
72189  -50.024  -5.331  50.673 0.0000000000
71056  -51.303  -6.569  50.073 0.0000000000
71073  -50.397  -6.330  49.407 0.0000000000
69947  -51.074  -7.198  49.272 0.0000000000
43796  -21.894  -30.477  69.001 0.0000000000
43808  -22.062  -30.280  68.224 0.0000000000
42747  -23.585  -31.335  67.757 0.0000000000
43810  -23.544  -30.896  66.938 0.0000000000
42779  -25.010  -31.325  65.872 0.0000000000
42780  -25.692  -31.483  65.448 0.0000000000
43937  -25.535  -30.730  59.514 0.0000000000
47136  -31.523  -27.636  59.950 0.0000000000
57440  -37.577  -18.833  51.903 0.0000000000
58597  -37.511  -18.129  51.516 0.0000000000
58618  -37.451  -17.739  50.799 0.0000000000
60782  -39.919  -15.063  52.784 0.0000000000
60781  -39.226  -15.484  52.337 0.0000000000
65156  -42.599  -11.174  52.103 0.0000000000
66463  -45.780  -10.811  51.202 0.0000000000
39729  -30.872  -34.646  68.478 0.0000000000
39756  -31.500  -34.434  67.258 0.0000000000
39758  -33.216  -34.242  67.217 0.0000000000
40713  -32.596  -34.056  66.776 0.0000000000
40728  -31.836  -33.575  66.326 0.0000000000
41758  -32.083  -32.403  65.454 0.0000000000
42801  -32.326  -31.613  64.949 0.0000000000
40716  -35.372  -33.325  66.488 0.0000000000
40731  -34.733  -33.499  66.047 0.0000000000
41736  -34.012  -33.050  65.648 0.0000000000
44864  -32.196  -30.127  64.321 0.0000000000
45949  -32.546  -28.953  63.489 0.0000000000
44884  -33.824  -29.495  63.373 0.0000000000
45950  -33.184  -29.105  63.530 0.0000000000
47078  -32.672  -28.072  62.222 0.0000000000
43866  -39.205  -30.507  64.738 0.0000000000
43885  -38.943  -30.617  64.194 0.0000000000
42846  -38.257  -31.403  63.163 0.0000000000
42863  -38.238  -31.251  62.453 0.0000000000
42845  -37.753  -31.586  62.740 0.0000000000
42844  -37.071  -31.453  62.212 0.0000000000
43898  -36.647  -31.109  61.965 0.0000000000
44958  -37.796  -29.936  59.040 0.0000000000
43942  -37.459  -30.320  59.663 0.0000000000
44974  -36.673  -29.736  58.779 0.0000000000
43958  -36.888  -30.121  59.218 0.0000000000
43923  -37.010  -30.487  60.141 0.0000000000
44922  -36.450  -30.365  61.096 0.0000000000
43910  -36.384  -30.429  61.438 0.0000000000
45987  -35.141  -28.826  61.631 0.0000000000
46005  -34.841  -28.168  61.150 0.0000000000
54996  -44.033  -19.423  64.020 0.0000000000
56093  -44.259  -18.760  64.179 0.0000000000
57244  -44.588  -18.024  64.542 0.0000000000
45835  -19.912  -28.240  71.190 0.0000000000
45836  -20.415  -28.979  70.592 0.0000000000
44783  -20.900  -29.606  69.996 0.0000000000
44768  -21.369  -30.133  70.325 0.0000000000
43788  -22.403  -30.966  69.448 0.0000000000
42717  -22.796  -31.630  69.893 0.0000000000
42718  -23.266  -31.861  69.485 0.0000000000
41670  -23.519  -32.376  69.786 0.0000000000
41671  -24.176  -32.876  69.892 0.0000000000
41672  -24.679  -33.026  69.719 0.0000000000
40666  -25.120  -33.212  69.829 0.0000000000
40681  -25.287  -33.150  69.408 0.0000000000
39725  -27.393  -34.067  69.510 0.0000000000
39726  -28.192  -34.223  69.217 0.0000000000
39714  -28.695  -34.156  69.579 0.0000000000
40671  -30.176  -33.762  69.244 0.0000000000
40684  -30.594  -34.319  68.861 0.0000000000
40685  -31.247  -33.947  68.952 0.0000000000
40686  -32.250  -33.874  68.497 0.0000000000
41690  -32.779  -33.029  68.414 0.0000000000
42734  -32.382  -32.032  68.469 0.0000000000
41691  -33.629  -33.013  68.256 0.0000000000
42737  -34.701  -32.315  67.788 0.0000000000
43812  -34.040  -30.889  67.728 0.0000000000
42751  -35.230  -31.866  67.546 0.0000000000
43814  -35.863  -31.349  67.293 0.0000000000
43830  -36.708  -31.053  66.879 0.0000000000
44838  -39.679  -29.584  66.083 0.0000000000
47001  -38.914  -27.762  66.603 0.0000000000
44839  -40.220  -29.055  66.011 0.0000000000
45923  -40.494  -28.589  65.803 0.0000000000
47022  -40.907  -27.937  65.409 0.0000000000
47023  -41.090  -27.030  65.595 0.0000000000
47043  -41.130  -27.172  64.929 0.0000000000
49297  -41.621  -25.578  64.758 0.0000000000
50455  -41.903  -25.028  64.996 0.0000000000
50472  -41.750  -24.746  64.447 0.0000000000
50473  -42.020  -23.902  64.156 0.0000000000
51661  -42.201  -23.258  63.732 0.0000000000
52776  -42.520  -22.356  63.643 0.0000000000
53884  -42.832  -21.403  63.522 0.0000000000
54994  -43.186  -20.878  63.553 0.0000000000
56106  -43.250  -19.219  62.803 0.0000000000
57267  -43.856  -18.140  63.059 0.0000000000
58418  -44.501  -17.088  63.607 0.0000000000
58428  -44.298  -16.968  62.936 0.0000000000
58436  -43.804  -17.349  62.296 0.0000000000
59557  -43.699  -16.550  61.758 0.0000000000
60688  -43.488  -15.783  61.373 0.0000000000
62722  -44.432  -13.969  64.768 0.0000000000
62737  -44.353  -13.978  64.243 0.0000000000
63793  -43.844  -12.998  64.320 0.0000000000
62756  -44.132  -13.813  63.932 0.0000000000
61733  -44.218  -14.546  63.530 0.0000000000
61761  -43.132  -15.389  60.847 0.0000000000
61760  -42.572  -14.861  60.752 0.0000000000
61767  -41.758  -14.471  60.120 0.0000000000
62767  -41.952  -13.067  62.402 0.0000000000
62779  -41.654  -13.570  61.562 0.0000000000
62786  -40.744  -13.257  60.008 0.0000000000
63877  -40.727  -12.655  59.248 0.0000000000
63878  -40.933  -12.342  58.705 0.0000000000
66219  -41.581  -10.201  63.644 0.0000000000
65049  -42.174  -11.384  57.421 0.0000000000
66271  -42.781  -10.687  59.052 0.0000000000
65042  -42.930  -10.928  58.160 0.0000000000
66330  -43.361  -10.843  56.243 0.0000000000
66331  -44.145  -10.546  56.381 0.0000000000
66273  -44.833  -9.838  58.916 0.0000000000
66274  -45.507  -9.743  59.088 0.0000000000
66359  -44.656  -10.556  55.626 0.0000000000
66390  -45.930  -10.483  54.757 0.0000000000
66419  -47.145  -10.546  53.635 0.0000000000
67506  -48.431  -8.908  60.171 0.0000000000
67528  -48.341  -9.616  59.857 0.0000000000
69774  -48.826  -7.276  57.380 0.0000000000
68663  -49.077  -8.042  58.885 0.0000000000
67531  -50.298  -8.963  58.588 0.0000000000
68649  -49.512  -8.627  59.085 0.0000000000
67529  -49.106  -9.176  59.537 0.0000000000
66276  -48.223  -10.176  59.295 0.0000000000
66335  -48.091  -10.569  56.704 0.0000000000
65135  -48.685  -10.772  52.604 0.0000000000
65136  -49.345  -11.092  52.408 0.0000000000
66422  -49.801  -10.792  53.753 0.0000000000
65164  -50.558  -11.839  51.370 0.0000000000
65138  -51.402  -11.715  52.321 0.0000000000
67640  -51.017  -9.175  53.184 0.0000000000
68758  -51.891  -8.697  53.478 0.0000000000
68771  -53.028  -8.198  52.831 0.0000000000
68760  -53.754  -7.175  53.651 0.0000000000
69848  -54.139  -7.435  54.569 0.0000000000
66441  -53.967  -9.821  53.688 0.0000000000
68773  -54.492  -7.842  52.648 0.0000000000
67651  -54.209  -9.269  53.589 0.0000000000
46965  -18.464  -27.242  67.489 0.0000000000
46016  -18.398  -28.357  59.314 0.0000000000
45997  -18.741  -27.789  59.961 0.0000000000
44831  -22.039  -29.313  66.507 0.0000000000
45922  -22.275  -28.923  65.468 0.0000000000
44896  -23.023  -28.784  61.894 0.0000000000
45962  -21.734  -27.836  61.756 0.0000000000
45999  -20.977  -27.767  60.246 0.0000000000
45998  -20.556  -27.734  60.043 0.0000000000
46049  -19.800  -28.042  57.639 0.0000000000
45025  -22.961  -29.622  54.791 0.0000000000
39766  -29.927  -34.085  66.624 0.0000000000
40726  -29.689  -33.623  65.991 0.0000000000
42823  -29.436  -31.694  64.212 0.0000000000
41781  -29.047  -31.950  64.003 0.0000000000
42875  -26.466  -31.475  60.367 0.0000000000
47115  -30.893  -28.116  60.770 0.0000000000
46003  -30.378  -28.415  60.567 0.0000000000
46002  -29.871  -28.696  60.576 0.0000000000
43953  -27.295  -30.176  58.222 0.0000000000
43969  -27.868  -30.321  57.423 0.0000000000
42968  -26.924  -31.710  55.653 0.0000000000
39746  -33.665  -34.199  67.520 0.0000000000
40668  -26.860  -33.898  69.687 0.0000000000
41669  -23.181  -32.035  69.887 0.0000000000
41720  -35.972  -32.807  66.435 0.0000000000
41765  -37.965  -31.800  64.274 0.0000000000
41782  -37.282  -32.074  63.880 0.0000000000
41783  -37.480  -31.935  63.735 0.0000000000
42783  -38.300  -31.684  64.917 0.0000000000
42806  -37.045  -32.168  63.810 0.0000000000
42807  -37.966  -31.729  64.019 0.0000000000
42808  -38.238  -31.560  64.278 0.0000000000
42965  -23.530  -31.624  54.544 0.0000000000
43815  -36.223  -31.708  67.160 0.0000000000
43843  -23.355  -30.064  65.572 0.0000000000
43874  -24.180  -30.084  63.571 0.0000000000
43884  -38.585  -31.093  63.775 0.0000000000
43941  -37.041  -30.301  59.512 0.0000000000
44023  -23.603  -30.331  54.692 0.0000000000
44834  -35.589  -29.621  66.534 0.0000000000
44852  -40.177  -29.256  65.675 0.0000000000
44915  -23.002  -28.671  61.311 0.0000000000
44987  -28.689  -30.216  57.854 0.0000000000
45008  -37.826  -28.891  56.532 0.0000000000
45986  -34.651  -28.290  61.643 0.0000000000
46097  -38.032  -28.133  55.705 0.0000000000
47077  -31.809  -28.198  62.190 0.0000000000
47114  -20.778  -27.680  60.531 0.0000000000
47134  -19.952  -27.681  59.860 0.0000000000
47155  -35.216  -28.224  58.372 0.0000000000
49333  -40.577  -25.397  63.103 0.0000000000
49395  -37.877  -25.421  57.999 0.0000000000
49415  -37.975  -25.448  57.789 0.0000000000
50609  -37.876  -25.233  57.865 0.0000000000
51688  -40.986  -23.203  62.315 0.0000000000
51718  -38.806  -23.832  59.584 0.0000000000
52799  -41.792  -22.379  62.909 0.0000000000
52994  -37.708  -22.166  52.249 0.0000000000
53922  -41.019  -21.571  61.213 0.0000000000
53923  -41.420  -21.485  61.830 0.0000000000
55011  -43.153  -19.934  63.111 0.0000000000
57280  -42.771  -18.752  61.735 0.0000000000
58427  -44.091  -17.492  62.896 0.0000000000
59545  -44.282  -16.254  62.775 0.0000000000
59584  -43.088  -16.279  60.038 0.0000000000
60678  -44.098  -15.726  62.524 0.0000000000
60689  -43.786  -15.931  62.041 0.0000000000
60709  -43.061  -15.863  59.957 0.0000000000
61732  -43.853  -14.234  63.291 0.0000000000
61759  -41.918  -14.243  61.099 0.0000000000
62754  -43.300  -13.482  63.467 0.0000000000
62794  -40.728  -13.182  59.351 0.0000000000
63778  -44.287  -13.619  64.556 0.0000000000
63794  -44.152  -13.473  64.323 0.0000000000
63813  -43.950  -13.426  64.001 0.0000000000
63857  -40.656  -12.924  60.121 0.0000000000
63868  -40.659  -12.795  59.793 0.0000000000
64951  -43.563  -12.445  64.755 0.0000000000
65050  -42.904  -11.020  57.673 0.0000000000
66289  -42.904  -10.862  58.428 0.0000000000
67552  -51.142  -9.515  57.811 0.0000000000
67627  -49.825  -8.897  54.138 0.0000000000
67638  -49.746  -8.965  53.811 0.0000000000
67647  -49.069  -9.061  52.577 0.0000000000
67649  -50.404  -9.284  52.575 0.0000000000
67657  -49.087  -9.191  52.243 0.0000000000
67660  -51.540  -8.995  51.718 0.0000000000
67667  -50.011  -9.213  50.936 0.0000000000
68650  -49.990  -8.745  58.731 0.0000000000
68680  -49.910  -8.193  57.996 0.0000000000
68756  -49.210  -8.760  53.619 0.0000000000
68786  -52.999  -8.372  51.817 0.0000000000
68811  -48.753  -7.949  49.986 0.0000000000
69698  -45.222  -6.389  62.164 0.0000000000
69740  -48.083  -6.965  59.288 0.0000000000
69830  -53.314  -7.587  55.286 0.0000000000
69846  -53.373  -7.429  55.094 0.0000000000
69864  -53.459  -7.294  54.613 0.0000000000
69865  -53.870  -7.015  54.148 0.0000000000
69928  -49.180  -7.615  50.082 0.0000000000
70874  -48.117  -6.858  59.051 0.0000000000
