#!ascii label  , from subject sub.01.bl.01 vox2ras=TkReg
1144
49282  -4.858  -24.251  64.365 0.0000000000
55059  -31.227  -20.111  58.555 0.0000000000
61799  -28.812  -15.524  56.028 0.0000000000
56139  -23.553  -17.525  60.574 0.0000000000
73247  -33.867  -4.844  47.334 0.0000000000
68776  -27.641  -7.617  50.931 0.0000000000
53880  -30.501  -20.143  63.093 0.0000000000
53952  -27.910  -20.061  59.394 0.0000000000
75220  -38.255  -2.525  49.873 0.0000000000
77427  -41.572  -0.654  47.791 0.0000000000
79654  -43.232  2.726  46.718 0.0000000000
67515  -27.136  -9.431  59.137 0.0000000000
65095  -26.681  -11.414  53.777 0.0000000000
70902  -28.618  -5.715  57.151 0.0000000000
69838  -32.281  -5.729  55.102 0.0000000000
58467  -16.158  -16.881  58.496 0.0000000000
45864  -2.153  -26.920  67.164 0.0000000000
60718  -31.734  -16.506  58.016 0.0000000000
63851  -29.491  -12.981  61.840 0.0000000000
59629  -20.257  -16.419  55.186 0.0000000000
57414  -25.241  -18.730  53.997 0.0000000000
80801  -42.387  2.871  40.692 0.0000000000
85007  -44.857  6.718  46.335 0.0000000000
69941  -32.283  -6.719  48.867 0.0000000000
70989  -35.835  -5.597  52.474 0.0000000000
50520  -7.870  -22.903  61.444 0.0000000000
41768  -1.092  -32.109  63.500 0.0000000000
76317  -39.907  -1.198  49.133 0.0000000000
69749  -26.602  -7.399  58.232 0.0000000000
53968  -15.730  -20.453  57.698 0.0000000000
48125  -3.600  -25.508  65.830 0.0000000000
56197  -32.414  -18.997  54.940 0.0000000000
57330  -31.931  -18.007  57.626 0.0000000000
58471  -22.320  -17.290  57.806 0.0000000000
58549  -23.430  -17.611  54.265 0.0000000000
57312  -24.327  -18.261  57.628 0.0000000000
53978  -29.562  -21.201  58.634 0.0000000000
54019  -27.847  -21.001  56.151 0.0000000000
55097  -30.473  -20.343  55.930 0.0000000000
57275  -22.293  -17.073  61.975 0.0000000000
59580  -20.159  -15.801  59.412 0.0000000000
77476  -37.958  -0.863  42.946 0.0000000000
80799  -41.071  2.099  41.498 0.0000000000
83971  -44.087  4.875  46.938 0.0000000000
67644  -26.988  -9.254  52.499 0.0000000000
71012  -29.445  -6.327  49.781 0.0000000000
72141  -34.688  -5.412  53.649 0.0000000000
52826  -13.373  -21.427  59.994 0.0000000000
51665  -11.764  -21.693  61.395 0.0000000000
50461  -9.717  -21.754  63.169 0.0000000000
51692  -9.833  -22.426  60.000 0.0000000000
42849  -2.965  -31.879  62.004 0.0000000000
53936  -31.184  -20.772  60.642 0.0000000000
56130  -32.317  -18.129  60.589 0.0000000000
56090  -32.371  -18.055  62.889 0.0000000000
55004  -25.104  -18.736  62.777 0.0000000000
55043  -25.680  -18.465  59.383 0.0000000000
53896  -27.304  -19.811  62.315 0.0000000000
52815  -29.071  -20.911  61.367 0.0000000000
73251  -36.000  -3.859  48.818 0.0000000000
75255  -37.222  -2.256  47.164 0.0000000000
76348  -39.526  -1.466  46.497 0.0000000000
78558  -40.137  0.214  45.074 0.0000000000
80766  -40.740  2.359  43.895 0.0000000000
78538  -43.143  0.984  47.457 0.0000000000
65044  -27.579  -12.043  58.164 0.0000000000
63905  -26.984  -13.796  55.368 0.0000000000
66321  -26.710  -10.726  56.803 0.0000000000
68714  -26.418  -8.299  55.509 0.0000000000
69835  -27.730  -6.747  54.190 0.0000000000
70972  -30.504  -6.078  53.137 0.0000000000
70953  -30.579  -5.757  55.353 0.0000000000
56111  -15.452  -18.848  60.687 0.0000000000
52855  -15.197  -20.992  59.202 0.0000000000
85037  -46.320  6.320  40.621 0.0000000000
46929  -0.740  -26.886  67.984 0.0000000000
58551  -32.191  -18.266  54.212 0.0000000000
61792  -30.397  -16.364  57.450 0.0000000000
60696  -32.085  -16.378  60.309 0.0000000000
61763  -30.352  -15.311  60.172 0.0000000000
63882  -28.539  -14.028  58.792 0.0000000000
65010  -28.484  -11.365  60.386 0.0000000000
55073  -26.267  -19.798  56.804 0.0000000000
59565  -18.091  -15.446  60.269 0.0000000000
59613  -18.005  -16.126  56.643 0.0000000000
81859  -41.854  4.252  44.093 0.0000000000
83987  -43.366  5.660  42.761 0.0000000000
83989  -44.895  6.156  41.687 0.0000000000
86098  -45.565  8.000  44.462 0.0000000000
48196  -4.299  -26.032  60.577 0.0000000000
47046  -3.375  -26.727  62.905 0.0000000000
69942  -33.274  -6.645  48.578 0.0000000000
70999  -32.436  -6.038  51.572 0.0000000000
130327  -34.550  -6.619  50.572 0.0000000000
71046  -35.391  -6.097  49.501 0.0000000000
73193  -36.820  -4.273  51.176 0.0000000000
49319  -6.252  -23.617  63.179 0.0000000000
44855  -2.562  -28.069  63.995 0.0000000000
43837  -1.965  -29.137  64.501 0.0000000000
43835  -0.719  -29.398  64.700 0.0000000000
49263  -4.283  -24.462  65.240 0.0000000000
55099  -31.612  -19.710  56.238 0.0000000000
56179  -31.959  -19.028  56.194 0.0000000000
55078  -31.414  -19.492  57.443 0.0000000000
57300  -23.102  -17.425  59.801 0.0000000000
57327  -23.007  -17.652  57.576 0.0000000000
56150  -24.157  -17.811  59.169 0.0000000000
54003  -30.670  -20.865  58.168 0.0000000000
54001  -29.595  -21.053  57.485 0.0000000000
55077  -30.936  -20.289  57.524 0.0000000000
55119  -31.264  -20.328  55.055 0.0000000000
56100  -23.994  -18.019  62.612 0.0000000000
56099  -23.204  -17.713  62.971 0.0000000000
57276  -22.935  -17.310  61.556 0.0000000000
57299  -22.381  -17.025  60.124 0.0000000000
79700  -39.976  1.416  41.900 0.0000000000
60735  -30.203  -16.316  55.581 0.0000000000
61807  -28.832  -15.788  55.123 0.0000000000
68775  -27.233  -8.132  51.290 0.0000000000
67664  -27.142  -8.769  50.354 0.0000000000
69897  -28.748  -6.720  50.252 0.0000000000
52851  -12.072  -21.867  59.299 0.0000000000
52804  -12.720  -21.569  60.907 0.0000000000
51711  -11.601  -22.095  60.000 0.0000000000
50543  -10.686  -22.312  60.568 0.0000000000
51709  -10.460  -22.326  59.415 0.0000000000
53917  -31.127  -20.661  61.538 0.0000000000
53899  -31.595  -19.691  61.708 0.0000000000
54991  -31.626  -19.221  62.902 0.0000000000
54974  -25.857  -19.247  64.201 0.0000000000
53895  -26.475  -19.362  62.601 0.0000000000
53879  -27.162  -20.009  63.275 0.0000000000
52749  -29.559  -20.487  63.767 0.0000000000
52790  -28.552  -20.843  62.375 0.0000000000
52792  -29.840  -20.880  62.221 0.0000000000
52839  -30.129  -21.182  60.998 0.0000000000
74204  -37.392  -3.667  49.616 0.0000000000
75243  -36.954  -2.754  47.899 0.0000000000
74215  -38.037  -3.105  48.743 0.0000000000
76327  -40.929  -1.302  48.156 0.0000000000
76335  -40.118  -1.703  47.395 0.0000000000
76349  -40.493  -1.129  46.538 0.0000000000
77457  -39.577  -0.229  45.172 0.0000000000
77447  -41.498  -0.132  46.394 0.0000000000
78559  -41.220  0.643  45.719 0.0000000000
78537  -42.503  0.229  47.504 0.0000000000
67539  -27.478  -10.429  58.700 0.0000000000
66322  -27.019  -11.159  57.520 0.0000000000
67561  -27.053  -10.371  57.989 0.0000000000
70901  -27.020  -6.350  57.085 0.0000000000
69765  -26.425  -7.503  57.125 0.0000000000
69794  -27.130  -6.699  55.732 0.0000000000
69834  -26.874  -7.419  54.700 0.0000000000
70929  -28.104  -6.182  55.878 0.0000000000
70952  -29.385  -5.788  54.953 0.0000000000
70930  -29.576  -5.599  56.119 0.0000000000
59563  -15.987  -16.522  60.490 0.0000000000
57271  -15.609  -17.450  61.217 0.0000000000
57297  -15.538  -18.016  58.971 0.0000000000
52882  -15.422  -20.761  58.492 0.0000000000
85018  -46.826  7.761  42.027 0.0000000000
85026  -47.460  7.542  41.420 0.0000000000
46931  -1.747  -26.675  67.819 0.0000000000
58510  -32.081  -17.366  57.159 0.0000000000
57376  -32.336  -18.387  55.263 0.0000000000
59634  -31.902  -17.022  56.470 0.0000000000
60738  -31.403  -16.724  56.518 0.0000000000
60716  -30.975  -16.384  57.349 0.0000000000
58434  -32.521  -16.950  61.612 0.0000000000
58458  -32.470  -17.093  60.246 0.0000000000
61748  -32.185  -15.876  61.487 0.0000000000
63838  -29.891  -13.186  62.540 0.0000000000
62783  -30.589  -14.769  61.453 0.0000000000
63863  -29.673  -14.131  60.895 0.0000000000
62798  -29.595  -15.129  59.548 0.0000000000
63862  -29.263  -13.297  60.814 0.0000000000
65036  -28.515  -12.427  59.685 0.0000000000
65011  -28.765  -11.820  60.750 0.0000000000
58550  -23.937  -18.155  54.631 0.0000000000
53932  -26.978  -19.573  60.008 0.0000000000
55058  -26.158  -19.050  58.139 0.0000000000
53974  -26.819  -19.854  57.582 0.0000000000
55115  -27.689  -20.772  55.222 0.0000000000
59553  -19.479  -15.929  61.990 0.0000000000
59603  -20.406  -16.079  57.078 0.0000000000
59591  -19.087  -15.340  58.324 0.0000000000
59614  -19.034  -16.164  56.202 0.0000000000
58525  -18.086  -17.525  55.238 0.0000000000
80756  -42.285  3.082  46.037 0.0000000000
80767  -41.361  3.073  44.611 0.0000000000
81835  -42.388  3.777  45.823 0.0000000000
85006  -44.177  5.816  46.349 0.0000000000
83978  -42.840  5.347  45.020 0.0000000000
83979  -43.399  6.068  44.687 0.0000000000
83988  -44.244  6.075  42.383 0.0000000000
85015  -44.561  6.743  43.137 0.0000000000
85016  -45.452  7.118  42.701 0.0000000000
85010  -44.789  7.229  45.026 0.0000000000
63912  -26.733  -12.505  54.174 0.0000000000
62841  -27.195  -14.273  53.907 0.0000000000
69959  -32.238  -7.226  47.337 0.0000000000
70973  -31.561  -5.961  53.464 0.0000000000
70984  -31.530  -5.813  52.379 0.0000000000
70974  -32.386  -5.691  53.677 0.0000000000
70976  -35.408  -5.532  53.341 0.0000000000
70975  -34.622  -5.821  52.808 0.0000000000
70988  -35.276  -6.211  52.256 0.0000000000
71017  -35.062  -6.515  50.089 0.0000000000
72163  -35.961  -5.740  50.555 0.0000000000
72180  -36.635  -5.240  50.279 0.0000000000
73183  -36.431  -4.773  51.676 0.0000000000
50498  -8.535  -22.742  62.295 0.0000000000
50476  -8.243  -22.700  63.396 0.0000000000
50475  -7.440  -23.034  63.794 0.0000000000
50519  -6.722  -23.414  61.362 0.0000000000
50518  -5.641  -24.137  61.264 0.0000000000
50538  -6.281  -24.057  60.233 0.0000000000
44910  -3.402  -29.142  61.833 0.0000000000
45940  -3.010  -27.665  63.343 0.0000000000
44889  -3.115  -30.030  62.501 0.0000000000
42831  -2.115  -32.183  63.147 0.0000000000
43851  -2.092  -30.231  63.926 0.0000000000
42787  -1.726  -30.965  63.831 0.0000000000
43836  -1.341  -29.438  64.602 0.0000000000
41743  -0.586  -31.294  63.974 0.0000000000
52746  -27.853  -20.727  64.568 0.0000000000
76297  -38.696  -1.368  50.319 0.0000000000
76316  -39.068  -1.603  49.498 0.0000000000
76298  -39.396  -0.924  49.735 0.0000000000
68658  -26.578  -8.546  58.627 0.0000000000
57326  -16.562  -18.054  56.822 0.0000000000
55042  -15.711  -19.206  57.872 0.0000000000
49202  -4.007  -24.823  68.002 0.0000000000
46980  -2.776  -26.355  66.259 0.0000000000
56196  -32.268  -19.528  54.991 0.0000000000
56166  -31.961  -18.512  56.554 0.0000000000
58509  -32.115  -17.535  57.656 0.0000000000
66240  -29.415  -11.484  62.347 0.0000000000
59604  -21.037  -16.405  56.579 0.0000000000
59631  -21.834  -16.547  54.806 0.0000000000
58507  -22.555  -17.067  56.081 0.0000000000
57350  -23.881  -18.072  56.025 0.0000000000
57351  -24.591  -18.667  56.076 0.0000000000
52888  -28.763  -20.996  58.887 0.0000000000
53999  -28.012  -20.894  57.283 0.0000000000
54000  -28.766  -21.255  57.462 0.0000000000
54038  -29.207  -20.928  55.908 0.0000000000
55144  -31.293  -20.711  54.141 0.0000000000
57274  -21.635  -16.878  62.440 0.0000000000
58442  -20.304  -16.302  61.597 0.0000000000
58444  -21.722  -16.721  60.312 0.0000000000
58469  -21.013  -16.465  58.933 0.0000000000
76371  -37.314  -1.476  44.300 0.0000000000
80800  -41.506  2.722  41.414 0.0000000000
81815  -44.750  3.379  47.914 0.0000000000
81828  -43.593  3.619  46.829 0.0000000000
66405  -26.701  -10.371  53.461 0.0000000000
69939  -30.106  -7.192  48.096 0.0000000000
71042  -31.008  -6.236  49.567 0.0000000000
70934  -33.461  -5.276  56.044 0.0000000000
72132  -33.478  -5.403  54.183 0.0000000000
70957  -34.397  -4.954  54.953 0.0000000000
52781  -13.628  -20.595  60.943 0.0000000000
52780  -13.065  -21.053  61.418 0.0000000000
51636  -11.081  -21.457  63.097 0.0000000000
51664  -10.953  -21.998  61.907 0.0000000000
50522  -9.865  -22.464  61.187 0.0000000000
50540  -8.442  -22.796  60.615 0.0000000000
51706  -7.841  -23.380  59.619 0.0000000000
51707  -8.438  -23.407  59.134 0.0000000000
53956  -31.146  -20.587  59.657 0.0000000000
55061  -31.798  -19.273  59.584 0.0000000000
55031  -31.741  -19.706  60.780 0.0000000000
56102  -32.353  -18.124  62.069 0.0000000000
56113  -24.106  -18.111  61.750 0.0000000000
56141  -24.772  -17.922  59.784 0.0000000000
55018  -25.869  -18.970  61.591 0.0000000000
53914  -26.878  -19.533  61.344 0.0000000000
53933  -27.663  -20.035  60.641 0.0000000000
52767  -28.137  -20.754  63.495 0.0000000000
52813  -28.133  -20.572  61.146 0.0000000000
52836  -28.644  -20.948  60.444 0.0000000000
52864  -29.270  -21.385  59.942 0.0000000000
53955  -30.459  -20.989  59.502 0.0000000000
55003  -24.562  -18.450  63.150 0.0000000000
73249  -34.910  -4.494  48.335 0.0000000000
74235  -34.372  -3.740  46.992 0.0000000000
75241  -35.257  -3.188  47.882 0.0000000000
76344  -35.693  -2.135  46.712 0.0000000000
76346  -37.328  -1.721  46.369 0.0000000000
75245  -39.038  -2.430  47.415 0.0000000000
75257  -38.976  -2.025  46.726 0.0000000000
76359  -37.385  -1.237  45.418 0.0000000000
77456  -38.693  -0.394  45.012 0.0000000000
78568  -38.804  0.281  44.183 0.0000000000
79675  -39.428  1.274  43.600 0.0000000000
79676  -40.068  1.968  43.259 0.0000000000
78571  -40.746  1.210  44.914 0.0000000000
79651  -41.730  1.592  45.697 0.0000000000
79643  -43.336  1.809  47.014 0.0000000000
78524  -43.491  1.127  48.543 0.0000000000
79637  -44.898  2.447  48.276 0.0000000000
63891  -28.033  -13.696  57.637 0.0000000000
62824  -27.544  -14.361  55.789 0.0000000000
63898  -27.044  -13.475  56.309 0.0000000000
65060  -26.494  -11.657  56.137 0.0000000000
66346  -26.507  -10.585  55.606 0.0000000000
68673  -26.447  -8.611  57.685 0.0000000000
67584  -26.469  -9.590  56.177 0.0000000000
66376  -26.549  -10.493  54.463 0.0000000000
68731  -26.704  -9.059  53.755 0.0000000000
69869  -27.254  -7.658  52.913 0.0000000000
69870  -27.874  -7.027  52.548 0.0000000000
69871  -28.601  -6.450  52.128 0.0000000000
70962  -29.247  -6.251  53.835 0.0000000000
70963  -30.516  -5.987  54.242 0.0000000000
70954  -31.422  -5.634  55.751 0.0000000000
70932  -31.601  -5.493  56.571 0.0000000000
69796  -32.350  -5.473  56.480 0.0000000000
55002  -15.319  -19.414  61.200 0.0000000000
55041  -15.607  -19.579  58.496 0.0000000000
53927  -15.462  -20.445  60.032 0.0000000000
52807  -14.978  -20.835  60.393 0.0000000000
52827  -14.143  -21.234  59.873 0.0000000000
60736  -30.783  -16.506  55.832 0.0000000000
61791  -29.273  -15.573  57.320 0.0000000000
56155  -32.384  -18.074  59.444 0.0000000000
58474  -32.398  -17.083  59.133 0.0000000000
59595  -32.037  -16.731  58.849 0.0000000000
61765  -31.186  -16.038  59.647 0.0000000000
61772  -31.036  -16.301  58.668 0.0000000000
61781  -30.831  -16.361  58.080 0.0000000000
61779  -29.375  -15.562  58.105 0.0000000000
62817  -28.650  -14.975  57.825 0.0000000000
63881  -28.096  -12.908  58.436 0.0000000000
66286  -27.864  -11.606  58.895 0.0000000000
67516  -27.794  -10.159  59.685 0.0000000000
67482  -28.723  -10.381  62.196 0.0000000000
67481  -28.208  -9.891  61.690 0.0000000000
56151  -24.867  -18.164  58.492 0.0000000000
56177  -24.941  -18.917  56.635 0.0000000000
56194  -25.823  -19.426  55.135 0.0000000000
54018  -27.325  -20.691  56.251 0.0000000000
55114  -26.718  -20.076  54.955 0.0000000000
59551  -16.945  -15.826  61.606 0.0000000000
60703  -16.836  -15.593  59.664 0.0000000000
59566  -19.616  -15.821  60.691 0.0000000000
59590  -17.842  -15.357  58.420 0.0000000000
58485  -16.846  -16.834  57.005 0.0000000000
58503  -17.321  -17.590  55.823 0.0000000000
80775  -40.637  2.486  42.840 0.0000000000
81872  -41.340  3.561  42.900 0.0000000000
81889  -42.196  4.019  41.519 0.0000000000
82952  -42.505  4.576  45.368 0.0000000000
82975  -42.275  4.695  43.582 0.0000000000
82982  -43.066  4.909  41.966 0.0000000000
82983  -43.656  5.117  40.941 0.0000000000
82984  -44.421  5.239  40.633 0.0000000000
83995  -45.158  5.770  40.807 0.0000000000
85024  -45.660  6.600  41.564 0.0000000000
85017  -46.109  7.391  42.129 0.0000000000
48166  -4.055  -25.275  62.389 0.0000000000
48165  -3.673  -25.572  62.955 0.0000000000
48195  -3.812  -26.408  61.327 0.0000000000
61814  -27.818  -15.027  54.185 0.0000000000
71082  -33.512  -6.004  47.957 0.0000000000
70982  -29.527  -6.094  51.669 0.0000000000
71014  -31.323  -6.016  50.440 0.0000000000
71015  -32.396  -6.320  50.731 0.0000000000
72150  -33.262  -5.599  52.904 0.0000000000
71000  -33.390  -6.422  51.432 0.0000000000
69920  -33.627  -6.844  50.162 0.0000000000
71044  -34.009  -6.530  49.411 0.0000000000
71068  -34.059  -6.152  48.826 0.0000000000
72213  -34.844  -5.423  48.667 0.0000000000
72215  -35.804  -5.048  49.388 0.0000000000
73226  -36.866  -4.422  49.705 0.0000000000
74189  -37.436  -3.435  50.485 0.0000000000
49265  -6.007  -23.731  65.404 0.0000000000
49284  -6.527  -23.546  64.804 0.0000000000
49301  -5.525  -24.009  63.702 0.0000000000
49337  -5.224  -24.422  61.898 0.0000000000
49353  -5.314  -25.384  60.010 0.0000000000
47026  -3.168  -26.676  64.055 0.0000000000
47006  -3.082  -26.499  65.127 0.0000000000
45895  -2.488  -27.321  65.970 0.0000000000
44870  -2.704  -29.293  63.411 0.0000000000
43838  -2.219  -28.872  64.299 0.0000000000
44809  -2.251  -27.615  66.462 0.0000000000
44808  -1.710  -27.959  66.315 0.0000000000
44806  -0.661  -27.460  66.349 0.0000000000
40745  -0.602  -32.322  63.313 0.0000000000
42784  0.089  -30.908  64.199 0.0000000000
49264  -5.158  -23.778  65.255 0.0000000000
57301  -23.546  -17.667  59.181 0.0000000000
56140  -23.933  -17.670  60.033 0.0000000000
55098  -31.097  -20.122  56.145 0.0000000000
56126  -23.544  -17.612  61.271 0.0000000000
56112  -23.447  -17.722  62.053 0.0000000000
57288  -23.009  -17.242  60.732 0.0000000000
61800  -29.591  -16.022  56.171 0.0000000000
60734  -29.485  -16.096  55.386 0.0000000000
67663  -26.913  -8.907  50.853 0.0000000000
68790  -27.168  -8.464  50.690 0.0000000000
68791  -27.513  -8.062  50.295 0.0000000000
69917  -28.205  -7.416  49.806 0.0000000000
69896  -28.093  -7.241  50.658 0.0000000000
52850  -11.179  -22.131  58.800 0.0000000000
51710  -11.205  -22.129  59.737 0.0000000000
53897  -30.872  -20.337  62.346 0.0000000000
53898  -31.342  -20.059  61.998 0.0000000000
53881  -31.070  -19.775  62.795 0.0000000000
53863  -26.404  -19.707  64.768 0.0000000000
53878  -26.489  -19.579  63.777 0.0000000000
53864  -26.970  -20.170  64.334 0.0000000000
52750  -30.087  -20.423  63.261 0.0000000000
52769  -29.348  -20.752  63.073 0.0000000000
52771  -30.393  -20.515  62.617 0.0000000000
52793  -30.348  -20.794  62.179 0.0000000000
74205  -38.098  -2.927  49.480 0.0000000000
76336  -41.019  -1.073  47.228 0.0000000000
76350  -41.152  -0.770  46.528 0.0000000000
77436  -41.582  -0.563  46.971 0.0000000000
77448  -41.885  -0.196  46.784 0.0000000000
77437  -42.024  -0.207  47.272 0.0000000000
70900  -26.716  -6.707  56.647 0.0000000000
70928  -26.985  -6.591  56.288 0.0000000000
69818  -27.517  -6.718  55.094 0.0000000000
58455  -15.729  -17.073  59.448 0.0000000000
85019  -47.546  8.047  42.041 0.0000000000
46932  -2.256  -26.289  67.838 0.0000000000
46910  -2.215  -26.040  68.522 0.0000000000
46909  -1.915  -26.291  68.455 0.0000000000
45863  -2.026  -27.109  67.280 0.0000000000
58511  -31.993  -17.049  56.794 0.0000000000
58533  -31.998  -17.187  56.405 0.0000000000
59618  -31.758  -16.781  56.965 0.0000000000
59617  -31.601  -16.724  56.615 0.0000000000
60727  -31.873  -16.626  57.501 0.0000000000
59554  -32.482  -16.620  61.328 0.0000000000
61740  -32.071  -15.727  62.188 0.0000000000
63837  -29.619  -12.845  62.269 0.0000000000
63852  -29.701  -13.731  61.679 0.0000000000
65012  -29.173  -12.425  61.255 0.0000000000
58527  -20.112  -16.796  54.661 0.0000000000
59642  -20.594  -16.608  54.645 0.0000000000
53951  -27.037  -19.529  58.742 0.0000000000
53975  -27.578  -20.203  58.055 0.0000000000
59615  -20.242  -16.156  56.067 0.0000000000
59628  -19.484  -16.516  55.557 0.0000000000
81897  -42.834  3.575  40.624 0.0000000000
80757  -42.958  3.135  46.513 0.0000000000
85009  -44.082  6.354  45.441 0.0000000000
85012  -44.094  6.850  44.267 0.0000000000
85013  -45.054  7.259  43.821 0.0000000000
62840  -26.919  -13.384  53.472 0.0000000000
63926  -26.945  -12.324  52.989 0.0000000000
69940  -31.128  -7.013  48.177 0.0000000000
69958  -31.591  -7.231  47.699 0.0000000000
70964  -31.701  -5.965  54.715 0.0000000000
71002  -35.697  -5.940  51.820 0.0000000000
72164  -36.106  -5.429  51.427 0.0000000000
72152  -36.325  -5.041  52.634 0.0000000000
50497  -7.281  -23.184  62.680 0.0000000000
50539  -7.361  -23.248  60.214 0.0000000000
41769  -1.666  -32.356  63.309 0.0000000000
41745  -1.565  -31.735  63.641 0.0000000000
42786  -1.180  -30.534  64.120 0.0000000000
41744  -1.121  -31.432  63.756 0.0000000000
69721  -27.171  -7.228  60.194 0.0000000000
56162  -16.434  -19.064  56.792 0.0000000000
48103  -3.590  -25.367  67.103 0.0000000000
46956  -2.706  -25.959  67.393 0.0000000000
56165  -31.623  -18.688  57.396 0.0000000000
57331  -31.880  -18.284  57.003 0.0000000000
57353  -32.044  -17.719  57.238 0.0000000000
58487  -21.524  -16.821  57.356 0.0000000000
58506  -21.757  -16.752  56.430 0.0000000000
58488  -22.342  -17.301  56.979 0.0000000000
57328  -23.769  -17.992  57.168 0.0000000000
57349  -23.117  -17.633  56.606 0.0000000000
57329  -24.390  -18.468  56.835 0.0000000000
52889  -29.044  -21.158  59.128 0.0000000000
53977  -28.947  -21.216  58.346 0.0000000000
55075  -29.910  -20.691  56.572 0.0000000000
54021  -29.354  -21.067  56.607 0.0000000000
55096  -29.794  -20.592  55.838 0.0000000000
55117  -29.483  -20.618  55.017 0.0000000000
55118  -30.440  -20.397  54.957 0.0000000000
57263  -22.861  -17.443  62.281 0.0000000000
56098  -22.683  -17.572  63.615 0.0000000000
57262  -22.337  -17.296  62.911 0.0000000000
57261  -21.475  -17.132  63.270 0.0000000000
57286  -21.653  -16.747  61.668 0.0000000000
57309  -22.425  -17.117  59.313 0.0000000000
58457  -21.756  -16.808  59.522 0.0000000000
58470  -21.867  -16.933  58.512 0.0000000000
77466  -37.770  -0.637  43.719 0.0000000000
66428  -26.886  -10.137  52.591 0.0000000000
65122  -26.890  -11.171  52.691 0.0000000000
65144  -27.059  -10.698  51.740 0.0000000000
71040  -29.386  -6.537  48.961 0.0000000000
71065  -29.793  -6.654  48.618 0.0000000000
71066  -30.635  -6.546  48.740 0.0000000000
71041  -30.106  -6.235  49.264 0.0000000000
70935  -34.554  -4.790  55.972 0.0000000000
70969  -36.290  -5.296  54.208 0.0000000000
52805  -13.506  -21.120  60.559 0.0000000000
51679  -12.052  -21.829  60.759 0.0000000000
52779  -12.228  -21.296  61.807 0.0000000000
51651  -11.384  -21.550  62.244 0.0000000000
50542  -10.191  -22.398  60.616 0.0000000000
50541  -9.386  -22.602  60.656 0.0000000000
51691  -8.973  -22.845  59.928 0.0000000000
55046  -31.531  -19.864  59.928 0.0000000000
53937  -31.466  -20.271  60.764 0.0000000000
56101  -32.100  -18.718  62.488 0.0000000000
56115  -32.079  -18.753  61.715 0.0000000000
55016  -24.536  -18.408  62.405 0.0000000000
55017  -24.991  -18.515  61.860 0.0000000000
55005  -25.638  -18.907  62.426 0.0000000000
53915  -27.658  -20.046  61.621 0.0000000000
52766  -27.572  -20.517  63.867 0.0000000000
52791  -29.187  -20.852  62.281 0.0000000000
52814  -28.571  -20.858  61.377 0.0000000000
52863  -28.940  -21.290  59.832 0.0000000000
52837  -28.969  -21.207  60.546 0.0000000000
53916  -30.950  -21.067  61.068 0.0000000000
53934  -30.109  -21.108  60.004 0.0000000000
54988  -25.157  -18.927  63.660 0.0000000000
73250  -35.501  -4.120  48.613 0.0000000000
74224  -35.142  -3.775  48.166 0.0000000000
74225  -35.767  -3.542  48.326 0.0000000000
75254  -36.241  -2.285  47.333 0.0000000000
76345  -36.422  -1.882  46.616 0.0000000000
76325  -39.305  -1.874  48.946 0.0000000000
75231  -38.802  -2.454  48.473 0.0000000000
76326  -39.906  -1.689  48.392 0.0000000000
76334  -39.488  -1.993  47.087 0.0000000000
76347  -38.372  -1.410  46.210 0.0000000000
76360  -38.231  -0.809  45.470 0.0000000000
77444  -39.043  -0.781  45.791 0.0000000000
78557  -39.681  0.130  44.871 0.0000000000
78569  -39.299  0.443  44.412 0.0000000000
79663  -39.737  1.118  44.322 0.0000000000
79664  -40.249  1.596  44.286 0.0000000000
78547  -42.153  0.423  46.658 0.0000000000
78560  -42.212  1.243  46.147 0.0000000000
78548  -42.802  1.337  46.602 0.0000000000
78561  -42.615  1.618  46.291 0.0000000000
79636  -44.224  1.990  48.148 0.0000000000
63880  -27.691  -12.513  58.037 0.0000000000
63890  -27.359  -12.719  57.459 0.0000000000
65052  -26.770  -11.816  57.168 0.0000000000
69748  -26.546  -7.977  58.671 0.0000000000
68696  -26.406  -8.547  56.673 0.0000000000
67606  -26.444  -9.506  55.020 0.0000000000
67624  -26.613  -9.498  53.969 0.0000000000
68732  -26.552  -8.533  54.285 0.0000000000
69851  -27.011  -7.550  53.772 0.0000000000
69852  -27.817  -7.022  53.391 0.0000000000
69853  -28.542  -6.504  53.079 0.0000000000
69836  -28.361  -6.542  53.728 0.0000000000
70905  -31.950  -5.497  57.271 0.0000000000
69795  -31.967  -5.449  56.479 0.0000000000
70933  -32.834  -5.444  56.474 0.0000000000
57273  -15.404  -18.171  61.083 0.0000000000
56097  -15.361  -18.703  61.670 0.0000000000
54986  -15.186  -19.115  62.003 0.0000000000
55055  -15.798  -19.880  57.726 0.0000000000
52830  -15.515  -20.447  59.338 0.0000000000
52829  -15.401  -20.717  59.779 0.0000000000
52808  -15.317  -20.563  60.266 0.0000000000
52828  -14.906  -21.208  59.909 0.0000000000
52854  -14.754  -21.417  59.228 0.0000000000
45860  -0.531  -27.034  67.328 0.0000000000
57394  -32.558  -18.940  53.853 0.0000000000
59647  -31.697  -17.507  54.623 0.0000000000
60725  -31.118  -16.687  56.895 0.0000000000
60737  -31.222  -16.665  55.997 0.0000000000
60724  -30.768  -16.584  56.685 0.0000000000
60723  -30.181  -16.362  56.515 0.0000000000
56142  -32.231  -18.714  60.311 0.0000000000
56154  -32.128  -18.602  59.356 0.0000000000
56143  -32.416  -18.134  59.884 0.0000000000
59568  -32.412  -16.670  60.621 0.0000000000
59581  -32.186  -16.737  59.793 0.0000000000
60706  -31.805  -16.500  59.457 0.0000000000
61764  -30.661  -15.459  60.430 0.0000000000
61771  -30.686  -15.948  59.154 0.0000000000
62797  -28.950  -14.577  59.301 0.0000000000
62808  -29.276  -15.286  59.004 0.0000000000
62807  -28.906  -15.156  58.422 0.0000000000
62806  -28.392  -14.230  58.106 0.0000000000
65026  -28.406  -11.789  59.829 0.0000000000
66268  -28.112  -11.673  59.258 0.0000000000
65025  -28.305  -11.252  59.954 0.0000000000
66267  -28.009  -11.095  59.368 0.0000000000
66251  -28.315  -10.778  60.329 0.0000000000
66227  -29.238  -10.788  62.625 0.0000000000
66239  -28.957  -10.991  61.889 0.0000000000
67480  -27.704  -9.196  61.174 0.0000000000
58529  -22.781  -16.924  54.944 0.0000000000
59644  -22.035  -16.703  54.154 0.0000000000
58548  -22.716  -17.136  53.828 0.0000000000
55029  -25.230  -18.367  60.747 0.0000000000
56164  -25.510  -19.102  57.163 0.0000000000
56178  -25.490  -19.344  56.168 0.0000000000
53998  -27.218  -20.451  56.881 0.0000000000
59552  -18.090  -15.635  61.490 0.0000000000
60694  -17.315  -15.538  60.664 0.0000000000
60704  -17.237  -15.503  60.002 0.0000000000
59567  -20.499  -16.171  60.252 0.0000000000
59602  -19.181  -15.536  57.194 0.0000000000
59601  -17.808  -15.667  57.463 0.0000000000
59600  -17.268  -15.672  57.924 0.0000000000
58504  -17.415  -17.163  55.957 0.0000000000
81846  -41.623  3.810  44.445 0.0000000000
81858  -41.474  3.698  43.723 0.0000000000
81888  -41.504  3.598  42.153 0.0000000000
81873  -41.801  4.194  42.901 0.0000000000
82943  -43.390  4.288  46.344 0.0000000000
82942  -42.947  4.339  45.886 0.0000000000
83975  -43.056  4.731  45.680 0.0000000000
83982  -42.954  5.729  43.880 0.0000000000
82963  -42.513  5.098  44.269 0.0000000000
82976  -42.728  5.182  43.144 0.0000000000
82981  -42.424  4.644  42.589 0.0000000000
81890  -43.082  4.352  40.856 0.0000000000
83994  -44.371  5.646  41.401 0.0000000000
86102  -45.793  7.729  43.344 0.0000000000
86110  -46.392  7.831  42.774 0.0000000000
86103  -46.543  8.463  43.824 0.0000000000
48182  -4.236  -25.586  61.630 0.0000000000
61806  -28.170  -15.086  55.206 0.0000000000
62833  -27.420  -14.385  54.819 0.0000000000
69960  -32.929  -6.581  47.402 0.0000000000
71096  -33.255  -6.042  46.790 0.0000000000
70971  -29.493  -6.141  52.695 0.0000000000
70983  -30.485  -5.792  52.103 0.0000000000
70998  -31.487  -5.843  51.375 0.0000000000
72133  -34.224  -5.327  54.052 0.0000000000
72139  -33.573  -5.506  53.357 0.0000000000
72140  -34.105  -5.465  53.417 0.0000000000
70987  -34.179  -6.480  51.582 0.0000000000
130326  -33.814  -6.512  51.508 0.0000000000
68793  -33.831  -6.725  50.999 0.0000000000
68792  -33.579  -6.753  50.700 0.0000000000
69921  -34.407  -6.740  49.913 0.0000000000
71045  -34.655  -6.407  49.418 0.0000000000
71069  -34.802  -5.983  48.906 0.0000000000
71070  -35.261  -5.658  49.046 0.0000000000
72214  -35.308  -5.044  48.947 0.0000000000
72196  -35.726  -5.486  49.419 0.0000000000
73209  -36.683  -4.943  50.467 0.0000000000
72182  -37.798  -5.234  49.983 0.0000000000
73210  -36.944  -4.625  50.225 0.0000000000
74173  -37.048  -3.571  51.559 0.0000000000
49320  -6.883  -23.370  63.606 0.0000000000
49303  -6.986  -23.314  64.259 0.0000000000
49302  -6.327  -23.592  64.050 0.0000000000
49318  -5.379  -24.135  62.663 0.0000000000
50495  -5.542  -24.015  62.040 0.0000000000
49354  -5.883  -24.737  59.909 0.0000000000
50517  -5.355  -24.777  60.742 0.0000000000
49368  -5.757  -25.804  59.311 0.0000000000
48152  -3.525  -25.813  63.741 0.0000000000
44871  -2.689  -28.294  63.633 0.0000000000
45927  -2.660  -27.534  64.357 0.0000000000
45914  -2.727  -26.972  65.433 0.0000000000
45926  -2.421  -27.963  64.579 0.0000000000
43902  -3.144  -30.977  61.710 0.0000000000
43888  -2.716  -31.097  62.537 0.0000000000
43852  -2.355  -29.476  63.951 0.0000000000
44841  -2.092  -28.161  65.162 0.0000000000
43819  -2.035  -28.360  65.161 0.0000000000
45894  -2.175  -27.859  66.427 0.0000000000
43818  -1.786  -28.457  65.271 0.0000000000
43817  -1.207  -28.488  65.376 0.0000000000
44822  -0.839  -28.165  65.611 0.0000000000
44821  -0.523  -27.820  65.698 0.0000000000
40754  -0.193  -32.241  63.308 0.0000000000
41766  -0.029  -31.686  63.778 0.0000000000
56153  -31.774  -18.490  58.364 0.0000000000
57310  -22.862  -17.472  58.629 0.0000000000
57311  -23.761  -17.905  58.267 0.0000000000
53979  -30.266  -21.003  58.723 0.0000000000
54002  -30.269  -20.900  57.899 0.0000000000
55076  -30.379  -20.531  56.944 0.0000000000
56088  -23.951  -18.015  63.535 0.0000000000
57287  -22.189  -16.884  61.036 0.0000000000
77477  -38.550  -0.193  43.242 0.0000000000
79701  -40.628  1.617  41.577 0.0000000000
60747  -30.715  -16.478  54.915 0.0000000000
67654  -26.958  -9.056  51.631 0.0000000000
66445  -27.006  -9.804  51.888 0.0000000000
67671  -27.072  -9.366  50.351 0.0000000000
69918  -28.767  -6.824  49.330 0.0000000000
52825  -12.567  -21.721  60.118 0.0000000000
51695  -11.825  -22.016  60.314 0.0000000000
51678  -11.290  -22.099  61.042 0.0000000000
51694  -11.154  -22.191  60.429 0.0000000000
51693  -10.615  -22.289  60.174 0.0000000000
51708  -9.557  -22.823  58.994 0.0000000000
52848  -9.962  -22.911  58.419 0.0000000000
53918  -31.569  -19.939  61.327 0.0000000000
53882  -31.489  -19.624  62.270 0.0000000000
56089  -32.059  -18.612  63.316 0.0000000000
54989  -25.823  -19.034  63.258 0.0000000000
52768  -28.715  -20.749  63.265 0.0000000000
52816  -29.736  -21.048  61.468 0.0000000000
52817  -30.456  -21.018  61.486 0.0000000000
74214  -37.144  -3.616  49.034 0.0000000000
74226  -36.584  -3.434  48.485 0.0000000000
74227  -37.405  -3.138  48.411 0.0000000000
75244  -38.068  -2.775  47.857 0.0000000000
76318  -40.620  -1.118  48.792 0.0000000000
77445  -39.948  -0.686  46.084 0.0000000000
77446  -40.492  -0.745  46.151 0.0000000000
77458  -40.576  -0.258  45.843 0.0000000000
77459  -41.110  -0.078  46.080 0.0000000000
78546  -41.618  0.271  46.301 0.0000000000
66306  -27.638  -11.547  58.487 0.0000000000
65053  -27.202  -11.732  57.749 0.0000000000
66305  -27.389  -11.108  58.099 0.0000000000
66304  -26.955  -10.637  57.579 0.0000000000
69764  -26.527  -6.910  56.831 0.0000000000
69793  -26.578  -7.303  56.259 0.0000000000
69817  -26.798  -7.223  55.426 0.0000000000
70951  -28.430  -6.324  54.672 0.0000000000
70961  -28.465  -6.449  54.103 0.0000000000
58431  -15.871  -16.975  61.500 0.0000000000
58440  -15.736  -16.999  60.902 0.0000000000
57285  -15.487  -18.004  60.112 0.0000000000
56125  -15.502  -18.881  59.744 0.0000000000
52880  -14.676  -21.702  58.378 0.0000000000
85025  -46.560  7.185  41.383 0.0000000000
85047  -46.494  5.981  40.012 0.0000000000
85038  -47.255  6.959  40.662 0.0000000000
85049  -48.068  6.733  39.836 0.0000000000
46930  -1.302  -26.888  67.891 0.0000000000
58532  -32.104  -17.456  55.962 0.0000000000
59633  -31.579  -16.865  56.118 0.0000000000
61793  -30.747  -16.038  57.110 0.0000000000
57289  -32.407  -17.558  60.823 0.0000000000
58445  -32.501  -17.064  61.040 0.0000000000
60685  -32.354  -16.241  61.039 0.0000000000
62775  -30.997  -14.340  62.169 0.0000000000
62774  -30.370  -14.016  62.030 0.0000000000
62782  -30.110  -14.439  61.285 0.0000000000
62790  -30.046  -14.918  60.400 0.0000000000
61770  -30.239  -15.468  59.700 0.0000000000
62789  -29.341  -14.223  60.105 0.0000000000
63872  -28.643  -13.213  59.523 0.0000000000
65027  -28.775  -12.491  60.315 0.0000000000
66252  -28.696  -11.187  61.067 0.0000000000
67457  -28.718  -9.436  63.145 0.0000000000
58530  -23.595  -17.779  55.140 0.0000000000
55044  -26.435  -19.066  59.360 0.0000000000
54037  -28.682  -21.004  55.641 0.0000000000
54036  -28.208  -21.014  55.460 0.0000000000
59592  -20.285  -15.797  58.160 0.0000000000
58505  -18.663  -16.909  55.573 0.0000000000
58526  -19.311  -17.179  54.721 0.0000000000
80755  -41.703  2.430  45.533 0.0000000000
80768  -41.772  3.166  45.421 0.0000000000
81847  -41.913  3.998  45.250 0.0000000000
83976  -43.494  5.360  45.826 0.0000000000
83983  -43.647  6.323  43.476 0.0000000000
85023  -44.992  6.536  42.305 0.0000000000
48205  -4.815  -26.408  59.846 0.0000000000
47084  -4.410  -26.945  60.051 0.0000000000
62832  -26.864  -13.571  54.516 0.0000000000
62857  -27.103  -14.146  53.066 0.0000000000
70985  -32.623  -5.756  52.557 0.0000000000
71001  -35.345  -6.179  51.058 0.0000000000
71018  -35.611  -6.120  50.200 0.0000000000
72179  -36.073  -5.768  49.896 0.0000000000
73192  -36.598  -4.907  50.872 0.0000000000
50477  -9.160  -22.255  62.880 0.0000000000
50496  -6.100  -23.641  62.226 0.0000000000
45954  -3.419  -27.986  62.352 0.0000000000
44890  -3.003  -28.747  62.827 0.0000000000
42832  -2.415  -31.906  62.742 0.0000000000
42811  -2.411  -31.267  63.016 0.0000000000
42810  -2.105  -31.525  63.425 0.0000000000
43868  -2.102  -30.835  63.653 0.0000000000
42770  -1.742  -30.185  64.126 0.0000000000
42769  -1.594  -29.865  64.302 0.0000000000
43850  -0.789  -30.093  64.378 0.0000000000
52745  -27.346  -20.479  64.876 0.0000000000
52731  -29.173  -20.429  64.613 0.0000000000
75204  -38.543  -2.060  49.914 0.0000000000
77414  -41.511  -0.376  49.035 0.0000000000
77415  -42.226  0.086  48.644 0.0000000000
77428  -42.116  -0.115  48.076 0.0000000000
67494  -27.424  -9.260  60.137 0.0000000000
68642  -26.797  -8.231  59.487 0.0000000000
69734  -26.622  -7.799  58.955 0.0000000000
69735  -26.915  -7.049  59.211 0.0000000000
70881  -27.758  -5.941  58.535 0.0000000000
57308  -16.058  -18.001  57.600 0.0000000000
57298  -15.651  -18.360  58.298 0.0000000000
56149  -16.022  -18.801  57.443 0.0000000000
55069  -16.104  -19.589  57.217 0.0000000000
46955  -2.368  -26.705  66.975 0.0000000000
56180  -32.310  -18.593  55.924 0.0000000000
57354  -32.125  -18.036  56.572 0.0000000000
58491  -32.100  -16.893  57.858 0.0000000000
64995  -29.560  -12.365  62.170 0.0000000000
59616  -21.103  -16.318  55.838 0.0000000000
59630  -21.154  -16.395  55.062 0.0000000000
58528  -21.893  -16.593  55.557 0.0000000000
58508  -23.200  -17.493  55.760 0.0000000000
58531  -23.924  -18.152  55.079 0.0000000000
57374  -24.386  -18.410  55.223 0.0000000000
57393  -25.152  -18.836  54.759 0.0000000000
53953  -28.148  -20.662  59.296 0.0000000000
53976  -28.375  -20.722  58.534 0.0000000000
54020  -28.629  -21.182  56.499 0.0000000000
58432  -20.265  -16.482  62.410 0.0000000000
58433  -20.999  -16.604  61.978 0.0000000000
58443  -21.011  -16.524  60.930 0.0000000000
58456  -21.076  -16.420  59.906 0.0000000000
58486  -20.965  -16.551  58.025 0.0000000000
80747  -43.585  2.868  47.102 0.0000000000
81814  -44.182  3.585  47.359 0.0000000000
82936  -43.934  4.093  46.927 0.0000000000
71067  -31.443  -6.545  49.030 0.0000000000
70955  -32.786  -5.548  55.102 0.0000000000
70966  -33.081  -5.458  54.684 0.0000000000
70956  -33.446  -5.314  54.972 0.0000000000
72121  -33.932  -5.234  54.528 0.0000000000
70958  -34.636  -5.116  54.429 0.0000000000
70968  -34.979  -5.138  54.222 0.0000000000
69855  -35.891  -5.521  53.949 0.0000000000
70977  -36.109  -5.401  53.393 0.0000000000
52758  -12.612  -20.673  62.346 0.0000000000
50478  -10.024  -21.999  62.329 0.0000000000
50500  -10.402  -22.256  61.550 0.0000000000
50499  -9.510  -22.435  61.939 0.0000000000
50521  -8.953  -22.671  61.375 0.0000000000
51690  -8.186  -23.040  59.907 0.0000000000
40747  -1.568  -33.066  62.961 0.0000000000
55060  -31.536  -19.304  58.764 0.0000000000
55045  -31.385  -20.012  59.237 0.0000000000
55047  -31.959  -19.269  60.141 0.0000000000
55032  -31.985  -19.208  60.728 0.0000000000
55019  -31.696  -19.721  61.138 0.0000000000
56129  -32.100  -18.739  61.011 0.0000000000
56116  -32.262  -18.116  61.319 0.0000000000
57277  -32.451  -17.468  61.627 0.0000000000
54976  -31.504  -18.843  63.941 0.0000000000
56127  -24.013  -17.798  60.939 0.0000000000
56128  -24.471  -17.952  60.594 0.0000000000
56114  -24.528  -18.167  61.209 0.0000000000
55030  -26.155  -19.022  60.434 0.0000000000
52789  -27.927  -20.465  62.469 0.0000000000
52835  -28.203  -20.551  60.155 0.0000000000
52862  -28.599  -20.871  59.511 0.0000000000
52890  -29.266  -21.343  59.420 0.0000000000
52838  -29.685  -21.214  60.528 0.0000000000
53954  -29.752  -21.173  59.527 0.0000000000
53980  -30.855  -20.736  58.666 0.0000000000
73248  -34.194  -4.543  47.449 0.0000000000
73259  -34.095  -4.467  46.485 0.0000000000
74223  -34.664  -3.872  47.710 0.0000000000
75252  -34.705  -3.219  47.453 0.0000000000
75242  -36.004  -2.897  47.925 0.0000000000
75253  -35.221  -2.540  47.257 0.0000000000
75265  -35.120  -2.581  46.127 0.0000000000
74206  -38.544  -2.669  49.028 0.0000000000
75232  -39.527  -2.122  47.827 0.0000000000
75256  -38.200  -2.294  46.816 0.0000000000
77455  -37.853  -0.619  44.707 0.0000000000
77468  -39.029  -0.089  44.670 0.0000000000
77467  -38.508  -0.030  44.236 0.0000000000
78579  -38.715  0.313  43.908 0.0000000000
78580  -38.941  0.527  43.450 0.0000000000
79685  -39.680  1.440  42.600 0.0000000000
79665  -41.118  1.838  44.959 0.0000000000
79652  -42.262  1.967  46.085 0.0000000000
79653  -42.904  2.204  46.499 0.0000000000
79644  -43.320  2.352  46.818 0.0000000000
78523  -42.709  0.418  48.221 0.0000000000
79635  -43.637  1.641  47.614 0.0000000000
80735  -43.701  2.224  47.484 0.0000000000
80736  -44.367  2.763  47.774 0.0000000000
61789  -28.127  -14.616  56.560 0.0000000000
61798  -28.140  -14.800  56.188 0.0000000000
62815  -27.832  -14.179  56.786 0.0000000000
63889  -26.858  -12.365  57.169 0.0000000000
63897  -26.693  -12.519  56.668 0.0000000000
63904  -26.683  -12.741  55.436 0.0000000000
65073  -26.589  -11.566  54.931 0.0000000000
67538  -26.821  -9.618  58.242 0.0000000000
67560  -26.680  -9.766  57.307 0.0000000000
67634  -26.824  -9.476  53.289 0.0000000000
68747  -26.864  -8.618  53.299 0.0000000000
68763  -27.018  -8.367  52.295 0.0000000000
69883  -27.378  -7.624  52.121 0.0000000000
69884  -27.845  -7.144  51.533 0.0000000000
69837  -31.930  -5.686  55.472 0.0000000000
70903  -30.028  -5.533  57.201 0.0000000000
70931  -30.742  -5.524  56.367 0.0000000000
70884  -31.539  -5.543  58.050 0.0000000000
70904  -31.100  -5.504  57.265 0.0000000000
69819  -31.923  -5.425  56.058 0.0000000000
69820  -32.393  -5.537  55.712 0.0000000000
69797  -32.767  -5.457  56.082 0.0000000000
56137  -15.523  -18.942  58.846 0.0000000000
55028  -15.562  -19.551  59.541 0.0000000000
53947  -15.582  -20.273  58.675 0.0000000000
53928  -15.588  -20.174  59.583 0.0000000000
53910  -15.578  -19.895  60.126 0.0000000000
53891  -15.430  -19.848  60.661 0.0000000000
52783  -15.104  -20.462  60.647 0.0000000000
52782  -14.428  -20.389  60.854 0.0000000000
52806  -14.229  -20.820  60.336 0.0000000000
52853  -14.068  -21.620  59.215 0.0000000000
52852  -13.203  -21.652  59.186 0.0000000000
85027  -48.413  7.918  41.584 0.0000000000
85039  -48.239  7.284  40.728 0.0000000000
59646  -31.157  -16.788  54.990 0.0000000000
60748  -31.023  -16.593  55.438 0.0000000000
57313  -32.139  -18.025  58.547 0.0000000000
57302  -32.473  -17.591  60.036 0.0000000000
57315  -32.438  -17.670  59.407 0.0000000000
58472  -32.334  -17.630  58.625 0.0000000000
58490  -32.221  -17.155  58.032 0.0000000000
59607  -31.997  -16.703  58.007 0.0000000000
60684  -32.012  -15.892  60.834 0.0000000000
61756  -31.407  -15.772  60.706 0.0000000000
60695  -31.647  -16.211  60.019 0.0000000000
60705  -31.410  -16.371  59.084 0.0000000000
60711  -31.332  -16.416  58.255 0.0000000000
61782  -31.005  -16.271  57.959 0.0000000000
61780  -29.828  -15.831  58.561 0.0000000000
62816  -28.396  -14.610  57.396 0.0000000000
63871  -28.327  -12.768  59.017 0.0000000000
65045  -27.854  -12.035  58.616 0.0000000000
66285  -27.660  -11.152  58.681 0.0000000000
64994  -29.128  -11.680  61.587 0.0000000000
66238  -28.494  -10.548  61.336 0.0000000000
67470  -28.504  -9.708  62.492 0.0000000000
67495  -28.026  -9.982  60.707 0.0000000000
55057  -25.609  -18.509  58.477 0.0000000000
56163  -24.898  -18.619  57.423 0.0000000000
57352  -24.993  -18.999  56.120 0.0000000000
57375  -25.052  -18.960  55.585 0.0000000000
56217  -25.811  -19.159  54.256 0.0000000000
53997  -26.769  -20.041  56.956 0.0000000000
55074  -26.793  -20.141  56.662 0.0000000000
55095  -27.424  -20.762  55.930 0.0000000000
55094  -26.929  -20.361  56.059 0.0000000000
55093  -26.185  -19.862  55.708 0.0000000000
55113  -26.204  -19.817  55.156 0.0000000000
56218  -26.251  -19.718  54.478 0.0000000000
60682  -16.726  -15.793  60.888 0.0000000000
60693  -16.596  -15.860  60.142 0.0000000000
59577  -16.350  -16.023  59.285 0.0000000000
59579  -18.734  -15.481  59.409 0.0000000000
59578  -17.382  -15.407  59.321 0.0000000000
59589  -16.799  -15.739  58.421 0.0000000000
58468  -16.360  -17.189  57.783 0.0000000000
57348  -16.822  -18.361  56.287 0.0000000000
58524  -17.486  -17.687  55.659 0.0000000000
79686  -40.223  1.958  42.295 0.0000000000
80784  -40.763  2.401  41.905 0.0000000000
80776  -41.083  3.046  43.390 0.0000000000
80785  -41.045  3.033  42.386 0.0000000000
81836  -42.787  3.883  46.097 0.0000000000
81848  -42.447  4.092  45.674 0.0000000000
82962  -42.140  4.627  44.630 0.0000000000
81891  -43.727  4.281  40.451 0.0000000000
83993  -43.766  5.460  41.905 0.0000000000
82987  -44.168  4.624  40.339 0.0000000000
83996  -45.802  5.778  40.521 0.0000000000
85036  -45.742  6.134  40.881 0.0000000000
86111  -47.080  8.353  42.717 0.0000000000
49300  -4.484  -24.741  63.239 0.0000000000
49299  -3.901  -25.263  63.532 0.0000000000
48181  -3.668  -26.091  62.133 0.0000000000
47064  -3.703  -27.176  61.812 0.0000000000
47083  -3.931  -27.292  60.685 0.0000000000
45974  -3.790  -28.303  61.287 0.0000000000
60744  -28.543  -15.733  54.341 0.0000000000
72228  -33.747  -5.221  47.506 0.0000000000
69885  -28.703  -6.601  51.162 0.0000000000
70996  -29.518  -6.197  50.702 0.0000000000
70997  -30.440  -5.797  51.079 0.0000000000
71013  -30.321  -5.994  50.135 0.0000000000
71043  -31.908  -6.455  49.824 0.0000000000
72138  -33.035  -5.503  53.690 0.0000000000
72149  -32.821  -5.572  53.192 0.0000000000
72151  -33.898  -5.795  52.692 0.0000000000
70986  -33.492  -6.056  52.237 0.0000000000
71016  -32.885  -6.384  51.125 0.0000000000
69919  -32.742  -6.624  50.167 0.0000000000
72212  -34.205  -5.605  48.394 0.0000000000
72229  -34.443  -5.044  48.182 0.0000000000
72230  -34.865  -5.022  48.556 0.0000000000
73237  -35.384  -4.538  48.781 0.0000000000
73238  -35.840  -4.491  49.213 0.0000000000
72197  -36.454  -5.098  49.747 0.0000000000
73225  -36.412  -4.514  49.505 0.0000000000
73239  -36.452  -3.984  49.214 0.0000000000
74190  -37.910  -2.821  50.096 0.0000000000
72153  -36.584  -4.597  53.266 0.0000000000
49283  -5.755  -23.797  64.619 0.0000000000
49317  -4.674  -24.811  62.164 0.0000000000
49336  -4.991  -25.050  61.222 0.0000000000
50558  -6.840  -24.009  59.635 0.0000000000
49281  -4.100  -25.045  64.156 0.0000000000
48142  -3.582  -25.682  64.713 0.0000000000
45896  -2.634  -26.920  65.965 0.0000000000
45881  -2.255  -27.304  66.688 0.0000000000
43869  -2.490  -30.508  63.349 0.0000000000
44854  -2.458  -28.483  64.108 0.0000000000
44842  -2.218  -28.281  64.759 0.0000000000
44810  -2.281  -27.585  66.220 0.0000000000
45880  -2.107  -27.610  66.747 0.0000000000
45862  -1.696  -27.340  67.273 0.0000000000
44792  -1.352  -27.445  67.049 0.0000000000
43802  -1.669  -28.205  65.785 0.0000000000
44807  -1.133  -27.707  66.324 0.0000000000
45878  -0.730  -27.307  66.808 0.0000000000
40746  -1.081  -32.769  63.158 0.0000000000
42785  -0.479  -30.761  64.248 0.0000000000
43849  -0.291  -30.181  64.443 0.0000000000
40744  -0.305  -32.066  63.576 0.0000000000
41742  -0.201  -31.265  64.187 0.0000000000
41767  -0.597  -31.854  63.689 0.0000000000
43801  -1.468  -28.084  65.960 0.0000000000
43816  -0.602  -28.644  65.090 0.0000000000
44793  -1.615  -27.642  66.786 0.0000000000
44823  -1.871  -28.088  66.009 0.0000000000
44824  -2.116  -27.963  65.965 0.0000000000
44825  -2.274  -27.817  65.583 0.0000000000
45861  -1.062  -27.264  67.311 0.0000000000
45879  -1.914  -27.783  66.737 0.0000000000
45893  -1.939  -28.020  66.358 0.0000000000
45913  -2.464  -27.643  65.145 0.0000000000
46928  -0.326  -26.803  67.774 0.0000000000
46933  -2.684  -25.838  67.841 0.0000000000
46979  -2.443  -26.955  66.390 0.0000000000
50437  -4.810  -23.853  65.526 0.0000000000
50523  -10.637  -22.339  60.915 0.0000000000
50537  -5.659  -24.598  60.436 0.0000000000
52770  -29.922  -20.667  62.847 0.0000000000
52794  -30.714  -20.677  62.106 0.0000000000
52818  -30.710  -20.866  61.852 0.0000000000
52856  -15.453  -20.638  59.142 0.0000000000
52861  -28.240  -20.525  59.625 0.0000000000
53890  -15.062  -20.044  61.216 0.0000000000
53909  -15.404  -20.230  60.374 0.0000000000
53919  -31.629  -19.708  61.424 0.0000000000
53935  -30.551  -21.077  60.490 0.0000000000
53957  -31.320  -20.394  60.269 0.0000000000
55006  -31.782  -19.261  62.052 0.0000000000
55015  -15.505  -19.473  60.335 0.0000000000
55020  -31.808  -19.446  61.318 0.0000000000
55056  -15.875  -19.383  57.571 0.0000000000
56138  -15.661  -18.865  58.061 0.0000000000
56152  -25.444  -18.648  57.896 0.0000000000
56161  -16.595  -19.372  56.549 0.0000000000
56195  -26.215  -19.786  54.909 0.0000000000
57272  -15.597  -17.524  61.502 0.0000000000
57283  -15.598  -17.362  61.017 0.0000000000
57284  -15.532  -17.553  60.797 0.0000000000
57307  -15.863  -17.718  58.178 0.0000000000
57314  -32.364  -17.895  59.035 0.0000000000
57347  -17.223  -17.994  55.842 0.0000000000
57373  -23.910  -18.142  55.355 0.0000000000
58430  -15.683  -17.305  61.402 0.0000000000
58439  -15.687  -17.216  61.194 0.0000000000
58441  -15.642  -17.096  60.246 0.0000000000
58473  -32.385  -17.366  58.787 0.0000000000
58484  -16.775  -16.267  57.739 0.0000000000
58489  -32.227  -17.518  58.210 0.0000000000
59564  -16.019  -16.442  59.943 0.0000000000
59593  -32.395  -17.394  58.530 0.0000000000
59594  -32.428  -17.093  58.421 0.0000000000
59605  -32.385  -17.316  58.411 0.0000000000
59606  -32.349  -17.235  58.216 0.0000000000
60675  -32.367  -16.182  61.733 0.0000000000
60681  -16.343  -16.136  60.571 0.0000000000
60683  -17.254  -15.632  61.170 0.0000000000
60692  -16.214  -16.226  60.262 0.0000000000
60712  -31.649  -16.515  58.573 0.0000000000
60717  -31.340  -16.539  57.653 0.0000000000
60726  -31.441  -16.744  57.027 0.0000000000
61790  -28.400  -14.916  56.715 0.0000000000
62791  -30.360  -14.927  60.921 0.0000000000
65035  -28.232  -12.273  59.128 0.0000000000
67623  -26.678  -9.281  53.861 0.0000000000
67633  -26.760  -9.288  53.656 0.0000000000
68641  -26.624  -8.061  59.157 0.0000000000
68657  -26.585  -8.157  58.935 0.0000000000
68746  -26.827  -9.114  53.507 0.0000000000
68777  -33.587  -6.721  50.934 0.0000000000
68778  -33.632  -6.640  51.156 0.0000000000
68794  -33.772  -6.602  51.283 0.0000000000
69766  -32.018  -5.483  56.764 0.0000000000
69792  -26.539  -6.990  56.594 0.0000000000
69821  -32.951  -5.478  55.606 0.0000000000
69854  -35.539  -5.347  54.145 0.0000000000
69886  -33.399  -6.624  51.068 0.0000000000
69898  -32.807  -6.567  50.567 0.0000000000
69899  -33.181  -6.639  50.776 0.0000000000
70927  -26.652  -6.876  56.400 0.0000000000
70965  -32.704  -5.593  54.421 0.0000000000
71019  -36.961  -5.218  49.769 0.0000000000
71020  -37.076  -5.414  49.874 0.0000000000
71021  -37.568  -5.316  50.014 0.0000000000
71047  -36.717  -5.399  49.904 0.0000000000
71048  -36.847  -5.307  49.678 0.0000000000
71049  -37.355  -5.371  49.937 0.0000000000
72120  -33.619  -5.313  54.571 0.0000000000
72122  -34.382  -5.169  54.418 0.0000000000
72131  -33.058  -5.475  54.109 0.0000000000
72134  -34.613  -5.244  54.149 0.0000000000
72181  -37.328  -5.257  50.074 0.0000000000
72198  -36.976  -4.939  49.865 0.0000000000
72199  -37.423  -5.199  50.036 0.0000000000
73211  -37.469  -4.947  50.000 0.0000000000
73227  -37.263  -4.953  50.033 0.0000000000
73258  -33.773  -4.800  47.058 0.0000000000
74216  -38.386  -2.817  48.905 0.0000000000
75221  -38.693  -2.327  49.299 0.0000000000
75230  -38.335  -2.780  48.363 0.0000000000
75240  -34.894  -3.489  47.837 0.0000000000
75246  -39.556  -2.072  47.443 0.0000000000
76361  -40.815  -0.729  46.218 0.0000000000
76362  -41.084  -0.463  46.174 0.0000000000
78570  -40.259  0.848  44.761 0.0000000000
78603  -39.666  0.955  42.056 0.0000000000
80746  -43.429  2.291  47.050 0.0000000000
80758  -43.324  3.208  46.729 0.0000000000
80808  -43.211  2.729  40.334 0.0000000000
81837  -43.227  3.629  46.519 0.0000000000
82920  -44.328  4.204  47.250 0.0000000000
82951  -42.130  4.500  45.161 0.0000000000
86109  -45.950  7.494  42.714 0.0000000000
