#!ascii label  , from subject sub.01.bl.01 vox2ras=TkReg
1708
54913  -30.171  -19.616  68.576 0.0000000000
79552  -40.920  1.270  54.150 0.0000000000
71996  -30.316  -4.918  62.355 0.0000000000
51705  -2.223  -23.354  59.364 0.0000000000
60634  -16.877  -15.463  66.166 0.0000000000
61754  -1.710  -14.474  60.690 0.0000000000
62680  0.520  -13.565  67.952 0.0000000000
73144  -36.247  -3.973  57.361 0.0000000000
62831  -1.366  -13.681  54.024 0.0000000000
48124  0.056  -26.224  67.028 0.0000000000
61730  -32.019  -15.497  63.060 0.0000000000
53846  -26.818  -20.097  65.300 0.0000000000
54925  -23.349  -19.056  68.378 0.0000000000
80659  -44.546  2.763  52.823 0.0000000000
73113  -33.174  -4.643  60.521 0.0000000000
53877  -14.546  -19.590  62.043 0.0000000000
68666  -0.522  -8.265  57.435 0.0000000000
57270  -5.423  -18.221  61.572 0.0000000000
58502  -5.224  -17.984  56.529 0.0000000000
52944  -4.622  -23.399  56.186 0.0000000000
51518  -5.383  -22.013  70.512 0.0000000000
53743  -2.216  -20.947  71.620 0.0000000000
69649  -28.446  -7.438  65.401 0.0000000000
58300  -20.575  -17.564  71.005 0.0000000000
58422  -20.254  -16.726  63.242 0.0000000000
61718  -0.713  -14.187  64.030 0.0000000000
56060  -2.457  -19.658  65.282 0.0000000000
76239  -38.720  -1.675  55.418 0.0000000000
52687  -8.309  -21.193  67.790 0.0000000000
53858  -11.423  -20.168  64.390 0.0000000000
61777  -2.085  -14.524  57.228 0.0000000000
57407  -2.301  -18.891  53.423 0.0000000000
62618  -0.049  -14.506  71.857 0.0000000000
56012  -1.138  -20.055  68.137 0.0000000000
50493  0.062  -24.281  62.992 0.0000000000
57183  -31.209  -17.678  68.681 0.0000000000
53830  -30.022  -19.570  66.494 0.0000000000
57212  -31.954  -17.835  65.668 0.0000000000
52704  -28.496  -20.229  67.328 0.0000000000
52747  -28.394  -20.716  64.315 0.0000000000
53791  -27.195  -20.515  68.390 0.0000000000
80657  -42.671  2.405  53.450 0.0000000000
77373  -39.283  -0.068  51.792 0.0000000000
78468  -41.554  1.287  51.049 0.0000000000
78484  -43.369  1.378  49.835 0.0000000000
72012  -31.365  -5.180  61.352 0.0000000000
70854  -27.542  -6.381  60.809 0.0000000000
72048  -29.003  -5.442  60.128 0.0000000000
72070  -31.196  -5.601  58.879 0.0000000000
55038  -3.476  -20.747  60.193 0.0000000000
53967  -5.223  -20.738  58.100 0.0000000000
52901  -3.429  -22.997  57.693 0.0000000000
49436  -3.701  -25.654  55.754 0.0000000000
49403  -2.540  -25.142  57.593 0.0000000000
50378  -5.464  -23.488  67.673 0.0000000000
49162  -3.478  -24.422  69.575 0.0000000000
67433  -29.905  -9.763  66.205 0.0000000000
63791  -31.527  -13.392  64.536 0.0000000000
62775  -30.997  -14.340  62.169 0.0000000000
64945  -30.243  -11.903  64.282 0.0000000000
67471  -29.038  -10.096  62.913 0.0000000000
58272  -21.296  -17.949  72.542 0.0000000000
56076  -23.882  -18.189  64.531 0.0000000000
57227  -21.715  -18.034  65.595 0.0000000000
81796  -45.838  3.685  49.028 0.0000000000
84975  -45.696  5.622  48.475 0.0000000000
62710  -0.221  -13.474  65.911 0.0000000000
59488  -2.490  -16.728  65.255 0.0000000000
59469  -1.005  -16.631  67.177 0.0000000000
74129  -38.284  -2.841  56.634 0.0000000000
70908  -34.700  -4.753  56.740 0.0000000000
72123  -36.377  -4.741  55.449 0.0000000000
73175  -37.264  -3.898  54.456 0.0000000000
57143  -8.045  -19.657  68.269 0.0000000000
57160  -9.327  -19.008  67.550 0.0000000000
63846  -2.177  -12.137  60.702 0.0000000000
65017  -1.827  -11.647  58.842 0.0000000000
60701  -2.176  -15.634  59.024 0.0000000000
55156  -4.901  -20.564  53.831 0.0000000000
56187  -2.946  -19.170  54.871 0.0000000000
55174  -3.088  -20.964  52.328 0.0000000000
60514  -1.924  -15.540  71.299 0.0000000000
51549  -0.558  -23.739  69.376 0.0000000000
54874  -0.835  -20.878  69.753 0.0000000000
52698  0.708  -22.883  67.847 0.0000000000
53838  -0.201  -22.208  65.645 0.0000000000
49280  0.456  -25.407  64.544 0.0000000000
60641  -32.392  -15.031  65.474 0.0000000000
55978  -23.033  -19.327  71.369 0.0000000000
54881  -25.303  -20.209  70.687 0.0000000000
54944  -24.955  -19.309  66.699 0.0000000000
81733  -47.030  3.303  52.711 0.0000000000
79605  -45.153  1.896  49.462 0.0000000000
73124  -34.572  -4.290  59.054 0.0000000000
70886  -32.701  -5.275  57.982 0.0000000000
59538  -16.417  -16.436  62.077 0.0000000000
57236  -15.125  -17.546  64.190 0.0000000000
65051  -1.593  -11.674  55.750 0.0000000000
59547  -3.658  -16.500  61.349 0.0000000000
59574  -2.981  -17.218  59.793 0.0000000000
58454  -6.015  -17.636  58.656 0.0000000000
55107  -6.327  -20.596  55.739 0.0000000000
51810  -5.130  -23.507  54.490 0.0000000000
55985  -4.494  -19.278  70.570 0.0000000000
57105  -2.762  -18.646  72.351 0.0000000000
52649  -3.844  -21.627  71.915 0.0000000000
49159  -2.215  -24.708  69.572 0.0000000000
71976  -28.128  -5.926  63.512 0.0000000000
68587  -27.847  -8.385  62.781 0.0000000000
59411  -18.758  -16.030  69.323 0.0000000000
57162  -22.140  -18.593  69.957 0.0000000000
59478  -20.560  -16.890  67.153 0.0000000000
60655  -18.545  -15.566  64.840 0.0000000000
63815  -2.169  -12.339  62.274 0.0000000000
64952  -1.910  -12.168  63.891 0.0000000000
61735  -0.990  -14.410  62.514 0.0000000000
59522  -3.145  -16.380  63.242 0.0000000000
57245  -3.865  -18.601  63.643 0.0000000000
53907  -2.132  -21.543  61.766 0.0000000000
77326  -40.358  0.097  55.116 0.0000000000
75183  -37.880  -2.026  53.123 0.0000000000
55987  -6.060  -19.927  69.709 0.0000000000
52672  -7.118  -21.409  69.582 0.0000000000
49247  -6.898  -23.437  65.996 0.0000000000
54958  -14.313  -18.857  64.829 0.0000000000
54939  -13.033  -19.015  65.699 0.0000000000
54921  -11.295  -19.200  66.446 0.0000000000
52713  -10.098  -20.772  66.015 0.0000000000
50459  -7.887  -22.791  64.459 0.0000000000
68653  -2.030  -9.009  58.682 0.0000000000
65043  -1.572  -11.640  56.716 0.0000000000
61797  -1.458  -14.576  55.552 0.0000000000
58479  -2.374  -17.376  57.823 0.0000000000
58519  -1.115  -17.142  55.568 0.0000000000
59656  -1.204  -16.351  53.574 0.0000000000
62651  0.085  -13.729  70.016 0.0000000000
58266  -0.819  -17.355  72.483 0.0000000000
59379  0.077  -16.162  70.999 0.0000000000
59424  0.177  -16.022  68.851 0.0000000000
57203  -1.849  -19.196  67.056 0.0000000000
54997  -0.651  -22.080  63.618 0.0000000000
51677  -1.067  -23.572  61.302 0.0000000000
45938  -0.100  -28.873  63.995 0.0000000000
47082  -0.634  -27.656  62.038 0.0000000000
48225  -1.716  -25.935  58.615 0.0000000000
56021  -30.598  -18.939  68.529 0.0000000000
55997  -30.411  -18.760  70.118 0.0000000000
54930  -30.433  -19.464  67.693 0.0000000000
57197  -31.049  -18.526  67.584 0.0000000000
53812  -29.543  -20.001  67.753 0.0000000000
53847  -29.009  -20.262  66.146 0.0000000000
54896  -29.559  -19.764  69.534 0.0000000000
53793  -28.701  -20.125  68.498 0.0000000000
80656  -42.080  2.087  53.952 0.0000000000
78447  -39.883  0.510  53.235 0.0000000000
78466  -39.875  0.391  50.975 0.0000000000
79571  -41.006  1.602  52.448 0.0000000000
79572  -41.672  1.737  51.849 0.0000000000
71997  -31.027  -4.971  62.078 0.0000000000
73073  -31.713  -4.339  63.524 0.0000000000
73072  -30.892  -4.543  63.840 0.0000000000
72047  -28.136  -5.702  60.427 0.0000000000
72028  -29.774  -5.355  60.823 0.0000000000
72029  -30.680  -5.489  60.650 0.0000000000
53944  -2.820  -21.689  59.798 0.0000000000
53965  -3.455  -21.926  58.672 0.0000000000
52900  -2.762  -23.384  58.363 0.0000000000
50596  -2.775  -24.692  57.294 0.0000000000
51742  -2.397  -24.015  58.508 0.0000000000
49245  -5.318  -23.768  66.057 0.0000000000
49222  -4.271  -24.561  67.243 0.0000000000
64926  -30.903  -11.948  65.611 0.0000000000
64946  -30.685  -12.331  64.699 0.0000000000
64925  -30.522  -11.697  65.033 0.0000000000
66200  -29.682  -10.625  64.589 0.0000000000
82879  -46.853  4.213  50.143 0.0000000000
82905  -45.903  4.261  49.035 0.0000000000
83940  -47.148  6.005  49.430 0.0000000000
62694  0.528  -13.657  66.925 0.0000000000
61681  -0.335  -14.269  66.331 0.0000000000
61654  0.386  -14.829  67.341 0.0000000000
73145  -36.881  -3.813  57.180 0.0000000000
75121  -37.916  -2.463  58.213 0.0000000000
73143  -35.676  -4.380  57.059 0.0000000000
70937  -35.886  -4.738  55.534 0.0000000000
73159  -36.213  -4.411  56.590 0.0000000000
73160  -36.986  -4.168  56.474 0.0000000000
58315  -8.728  -18.596  67.391 0.0000000000
58317  -9.582  -18.578  67.077 0.0000000000
60592  -16.786  -15.342  67.965 0.0000000000
59457  -15.858  -15.855  67.259 0.0000000000
65072  -1.442  -11.716  53.928 0.0000000000
63845  -1.678  -12.785  60.643 0.0000000000
62781  -1.742  -13.626  60.125 0.0000000000
60690  -2.246  -15.230  60.229 0.0000000000
52976  -4.290  -22.555  53.145 0.0000000000
55154  -3.451  -20.735  52.936 0.0000000000
52989  -3.664  -22.371  52.539 0.0000000000
61628  -2.911  -14.486  69.803 0.0000000000
60529  -2.576  -15.980  70.620 0.0000000000
49221  0.418  -25.611  67.783 0.0000000000
52686  0.541  -22.970  68.818 0.0000000000
50394  0.957  -24.671  67.596 0.0000000000
51617  1.007  -23.754  66.077 0.0000000000
49262  0.584  -25.476  65.588 0.0000000000
59465  -32.320  -16.396  67.001 0.0000000000
59481  -32.506  -16.414  66.011 0.0000000000
61662  -32.340  -14.533  67.117 0.0000000000
62705  -32.188  -13.743  66.747 0.0000000000
53826  -26.644  -20.110  66.375 0.0000000000
54929  -25.845  -19.954  68.050 0.0000000000
53845  -26.049  -19.789  65.764 0.0000000000
54973  -25.241  -18.976  64.631 0.0000000000
80646  -46.253  3.047  53.175 0.0000000000
79575  -44.104  2.159  50.766 0.0000000000
79604  -44.428  1.699  49.566 0.0000000000
80684  -44.809  2.264  50.716 0.0000000000
80685  -45.535  2.432  50.335 0.0000000000
72054  -33.774  -4.749  59.293 0.0000000000
74080  -34.582  -3.485  61.262 0.0000000000
73102  -33.974  -3.937  61.103 0.0000000000
72052  -32.471  -5.182  59.442 0.0000000000
70884  -31.539  -5.543  58.050 0.0000000000
72072  -32.694  -5.134  58.608 0.0000000000
72073  -33.378  -4.952  58.602 0.0000000000
67553  -0.693  -9.049  56.816 0.0000000000
67574  -0.533  -9.115  55.796 0.0000000000
67575  -1.056  -9.852  56.409 0.0000000000
59549  -5.396  -16.857  61.359 0.0000000000
59562  -5.286  -16.726  60.491 0.0000000000
57295  -5.961  -18.073  59.920 0.0000000000
54010  -4.566  -22.641  57.031 0.0000000000
55086  -5.655  -21.098  57.157 0.0000000000
54011  -5.542  -21.928  56.608 0.0000000000
54029  -5.750  -22.088  55.218 0.0000000000
51790  -5.175  -23.346  55.045 0.0000000000
50632  -4.073  -24.882  55.156 0.0000000000
54861  -5.179  -20.512  71.051 0.0000000000
54852  -4.326  -20.475  71.690 0.0000000000
52650  -4.423  -21.710  71.603 0.0000000000
48078  -2.662  -25.797  68.198 0.0000000000
49160  -2.866  -24.733  69.819 0.0000000000
48052  -2.125  -25.799  68.928 0.0000000000
48050  -1.193  -26.218  68.692 0.0000000000
70795  -28.333  -6.715  64.895 0.0000000000
68577  -28.988  -9.184  64.296 0.0000000000
68588  -28.295  -9.063  62.855 0.0000000000
69674  -28.069  -7.672  63.853 0.0000000000
70809  -27.724  -6.939  63.335 0.0000000000
58269  -18.842  -16.844  71.842 0.0000000000
59389  -18.622  -16.005  70.313 0.0000000000
58299  -19.738  -16.971  70.317 0.0000000000
55994  -23.507  -19.300  70.316 0.0000000000
55992  -22.440  -18.937  70.469 0.0000000000
56019  -22.976  -18.863  68.830 0.0000000000
57250  -21.175  -17.353  64.159 0.0000000000
57226  -21.140  -17.435  65.961 0.0000000000
58404  -20.306  -17.018  65.017 0.0000000000
59476  -19.347  -16.133  66.032 0.0000000000
59529  -19.688  -16.457  63.770 0.0000000000
59540  -18.561  -15.839  62.707 0.0000000000
62723  -0.498  -13.388  64.676 0.0000000000
63779  -0.956  -12.540  64.239 0.0000000000
62739  -1.141  -12.968  62.916 0.0000000000
61734  -0.750  -14.280  63.154 0.0000000000
59521  -2.118  -16.027  63.045 0.0000000000
60662  -1.531  -15.596  63.726 0.0000000000
58385  -2.487  -17.864  65.905 0.0000000000
58400  -3.283  -17.501  64.775 0.0000000000
56072  -2.965  -19.408  64.176 0.0000000000
56094  -3.076  -20.023  62.833 0.0000000000
54984  -2.472  -20.651  63.363 0.0000000000
76240  -39.096  -1.177  55.344 0.0000000000
77296  -40.556  -0.307  56.895 0.0000000000
77295  -39.918  -0.867  57.358 0.0000000000
75165  -38.169  -2.446  54.958 0.0000000000
75171  -37.644  -2.612  53.789 0.0000000000
76255  -38.453  -1.589  54.536 0.0000000000
77339  -38.766  -0.800  54.169 0.0000000000
57156  -6.216  -19.196  68.463 0.0000000000
53761  -8.133  -20.442  68.510 0.0000000000
54875  -7.546  -20.515  69.123 0.0000000000
52680  -7.915  -21.198  68.547 0.0000000000
50380  -6.840  -22.320  68.154 0.0000000000
50398  -7.639  -22.157  67.423 0.0000000000
54985  -14.833  -19.059  62.704 0.0000000000
56061  -14.695  -18.099  65.038 0.0000000000
53862  -14.327  -19.405  63.044 0.0000000000
53859  -12.180  -20.041  63.861 0.0000000000
53841  -12.963  -19.352  64.522 0.0000000000
53840  -12.051  -19.680  64.752 0.0000000000
54922  -12.189  -19.083  66.247 0.0000000000
53821  -10.749  -19.885  65.749 0.0000000000
53820  -10.338  -20.151  66.192 0.0000000000
52725  -10.302  -20.989  65.144 0.0000000000
50460  -9.084  -22.195  64.258 0.0000000000
67508  -2.565  -9.412  59.229 0.0000000000
62796  -2.023  -13.570  57.853 0.0000000000
65032  -1.594  -11.620  57.755 0.0000000000
63879  -1.838  -12.587  57.288 0.0000000000
63888  -1.903  -12.593  56.275 0.0000000000
61787  -1.890  -14.581  56.310 0.0000000000
58464  -3.969  -17.470  58.676 0.0000000000
58463  -2.949  -17.681  58.630 0.0000000000
57322  -3.494  -18.216  57.101 0.0000000000
57385  -2.520  -18.636  54.372 0.0000000000
57365  -2.515  -18.290  55.429 0.0000000000
58543  -1.890  -17.540  54.525 0.0000000000
58542  -1.326  -17.020  54.603 0.0000000000
58563  -1.577  -17.225  53.588 0.0000000000
58588  -1.707  -17.447  52.526 0.0000000000
62627  0.065  -14.441  71.718 0.0000000000
55956  -2.281  -19.357  72.623 0.0000000000
58255  -1.556  -17.492  72.620 0.0000000000
55960  -1.899  -19.268  72.370 0.0000000000
56000  -0.681  -19.973  69.086 0.0000000000
57138  -0.559  -18.263  70.580 0.0000000000
57137  -0.407  -17.711  69.922 0.0000000000
59402  0.174  -16.125  69.987 0.0000000000
57169  -0.593  -17.780  68.817 0.0000000000
58352  -0.935  -17.689  67.945 0.0000000000
57187  -1.405  -19.372  67.693 0.0000000000
51649  0.235  -23.423  63.904 0.0000000000
53855  -0.372  -22.289  64.757 0.0000000000
51662  -0.142  -23.269  62.855 0.0000000000
51676  -0.764  -23.034  62.256 0.0000000000
50516  -0.526  -24.263  61.492 0.0000000000
43886  -0.007  -30.338  62.810 0.0000000000
45953  -0.396  -28.439  62.664 0.0000000000
59443  -32.084  -16.561  68.231 0.0000000000
53866  -30.105  -20.105  64.045 0.0000000000
54975  -30.868  -19.145  64.258 0.0000000000
56050  -31.184  -18.690  66.200 0.0000000000
58366  -31.885  -17.254  67.412 0.0000000000
52727  -27.202  -20.234  65.727 0.0000000000
52729  -28.188  -20.667  65.334 0.0000000000
52731  -29.173  -20.429  64.613 0.0000000000
52690  -27.724  -20.506  68.035 0.0000000000
80658  -43.637  2.775  53.182 0.0000000000
77391  -40.255  -0.319  49.593 0.0000000000
78502  -41.999  0.175  49.497 0.0000000000
78503  -42.521  0.495  49.186 0.0000000000
79585  -42.709  1.544  50.693 0.0000000000
79573  -42.642  2.093  51.676 0.0000000000
73100  -32.545  -4.697  61.182 0.0000000000
73089  -33.443  -3.957  62.107 0.0000000000
73087  -31.878  -4.591  62.241 0.0000000000
73074  -32.562  -4.011  63.297 0.0000000000
68621  -27.310  -8.275  60.652 0.0000000000
69735  -26.915  -7.049  59.211 0.0000000000
70881  -27.758  -5.941  58.535 0.0000000000
70882  -29.422  -5.774  58.193 0.0000000000
72069  -30.220  -5.563  58.995 0.0000000000
72030  -31.507  -5.399  60.447 0.0000000000
55027  -4.600  -19.726  60.753 0.0000000000
56135  -5.622  -19.091  60.040 0.0000000000
53946  -4.498  -20.723  59.191 0.0000000000
53989  -4.290  -22.167  57.724 0.0000000000
52924  -4.074  -23.242  56.836 0.0000000000
51788  -3.983  -24.453  55.853 0.0000000000
50614  -3.156  -24.807  56.738 0.0000000000
49423  -3.336  -25.568  56.417 0.0000000000
50346  -5.623  -22.535  69.646 0.0000000000
51532  -4.709  -22.831  70.042 0.0000000000
49184  -4.311  -24.111  68.505 0.0000000000
68555  -29.038  -8.845  65.718 0.0000000000
62752  -31.998  -14.304  63.906 0.0000000000
61739  -31.746  -15.145  62.733 0.0000000000
63807  -31.265  -13.469  63.727 0.0000000000
63821  -30.500  -13.137  63.148 0.0000000000
64978  -29.766  -12.018  62.787 0.0000000000
66213  -29.445  -10.641  63.447 0.0000000000
67446  -29.330  -9.654  64.966 0.0000000000
58285  -20.448  -17.715  71.902 0.0000000000
56048  -23.604  -18.815  66.247 0.0000000000
56046  -22.358  -18.549  67.067 0.0000000000
56074  -22.371  -18.199  65.248 0.0000000000
57251  -22.020  -17.466  63.843 0.0000000000
82921  -44.767  4.080  47.794 0.0000000000
83956  -44.930  5.060  47.839 0.0000000000
84989  -45.366  6.402  47.670 0.0000000000
86075  -45.664  7.567  46.942 0.0000000000
61699  -0.670  -14.193  65.185 0.0000000000
60647  -1.115  -14.932  64.492 0.0000000000
60627  -1.074  -15.137  65.772 0.0000000000
60607  -1.276  -15.932  66.529 0.0000000000
58370  -2.105  -18.054  66.523 0.0000000000
75156  -38.554  -2.357  55.904 0.0000000000
75136  -38.578  -2.191  57.507 0.0000000000
69841  -35.872  -5.240  54.501 0.0000000000
70969  -36.290  -5.296  54.208 0.0000000000
72153  -36.584  -4.597  53.266 0.0000000000
72136  -37.054  -4.460  54.816 0.0000000000
74138  -37.701  -3.495  55.214 0.0000000000
57157  -7.301  -19.193  68.103 0.0000000000
58314  -8.141  -18.737  67.547 0.0000000000
56001  -8.584  -19.586  68.106 0.0000000000
54891  -8.928  -20.069  68.045 0.0000000000
52779  -12.228  -21.296  61.807 0.0000000000
51635  -10.195  -21.497  63.833 0.0000000000
66244  -3.012  -10.787  59.896 0.0000000000
66258  -2.628  -10.492  59.276 0.0000000000
65001  -1.922  -11.935  59.905 0.0000000000
62788  -1.878  -13.603  59.001 0.0000000000
61769  -1.976  -14.576  58.445 0.0000000000
57387  -5.165  -19.016  54.870 0.0000000000
57367  -4.475  -18.679  55.576 0.0000000000
55129  -3.868  -20.106  54.068 0.0000000000
56233  -3.043  -20.114  53.638 0.0000000000
56232  -2.606  -19.904  52.971 0.0000000000
63704  -3.624  -12.764  69.825 0.0000000000
61615  -1.896  -14.046  70.709 0.0000000000
61597  -1.168  -14.675  71.833 0.0000000000
52658  -1.550  -22.470  70.496 0.0000000000
54849  -1.600  -20.227  71.380 0.0000000000
53757  -0.422  -22.305  69.784 0.0000000000
54889  0.011  -21.678  68.888 0.0000000000
54903  -0.111  -21.523  68.207 0.0000000000
54936  -0.742  -21.602  66.512 0.0000000000
53819  -0.024  -22.207  66.593 0.0000000000
51633  0.541  -23.579  64.976 0.0000000000
49298  0.261  -25.318  63.469 0.0000000000
58416  -32.597  -17.017  62.805 0.0000000000
56077  -32.136  -18.366  64.121 0.0000000000
59500  -32.509  -16.437  64.253 0.0000000000
60643  -32.366  -15.718  64.146 0.0000000000
62734  -32.201  -13.936  64.829 0.0000000000
63760  -31.815  -13.127  66.320 0.0000000000
54893  -24.241  -19.576  69.819 0.0000000000
53789  -25.776  -20.280  69.594 0.0000000000
54910  -25.399  -20.049  68.771 0.0000000000
54943  -23.992  -19.236  67.029 0.0000000000
54972  -24.560  -18.649  65.104 0.0000000000
78525  -43.939  1.581  48.353 0.0000000000
80697  -45.666  2.636  49.428 0.0000000000
81758  -46.660  3.513  50.874 0.0000000000
73132  -35.289  -4.151  58.108 0.0000000000
74097  -35.531  -3.525  59.061 0.0000000000
74088  -34.815  -3.662  59.873 0.0000000000
70904  -31.100  -5.504  57.265 0.0000000000
70907  -33.920  -5.078  56.897 0.0000000000
72091  -34.319  -4.817  57.498 0.0000000000
59514  -16.911  -15.887  64.583 0.0000000000
58392  -15.550  -16.358  65.474 0.0000000000
59525  -15.680  -16.635  63.550 0.0000000000
57248  -15.404  -18.231  62.325 0.0000000000
66341  -1.439  -10.896  55.276 0.0000000000
63903  -1.504  -12.649  54.399 0.0000000000
59546  -2.746  -16.361  61.104 0.0000000000
59559  -2.741  -16.481  60.193 0.0000000000
59560  -3.399  -16.752  60.460 0.0000000000
59588  -5.035  -17.094  59.104 0.0000000000
58483  -5.909  -17.928  57.375 0.0000000000
56148  -6.232  -19.005  58.701 0.0000000000
56174  -6.323  -19.291  56.901 0.0000000000
57369  -6.185  -18.880  56.115 0.0000000000
55130  -5.525  -20.784  54.173 0.0000000000
58280  -2.621  -17.259  71.434 0.0000000000
57114  -3.424  -18.796  71.754 0.0000000000
54848  -3.086  -20.234  72.632 0.0000000000
52647  -2.755  -21.628  71.814 0.0000000000
50332  -3.475  -23.743  70.535 0.0000000000
50322  -2.929  -23.155  71.274 0.0000000000
51500  -2.493  -22.879  70.896 0.0000000000
50341  -1.452  -24.263  69.370 0.0000000000
49200  -0.365  -25.718  68.603 0.0000000000
46954  -0.223  -26.803  67.219 0.0000000000
71995  -29.400  -4.905  62.823 0.0000000000
73071  -29.924  -4.845  64.067 0.0000000000
71958  -29.241  -5.371  64.769 0.0000000000
61747  -31.697  -15.533  61.715 0.0000000000
67480  -27.704  -9.196  61.174 0.0000000000
71993  -27.748  -6.019  62.784 0.0000000000
60534  -18.058  -15.493  70.078 0.0000000000
60593  -17.610  -15.379  67.674 0.0000000000
57117  -21.994  -18.826  72.229 0.0000000000
57130  -21.757  -18.855  71.651 0.0000000000
57145  -21.286  -18.172  70.479 0.0000000000
57196  -21.888  -18.277  67.601 0.0000000000
57179  -21.469  -17.869  68.288 0.0000000000
58321  -20.149  -17.026  69.230 0.0000000000
59436  -19.837  -16.690  68.574 0.0000000000
60615  -18.535  -15.743  66.402 0.0000000000
60635  -17.688  -15.444  65.556 0.0000000000
60665  -17.790  -15.779  63.555 0.0000000000
86094  -46.337  8.347  46.298 0.0000000000
86100  -46.816  8.741  45.869 0.0000000000
87211  -47.201  8.864  44.396 0.0000000000
63830  -1.908  -12.511  61.468 0.0000000000
63829  -1.375  -13.012  61.558 0.0000000000
63797  -2.276  -12.109  62.863 0.0000000000
62758  -1.079  -13.562  62.278 0.0000000000
61745  -1.320  -14.477  61.708 0.0000000000
60672  -1.920  -15.987  62.169 0.0000000000
59535  -3.937  -16.567  62.320 0.0000000000
59524  -4.828  -17.145  62.914 0.0000000000
59505  -2.435  -16.111  64.096 0.0000000000
59507  -3.962  -17.231  64.029 0.0000000000
57257  -4.788  -18.412  62.634 0.0000000000
56108  -3.964  -19.681  61.879 0.0000000000
55025  -3.020  -20.629  60.957 0.0000000000
53925  -2.204  -21.828  60.652 0.0000000000
78435  -40.802  0.772  54.744 0.0000000000
74161  -36.960  -3.422  52.608 0.0000000000
75189  -37.284  -2.832  51.779 0.0000000000
75190  -37.699  -2.041  52.016 0.0000000000
76282  -38.235  -1.335  52.414 0.0000000000
77340  -39.393  -0.165  53.750 0.0000000000
55986  -5.073  -19.657  70.152 0.0000000000
54862  -6.074  -20.594  70.394 0.0000000000
55988  -6.883  -20.062  69.271 0.0000000000
54863  -6.799  -20.586  70.048 0.0000000000
52671  -6.688  -21.721  70.005 0.0000000000
50396  -5.985  -23.272  67.079 0.0000000000
58375  -15.431  -16.607  66.148 0.0000000000
57194  -14.753  -17.436  66.391 0.0000000000
57193  -14.620  -17.564  66.731 0.0000000000
53842  -13.712  -19.348  64.226 0.0000000000
54940  -13.916  -19.037  65.858 0.0000000000
56016  -13.961  -18.235  67.081 0.0000000000
57192  -12.945  -18.070  67.071 0.0000000000
58358  -12.017  -17.751  67.084 0.0000000000
57175  -10.744  -18.416  66.827 0.0000000000
56014  -10.191  -19.116  66.794 0.0000000000
53788  -9.644  -20.187  67.229 0.0000000000
51586  -8.980  -21.241  66.528 0.0000000000
51634  -9.666  -21.698  64.486 0.0000000000
50441  -8.858  -22.055  65.516 0.0000000000
50420  -8.240  -22.308  66.392 0.0000000000
49268  -7.749  -22.887  65.429 0.0000000000
68652  -1.291  -8.261  58.318 0.0000000000
66280  -1.943  -10.232  58.638 0.0000000000
66279  -1.524  -10.608  58.140 0.0000000000
67554  -1.229  -9.757  57.357 0.0000000000
63896  -1.745  -12.630  55.328 0.0000000000
62823  -1.470  -13.652  54.985 0.0000000000
59573  -2.521  -16.690  59.189 0.0000000000
59585  -2.031  -16.175  58.269 0.0000000000
59598  -1.863  -16.592  57.455 0.0000000000
57342  -2.909  -18.364  56.409 0.0000000000
58500  -1.506  -17.173  56.656 0.0000000000
59612  -1.350  -16.417  56.316 0.0000000000
59627  -1.263  -15.945  55.706 0.0000000000
60742  -1.059  -15.624  54.620 0.0000000000
61813  -1.217  -14.720  53.682 0.0000000000
59678  -1.515  -16.484  52.734 0.0000000000
59363  -2.271  -16.508  71.493 0.0000000000
59349  -1.206  -16.346  72.698 0.0000000000
60500  0.225  -15.616  72.024 0.0000000000
55971  -0.947  -19.332  71.067 0.0000000000
57125  -0.499  -17.407  71.610 0.0000000000
61594  1.094  -14.926  72.537 0.0000000000
61613  0.262  -14.928  71.120 0.0000000000
60544  0.678  -15.219  69.342 0.0000000000
61652  1.113  -14.942  67.995 0.0000000000
59448  -0.366  -16.137  68.118 0.0000000000
58369  -1.613  -17.841  67.014 0.0000000000
57219  -2.133  -19.601  66.405 0.0000000000
56040  -1.210  -21.261  66.261 0.0000000000
54955  -1.139  -21.562  65.454 0.0000000000
54970  -1.766  -21.310  64.384 0.0000000000
53888  -1.767  -21.690  62.960 0.0000000000
52802  -1.446  -22.577  61.570 0.0000000000
52845  -1.695  -23.324  60.014 0.0000000000
45892  -0.233  -27.401  65.919 0.0000000000
44853  -0.071  -29.179  64.299 0.0000000000
47005  -0.018  -27.103  65.568 0.0000000000
47044  0.216  -26.971  64.192 0.0000000000
48179  0.071  -26.320  62.893 0.0000000000
48193  -0.284  -26.051  61.922 0.0000000000
47101  -1.046  -27.819  60.920 0.0000000000
48202  -0.737  -25.928  61.323 0.0000000000
49352  -1.038  -25.138  60.518 0.0000000000
49367  -1.540  -25.069  59.763 0.0000000000
50574  -1.933  -24.638  59.284 0.0000000000
48247  -2.168  -26.275  57.823 0.0000000000
47170  -2.540  -27.257  56.997 0.0000000000
56007  -30.352  -19.003  69.501 0.0000000000
53795  -29.880  -19.940  68.328 0.0000000000
53813  -29.992  -19.872  67.648 0.0000000000
54897  -30.018  -19.601  69.239 0.0000000000
53794  -29.470  -19.949  68.604 0.0000000000
56006  -30.019  -19.458  69.651 0.0000000000
79553  -41.512  1.656  54.183 0.0000000000
80641  -42.048  1.936  54.379 0.0000000000
79554  -41.973  1.788  54.756 0.0000000000
78448  -40.446  0.946  53.766 0.0000000000
78457  -40.380  1.143  52.702 0.0000000000
79561  -40.908  1.529  53.399 0.0000000000
79562  -41.626  2.073  53.104 0.0000000000
73086  -31.041  -4.734  62.880 0.0000000000
73085  -30.320  -4.759  63.183 0.0000000000
72027  -28.850  -5.324  61.054 0.0000000000
72010  -29.595  -5.132  61.741 0.0000000000
72011  -30.473  -5.219  61.506 0.0000000000
52847  -2.702  -22.273  59.316 0.0000000000
52871  -2.499  -23.226  59.013 0.0000000000
52899  -2.491  -23.571  58.741 0.0000000000
50417  -4.797  -23.912  65.881 0.0000000000
61666  0.709  -14.132  66.906 0.0000000000
61653  0.865  -14.549  67.574 0.0000000000
74115  -36.753  -3.638  57.524 0.0000000000
74106  -36.355  -3.320  58.179 0.0000000000
73158  -35.831  -4.494  56.573 0.0000000000
60568  -10.378  -16.360  67.340 0.0000000000
58338  -9.571  -17.840  66.701 0.0000000000
59429  -10.550  -16.915  66.789 0.0000000000
60613  -16.777  -15.534  67.004 0.0000000000
59475  -16.024  -15.757  66.231 0.0000000000
63910  -1.441  -12.647  53.409 0.0000000000
52975  -3.928  -22.233  53.009 0.0000000000
59403  -3.330  -16.391  69.950 0.0000000000
49243  0.678  -25.385  66.705 0.0000000000
48141  0.188  -26.265  66.054 0.0000000000
60601  -32.305  -15.493  67.584 0.0000000000
80660  -45.432  2.754  52.474 0.0000000000
80673  -44.502  2.505  51.638 0.0000000000
80674  -45.476  2.626  51.402 0.0000000000
72033  -33.412  -4.800  59.904 0.0000000000
73114  -34.034  -4.358  60.337 0.0000000000
72032  -32.894  -4.982  59.999 0.0000000000
72053  -33.089  -4.886  59.324 0.0000000000
59537  -5.399  -17.101  61.794 0.0000000000
57282  -5.675  -18.169  60.755 0.0000000000
52925  -4.854  -22.899  56.510 0.0000000000
52945  -5.233  -22.977  55.676 0.0000000000
51789  -4.558  -23.911  55.468 0.0000000000
50633  -4.597  -24.442  54.872 0.0000000000
53750  -5.314  -21.126  71.206 0.0000000000
53747  -4.804  -21.177  71.692 0.0000000000
52660  -5.004  -21.662  71.113 0.0000000000
48053  -2.651  -25.605  68.721 0.0000000000
70784  -28.642  -6.673  65.796 0.0000000000
59542  -32.477  -16.559  61.974 0.0000000000
68576  -28.402  -8.557  63.764 0.0000000000
58284  -19.709  -17.211  71.480 0.0000000000
58283  -19.144  -16.578  71.005 0.0000000000
54908  -23.621  -19.225  69.090 0.0000000000
56020  -23.182  -19.040  69.365 0.0000000000
54907  -23.305  -19.077  68.757 0.0000000000
58415  -20.796  -17.055  63.499 0.0000000000
57249  -20.730  -17.229  64.737 0.0000000000
58414  -20.359  -16.966  64.135 0.0000000000
59516  -19.786  -16.577  64.629 0.0000000000
59541  -19.571  -16.224  62.929 0.0000000000
58432  -20.265  -16.482  62.410 0.0000000000
62738  -0.789  -13.426  63.412 0.0000000000
60661  -1.040  -14.879  63.445 0.0000000000
57221  -2.697  -18.808  65.265 0.0000000000
57222  -3.027  -18.492  64.898 0.0000000000
56071  -2.634  -19.703  64.529 0.0000000000
56082  -2.720  -19.999  63.595 0.0000000000
56081  -2.455  -20.401  63.970 0.0000000000
77309  -39.858  -0.837  56.307 0.0000000000
76223  -39.260  -1.302  55.860 0.0000000000
77324  -38.886  -1.150  54.937 0.0000000000
52681  -8.310  -20.989  68.088 0.0000000000
53773  -8.152  -20.813  68.528 0.0000000000
51570  -7.830  -21.701  67.983 0.0000000000
51585  -8.399  -21.477  67.074 0.0000000000
54971  -14.555  -18.709  63.930 0.0000000000
53839  -11.116  -19.874  65.015 0.0000000000
52714  -10.557  -20.430  65.337 0.0000000000
52726  -10.783  -20.552  64.671 0.0000000000
68636  -2.995  -9.092  59.836 0.0000000000
61778  -2.174  -14.132  56.563 0.0000000000
58481  -4.335  -17.780  57.584 0.0000000000
57323  -4.161  -18.206  56.870 0.0000000000
58564  -2.213  -17.999  53.884 0.0000000000
57406  -1.818  -18.179  52.975 0.0000000000
57431  -2.157  -19.068  52.427 0.0000000000
62629  -1.121  -13.814  71.366 0.0000000000
53739  -2.452  -20.500  72.130 0.0000000000
54850  -2.038  -20.022  72.031 0.0000000000
57153  -0.486  -18.655  69.625 0.0000000000
57152  -0.463  -17.779  69.233 0.0000000000
57170  -0.817  -18.602  68.662 0.0000000000
52756  -0.014  -22.734  63.875 0.0000000000
51663  -0.571  -23.628  62.042 0.0000000000
50494  -0.298  -23.980  62.277 0.0000000000
42847  -0.178  -31.650  61.754 0.0000000000
42829  -0.085  -31.167  62.274 0.0000000000
42830  -0.350  -30.747  61.729 0.0000000000
58347  -31.630  -17.331  68.278 0.0000000000
53849  -29.743  -19.651  65.107 0.0000000000
54962  -30.772  -19.002  65.279 0.0000000000
54946  -30.668  -19.174  66.268 0.0000000000
57182  -30.865  -18.293  68.284 0.0000000000
57210  -31.244  -18.429  67.053 0.0000000000
52717  -28.021  -20.423  66.328 0.0000000000
52728  -27.666  -20.490  65.505 0.0000000000
52718  -28.568  -20.377  66.197 0.0000000000
53848  -29.288  -20.068  65.560 0.0000000000
53865  -29.509  -20.162  64.591 0.0000000000
52691  -28.192  -20.396  68.008 0.0000000000
53792  -28.026  -20.401  68.683 0.0000000000
52703  -27.884  -20.371  67.302 0.0000000000
52716  -27.419  -20.305  66.509 0.0000000000
80643  -43.611  2.698  54.197 0.0000000000
77389  -38.685  -0.948  50.908 0.0000000000
76297  -38.696  -1.368  50.319 0.0000000000
77390  -39.266  -0.397  50.563 0.0000000000
78481  -40.577  0.444  50.225 0.0000000000
78480  -39.859  0.213  50.144 0.0000000000
77392  -41.049  0.123  49.692 0.0000000000
78482  -41.772  0.720  50.146 0.0000000000
79563  -42.250  2.279  52.499 0.0000000000
80671  -42.937  2.494  52.581 0.0000000000
80672  -43.617  2.530  52.165 0.0000000000
72013  -31.949  -5.141  60.961 0.0000000000
73059  -32.342  -3.987  64.343 0.0000000000
69721  -27.171  -7.228  60.194 0.0000000000
72067  -28.253  -5.700  59.577 0.0000000000
72068  -29.119  -5.692  59.203 0.0000000000
72049  -29.967  -5.500  59.910 0.0000000000
55026  -3.823  -19.959  60.854 0.0000000000
55039  -4.718  -20.178  59.833 0.0000000000
53945  -3.897  -21.068  59.370 0.0000000000
52873  -3.303  -22.488  58.294 0.0000000000
53988  -3.568  -22.405  58.100 0.0000000000
52902  -4.048  -22.763  57.308 0.0000000000
52923  -3.516  -23.428  57.032 0.0000000000
51764  -3.547  -23.985  56.546 0.0000000000
51744  -3.295  -23.551  57.163 0.0000000000
49422  -2.847  -25.501  57.065 0.0000000000
48262  -3.138  -26.494  56.509 0.0000000000
48261  -2.623  -26.226  57.201 0.0000000000
50361  -5.038  -23.411  68.688 0.0000000000
49185  -4.940  -23.816  67.982 0.0000000000
62751  -31.873  -14.024  63.829 0.0000000000
64963  -30.389  -12.638  63.813 0.0000000000
64979  -29.992  -12.619  63.110 0.0000000000
64962  -29.945  -11.981  63.486 0.0000000000
66228  -29.621  -11.343  63.071 0.0000000000
66214  -29.783  -11.339  63.926 0.0000000000
66182  -29.822  -10.305  65.407 0.0000000000
58271  -20.436  -17.586  72.531 0.0000000000
57116  -21.152  -18.277  72.086 0.0000000000
56064  -23.742  -18.512  65.467 0.0000000000
56063  -22.983  -18.535  65.802 0.0000000000
56075  -23.114  -18.070  64.944 0.0000000000
81795  -45.345  3.567  48.524 0.0000000000
81815  -44.750  3.379  47.914 0.0000000000
83938  -45.615  4.901  48.641 0.0000000000
83972  -44.643  5.768  47.043 0.0000000000
84976  -46.413  6.451  48.645 0.0000000000
60606  -0.417  -15.235  67.093 0.0000000000
59470  -1.772  -16.988  66.338 0.0000000000
74117  -38.152  -2.817  57.270 0.0000000000
70935  -34.554  -4.790  55.972 0.0000000000
69824  -35.725  -4.872  55.050 0.0000000000
70959  -36.177  -4.982  54.903 0.0000000000
72135  -36.631  -4.830  54.652 0.0000000000
74128  -37.721  -3.569  56.128 0.0000000000
73168  -37.334  -4.108  55.425 0.0000000000
74139  -38.156  -3.041  55.639 0.0000000000
58337  -8.962  -18.058  66.807 0.0000000000
58316  -9.286  -18.556  67.223 0.0000000000
57159  -8.654  -19.205  67.913 0.0000000000
56002  -8.979  -19.613  67.990 0.0000000000
55991  -8.741  -19.911  68.172 0.0000000000
54905  -9.409  -19.924  67.631 0.0000000000
52757  -11.710  -21.012  62.659 0.0000000000
51651  -11.384  -21.550  62.244 0.0000000000
65002  -2.704  -11.385  60.181 0.0000000000
61762  -1.980  -14.526  59.603 0.0000000000
63859  -1.775  -12.694  59.500 0.0000000000
56235  -5.086  -20.133  53.996 0.0000000000
56208  -4.459  -19.694  54.391 0.0000000000
56234  -4.658  -20.215  53.947 0.0000000000
55128  -3.554  -20.255  53.740 0.0000000000
55153  -2.807  -20.601  52.408 0.0000000000
55173  -2.891  -21.130  52.000 0.0000000000
61616  -2.312  -14.509  70.498 0.0000000000
61605  -1.977  -15.078  70.975 0.0000000000
61604  -1.678  -14.571  71.142 0.0000000000
60513  -1.566  -15.272  71.656 0.0000000000
52669  -1.056  -22.932  69.746 0.0000000000
53748  -1.013  -22.258  70.063 0.0000000000
52678  -0.031  -23.045  69.568 0.0000000000
53772  0.123  -22.263  69.224 0.0000000000
53786  0.310  -22.198  68.413 0.0000000000
53802  0.200  -22.166  67.526 0.0000000000
54918  -0.441  -21.570  67.414 0.0000000000
52711  0.654  -22.854  66.822 0.0000000000
50457  0.713  -24.544  65.220 0.0000000000
50474  0.396  -24.395  64.174 0.0000000000
57264  -32.495  -17.519  62.403 0.0000000000
57252  -32.524  -17.473  62.973 0.0000000000
56066  -31.744  -18.460  64.928 0.0000000000
54976  -31.504  -18.843  63.941 0.0000000000
60622  -32.538  -15.914  65.637 0.0000000000
59482  -32.512  -16.437  65.199 0.0000000000
60642  -32.425  -15.580  65.074 0.0000000000
61695  -32.292  -15.174  64.533 0.0000000000
61714  -32.209  -14.636  64.456 0.0000000000
61693  -32.364  -14.498  65.535 0.0000000000
52767  -28.137  -20.754  63.495 0.0000000000
54880  -24.455  -19.880  70.559 0.0000000000
54894  -25.093  -19.966  69.829 0.0000000000
53777  -26.911  -20.489  69.616 0.0000000000
53790  -26.218  -20.370  68.950 0.0000000000
53808  -25.533  -19.751  67.439 0.0000000000
54928  -25.618  -19.799  68.033 0.0000000000
53807  -25.287  -19.582  67.398 0.0000000000
54927  -24.986  -19.494  67.742 0.0000000000
54959  -24.373  -18.898  66.076 0.0000000000
54987  -24.566  -18.557  64.083 0.0000000000
81748  -46.824  3.401  51.722 0.0000000000
78483  -42.841  1.185  49.898 0.0000000000
78523  -42.709  0.418  48.221 0.0000000000
78504  -43.317  1.192  49.388 0.0000000000
79623  -44.350  1.716  48.831 0.0000000000
79624  -45.180  2.021  48.690 0.0000000000
79637  -44.898  2.447  48.276 0.0000000000
80675  -46.202  2.945  51.116 0.0000000000
80686  -46.199  3.050  50.243 0.0000000000
73125  -35.093  -4.006  58.862 0.0000000000
74096  -34.981  -3.886  59.207 0.0000000000
73088  -32.983  -4.173  62.285 0.0000000000
74069  -33.423  -3.828  62.455 0.0000000000
70883  -30.609  -5.613  58.099 0.0000000000
70903  -30.028  -5.533  57.201 0.0000000000
70885  -32.280  -5.377  57.990 0.0000000000
69767  -32.271  -5.494  56.949 0.0000000000
70906  -32.833  -5.364  57.213 0.0000000000
72074  -34.125  -4.758  58.378 0.0000000000
73131  -34.627  -4.464  58.359 0.0000000000
72075  -34.655  -4.582  57.912 0.0000000000
59513  -16.259  -16.031  64.273 0.0000000000
59526  -16.160  -16.373  63.229 0.0000000000
57260  -15.453  -18.100  61.796 0.0000000000
67598  -1.210  -9.895  55.384 0.0000000000
65059  -1.526  -11.678  54.832 0.0000000000
58453  -5.716  -17.349  59.549 0.0000000000
59576  -4.988  -16.859  59.536 0.0000000000
58465  -5.194  -17.331  58.581 0.0000000000
55040  -5.441  -19.669  59.439 0.0000000000
56147  -5.788  -19.288  59.235 0.0000000000
55053  -5.501  -20.042  58.636 0.0000000000
55087  -6.175  -20.566  56.755 0.0000000000
55067  -6.182  -19.869  57.682 0.0000000000
56191  -6.351  -19.738  55.968 0.0000000000
56210  -6.234  -19.987  55.205 0.0000000000
55131  -6.156  -20.667  54.879 0.0000000000
52959  -5.410  -22.726  54.555 0.0000000000
54046  -5.496  -21.746  54.293 0.0000000000
50615  -3.598  -24.885  56.074 0.0000000000
57127  -3.508  -18.490  71.341 0.0000000000
57115  -3.986  -19.246  71.351 0.0000000000
53746  -4.142  -21.084  72.068 0.0000000000
54851  -3.568  -20.364  72.222 0.0000000000
53745  -3.448  -20.946  72.244 0.0000000000
53741  -3.019  -20.784  72.414 0.0000000000
52648  -3.222  -21.556  72.061 0.0000000000
50333  -3.844  -23.173  70.534 0.0000000000
50343  -3.579  -24.070  70.018 0.0000000000
49142  -2.736  -24.318  70.370 0.0000000000
50331  -3.004  -23.735  71.045 0.0000000000
50330  -2.578  -23.909  70.752 0.0000000000
50321  -2.745  -23.337  71.049 0.0000000000
50329  -2.159  -23.897  70.271 0.0000000000
50328  -1.790  -23.846  69.859 0.0000000000
50342  -1.915  -24.267  69.684 0.0000000000
46907  -1.078  -26.643  68.335 0.0000000000
49201  -0.891  -26.001  68.765 0.0000000000
48077  -0.759  -26.404  68.468 0.0000000000
48076  -0.414  -26.508  68.166 0.0000000000
71977  -28.896  -5.334  63.732 0.0000000000
61746  -31.413  -14.779  62.412 0.0000000000
61755  -31.058  -15.230  61.568 0.0000000000
67469  -27.916  -9.179  62.154 0.0000000000
67481  -28.208  -9.891  61.690 0.0000000000
68602  -27.524  -8.338  61.724 0.0000000000
71994  -28.400  -5.404  62.844 0.0000000000
60552  -18.204  -15.413  69.164 0.0000000000
60572  -17.576  -15.270  68.629 0.0000000000
60573  -18.348  -15.596  68.413 0.0000000000
57146  -21.818  -18.762  70.918 0.0000000000
56062  -22.289  -18.526  66.144 0.0000000000
57209  -21.711  -18.198  66.531 0.0000000000
58377  -20.762  -17.181  66.530 0.0000000000
57195  -21.403  -17.801  67.588 0.0000000000
58365  -20.890  -17.316  67.650 0.0000000000
58346  -20.868  -17.408  68.814 0.0000000000
58345  -20.423  -16.962  68.312 0.0000000000
59459  -20.093  -16.621  67.652 0.0000000000
59498  -19.312  -16.054  65.144 0.0000000000
60636  -18.716  -15.700  65.611 0.0000000000
60654  -17.619  -15.611  64.456 0.0000000000
60666  -18.424  -15.700  63.980 0.0000000000
59552  -18.090  -15.635  61.490 0.0000000000
60673  -18.010  -15.808  63.067 0.0000000000
84990  -46.088  7.303  47.873 0.0000000000
86076  -46.531  8.117  47.354 0.0000000000
87200  -47.251  9.029  45.322 0.0000000000
87186  -47.601  9.160  45.910 0.0000000000
64972  -2.799  -11.827  62.367 0.0000000000
63780  -1.579  -12.292  64.027 0.0000000000
63796  -1.687  -12.463  63.284 0.0000000000
62757  -0.772  -13.912  62.801 0.0000000000
60680  -2.042  -15.941  61.627 0.0000000000
60671  -1.483  -15.371  62.469 0.0000000000
59523  -4.251  -16.889  63.348 0.0000000000
60648  -1.726  -15.714  64.856 0.0000000000
57234  -3.313  -18.714  64.358 0.0000000000
58401  -3.730  -17.781  64.369 0.0000000000
57246  -4.383  -18.228  63.276 0.0000000000
57256  -4.224  -18.785  63.001 0.0000000000
56096  -4.314  -19.136  62.479 0.0000000000
56095  -3.757  -19.448  62.847 0.0000000000
55012  -2.504  -20.985  62.312 0.0000000000
55013  -2.830  -20.604  61.936 0.0000000000
53908  -2.649  -21.010  61.323 0.0000000000
53926  -2.619  -21.273  60.783 0.0000000000
78434  -40.039  0.288  54.306 0.0000000000
78419  -40.818  0.431  55.578 0.0000000000
73057  -30.766  -4.459  64.881 0.0000000000
73177  -36.849  -4.023  53.431 0.0000000000
75182  -37.384  -2.677  52.845 0.0000000000
76296  -38.301  -1.456  51.311 0.0000000000
57140  -5.523  -19.491  69.316 0.0000000000
55973  -5.584  -20.141  70.376 0.0000000000
57142  -7.419  -19.703  68.568 0.0000000000
53759  -7.413  -20.893  69.423 0.0000000000
54864  -7.224  -20.612  69.603 0.0000000000
53753  -7.046  -20.991  69.961 0.0000000000
52663  -6.785  -21.341  70.106 0.0000000000
51535  -6.724  -21.899  69.606 0.0000000000
51550  -6.481  -22.156  69.293 0.0000000000
50363  -6.551  -22.218  68.850 0.0000000000
50397  -6.974  -22.833  66.955 0.0000000000
49225  -6.461  -23.355  66.476 0.0000000000
49246  -6.219  -23.630  66.022 0.0000000000
58391  -15.243  -16.816  64.976 0.0000000000
57224  -15.029  -17.254  65.169 0.0000000000
57207  -14.902  -17.385  65.885 0.0000000000
56045  -14.570  -18.193  65.757 0.0000000000
53861  -13.750  -19.621  63.293 0.0000000000
53860  -13.057  -19.677  63.574 0.0000000000
54956  -13.315  -19.137  65.260 0.0000000000
56030  -14.268  -18.372  66.610 0.0000000000
54924  -13.614  -18.825  66.206 0.0000000000
56015  -13.420  -18.259  66.928 0.0000000000
54923  -13.014  -18.819  66.131 0.0000000000
56027  -12.040  -18.758  66.783 0.0000000000
57190  -11.632  -18.280  66.937 0.0000000000
56026  -11.077  -18.843  66.673 0.0000000000
54920  -10.468  -19.449  66.603 0.0000000000
53804  -10.054  -20.194  66.667 0.0000000000
52701  -9.709  -20.722  66.675 0.0000000000
53803  -9.574  -20.508  67.057 0.0000000000
52712  -9.486  -21.054  66.462 0.0000000000
50461  -9.717  -21.754  63.169 0.0000000000
50476  -8.243  -22.700  63.396 0.0000000000
50440  -8.143  -22.658  65.372 0.0000000000
49286  -7.673  -22.888  65.150 0.0000000000
68635  -2.308  -8.258  59.371 0.0000000000
68634  -1.736  -7.994  58.840 0.0000000000
67532  -1.607  -9.499  58.177 0.0000000000
66257  -2.002  -10.842  58.854 0.0000000000
66299  -1.392  -10.682  57.082 0.0000000000
62813  -1.972  -13.669  55.895 0.0000000000
60702  -2.487  -15.961  59.872 0.0000000000
58462  -2.574  -17.170  58.683 0.0000000000
59599  -2.219  -16.877  57.813 0.0000000000
57366  -3.333  -18.864  55.693 0.0000000000
57343  -3.777  -18.500  56.369 0.0000000000
57364  -1.991  -17.723  55.626 0.0000000000
57341  -2.036  -17.760  56.405 0.0000000000
57340  -1.387  -17.426  56.148 0.0000000000
58499  -1.104  -17.091  56.192 0.0000000000
59626  -1.109  -16.484  55.644 0.0000000000
58562  -1.296  -16.733  54.007 0.0000000000
59641  -1.081  -16.450  55.000 0.0000000000
59655  -1.123  -16.324  54.283 0.0000000000
61812  -1.069  -15.197  54.287 0.0000000000
60753  -1.112  -15.632  53.919 0.0000000000
60754  -1.318  -15.540  53.153 0.0000000000
58267  -2.580  -17.642  71.909 0.0000000000
57103  -1.521  -17.822  72.490 0.0000000000
59333  -1.579  -17.025  72.710 0.0000000000
59331  -0.880  -16.881  73.007 0.0000000000
60501  -0.566  -15.668  72.209 0.0000000000
59348  -0.611  -16.522  72.546 0.0000000000
54859  -1.157  -20.499  70.630 0.0000000000
58295  -0.451  -17.499  71.113 0.0000000000
58278  -0.181  -16.758  71.506 0.0000000000
59361  0.780  -16.022  72.116 0.0000000000
59362  0.549  -16.054  71.630 0.0000000000
60526  0.317  -15.168  71.451 0.0000000000
60561  1.039  -15.088  68.648 0.0000000000
60563  0.561  -15.442  68.331 0.0000000000
60586  0.339  -15.195  67.889 0.0000000000
59425  0.120  -15.578  68.390 0.0000000000
57204  -2.077  -18.727  66.724 0.0000000000
54937  -1.350  -21.025  66.853 0.0000000000
54954  -0.788  -21.754  65.596 0.0000000000
53871  -0.363  -22.333  64.036 0.0000000000
54968  -0.739  -22.025  64.772 0.0000000000
54969  -1.249  -21.684  64.731 0.0000000000
56069  -1.822  -20.879  65.123 0.0000000000
53857  -1.366  -21.722  64.164 0.0000000000
53873  -1.545  -21.689  63.712 0.0000000000
53887  -1.035  -22.138  63.361 0.0000000000
52823  -1.535  -23.047  60.534 0.0000000000
51689  -1.368  -23.745  60.347 0.0000000000
43816  -0.602  -28.644  65.090 0.0000000000
43867  0.099  -30.167  63.409 0.0000000000
43848  0.067  -30.093  64.058 0.0000000000
45912  -0.161  -27.845  65.226 0.0000000000
45924  -0.170  -28.339  64.410 0.0000000000
47024  -0.001  -27.486  64.677 0.0000000000
45925  -0.204  -28.087  64.073 0.0000000000
47063  -0.247  -27.452  62.988 0.0000000000
48180  -0.346  -26.842  62.255 0.0000000000
48203  -1.256  -26.323  60.655 0.0000000000
49351  -0.865  -25.576  60.981 0.0000000000
48210  -1.479  -25.849  59.608 0.0000000000
49382  -1.708  -25.330  59.177 0.0000000000
49401  -2.022  -25.267  58.701 0.0000000000
58326  -31.282  -17.519  69.352 0.0000000000
57164  -30.900  -18.022  69.235 0.0000000000
57148  -30.832  -18.188  70.263 0.0000000000
54945  -30.677  -19.322  67.044 0.0000000000
53811  -29.090  -20.055  67.872 0.0000000000
53828  -29.020  -20.085  67.020 0.0000000000
53829  -29.449  -19.959  66.799 0.0000000000
53779  -28.489  -20.192  69.387 0.0000000000
53780  -29.063  -19.971  69.174 0.0000000000
54885  -29.461  -19.665  70.137 0.0000000000
80642  -42.636  2.252  54.633 0.0000000000
78456  -39.846  0.613  52.106 0.0000000000
78467  -40.750  1.131  51.346 0.0000000000
73058  -31.573  -4.242  64.548 0.0000000000
72026  -28.040  -5.700  61.378 0.0000000000
53964  -2.897  -22.088  59.094 0.0000000000
52872  -2.887  -22.626  58.756 0.0000000000
51743  -2.889  -23.907  57.518 0.0000000000
50595  -2.488  -24.609  57.925 0.0000000000
49204  -5.195  -23.783  67.325 0.0000000000
49203  -4.602  -24.184  67.674 0.0000000000
49223  -4.874  -23.992  66.890 0.0000000000
49244  -4.310  -24.428  66.347 0.0000000000
63774  -31.163  -12.754  65.100 0.0000000000
66201  -30.147  -11.332  64.729 0.0000000000
56087  -23.234  -17.783  63.995 0.0000000000
81782  -46.211  3.755  49.442 0.0000000000
82891  -46.684  4.394  49.773 0.0000000000
83924  -46.911  4.870  49.741 0.0000000000
84949  -48.358  5.994  50.854 0.0000000000
62709  0.225  -13.396  66.366 0.0000000000
62695  0.314  -13.845  66.585 0.0000000000
61667  0.365  -14.406  66.988 0.0000000000
74116  -37.470  -3.270  57.394 0.0000000000
75135  -38.070  -2.732  57.590 0.0000000000
74107  -37.179  -2.682  58.714 0.0000000000
70909  -35.118  -4.611  56.672 0.0000000000
70936  -35.294  -4.613  56.116 0.0000000000
72107  -35.479  -4.535  56.612 0.0000000000
72108  -35.965  -4.633  56.129 0.0000000000
72109  -36.521  -4.593  56.031 0.0000000000
72124  -36.872  -4.562  55.475 0.0000000000
60550  -17.010  -15.336  69.420 0.0000000000
65088  -1.616  -11.829  53.239 0.0000000000
54067  -4.229  -21.528  53.333 0.0000000000
55155  -4.234  -20.534  53.716 0.0000000000
54066  -3.763  -21.839  52.860 0.0000000000
54083  -3.311  -21.492  52.363 0.0000000000
61627  -2.548  -15.040  70.140 0.0000000000
60528  -2.245  -15.665  70.892 0.0000000000
50377  0.427  -24.782  68.524 0.0000000000
51568  0.268  -23.871  69.101 0.0000000000
51584  0.942  -23.805  68.301 0.0000000000
51601  1.146  -23.677  67.245 0.0000000000
50416  1.075  -24.462  66.728 0.0000000000
50436  0.878  -24.733  66.055 0.0000000000
58378  -32.198  -17.215  66.398 0.0000000000
58379  -32.389  -17.173  65.474 0.0000000000
60621  -32.464  -15.327  66.208 0.0000000000
61677  -32.365  -14.335  66.299 0.0000000000
52748  -28.944  -20.611  64.028 0.0000000000
53810  -26.973  -20.347  67.176 0.0000000000
53809  -26.167  -20.111  67.723 0.0000000000
53825  -25.847  -19.921  66.775 0.0000000000
53844  -25.534  -19.585  66.413 0.0000000000
54960  -25.287  -19.175  65.705 0.0000000000
54961  -25.838  -19.346  65.040 0.0000000000
80661  -46.223  2.986  52.120 0.0000000000
79586  -43.527  1.640  50.339 0.0000000000
79603  -43.798  1.549  49.741 0.0000000000
79587  -44.282  1.842  50.196 0.0000000000
79588  -44.889  1.962  50.052 0.0000000000
74079  -33.973  -3.815  61.498 0.0000000000
72071  -31.999  -5.399  58.767 0.0000000000
72089  -33.033  -5.163  58.060 0.0000000000
59550  -16.264  -16.361  61.143 0.0000000000
68684  -0.292  -8.254  56.322 0.0000000000
66320  -1.401  -10.739  56.097 0.0000000000
59548  -4.737  -16.422  61.420 0.0000000000
58438  -5.654  -17.379  60.581 0.0000000000
53990  -5.168  -21.279  57.634 0.0000000000
55066  -5.664  -20.591  57.645 0.0000000000
54012  -6.197  -21.174  56.180 0.0000000000
54030  -6.156  -21.378  55.542 0.0000000000
51809  -4.834  -24.083  54.550 0.0000000000
55972  -4.579  -19.712  70.937 0.0000000000
55962  -4.022  -19.702  71.525 0.0000000000
48054  -3.199  -25.014  69.098 0.0000000000
49161  -3.220  -24.632  69.815 0.0000000000
48026  -3.018  -25.022  69.394 0.0000000000
48025  -2.520  -25.197  69.215 0.0000000000
48024  -2.092  -25.467  69.152 0.0000000000
49182  -1.843  -25.395  69.130 0.0000000000
48051  -1.695  -25.965  68.918 0.0000000000
46908  -1.470  -26.471  68.355 0.0000000000
71957  -28.509  -5.975  64.362 0.0000000000
71941  -28.778  -5.974  65.339 0.0000000000
63839  -30.794  -13.601  62.640 0.0000000000
67458  -29.183  -9.711  63.825 0.0000000000
67457  -28.718  -9.436  63.145 0.0000000000
69690  -27.468  -7.496  62.316 0.0000000000
69673  -27.788  -7.635  63.283 0.0000000000
70810  -28.035  -6.853  63.877 0.0000000000
58298  -19.165  -16.571  70.412 0.0000000000
59412  -19.437  -16.623  69.292 0.0000000000
54865  -23.423  -19.502  70.896 0.0000000000
55993  -23.040  -19.178  70.609 0.0000000000
56004  -22.862  -18.903  69.823 0.0000000000
57181  -22.607  -18.708  69.458 0.0000000000
57238  -21.246  -17.479  65.088 0.0000000000
57225  -20.808  -17.261  65.722 0.0000000000
58376  -20.524  -16.992  66.251 0.0000000000
59477  -20.168  -16.679  66.479 0.0000000000
59499  -19.897  -16.646  65.499 0.0000000000
59515  -19.196  -15.981  64.293 0.0000000000
59528  -19.004  -15.942  63.490 0.0000000000
83976  -43.494  5.360  45.826 0.0000000000
63795  -1.086  -12.823  63.442 0.0000000000
60670  -1.025  -14.755  62.879 0.0000000000
58386  -2.988  -17.785  65.242 0.0000000000
56083  -3.293  -19.416  63.610 0.0000000000
55000  -2.656  -20.573  62.799 0.0000000000
54999  -2.336  -21.151  62.810 0.0000000000
77325  -39.538  -0.564  55.099 0.0000000000
77310  -40.407  -0.203  55.891 0.0000000000
74147  -37.670  -3.062  54.527 0.0000000000
74150  -37.232  -3.281  53.644 0.0000000000
75164  -37.875  -2.569  54.358 0.0000000000
75172  -38.085  -2.132  54.059 0.0000000000
76270  -38.317  -1.383  53.545 0.0000000000
54876  -7.933  -20.294  68.665 0.0000000000
55989  -7.576  -20.122  68.854 0.0000000000
52673  -7.586  -21.104  69.150 0.0000000000
52679  -7.407  -21.393  68.981 0.0000000000
51551  -6.974  -21.855  68.934 0.0000000000
50381  -7.402  -22.043  67.961 0.0000000000
49226  -7.043  -23.193  66.295 0.0000000000
56084  -15.011  -18.345  63.516 0.0000000000
56073  -14.868  -18.023  64.403 0.0000000000
53874  -12.593  -20.138  63.063 0.0000000000
53823  -12.674  -19.270  65.149 0.0000000000
54938  -12.573  -19.079  65.907 0.0000000000
53822  -11.966  -19.394  65.570 0.0000000000
53806  -11.344  -19.421  66.051 0.0000000000
53805  -10.620  -19.664  66.255 0.0000000000
51604  -9.871  -21.346  65.426 0.0000000000
50477  -9.160  -22.255  62.880 0.0000000000
50475  -7.440  -23.034  63.794 0.0000000000
67533  -2.161  -9.731  58.748 0.0000000000
63870  -1.802  -12.610  58.385 0.0000000000
62804  -2.178  -13.559  56.712 0.0000000000
62814  -2.144  -13.718  56.220 0.0000000000
58452  -3.300  -17.488  59.230 0.0000000000
58480  -3.270  -17.853  57.878 0.0000000000
57321  -2.638  -18.004  57.186 0.0000000000
58521  -2.100  -17.758  55.123 0.0000000000
58520  -1.653  -17.457  55.229 0.0000000000
55957  -2.661  -19.436  72.653 0.0000000000
57104  -2.107  -18.455  72.552 0.0000000000
57112  -1.891  -18.623  72.456 0.0000000000
57111  -1.371  -18.196  72.125 0.0000000000
55984  -0.602  -19.629  70.177 0.0000000000
58294  -0.265  -17.037  70.535 0.0000000000
58311  -0.271  -16.911  69.552 0.0000000000
58331  -0.386  -17.141  68.745 0.0000000000
58351  -0.444  -16.843  68.365 0.0000000000
58332  -0.679  -17.763  68.559 0.0000000000
56041  -1.631  -20.479  66.731 0.0000000000
52736  0.098  -22.793  64.801 0.0000000000
52778  -0.362  -22.602  63.032 0.0000000000
53905  -0.781  -22.393  62.954 0.0000000000
44887  -0.016  -29.863  63.092 0.0000000000
44869  -0.246  -28.949  63.091 0.0000000000
44888  -0.268  -29.451  62.566 0.0000000000
45973  -0.618  -28.652  61.773 0.0000000000
48204  -1.498  -26.717  59.712 0.0000000000
53867  -30.635  -19.659  63.686 0.0000000000
53850  -30.332  -19.447  64.626 0.0000000000
56051  -31.533  -18.335  65.764 0.0000000000
56049  -31.051  -18.952  66.995 0.0000000000
57211  -31.594  -17.955  66.624 0.0000000000
52730  -28.783  -20.563  65.172 0.0000000000
52749  -29.559  -20.487  63.767 0.0000000000
53778  -27.677  -20.432  69.385 0.0000000000
52715  -27.079  -20.182  66.223 0.0000000000
80645  -45.434  2.843  53.542 0.0000000000
80644  -44.546  2.870  53.860 0.0000000000
77413  -40.636  -0.824  49.157 0.0000000000
79584  -42.070  1.454  51.068 0.0000000000
79574  -43.500  2.120  51.186 0.0000000000
73112  -32.730  -4.863  60.474 0.0000000000
70866  -27.535  -6.244  59.772 0.0000000000
70902  -28.618  -5.715  57.151 0.0000000000
72051  -31.750  -5.430  59.601 0.0000000000
72031  -32.290  -5.146  60.302 0.0000000000
68651  -0.735  -8.021  57.897 0.0000000000
56110  -5.167  -18.848  61.539 0.0000000000
56124  -5.379  -18.881  60.961 0.0000000000
56134  -5.136  -19.521  60.585 0.0000000000
55052  -4.837  -20.518  59.047 0.0000000000
53966  -4.612  -21.086  58.559 0.0000000000
51765  -4.232  -23.703  56.307 0.0000000000
51763  -3.017  -24.315  56.989 0.0000000000
48271  -3.379  -27.097  56.077 0.0000000000
51533  -5.235  -22.486  70.085 0.0000000000
50345  -5.105  -22.873  69.525 0.0000000000
50360  -4.301  -23.782  69.053 0.0000000000
49163  -3.867  -24.074  69.161 0.0000000000
49202  -4.007  -24.823  68.002 0.0000000000
49183  -3.612  -24.653  68.807 0.0000000000
48079  -3.214  -25.502  68.245 0.0000000000
68554  -28.671  -8.042  65.795 0.0000000000
69636  -28.837  -7.341  66.327 0.0000000000
68540  -28.989  -8.189  66.390 0.0000000000
61729  -31.953  -14.658  63.671 0.0000000000
61738  -31.695  -14.477  63.221 0.0000000000
62764  -31.372  -13.947  62.991 0.0000000000
63790  -30.862  -13.046  64.284 0.0000000000
63822  -31.011  -13.409  63.185 0.0000000000
63838  -29.891  -13.186  62.540 0.0000000000
64995  -29.560  -12.365  62.170 0.0000000000
54942  -23.420  -19.065  67.630 0.0000000000
56033  -22.896  -18.752  67.782 0.0000000000
56047  -23.036  -18.845  66.803 0.0000000000
56098  -22.683  -17.572  63.615 0.0000000000
56086  -22.547  -17.759  64.410 0.0000000000
57239  -21.833  -17.771  64.709 0.0000000000
57261  -21.475  -17.132  63.270 0.0000000000
58423  -20.901  -16.825  62.800 0.0000000000
82920  -44.328  4.204  47.250 0.0000000000
82904  -45.279  4.360  48.390 0.0000000000
83955  -44.529  4.508  47.430 0.0000000000
83971  -44.087  4.875  46.938 0.0000000000
85007  -44.857  6.718  46.335 0.0000000000
60628  -1.681  -16.053  65.779 0.0000000000
57220  -2.365  -19.003  66.055 0.0000000000
76204  -38.992  -1.824  56.540 0.0000000000
75147  -38.798  -2.086  56.643 0.0000000000
69799  -35.070  -4.645  55.686 0.0000000000
69840  -35.358  -5.017  54.679 0.0000000000
72142  -36.566  -5.055  53.714 0.0000000000
72143  -36.873  -4.542  54.063 0.0000000000
74148  -37.952  -3.050  55.087 0.0000000000
58336  -7.698  -18.579  67.331 0.0000000000
57158  -7.993  -19.191  67.922 0.0000000000
55990  -8.332  -19.879  68.322 0.0000000000
53774  -8.526  -20.476  68.104 0.0000000000
52688  -8.661  -20.786  67.640 0.0000000000
53889  -14.329  -19.974  61.493 0.0000000000
52760  -13.842  -20.163  61.378 0.0000000000
52759  -13.385  -20.454  61.829 0.0000000000
52758  -12.612  -20.673  62.346 0.0000000000
52739  -11.978  -20.429  63.044 0.0000000000
52738  -11.194  -20.781  63.731 0.0000000000
52737  -10.494  -21.097  64.447 0.0000000000
51636  -11.081  -21.457  63.097 0.0000000000
51650  -10.556  -21.704  62.751 0.0000000000
66259  -3.089  -10.485  59.822 0.0000000000
65018  -2.236  -11.279  59.381 0.0000000000
60710  -1.864  -15.520  57.896 0.0000000000
57368  -5.536  -18.610  55.657 0.0000000000
57344  -4.392  -18.296  56.363 0.0000000000
56189  -4.317  -19.250  55.017 0.0000000000
56188  -3.785  -19.316  55.023 0.0000000000
56207  -3.434  -19.771  54.267 0.0000000000
56206  -2.766  -19.441  53.931 0.0000000000
62641  -2.729  -13.372  70.357 0.0000000000
63691  -2.536  -12.807  70.561 0.0000000000
62639  -1.662  -13.592  70.823 0.0000000000
62619  -0.648  -14.249  71.885 0.0000000000
52645  -1.779  -22.008  70.900 0.0000000000
53742  -1.623  -21.422  70.985 0.0000000000
53749  -1.164  -21.546  70.303 0.0000000000
53758  -0.736  -21.713  69.896 0.0000000000
54873  -0.343  -21.631  69.454 0.0000000000
54890  -0.370  -21.065  68.956 0.0000000000
54904  -0.719  -20.894  68.224 0.0000000000
54919  -1.152  -21.026  67.464 0.0000000000
52724  0.371  -22.866  65.801 0.0000000000
58424  -32.540  -16.997  62.158 0.0000000000
59530  -32.487  -16.509  62.666 0.0000000000
54990  -31.122  -19.337  63.490 0.0000000000
56078  -32.331  -18.132  63.575 0.0000000000
58405  -32.463  -17.517  64.350 0.0000000000
57242  -32.482  -17.648  63.476 0.0000000000
59517  -32.558  -16.824  63.749 0.0000000000
59501  -32.441  -16.134  63.778 0.0000000000
60658  -32.319  -15.947  63.335 0.0000000000
61715  -32.159  -15.254  63.883 0.0000000000
62719  -32.197  -13.756  65.857 0.0000000000
63775  -31.713  -13.241  65.432 0.0000000000
63759  -31.400  -12.537  65.927 0.0000000000
54866  -23.785  -19.766  71.135 0.0000000000
54892  -23.766  -19.304  69.913 0.0000000000
54926  -23.966  -19.290  68.135 0.0000000000
53775  -25.771  -20.342  70.272 0.0000000000
54911  -25.823  -20.054  68.332 0.0000000000
54909  -24.549  -19.597  68.910 0.0000000000
79622  -43.858  1.524  49.182 0.0000000000
78524  -43.491  1.127  48.543 0.0000000000
78538  -43.143  0.984  47.457 0.0000000000
80737  -45.004  2.944  48.204 0.0000000000
81781  -45.855  3.232  49.078 0.0000000000
80698  -46.139  3.271  49.658 0.0000000000
81768  -46.618  3.816  50.166 0.0000000000
81759  -47.231  3.903  51.252 0.0000000000
73133  -35.876  -3.770  57.963 0.0000000000
74105  -35.741  -3.691  58.312 0.0000000000
73101  -33.485  -4.153  61.398 0.0000000000
74070  -33.915  -3.624  62.234 0.0000000000
72090  -33.597  -5.058  57.797 0.0000000000
72092  -35.036  -4.599  57.230 0.0000000000
59496  -16.443  -15.713  65.253 0.0000000000
59512  -15.695  -16.433  63.996 0.0000000000
58403  -15.343  -17.210  63.738 0.0000000000
58421  -15.881  -17.020  62.321 0.0000000000
57259  -15.556  -17.650  62.386 0.0000000000
57247  -15.391  -17.851  63.162 0.0000000000
56085  -15.221  -18.605  62.574 0.0000000000
54986  -15.186  -19.115  62.003 0.0000000000
55001  -15.015  -19.481  61.828 0.0000000000
52782  -14.428  -20.389  60.854 0.0000000000
60679  -1.840  -15.236  61.253 0.0000000000
60691  -2.376  -15.852  60.736 0.0000000000
59575  -3.984  -17.097  59.645 0.0000000000
59561  -4.399  -16.619  60.491 0.0000000000
59587  -4.695  -17.145  59.125 0.0000000000
58482  -5.430  -17.781  57.267 0.0000000000
56136  -6.016  -18.683  59.393 0.0000000000
57296  -6.178  -18.102  59.083 0.0000000000
56160  -6.410  -19.053  57.845 0.0000000000
57306  -6.240  -18.282  58.239 0.0000000000
57325  -6.142  -18.371  57.316 0.0000000000
57346  -6.168  -18.670  56.712 0.0000000000
56190  -6.009  -19.235  55.268 0.0000000000
56209  -5.627  -19.843  54.518 0.0000000000
54047  -5.927  -21.374  54.753 0.0000000000
54068  -4.945  -21.211  53.709 0.0000000000
52977  -4.964  -22.136  53.733 0.0000000000
58268  -2.997  -18.165  71.741 0.0000000000
57113  -2.938  -18.305  72.006 0.0000000000
55961  -3.556  -19.710  72.028 0.0000000000
57106  -3.222  -19.183  72.269 0.0000000000
54847  -2.673  -20.123  72.638 0.0000000000
53740  -2.780  -20.759  72.273 0.0000000000
53744  -2.639  -20.917  71.968 0.0000000000
51517  -4.411  -22.478  70.809 0.0000000000
51504  -4.128  -22.070  71.568 0.0000000000
51503  -3.716  -22.286  71.576 0.0000000000
49143  -3.152  -24.341  70.355 0.0000000000
51515  -3.248  -23.331  71.079 0.0000000000
51502  -3.129  -22.731  71.507 0.0000000000
51501  -2.744  -22.676  71.330 0.0000000000
52646  -2.149  -22.108  71.161 0.0000000000
52659  -2.091  -22.650  70.793 0.0000000000
51531  -1.461  -23.518  69.791 0.0000000000
50340  -0.945  -24.212  69.191 0.0000000000
49181  -1.320  -25.300  69.020 0.0000000000
50359  -0.976  -24.725  69.109 0.0000000000
50358  -0.405  -24.626  69.058 0.0000000000
48102  -0.071  -26.378  67.824 0.0000000000
61740  -32.071  -15.727  62.188 0.0000000000
69706  -27.306  -7.340  61.268 0.0000000000
70841  -27.525  -6.425  61.932 0.0000000000
72008  -27.978  -5.657  62.179 0.0000000000
72009  -28.696  -5.298  61.989 0.0000000000
59371  -18.303  -16.048  71.231 0.0000000000
59388  -17.503  -15.460  70.316 0.0000000000
59410  -17.129  -15.346  69.713 0.0000000000
60614  -17.664  -15.470  66.707 0.0000000000
55963  -22.341  -19.157  71.711 0.0000000000
57129  -21.165  -18.285  71.423 0.0000000000
56018  -22.517  -18.555  68.120 0.0000000000
57180  -22.211  -18.385  68.802 0.0000000000
57208  -21.304  -17.722  66.950 0.0000000000
57161  -21.439  -18.019  69.384 0.0000000000
58322  -20.662  -17.540  69.904 0.0000000000
59435  -19.132  -16.280  68.244 0.0000000000
59458  -19.267  -16.214  67.037 0.0000000000
60594  -18.448  -15.749  67.409 0.0000000000
59497  -17.149  -15.651  64.966 0.0000000000
59527  -17.057  -16.117  63.832 0.0000000000
59539  -17.382  -16.022  62.686 0.0000000000
86093  -45.539  7.815  45.730 0.0000000000
86099  -46.429  8.593  45.146 0.0000000000
87212  -48.116  9.192  44.236 0.0000000000
64986  -2.677  -11.926  61.318 0.0000000000
62770  -1.375  -13.657  61.156 0.0000000000
63814  -1.497  -12.782  62.290 0.0000000000
59534  -2.648  -16.269  62.171 0.0000000000
59533  -1.930  -16.010  62.477 0.0000000000
59536  -5.071  -16.788  62.333 0.0000000000
58419  -5.114  -17.554  62.629 0.0000000000
59489  -3.007  -17.187  64.913 0.0000000000
59506  -3.376  -16.846  64.346 0.0000000000
58411  -4.651  -17.620  63.147 0.0000000000
57269  -5.135  -18.564  62.001 0.0000000000
56109  -4.715  -19.121  61.886 0.0000000000
56122  -4.409  -19.577  61.306 0.0000000000
56107  -3.349  -19.972  62.191 0.0000000000
55014  -3.329  -20.124  61.528 0.0000000000
55037  -2.936  -21.049  60.405 0.0000000000
53943  -2.289  -22.176  60.169 0.0000000000
52846  -2.180  -22.761  59.675 0.0000000000
79540  -41.489  1.280  55.137 0.0000000000
78436  -41.111  0.803  55.341 0.0000000000
74098  -36.540  -2.759  59.583 0.0000000000
73184  -36.535  -4.213  52.335 0.0000000000
74173  -37.048  -3.571  51.559 0.0000000000
75202  -37.421  -3.082  51.117 0.0000000000
75203  -37.894  -2.379  50.715 0.0000000000
77372  -38.658  -0.707  51.613 0.0000000000
77356  -38.806  -0.573  52.869 0.0000000000
77357  -39.441  0.062  52.749 0.0000000000
53751  -5.823  -21.040  70.647 0.0000000000
57173  -6.832  -18.875  67.859 0.0000000000
57141  -6.578  -19.732  68.887 0.0000000000
55975  -7.052  -20.346  69.524 0.0000000000
55974  -6.456  -20.254  69.943 0.0000000000
52662  -6.236  -21.512  70.321 0.0000000000
51519  -5.854  -21.792  70.366 0.0000000000
51534  -6.102  -22.164  69.947 0.0000000000
50362  -5.956  -22.559  68.990 0.0000000000
50379  -5.946  -22.863  67.850 0.0000000000
50395  -5.567  -23.553  67.147 0.0000000000
49224  -5.666  -23.622  66.682 0.0000000000
49264  -5.158  -23.778  65.255 0.0000000000
58363  -15.086  -16.662  66.660 0.0000000000
57178  -14.471  -17.591  67.064 0.0000000000
53843  -14.160  -19.223  63.896 0.0000000000
54957  -13.804  -19.151  65.080 0.0000000000
54941  -14.252  -18.804  65.555 0.0000000000
56044  -14.366  -18.525  66.047 0.0000000000
57177  -14.142  -17.615  67.335 0.0000000000
57176  -13.605  -17.825  67.302 0.0000000000
58360  -13.186  -17.514  67.528 0.0000000000
56028  -12.825  -18.514  66.589 0.0000000000
57191  -12.360  -18.173  67.004 0.0000000000
59453  -12.011  -17.240  67.259 0.0000000000
58339  -10.286  -17.885  66.815 0.0000000000
57174  -9.851  -18.759  66.972 0.0000000000
56013  -9.568  -19.394  67.359 0.0000000000
54906  -9.879  -19.750  67.066 0.0000000000
53787  -9.144  -20.394  67.558 0.0000000000
52700  -9.073  -20.862  67.018 0.0000000000
52699  -8.594  -21.027  67.357 0.0000000000
51619  -9.993  -21.418  64.755 0.0000000000
51618  -9.494  -21.751  65.085 0.0000000000
51603  -9.305  -21.481  65.937 0.0000000000
51602  -8.730  -21.646  66.366 0.0000000000
50419  -7.582  -22.946  66.051 0.0000000000
49248  -7.247  -23.212  65.991 0.0000000000
50458  -7.376  -23.040  64.351 0.0000000000
49285  -7.210  -23.142  64.878 0.0000000000
49266  -6.739  -23.501  65.469 0.0000000000
68667  -1.062  -8.955  57.597 0.0000000000
58450  -2.567  -17.117  59.022 0.0000000000
59572  -2.270  -16.306  58.672 0.0000000000
58478  -1.917  -17.369  57.129 0.0000000000
60715  -1.723  -15.528  56.870 0.0000000000
60722  -1.490  -15.426  56.006 0.0000000000
60733  -1.198  -15.351  55.369 0.0000000000
60732  -1.127  -15.899  55.223 0.0000000000
61805  -1.064  -14.800  54.688 0.0000000000
59679  -2.137  -16.332  52.241 0.0000000000
59704  -1.839  -16.953  52.145 0.0000000000
59364  -2.638  -16.963  71.123 0.0000000000
58256  -2.056  -17.668  72.446 0.0000000000
59350  -1.845  -16.676  72.244 0.0000000000
60503  -1.822  -15.915  71.817 0.0000000000
60502  -1.307  -15.586  72.214 0.0000000000
61596  -0.565  -14.902  71.983 0.0000000000
61595  0.193  -14.982  72.002 0.0000000000
55959  -1.494  -19.179  71.768 0.0000000000
57126  -0.811  -18.067  71.460 0.0000000000
57110  -0.612  -17.421  71.923 0.0000000000
59347  0.343  -15.910  72.111 0.0000000000
60489  0.680  -15.527  72.972 0.0000000000
62617  0.634  -14.558  72.622 0.0000000000
62626  0.688  -14.743  72.495 0.0000000000
61603  0.146  -14.395  71.309 0.0000000000
61614  0.252  -14.591  70.604 0.0000000000
61626  0.489  -14.409  69.349 0.0000000000
61638  0.712  -14.343  68.450 0.0000000000
56059  -2.221  -20.137  65.676 0.0000000000
56025  -1.409  -20.387  67.390 0.0000000000
56058  -1.759  -20.690  65.959 0.0000000000
56070  -2.236  -20.483  64.684 0.0000000000
54983  -2.199  -21.155  63.715 0.0000000000
53906  -1.340  -22.186  62.538 0.0000000000
52803  -1.834  -22.053  61.093 0.0000000000
52824  -1.855  -22.387  60.572 0.0000000000
51704  -1.883  -23.753  59.615 0.0000000000
45877  -0.422  -27.194  66.548 0.0000000000
46978  -0.134  -26.878  66.421 0.0000000000
43834  -0.259  -29.402  64.598 0.0000000000
44840  -0.286  -28.586  64.885 0.0000000000
48151  0.285  -26.452  64.940 0.0000000000
48164  0.315  -26.251  63.917 0.0000000000
47045  -0.096  -27.602  63.914 0.0000000000
47062  0.121  -26.935  63.561 0.0000000000
49316  0.030  -25.282  62.402 0.0000000000
45989  -0.836  -28.939  60.998 0.0000000000
48194  -0.811  -26.739  61.566 0.0000000000
50515  -0.164  -24.574  62.062 0.0000000000
49334  -0.423  -25.171  61.396 0.0000000000
49335  -0.689  -24.708  61.009 0.0000000000
50536  -0.939  -24.310  60.747 0.0000000000
50557  -1.401  -24.439  60.039 0.0000000000
51722  -2.179  -24.094  59.112 0.0000000000
50594  -2.256  -24.697  58.590 0.0000000000
49402  -2.302  -25.323  58.092 0.0000000000
47171  -3.063  -27.554  56.312 0.0000000000
44868  -0.054  -29.405  63.533 0.0000000000
45939  -0.217  -28.419  63.596 0.0000000000
47025  -0.131  -27.900  64.304 0.0000000000
48027  -3.228  -24.773  69.501 0.0000000000
48263  -3.498  -26.094  56.126 0.0000000000
49141  -2.454  -24.231  70.289 0.0000000000
49144  -3.379  -24.326  70.097 0.0000000000
49158  -1.767  -24.638  69.363 0.0000000000
49180  -0.762  -25.114  68.972 0.0000000000
49263  -4.283  -24.462  65.240 0.0000000000
49267  -7.369  -23.121  65.585 0.0000000000
50320  -2.448  -23.468  70.749 0.0000000000
50418  -5.138  -23.807  66.034 0.0000000000
50421  -8.769  -21.847  66.029 0.0000000000
50438  -5.117  -23.765  65.777 0.0000000000
50439  -7.729  -22.906  65.653 0.0000000000
51513  -1.733  -23.338  70.223 0.0000000000
51514  -2.091  -23.133  70.588 0.0000000000
51516  -3.560  -22.949  71.008 0.0000000000
51530  -1.164  -23.701  69.389 0.0000000000
51552  -7.483  -21.604  68.562 0.0000000000
51569  -7.293  -21.907  68.311 0.0000000000
51723  -2.304  -23.676  59.084 0.0000000000
51741  -2.213  -24.358  58.896 0.0000000000
52638  -2.974  -21.240  72.177 0.0000000000
52639  -3.046  -21.050  72.260 0.0000000000
52657  -1.191  -22.550  70.114 0.0000000000
52661  -5.588  -21.497  70.662 0.0000000000
52670  -1.430  -23.069  70.102 0.0000000000
52689  -27.472  -20.535  68.036 0.0000000000
52702  -27.450  -20.453  67.588 0.0000000000
52801  -0.974  -22.601  62.564 0.0000000000
53752  -6.523  -21.004  70.325 0.0000000000
53760  -7.838  -20.720  68.897 0.0000000000
53824  -25.364  -19.632  67.067 0.0000000000
53827  -27.029  -20.216  66.539 0.0000000000
53831  -30.239  -19.310  65.556 0.0000000000
53856  -1.143  -21.899  64.170 0.0000000000
53872  -1.126  -21.956  63.790 0.0000000000
53886  -0.613  -22.308  63.502 0.0000000000
54846  -2.336  -20.044  72.502 0.0000000000
54853  -4.994  -20.814  71.529 0.0000000000
54860  -4.511  -20.133  71.316 0.0000000000
54877  -8.422  -20.138  68.301 0.0000000000
54878  -23.454  -19.408  70.618 0.0000000000
54895  -29.004  -19.968  69.592 0.0000000000
54912  -29.883  -19.843  68.870 0.0000000000
54963  -31.191  -18.807  64.739 0.0000000000
54981  -0.704  -22.171  64.064 0.0000000000
54982  -0.936  -21.984  64.007 0.0000000000
54998  -0.895  -21.995  63.574 0.0000000000
55054  -6.179  -19.506  58.229 0.0000000000
55958  -3.158  -19.596  72.514 0.0000000000
55976  -7.337  -20.415  69.275 0.0000000000
55977  -22.349  -19.115  71.189 0.0000000000
56003  -22.539  -18.815  70.071 0.0000000000
56005  -23.342  -19.114  69.841 0.0000000000
56017  -14.298  -18.010  67.065 0.0000000000
56029  -13.563  -18.539  66.598 0.0000000000
56031  -14.565  -18.043  66.321 0.0000000000
56032  -22.416  -18.550  67.633 0.0000000000
56034  -30.807  -18.969  67.711 0.0000000000
56042  -12.526  -18.560  66.745 0.0000000000
56043  -12.795  -18.396  66.818 0.0000000000
56057  -1.293  -21.175  65.968 0.0000000000
56065  -31.265  -18.667  65.379 0.0000000000
56123  -4.964  -19.349  61.201 0.0000000000
57144  -8.355  -19.611  68.153 0.0000000000
57163  -22.571  -18.777  69.844 0.0000000000
57165  -31.235  -17.584  69.131 0.0000000000
57198  -31.286  -17.888  67.733 0.0000000000
57205  -12.533  -18.399  66.931 0.0000000000
57206  -12.654  -18.242  67.005 0.0000000000
57223  -15.096  -17.083  65.037 0.0000000000
57228  -32.355  -17.757  64.612 0.0000000000
57229  -32.283  -17.821  64.786 0.0000000000
57233  -2.896  -19.037  64.660 0.0000000000
57235  -15.129  -17.125  64.791 0.0000000000
57237  -20.770  -17.251  65.377 0.0000000000
57240  -32.408  -17.758  64.386 0.0000000000
57241  -32.431  -17.810  64.101 0.0000000000
57258  -5.267  -18.062  62.224 0.0000000000
57320  -2.196  -17.672  57.149 0.0000000000
57324  -5.856  -18.041  57.119 0.0000000000
57345  -5.765  -18.271  56.567 0.0000000000
57363  -1.578  -17.559  55.807 0.0000000000
57386  -4.601  -19.154  54.959 0.0000000000
58254  -1.035  -17.232  72.918 0.0000000000
58264  0.288  -16.013  71.836 0.0000000000
58265  -0.297  -16.656  72.052 0.0000000000
58277  0.336  -16.077  71.744 0.0000000000
58279  -0.440  -17.430  71.375 0.0000000000
58364  -20.525  -16.938  67.801 0.0000000000
58387  -3.326  -18.068  64.824 0.0000000000
58393  -20.565  -17.083  65.855 0.0000000000
58394  -20.807  -17.241  66.087 0.0000000000
58395  -32.431  -17.593  64.584 0.0000000000
58396  -32.506  -17.180  64.673 0.0000000000
58402  -15.333  -16.867  64.345 0.0000000000
58406  -32.549  -17.224  63.996 0.0000000000
58407  -32.578  -17.120  63.385 0.0000000000
58410  -4.216  -17.694  63.719 0.0000000000
58412  -15.496  -16.808  63.767 0.0000000000
58413  -15.547  -17.023  63.155 0.0000000000
58420  -5.369  -17.500  62.015 0.0000000000
58429  -5.537  -17.496  61.363 0.0000000000
58451  -2.732  -17.333  59.137 0.0000000000
58466  -5.970  -17.744  57.875 0.0000000000
58501  -4.729  -17.933  56.767 0.0000000000
58522  -4.811  -18.147  56.212 0.0000000000
58523  -5.203  -18.213  56.024 0.0000000000
58544  -2.294  -18.004  54.681 0.0000000000
59329  0.942  -16.090  73.069 0.0000000000
59330  0.774  -15.941  72.884 0.0000000000
59332  -1.180  -16.903  72.983 0.0000000000
59346  0.837  -16.001  72.623 0.0000000000
59380  -2.471  -16.384  70.951 0.0000000000
59381  -2.959  -16.700  70.569 0.0000000000
59390  -19.110  -16.532  69.946 0.0000000000
59447  -0.290  -16.481  68.601 0.0000000000
59460  -20.548  -16.932  67.550 0.0000000000
59495  -15.640  -16.255  64.745 0.0000000000
59518  -32.524  -16.551  63.407 0.0000000000
59586  -2.296  -16.731  58.252 0.0000000000
59611  -0.998  -16.836  55.963 0.0000000000
60488  1.055  -15.801  73.095 0.0000000000
60499  1.111  -15.578  72.642 0.0000000000
60511  0.858  -15.430  71.996 0.0000000000
60512  0.285  -15.679  71.375 0.0000000000
60527  0.311  -15.422  70.710 0.0000000000
60535  -18.276  -15.623  69.735 0.0000000000
60543  1.003  -15.088  68.928 0.0000000000
60545  -2.463  -15.393  70.461 0.0000000000
60551  -17.579  -15.340  69.546 0.0000000000
60562  0.880  -15.343  68.538 0.0000000000
60571  -16.926  -15.311  68.908 0.0000000000
60584  1.091  -15.095  68.264 0.0000000000
60585  0.952  -15.133  68.032 0.0000000000
60667  -32.324  -16.060  62.471 0.0000000000
60674  -18.347  -15.809  63.350 0.0000000000
60743  -1.039  -15.421  54.989 0.0000000000
61584  1.073  -15.125  73.058 0.0000000000
61585  0.559  -14.952  72.966 0.0000000000
61602  0.501  -14.742  71.799 0.0000000000
61625  0.927  -14.875  68.798 0.0000000000
61637  1.048  -14.871  68.252 0.0000000000
61694  -32.316  -14.863  65.028 0.0000000000
61713  -32.302  -14.453  64.976 0.0000000000
61728  -31.858  -14.375  63.593 0.0000000000
61788  -2.116  -14.017  56.239 0.0000000000
61804  -1.027  -15.207  54.538 0.0000000000
62607  1.147  -14.887  73.043 0.0000000000
62608  0.968  -14.739  73.144 0.0000000000
62616  1.128  -14.634  72.944 0.0000000000
62640  -2.174  -13.512  70.590 0.0000000000
62735  -32.083  -14.290  64.159 0.0000000000
62805  -2.199  -13.860  56.417 0.0000000000
63806  -30.778  -13.187  63.625 0.0000000000
64996  -29.756  -12.561  62.691 0.0000000000
68575  -28.007  -8.194  63.268 0.0000000000
69798  -34.829  -4.675  55.727 0.0000000000
69800  -35.493  -4.681  55.531 0.0000000000
69822  -34.852  -4.726  55.435 0.0000000000
69823  -35.272  -4.743  55.222 0.0000000000
69839  -34.968  -4.796  54.970 0.0000000000
70827  -27.538  -6.809  62.841 0.0000000000
70967  -34.939  -4.921  54.679 0.0000000000
71975  -27.792  -6.484  63.277 0.0000000000
73099  -31.932  -4.919  61.433 0.0000000000
76222  -38.926  -1.808  56.196 0.0000000000
78539  -43.766  1.396  47.971 0.0000000000
79539  -41.161  1.252  54.565 0.0000000000
80717  -45.400  2.757  48.660 0.0000000000
81769  -46.945  3.912  50.693 0.0000000000
