#!ascii label  , from subject sub.01.bl.01 vox2ras=TkReg
1062
67279  -28.838  -10.420  -5.718 0.5555555820
67296  -29.858  -10.218  -6.214 0.6666666865
68420  -30.659  -9.452  -7.270 0.7777777910
67308  -31.520  -10.329  -7.102 0.7777777910
69536  -31.447  -8.486  -8.232 0.8888888955
67317  -34.315  -9.871  -8.893 0.8888888955
67278  -27.682  -10.586  -5.180 0.5555555820
68399  -28.216  -9.886  -5.632 0.5555555820
68411  -29.645  -9.295  -6.771 0.6666666865
68419  -29.912  -8.962  -7.395 0.8888888955
68421  -31.848  -9.490  -7.760 0.8888888955
68427  -32.090  -8.971  -8.209 0.8888888955
68439  -33.339  -8.627  -10.108 1.0000000000
67323  -34.219  -10.023  -9.729 0.8888888955
68447  -34.631  -8.764  -10.733 1.0000000000
69525  -28.992  -8.583  -6.804 0.7777777910
69534  -29.810  -7.948  -7.920 1.0000000000
70683  -29.797  -6.751  -9.049 1.0000000000
69540  -30.913  -7.817  -8.749 1.0000000000
70689  -31.910  -7.442  -10.682 1.0000000000
70684  -30.473  -7.090  -9.239 1.0000000000
70690  -32.614  -7.729  -10.707 1.0000000000
71847  -31.333  -6.807  -10.529 1.0000000000
70693  -31.985  -7.159  -11.358 1.0000000000
70694  -32.805  -7.349  -11.314 1.0000000000
70697  -34.618  -7.574  -10.167 1.0000000000
70698  -32.950  -7.031  -12.125 1.0000000000
70699  -33.503  -7.142  -11.879 1.0000000000
70691  -34.623  -7.003  -10.057 1.0000000000
72933  -34.019  -5.350  -11.478 1.0000000000
72927  -34.492  -5.218  -10.839 0.7777777910
72921  -29.489  -5.693  -9.512 0.8888888955
71842  -29.980  -6.240  -9.470 1.0000000000
71851  -31.520  -6.392  -11.317 1.0000000000
72926  -30.034  -5.458  -9.947 1.0000000000
71854  -31.731  -6.010  -12.161 1.0000000000
72937  -33.074  -5.449  -12.154 1.0000000000
73934  -33.641  -4.389  -11.339 1.0000000000
73935  -34.256  -4.578  -11.024 1.0000000000
73929  -34.748  -4.620  -10.745 0.8888888955
74923  -34.821  -3.809  -10.847 1.0000000000
74924  -35.503  -3.556  -10.617 0.7777777910
74925  -36.181  -3.488  -10.336 0.7777777910
73923  -28.843  -4.619  -9.725 0.5555555820
74926  -29.909  -3.334  -11.071 0.7777777910
73932  -29.800  -4.190  -10.765 0.8888888955
72940  -31.236  -4.950  -12.818 1.0000000000
72936  -32.013  -5.498  -12.872 1.0000000000
74931  -31.518  -3.673  -11.819 0.8888888955
74936  -32.017  -3.802  -12.825 1.0000000000
73938  -33.009  -4.383  -11.820 1.0000000000
74934  -33.258  -3.359  -11.526 1.0000000000
75968  -34.477  -3.320  -10.818 0.8888888955
75977  -33.990  -2.633  -11.074 1.0000000000
75978  -34.490  -2.045  -11.287 0.8888888955
77058  -35.736  -1.355  -10.819 0.7777777910
77059  -36.675  -1.259  -10.288 0.6666666865
75965  -28.085  -1.945  -10.042 0.4444444478
75967  -29.249  -2.705  -11.028 0.7777777910
75973  -28.922  -2.078  -11.224 0.6666666865
77065  -31.182  -1.831  -12.212 0.7777777910
75976  -31.609  -2.506  -11.935 0.8888888955
75979  -31.974  -2.647  -12.258 0.8888888955
75980  -32.633  -2.487  -12.181 1.0000000000
75981  -33.441  -2.165  -11.952 1.0000000000
77067  -34.179  -1.864  -11.948 1.0000000000
77075  -34.280  -1.294  -12.277 0.8888888955
77068  -34.712  -1.282  -11.815 0.7777777910
78197  -35.672  -0.731  -11.121 0.7777777910
78210  -35.915  0.005  -11.458 0.7777777910
79308  -36.736  0.301  -10.579 0.6666666865
78207  -29.150  -0.736  -11.851 0.6666666865
77056  -28.508  -1.329  -10.932 0.6666666865
77064  -30.102  -1.328  -12.015 0.7777777910
77070  -30.264  -0.660  -12.426 0.7777777910
77072  -31.910  -1.549  -12.477 0.8888888955
78219  -32.400  -0.622  -12.802 1.0000000000
78220  -33.266  -0.619  -12.839 1.0000000000
77074  -33.791  -1.397  -12.518 0.8888888955
78222  -35.011  -0.050  -12.663 0.8888888955
78209  -35.318  -0.489  -11.740 0.7777777910
79330  -34.327  0.519  -12.741 0.8888888955
79331  -35.124  0.690  -12.279 0.7777777910
79319  -36.236  0.586  -11.194 0.7777777910
80395  -36.731  1.261  -10.520 0.6666666865
78215  -28.764  -0.103  -11.890 0.6666666865
78206  -28.504  -0.480  -11.308 0.5555555820
78216  -29.575  -0.265  -12.340 0.7777777910
78217  -30.457  -0.106  -12.806 0.8888888955
78218  -31.475  -0.203  -12.856 0.8888888955
79338  -31.798  0.740  -13.349 1.0000000000
79327  -32.074  0.067  -12.871 1.0000000000
79329  -33.416  0.409  -13.040 1.0000000000
80416  -35.014  1.599  -12.172 0.7777777910
81479  -35.227  2.292  -11.957 0.7777777910
81469  -35.775  2.464  -11.238 0.6666666865
81470  -36.295  2.106  -10.631 0.5555555820
79324  -28.896  0.608  -12.142 0.7777777910
79339  -32.586  1.006  -13.559 1.0000000000
80425  -33.328  1.789  -13.456 0.8888888955
80414  -33.729  1.177  -13.151 0.8888888955
81499  -33.777  2.233  -13.247 0.8888888955
80415  -34.337  1.564  -12.735 0.8888888955
82528  -35.141  3.383  -11.843 0.7777777910
83574  -35.211  3.974  -11.323 0.7777777910
82512  -35.603  3.526  -10.989 0.7777777910
82513  -36.167  2.942  -10.489 0.5555555820
83586  -34.385  4.255  -12.380 0.7777777910
83560  -35.250  4.487  -10.686 0.5555555820
82497  -35.851  3.854  -10.206 0.5555555820
83559  -34.690  5.010  -10.987 0.6666666865
81478  -28.064  1.889  -11.514 0.4444444478
80404  -28.442  1.403  -11.704 0.5555555820
80413  -29.707  1.600  -13.112 0.7777777910
80422  -31.293  1.606  -13.845 1.0000000000
79336  -30.236  1.048  -13.260 0.8888888955
81496  -31.454  2.017  -14.342 1.0000000000
80432  -32.312  1.981  -14.460 0.8888888955
81506  -32.587  2.648  -14.033 0.8888888955
81498  -33.037  2.597  -13.750 0.8888888955
82553  -33.726  3.291  -13.285 0.8888888955
82540  -34.459  3.511  -12.564 0.8888888955
83573  -34.664  4.444  -11.648 0.6666666865
84603  -35.285  4.941  -10.030 0.5555555820
83600  -29.617  4.469  -13.643 0.6666666865
82550  -29.203  3.433  -13.178 0.6666666865
82560  -30.761  3.488  -14.497 0.7777777910
82562  -32.041  3.420  -14.416 0.8888888955
83615  -31.702  4.429  -14.714 0.7777777910
83616  -32.575  4.421  -14.174 0.7777777910
84642  -32.836  5.695  -14.128 0.7777777910
83617  -32.867  3.835  -13.924 0.8888888955
84631  -33.580  5.500  -13.288 0.7777777910
84632  -34.098  5.028  -13.053 0.7777777910
84620  -34.145  5.045  -12.494 0.6666666865
85699  -33.365  6.745  -13.457 0.6666666865
85669  -33.899  6.438  -12.024 0.6666666865
84610  -33.956  6.024  -11.946 0.6666666865
84611  -34.290  5.770  -11.523 0.5555555820
87813  -33.762  7.994  -11.858 0.6666666865
86744  -33.861  7.600  -11.582 0.5555555820
85650  -34.454  6.646  -10.532 0.5555555820
84602  -34.839  5.467  -10.203 0.4444444478
86730  -33.955  7.736  -10.911 0.5555555820
85684  -27.805  6.787  -13.128 0.3333333433
84626  -28.098  5.659  -13.400 0.3333333433
84638  -29.689  6.088  -14.225 0.5555555820
84628  -29.939  5.251  -14.159 0.6666666865
85707  -30.054  6.796  -14.207 0.5555555820
84629  -30.524  5.056  -14.541 0.7777777910
84641  -32.073  5.511  -14.793 0.7777777910
86778  -32.277  7.230  -14.133 0.6666666865
85710  -32.222  6.511  -14.437 0.6666666865
85712  -33.181  6.710  -13.821 0.6666666865
86766  -33.200  7.433  -13.567 0.6666666865
87812  -33.717  8.443  -12.517 0.6666666865
86729  -33.696  8.384  -10.793 0.5555555820
87791  -33.634  9.063  -10.552 0.5555555820
87802  -33.620  8.591  -11.471 0.6666666865
86764  -28.922  7.720  -13.818 0.4444444478
86763  -28.154  7.720  -13.601 0.4444444478
85696  -28.528  6.734  -13.607 0.4444444478
87835  -29.086  8.442  -14.435 0.5555555820
86776  -30.988  7.431  -14.587 0.6666666865
85708  -30.720  6.615  -14.504 0.6666666865
86777  -31.648  7.310  -14.315 0.6666666865
86765  -32.713  7.598  -13.856 0.6666666865
87829  -33.095  8.143  -13.571 0.6666666865
87821  -33.462  8.529  -13.270 0.6666666865
88830  -33.562  9.751  -11.341 0.6666666865
89854  -33.843  10.567  -10.685 0.5555555820
88820  -33.662  10.051  -10.590 0.6666666865
87827  -28.506  8.519  -13.949 0.4444444478
87837  -30.603  8.291  -14.913 0.6666666865
87838  -31.318  8.194  -14.600 0.6666666865
88862  -31.821  8.883  -14.559 0.6666666865
87828  -32.445  8.587  -13.919 0.6666666865
88838  -33.585  9.559  -12.294 0.6666666865
69531  -30.900  -8.794  -7.806 0.8888888955
69529  -29.418  -8.302  -7.451 1.0000000000
69535  -30.418  -8.081  -8.239 1.0000000000
69541  -31.771  -7.946  -8.781 1.0000000000
68446  -34.150  -8.507  -10.546 1.0000000000
77055  -28.140  -1.286  -10.305 0.5555555820
78221  -34.359  -0.586  -12.509 0.8888888955
79317  -28.332  0.557  -11.401 0.5555555820
81487  -28.363  2.366  -11.973 0.5555555820
79325  -29.730  0.673  -12.799 0.7777777910
80423  -32.002  1.671  -14.244 1.0000000000
81489  -34.321  2.587  -12.777 0.8888888955
81477  -27.625  2.333  -11.354 0.2222222239
86775  -30.297  7.567  -14.556 0.6666666865
88861  -31.116  8.996  -15.140 0.6666666865
79303  -28.091  0.198  -10.883 0.4444444478
88821  -33.848  9.677  -9.963 0.5555555820
88813  -34.284  9.770  -9.189 0.5555555820
86754  -27.679  7.898  -13.096 0.2222222239
89855  -34.090  10.678  -10.061 0.5555555820
66018  -29.160  -12.245  -4.810 0.5555555820
66036  -30.056  -12.113  -5.340 0.5555555820
67280  -29.952  -11.068  -5.680 0.6666666865
67297  -30.995  -10.913  -6.370 0.5555555820
67310  -33.340  -10.576  -7.734 0.7777777910
67314  -33.749  -10.219  -8.260 0.8888888955
66017  -27.864  -11.886  -4.722 0.5555555820
67309  -32.593  -10.646  -7.460 0.6666666865
68422  -32.615  -9.907  -7.849 0.8888888955
67318  -34.845  -10.271  -9.379 0.7777777910
67319  -35.682  -10.469  -9.764 0.7777777910
68442  -35.957  -9.270  -10.354 0.8888888955
67262  -27.200  -11.225  -4.617 0.4444444478
68398  -27.710  -9.346  -5.585 0.5555555820
69558  -34.984  -8.234  -10.446 1.0000000000
69523  -27.704  -8.387  -6.172 0.2222222239
69528  -28.764  -8.075  -7.210 0.6666666865
70685  -34.954  -6.962  -9.672 0.8888888955
72922  -35.382  -5.281  -9.827 0.6666666865
73930  -35.416  -4.520  -10.360 0.7777777910
73925  -36.196  -4.490  -9.888 0.6666666865
71836  -28.673  -6.390  -8.465 0.5555555820
74918  -36.784  -3.626  -9.777 0.6666666865
72919  -28.490  -5.410  -8.813 0.4444444478
75971  -36.741  -2.468  -10.192 0.5555555820
77060  -37.193  -1.136  -9.986 0.5555555820
74916  -27.824  -3.276  -9.187 0.2222222239
78199  -37.048  -0.457  -10.113 0.5555555820
77048  -27.777  -1.375  -9.815 0.4444444478
80396  -37.324  1.142  -10.012 0.5555555820
79285  -27.519  0.048  -9.769 0.3333333433
80378  -37.168  1.551  -9.832 0.5555555820
80403  -27.933  1.416  -11.254 0.4444444478
81438  -36.896  2.841  -9.125 0.4444444478
81467  -27.226  2.239  -10.694 0.3333333433
83547  -36.093  4.323  -9.436 0.5555555820
84589  -35.107  5.677  -9.611 0.4444444478
84618  -27.647  5.635  -12.703 0.3333333433
83598  -27.877  4.825  -12.957 0.4444444478
86713  -34.355  7.623  -9.687 0.4444444478
87792  -34.045  8.816  -9.683 0.4444444478
89846  -34.648  10.930  -8.869 0.2222222239
87826  -28.057  8.572  -13.514 0.3333333433
88860  -30.177  9.085  -15.163 0.6666666865
88854  -33.006  9.058  -13.731 0.6666666865
89889  -33.070  10.065  -14.008 0.6666666865
89880  -33.505  10.463  -13.129 0.6666666865
90958  -33.722  11.327  -12.223 0.6666666865
89871  -33.607  10.734  -12.024 0.6666666865
89863  -34.022  10.977  -10.988 0.6666666865
90951  -34.418  11.596  -10.729 0.4444444478
88851  -30.756  9.840  -15.012 0.5555555820
67295  -29.232  -9.788  -6.221 0.6666666865
66034  -28.293  -11.115  -5.302 0.5555555820
68412  -30.433  -9.984  -6.673 0.7777777910
67307  -30.920  -10.162  -6.846 0.7777777910
69537  -32.163  -8.581  -8.520 1.0000000000
68434  -33.895  -9.343  -9.214 1.0000000000
68428  -32.878  -9.390  -8.519 0.8888888955
68410  -28.625  -9.290  -6.193 0.6666666865
69530  -30.153  -8.606  -7.726 0.8888888955
68433  -33.237  -8.836  -9.575 1.0000000000
68440  -33.952  -9.177  -10.385 1.0000000000
69542  -32.614  -8.249  -9.038 1.0000000000
69550  -33.396  -8.333  -10.317 1.0000000000
68441  -35.131  -9.420  -10.458 1.0000000000
69557  -34.242  -8.018  -10.561 1.0000000000
69524  -28.346  -8.338  -6.685 0.5555555820
68409  -28.110  -8.797  -6.121 0.6666666865
70676  -29.406  -7.687  -7.879 0.8888888955
70679  -29.619  -7.254  -8.455 0.8888888955
70680  -30.325  -7.565  -8.661 1.0000000000
71837  -29.137  -6.728  -8.536 0.8888888955
69548  -31.916  -7.745  -9.600 1.0000000000
70688  -31.295  -7.126  -9.891 1.0000000000
69556  -33.661  -8.067  -10.670 1.0000000000
71846  -30.950  -6.102  -10.073 1.0000000000
71850  -30.934  -5.780  -10.869 1.0000000000
70695  -33.790  -7.453  -11.133 1.0000000000
70692  -34.844  -7.689  -9.681 0.8888888955
71853  -34.202  -6.413  -11.462 1.0000000000
71856  -33.270  -6.506  -12.263 1.0000000000
71855  -32.359  -6.517  -12.201 1.0000000000
71848  -34.471  -6.127  -10.562 1.0000000000
71849  -34.764  -6.016  -10.040 0.8888888955
72920  -28.907  -5.365  -9.318 0.5555555820
71841  -29.256  -6.327  -8.994 0.6666666865
71840  -28.789  -5.912  -8.930 0.5555555820
72931  -31.007  -5.513  -11.278 1.0000000000
72929  -29.737  -4.828  -10.346 0.8888888955
72934  -30.758  -4.883  -11.531 1.0000000000
73937  -32.526  -4.608  -12.534 1.0000000000
74929  -34.155  -3.732  -10.884 1.0000000000
75969  -34.825  -2.809  -10.797 0.8888888955
75970  -35.674  -2.597  -10.639 0.7777777910
73922  -28.402  -4.337  -9.233 0.5555555820
73927  -28.704  -3.946  -9.759 0.6666666865
73928  -29.171  -4.192  -10.184 0.6666666865
72925  -29.321  -5.061  -9.880 0.7777777910
74921  -29.227  -3.337  -10.619 0.7777777910
75974  -29.849  -2.354  -11.415 0.6666666865
75975  -30.909  -2.337  -11.660 0.8888888955
73933  -30.492  -4.141  -11.222 0.8888888955
74927  -30.871  -3.246  -11.281 0.8888888955
72930  -30.504  -5.096  -10.744 0.8888888955
74932  -31.884  -3.350  -12.045 0.8888888955
74933  -32.359  -3.631  -12.142 1.0000000000
77069  -35.153  -1.220  -11.319 0.8888888955
77057  -34.949  -1.795  -10.901 0.7777777910
78198  -36.131  -0.410  -10.885 0.6666666865
75972  -37.315  -1.699  -9.966 0.5555555820
75966  -28.585  -2.318  -10.557 0.5555555820
75960  -27.852  -2.325  -9.580 0.3333333433
75961  -28.339  -2.586  -9.933 0.4444444478
74920  -28.733  -3.268  -10.094 0.6666666865
77063  -29.066  -1.424  -11.557 0.6666666865
77066  -31.696  -2.129  -12.230 0.8888888955
77073  -32.932  -1.512  -12.595 1.0000000000
79318  -35.725  0.417  -11.733 0.7777777910
77071  -30.861  -1.015  -12.622 0.8888888955
79328  -32.598  0.177  -13.039 1.0000000000
80405  -35.718  1.357  -11.624 0.7777777910
80394  -36.107  1.650  -10.993 0.6666666865
78196  -28.137  -0.459  -10.598 0.4444444478
78226  -30.927  0.327  -13.042 0.8888888955
79340  -33.128  1.240  -13.460 0.8888888955
81490  -34.750  2.165  -12.399 0.7777777910
82498  -36.415  3.338  -9.711 0.5555555820
81455  -36.683  2.267  -9.920 0.5555555820
80412  -29.083  1.516  -12.345 0.6666666865
79326  -30.452  0.554  -13.090 0.8888888955
80424  -32.610  1.896  -13.907 1.0000000000
82527  -34.657  3.885  -12.115 0.8888888955
83604  -34.039  4.430  -13.040 0.8888888955
83546  -35.593  4.570  -9.932 0.5555555820
80421  -30.470  1.665  -13.599 1.0000000000
81494  -29.862  2.473  -13.530 0.7777777910
81488  -29.159  2.410  -12.735 0.7777777910
81504  -31.678  2.558  -14.507 0.8888888955
81495  -30.834  2.490  -14.188 0.7777777910
84590  -35.495  5.281  -9.329 0.5555555820
83585  -28.181  4.200  -12.617 0.5555555820
82549  -28.527  3.719  -12.732 0.5555555820
83599  -28.627  4.556  -13.190 0.4444444478
83601  -30.332  4.336  -14.267 0.6666666865
82551  -30.106  3.435  -13.904 0.7777777910
82539  -28.592  3.036  -12.600 0.6666666865
83614  -30.922  4.356  -14.776 0.7777777910
83602  -32.879  4.524  -13.840 0.7777777910
84643  -33.229  6.287  -13.818 0.6666666865
84619  -33.866  5.887  -12.333 0.6666666865
85685  -33.672  6.602  -12.742 0.6666666865
86755  -33.561  7.619  -13.091 0.6666666865
86743  -33.787  7.386  -12.187 0.6666666865
85670  -34.088  6.942  -11.475 0.5555555820
85629  -35.002  6.289  -9.338 0.4444444478
86712  -33.779  8.264  -10.259 0.5555555820
84627  -29.049  5.639  -13.829 0.4444444478
85697  -29.328  6.816  -13.890 0.5555555820
84639  -30.304  5.889  -14.523 0.6666666865
85709  -31.447  6.473  -14.574 0.7777777910
86774  -29.597  7.666  -14.269 0.5555555820
87836  -29.781  8.343  -14.872 0.6666666865
88845  -33.473  9.360  -13.206 0.6666666865
81486  -27.867  2.858  -11.798 0.3333333433
79302  -27.676  0.481  -10.385 0.4444444478
88804  -34.664  9.940  -8.057 0.3333333433
90945  -34.559  11.695  -9.736 0.3333333433
66035  -29.001  -11.472  -5.283 0.5555555820
66068  -34.176  -10.689  -8.025 0.6666666865
69551  -35.565  -8.406  -9.629 0.7777777910
73924  -35.704  -4.917  -9.802 0.6666666865
70678  -29.039  -6.934  -8.295 0.7777777910
74917  -28.332  -3.270  -9.593 0.3333333433
74910  -27.311  -3.324  -8.683 0.1111111119
75950  -27.283  -2.447  -9.205 0.1111111119
78195  -27.765  -0.536  -10.057 0.4444444478
79316  -27.867  0.824  -10.928 0.3333333433
83584  -27.727  4.483  -12.181 0.3333333433
90959  -33.971  11.621  -11.812 0.6666666865
64777  -32.313  -12.815  -4.855 0.4444444478
65959  -32.663  -12.204  -3.423 0.2222222239
64791  -30.100  -12.761  -5.068 0.4444444478
64792  -30.751  -12.937  -5.321 0.4444444478
66037  -31.026  -12.281  -5.692 0.4444444478
64794  -32.292  -12.650  -5.621 0.4444444478
64795  -32.908  -12.310  -5.812 0.4444444478
66021  -33.122  -11.848  -4.979 0.2222222239
66055  -31.831  -11.959  -6.495 0.4444444478
64811  -32.958  -12.013  -6.381 0.4444444478
67263  -33.545  -10.954  -5.453 0.1111111119
67232  -33.638  -10.541  -4.075 0.1111111119
66057  -33.304  -11.503  -6.795 0.4444444478
67282  -33.644  -11.123  -6.360 0.3333333433
67298  -32.043  -11.193  -6.893 0.4444444478
66056  -32.602  -11.736  -6.768 0.4444444478
67301  -34.225  -10.693  -6.899 0.3333333433
67264  -34.129  -10.129  -5.086 0.2222222239
66065  -33.397  -11.019  -7.368 0.4444444478
67300  -33.676  -11.140  -6.819 0.3333333433
67299  -32.555  -11.287  -7.078 0.5555555820
66064  -32.912  -11.362  -7.194 0.4444444478
68413  -35.053  -10.114  -7.375 0.2222222239
68414  -35.820  -9.389  -7.071 0.1111111119
68401  -36.299  -9.251  -5.915 0.1111111119
67311  -34.650  -10.594  -7.820 0.3333333433
68424  -35.701  -9.955  -8.237 0.3333333433
67316  -35.340  -10.237  -8.928 0.4444444478
68435  -36.265  -10.387  -9.686 0.5555555820
68437  -37.351  -9.973  -9.489 0.6666666865
68426  -36.994  -8.838  -8.199 0.4444444478
69552  -36.592  -9.107  -9.930 0.6666666865
70677  -37.398  -7.537  -7.933 0.3333333433
69544  -36.085  -8.266  -8.999 0.6666666865
71839  -36.741  -6.726  -8.582 0.5555555820
70686  -35.424  -7.451  -9.276 0.6666666865
71838  -36.226  -6.462  -8.878 0.5555555820
72918  -36.755  -5.687  -8.771 0.5555555820
71835  -37.295  -6.624  -8.212 0.4444444478
73920  -37.502  -4.635  -8.574 0.3333333433
71845  -35.739  -6.600  -9.213 0.5555555820
74919  -37.377  -3.637  -9.153 0.4444444478
75962  -37.182  -3.052  -9.604 0.5555555820
73926  -36.889  -4.545  -9.296 0.4444444478
75963  -37.742  -2.433  -9.216 0.4444444478
88853  -32.437  9.515  -14.421 0.5555555820
89888  -32.405  10.536  -14.795 0.5555555820
90968  -33.649  11.615  -12.838 0.5555555820
90969  -33.981  12.123  -12.511 0.5555555820
63649  -31.329  -13.487  -5.136 0.4444444478
65986  -32.664  -12.301  -4.355 0.2222222239
68400  -34.916  -9.678  -6.021 0.2222222239
68425  -36.770  -9.309  -7.822 0.3333333433
69545  -37.015  -9.211  -9.440 0.6666666865
69539  -36.767  -8.290  -8.472 0.4444444478
78187  -37.625  -0.167  -9.649 0.4444444478
90977  -32.919  11.404  -14.033 0.5555555820
90976  -31.922  11.635  -14.693 0.5555555820
69533  -37.177  -8.400  -7.633 0.2222222239
62580  -30.438  -14.712  -4.068 0.4444444478
63636  -30.990  -14.218  -4.779 0.4444444478
62582  -31.560  -14.447  -4.051 0.4444444478
64753  -32.424  -13.012  -3.984 0.2222222239
64725  -32.453  -12.863  -3.023 0.2222222239
64694  -32.528  -12.554  -1.936 0.1111111119
64774  -28.593  -12.881  -4.370 0.4444444478
63635  -30.220  -13.800  -4.479 0.4444444478
65987  -32.957  -11.454  -3.730 0.1111111119
65937  -32.722  -12.092  -2.564 0.1111111119
68360  -34.514  -9.714  -3.447 0.1111111119
68384  -34.798  -9.511  -4.591 0.1111111119
68385  -35.851  -9.108  -4.877 0.1111111119
69517  -36.664  -9.141  -5.114 0.1111111119
68402  -36.854  -9.030  -6.111 0.1111111119
69527  -37.410  -8.235  -6.724 0.2222222239
70673  -37.545  -7.677  -7.198 0.2222222239
74911  -38.012  -3.466  -8.309 0.2222222239
77049  -37.631  -1.078  -9.471 0.4444444478
77050  -38.083  -0.933  -9.018 0.3333333433
79292  -37.894  0.403  -9.474 0.3333333433
79309  -37.369  0.534  -10.027 0.4444444478
82538  -28.122  3.428  -12.184 0.4444444478
82480  -36.631  3.760  -8.994 0.4444444478
86694  -34.989  7.199  -8.595 0.3333333433
88859  -29.282  9.108  -14.905 0.4444444478
92118  -34.374  12.531  -11.251 0.5555555820
89887  -31.371  10.667  -14.781 0.5555555820
92129  -33.716  12.555  -12.899 0.5555555820
66019  -29.731  -12.520  -4.981 0.4444444478
67315  -34.614  -10.363  -8.516 0.6666666865
67326  -36.759  -10.066  -10.267 0.6666666865
72923  -35.961  -5.602  -9.329 0.5555555820
72924  -36.418  -5.048  -9.283 0.5555555820
80379  -37.805  1.222  -9.493 0.4444444478
87785  -34.602  8.581  -8.655 0.3333333433
67281  -30.686  -11.638  -5.816 0.4444444478
66066  -34.023  -10.891  -7.511 0.3333333433
63650  -31.848  -13.083  -5.113 0.4444444478
64775  -29.640  -12.989  -4.636 0.4444444478
64776  -30.316  -13.218  -4.918 0.4444444478
63648  -30.742  -13.590  -5.007 0.4444444478
66054  -31.252  -11.853  -6.099 0.4444444478
64793  -31.595  -12.770  -5.573 0.4444444478
64809  -31.972  -12.569  -6.134 0.4444444478
64810  -32.471  -12.318  -6.282 0.4444444478
64778  -32.675  -12.434  -5.278 0.4444444478
66039  -33.289  -11.710  -6.000 0.4444444478
67233  -34.267  -9.972  -4.294 0.1111111119
68359  -33.861  -10.138  -2.925 0.1111111119
67283  -34.054  -10.515  -5.989 0.2222222239
68415  -36.723  -9.128  -6.712 0.1111111119
67312  -35.141  -10.450  -8.331 0.3333333433
68431  -36.318  -9.573  -8.973 0.4444444478
68432  -36.811  -9.191  -8.786 0.4444444478
69532  -37.144  -8.820  -7.045 0.3333333433
71828  -37.820  -6.708  -7.295 0.1111111119
70682  -36.992  -7.349  -8.422 0.4444444478
70687  -35.910  -7.260  -8.912 0.5555555820
69538  -36.420  -8.032  -8.693 0.5555555820
72911  -37.562  -5.643  -7.922 0.3333333433
63637  -31.784  -13.834  -4.450 0.4444444478
92138  -32.331  12.702  -14.514 0.5555555820
62581  -31.219  -14.829  -4.175 0.4444444478
62568  -31.756  -14.244  -3.697 0.4444444478
63617  -32.145  -13.650  -3.533 0.2222222239
63634  -29.211  -13.764  -4.134 0.4444444478
65960  -32.967  -11.543  -2.788 0.1111111119
57011  -29.271  -19.769  0.663 0.1111111119
59266  -28.190  -18.065  -1.712 0.3333333433
58190  -29.341  -18.745  -1.294 0.2222222239
58164  -29.607  -19.002  -0.138 0.2222222239
58147  -29.731  -19.131  0.462 0.1111111119
58148  -30.198  -18.577  0.625 0.1111111119
61529  -26.698  -15.532  -2.361 0.3333333433
60434  -27.140  -16.589  -2.042 0.3333333433
60416  -26.912  -17.237  -1.669 0.3333333433
59289  -28.787  -17.599  -2.189 0.3333333433
59290  -29.627  -17.299  -2.387 0.3333333433
59268  -29.892  -17.775  -1.896 0.2222222239
58165  -30.084  -18.232  -0.492 0.2222222239
58191  -30.062  -17.925  -1.269 0.2222222239
62562  -26.507  -14.464  -2.862 0.2222222239
61544  -26.314  -14.995  -2.544 0.2222222239
60435  -28.230  -16.647  -2.386 0.3333333433
59269  -30.307  -17.168  -1.539 0.1111111119
63613  -26.399  -13.627  -3.199 0.2222222239
64752  -27.273  -13.352  -3.679 0.3333333433
62563  -27.391  -14.798  -3.099 0.3333333433
63632  -27.562  -13.556  -3.747 0.3333333433
62564  -28.313  -14.813  -3.489 0.3333333433
61545  -28.031  -15.266  -3.195 0.3333333433
60453  -29.979  -16.141  -3.324 0.3333333433
61547  -29.728  -15.545  -3.487 0.3333333433
60454  -30.636  -16.105  -3.249 0.3333333433
60438  -30.660  -16.430  -2.685 0.3333333433
60417  -30.721  -16.349  -1.882 0.1111111119
60418  -31.043  -15.906  -2.142 0.2222222239
64771  -26.364  -12.474  -3.755 0.2222222239
64751  -26.962  -13.162  -3.599 0.2222222239
64772  -27.008  -12.481  -3.930 0.3333333433
63633  -28.191  -13.583  -3.983 0.3333333433
62565  -29.394  -14.746  -3.707 0.3333333433
62566  -30.069  -15.112  -3.670 0.3333333433
61548  -30.525  -15.438  -3.630 0.3333333433
61560  -30.835  -15.147  -4.027 0.3333333433
60455  -31.057  -16.009  -2.957 0.3333333433
61532  -31.210  -15.483  -2.523 0.1111111119
66015  -26.058  -11.855  -3.980 0.3333333433
62579  -29.839  -14.255  -4.086 0.3333333433
61561  -30.993  -15.339  -3.961 0.3333333433
62567  -31.503  -14.745  -3.719 0.3333333433
75955  -38.128  -2.707  -8.495 0.2222222239
75964  -38.150  -1.493  -8.952 0.2222222239
75956  -38.432  -2.092  -8.272 0.2222222239
81456  -37.363  2.039  -9.312 0.2222222239
59267  -28.667  -18.174  -1.836 0.3333333433
58205  -28.974  -18.301  -1.871 0.3333333433
59242  -30.376  -17.364  -0.745 0.1111111119
62546  -26.782  -14.952  -2.655 0.3333333433
61531  -28.517  -16.136  -2.784 0.3333333433
60436  -29.231  -16.521  -2.793 0.3333333433
59291  -30.236  -16.992  -2.274 0.3333333433
63615  -27.816  -14.134  -3.626 0.3333333433
64773  -27.593  -12.975  -4.030 0.3333333433
57010  -28.780  -20.337  0.496 0.1111111119
59264  -26.486  -17.656  -1.468 0.3333333433
59265  -27.324  -17.849  -1.591 0.3333333433
58188  -27.730  -18.798  -1.522 0.3333333433
57047  -28.941  -19.430  -1.069 0.3333333433
57027  -29.035  -19.529  -0.558 0.3333333433
56993  -29.728  -20.132  1.855 0.1111111119
56994  -30.167  -19.325  1.448 0.1111111119
60433  -26.202  -16.122  -1.835 0.3333333433
62561  -25.777  -14.435  -2.642 0.2222222239
59228  -30.568  -17.460  0.214 0.1111111119
63612  -25.897  -13.638  -3.012 0.2222222239
60392  -30.636  -16.481  -0.923 0.1111111119
61512  -31.083  -15.537  -1.566 0.1111111119
63631  -26.553  -12.935  -3.560 0.2222222239
62549  -31.931  -14.035  -3.222 0.1111111119
67260  -25.934  -11.365  -3.918 0.1111111119
78188  -38.051  -0.271  -9.078 0.2222222239
82481  -37.049  3.326  -8.537 0.2222222239
81439  -37.649  2.613  -8.590 0.2222222239
67277  -27.211  -9.987  -5.005 0.2222222239
70675  -28.769  -7.348  -7.741 0.5555555820
66016  -26.793  -11.767  -4.253 0.3333333433
79293  -38.355  0.673  -8.902 0.2222222239
59288  -27.851  -17.319  -1.896 0.3333333433
59287  -27.303  -17.244  -1.772 0.3333333433
58189  -28.557  -18.661  -1.560 0.3333333433
61528  -25.805  -15.319  -2.212 0.2222222239
60415  -26.358  -16.893  -1.623 0.3333333433
58206  -29.353  -17.991  -1.994 0.3333333433
61530  -27.747  -15.704  -2.691 0.3333333433
63614  -27.084  -13.856  -3.423 0.3333333433
63630  -26.199  -13.067  -3.350 0.2222222239
63616  -28.572  -14.205  -3.800 0.3333333433
61546  -28.795  -15.639  -3.251 0.3333333433
60452  -29.458  -15.991  -3.238 0.3333333433
60437  -30.121  -16.724  -2.932 0.3333333433
61549  -31.165  -15.397  -3.465 0.3333333433
61511  -30.807  -16.022  -1.154 0.1111111119
62548  -31.677  -14.581  -2.927 0.1111111119
55881  -28.811  -20.434  0.830 0.1111111119
58187  -26.731  -18.620  -1.385 0.3333333433
58186  -25.935  -18.075  -1.202 0.2222222239
57045  -27.212  -19.558  -1.322 0.3333333433
57046  -28.267  -19.754  -1.003 0.3333333433
60432  -25.503  -16.089  -1.573 0.2222222239
77041  -38.312  -0.855  -8.454 0.1111111119
78135  -38.752  -0.238  -6.887 0.1111111119
77025  -38.464  -1.123  -7.504 0.1111111119
79275  -38.749  0.576  -8.136 0.1111111119
79264  -38.990  0.545  -7.519 0.1111111119
81457  -37.956  1.871  -8.929 0.1111111119
79276  -39.143  1.117  -7.925 0.1111111119
80380  -38.329  1.438  -8.854 0.1111111119
81440  -38.525  2.111  -8.352 0.1111111119
84575  -35.537  5.643  -8.697 0.2222222239
86695  -35.620  7.174  -7.568 0.1111111119
85609  -35.127  6.583  -8.780 0.2222222239
87774  -35.156  8.855  -7.785 0.1111111119
85611  -35.786  6.288  -7.353 0.1111111119
87775  -35.824  8.177  -7.171 0.1111111119
88852  -31.788  9.738  -15.209 0.4444444478
89886  -30.317  10.656  -14.449 0.4444444478
92139  -33.160  12.782  -13.678 0.4444444478
92109  -34.558  12.354  -10.343 0.3333333433
90936  -34.924  11.964  -9.029 0.1111111119
89836  -34.919  10.708  -8.288 0.1111111119
90923  -35.642  11.902  -8.227 0.1111111119
93259  -32.542  13.878  -14.345 0.4444444478
93260  -33.192  13.841  -13.807 0.4444444478
93247  -33.693  13.497  -13.151 0.4444444478
93248  -34.071  13.710  -12.556 0.4444444478
93237  -34.267  13.581  -11.723 0.4444444478
94204  -34.765  14.386  -10.218 0.2222222239
93225  -34.547  13.363  -10.531 0.2222222239
94196  -35.294  14.422  -9.602 0.2222222239
93211  -35.694  13.562  -9.037 0.2222222239
98826  -35.763  19.466  -10.908 0.1111111119
96987  -35.688  17.601  -10.141 0.1111111119
95129  -36.498  15.388  -8.861 0.1111111119
90974  -29.893  11.576  -13.812 0.4444444478
92136  -30.412  12.633  -13.850 0.4444444478
92137  -31.292  12.676  -14.410 0.4444444478
94254  -32.631  14.906  -14.481 0.4444444478
94244  -33.538  14.755  -13.675 0.4444444478
94228  -33.977  14.121  -13.036 0.4444444478
94229  -34.266  14.622  -12.553 0.4444444478
96130  -32.667  16.892  -14.255 0.3333333433
95152  -34.449  15.556  -11.891 0.3333333433
96094  -34.488  16.493  -11.393 0.1111111119
95139  -34.694  15.487  -10.578 0.1111111119
95140  -34.936  16.035  -10.105 0.1111111119
95127  -34.907  14.965  -9.906 0.2222222239
95128  -35.347  15.514  -9.583 0.1111111119
96972  -35.828  16.979  -9.778 0.1111111119
93258  -31.576  13.777  -14.479 0.3333333433
94253  -31.956  14.892  -14.751 0.3333333433
94255  -33.016  15.357  -14.233 0.3333333433
94245  -34.051  15.338  -13.172 0.4444444478
96117  -33.470  16.879  -13.629 0.2222222239
96118  -33.843  16.316  -13.260 0.2222222239
97011  -33.648  17.795  -13.231 0.1111111119
96103  -33.712  17.098  -13.199 0.1111111119
97012  -33.933  17.587  -12.556 0.1111111119
96986  -34.821  17.358  -10.802 0.1111111119
97906  -34.024  18.440  -12.477 0.1111111119
97893  -34.692  18.486  -11.463 0.1111111119
97878  -35.246  18.211  -10.708 0.1111111119
94242  -31.509  14.744  -14.512 0.3333333433
94227  -30.514  14.382  -13.439 0.3333333433
95181  -31.122  15.692  -14.382 0.3333333433
95193  -31.839  15.830  -14.703 0.3333333433
95194  -32.523  15.937  -14.388 0.3333333433
97035  -32.865  17.630  -14.209 0.2222222239
97022  -33.202  17.916  -13.913 0.1111111119
98842  -35.084  19.499  -11.465 0.1111111119
100811  -35.269  21.035  -11.925 0.1111111119
94203  -30.445  14.522  -11.387 0.1111111119
94213  -30.281  14.595  -12.583 0.1111111119
95166  -30.578  15.482  -13.309 0.2222222239
96116  -30.886  16.628  -13.792 0.2222222239
95192  -31.435  16.317  -14.609 0.3333333433
97020  -30.991  17.852  -14.319 0.2222222239
96129  -32.074  16.961  -14.710 0.3333333433
97032  -31.240  17.890  -14.945 0.3333333433
97924  -30.640  18.645  -15.308 0.2222222239
97944  -31.994  19.732  -16.801 0.1111111119
98876  -32.226  20.181  -15.314 0.1111111119
97926  -32.657  19.217  -14.824 0.1111111119
97917  -33.048  18.921  -13.911 0.1111111119
97905  -33.562  18.884  -13.209 0.1111111119
98856  -33.786  19.401  -12.820 0.1111111119
98841  -34.394  19.431  -12.200 0.1111111119
99803  -36.555  20.521  -11.249 0.1111111119
99789  -36.920  19.953  -10.841 0.1111111119
95150  -30.774  15.807  -11.812 0.1111111119
95151  -31.218  16.403  -11.244 0.1111111119
96101  -30.758  16.591  -12.705 0.1111111119
96093  -31.087  16.943  -11.795 0.1111111119
97000  -31.158  18.185  -12.164 0.1111111119
97010  -31.095  18.059  -13.192 0.1111111119
97914  -30.737  18.611  -14.672 0.2222222239
97904  -31.426  18.851  -13.145 0.1111111119
98868  -31.640  19.464  -14.348 0.1111111119
98853  -32.278  19.588  -12.950 0.1111111119
98869  -32.512  19.734  -14.237 0.1111111119
98854  -32.698  20.289  -13.671 0.1111111119
98855  -33.231  19.802  -13.432 0.1111111119
96078  -31.326  16.926  -10.706 0.1111111119
96063  -31.296  16.658  -9.934 0.1111111119
97877  -31.285  18.927  -11.309 0.1111111119
97892  -31.439  19.103  -12.269 0.1111111119
98840  -31.490  19.764  -11.787 0.1111111119
96971  -31.391  17.625  -9.729 0.1111111119
97864  -31.377  18.773  -10.139 0.1111111119
78170  -38.379  0.029  -8.465 0.1111111119
78152  -38.599  -0.048  -7.753 0.1111111119
78136  -38.945  0.247  -7.113 0.1111111119
82461  -37.502  3.459  -7.871 0.1111111119
81416  -38.160  2.775  -7.967 0.1111111119
83534  -36.724  4.129  -8.210 0.1111111119
93210  -35.058  13.573  -9.670 0.2222222239
92094  -34.898  12.624  -9.512 0.1111111119
92095  -35.269  13.075  -9.224 0.1111111119
89837  -35.431  10.886  -7.973 0.1111111119
96079  -34.797  16.412  -10.548 0.1111111119
96080  -35.314  16.630  -10.021 0.1111111119
96973  -36.404  17.195  -9.678 0.1111111119
97894  -35.317  18.875  -10.957 0.1111111119
97009  -30.971  17.401  -13.415 0.2222222239
98875  -31.249  20.009  -15.590 0.1111111119
98825  -31.197  19.779  -10.656 0.1111111119
79227  -38.854  0.011  -5.953 0.1111111119
85630  -35.397  5.894  -8.962 0.2222222239
90975  -30.906  11.618  -14.291 0.4444444478
94243  -32.999  14.328  -14.120 0.4444444478
93267  -32.264  14.483  -14.572 0.4444444478
95167  -34.245  15.616  -12.721 0.2222222239
95138  -31.251  16.086  -10.637 0.1111111119
95126  -30.980  15.935  -9.646 0.1111111119
96985  -31.314  17.895  -10.961 0.1111111119
78116  -38.726  -0.418  -5.890 0.1111111119
74912  -38.277  -2.808  -8.193 0.1111111119
75940  -38.544  -2.159  -7.153 0.1111111119
77007  -38.565  -1.320  -6.517 0.1111111119
78100  -38.958  0.013  -5.179 0.1111111119
78117  -38.866  -0.130  -5.431 0.1111111119
80328  -39.549  1.374  -6.141 0.1111111119
80348  -39.381  1.473  -7.217 0.1111111119
81418  -39.353  2.527  -7.456 0.1111111119
81417  -38.812  2.738  -7.839 0.1111111119
83524  -37.040  4.241  -7.493 0.1111111119
82462  -38.365  3.364  -7.513 0.1111111119
84559  -36.951  5.147  -6.966 0.1111111119
86680  -37.004  7.023  -6.690 0.1111111119
87776  -36.404  7.939  -6.847 0.1111111119
89895  -29.720  9.870  -14.814 0.4444444478
88797  -36.329  8.955  -7.106 0.1111111119
88805  -35.718  9.613  -7.422 0.1111111119
93189  -36.426  12.795  -7.967 0.1111111119
90925  -36.874  11.441  -7.573 0.1111111119
94189  -37.736  14.309  -8.182 0.1111111119
95130  -37.516  15.712  -8.813 0.1111111119
92128  -29.797  12.590  -12.988 0.2222222239
93246  -30.136  13.613  -13.248 0.2222222239
96974  -37.419  17.526  -9.765 0.1111111119
93236  -30.100  13.614  -12.174 0.1111111119
98828  -37.307  19.350  -10.563 0.1111111119
99790  -37.385  19.871  -10.858 0.1111111119
94195  -30.239  14.369  -10.190 0.1111111119
95137  -30.744  15.262  -10.497 0.1111111119
95125  -30.131  15.164  -9.318 0.1111111119
100813  -36.977  21.049  -11.818 0.1111111119
95118  -30.578  16.070  -8.662 0.1111111119
99813  -32.600  20.908  -13.299 0.1111111119
100824  -33.446  21.538  -13.276 0.1111111119
100825  -34.511  21.413  -12.581 0.1111111119
101744  -34.983  22.321  -13.081 0.1111111119
96055  -31.103  16.810  -9.060 0.1111111119
100809  -31.883  21.355  -12.196 0.1111111119
83533  -36.319  4.455  -8.763 0.1111111119
90937  -35.183  11.539  -8.520 0.1111111119
87786  -35.278  8.005  -7.979 0.2222222239
80364  -38.787  1.294  -8.422 0.1111111119
79248  -39.186  0.506  -6.722 0.1111111119
80365  -39.116  1.812  -7.958 0.1111111119
84576  -36.029  5.193  -8.137 0.1111111119
86696  -35.920  6.882  -7.253 0.1111111119
89838  -36.336  10.648  -7.494 0.1111111119
92078  -35.441  12.542  -8.708 0.1111111119
92064  -36.645  12.300  -7.737 0.1111111119
94214  -34.498  14.494  -11.247 0.2222222239
94197  -35.934  14.536  -9.114 0.2222222239
93212  -36.190  13.943  -8.861 0.1111111119
98827  -36.497  19.363  -10.614 0.1111111119
97880  -36.856  18.682  -10.302 0.1111111119
96989  -37.137  18.179  -10.076 0.1111111119
95120  -37.241  14.950  -8.438 0.1111111119
94188  -36.948  14.248  -8.185 0.1111111119
95183  -33.707  15.841  -13.490 0.3333333433
96064  -36.005  16.416  -9.414 0.2222222239
95182  -31.592  15.262  -14.629 0.3333333433
96104  -34.045  16.668  -12.711 0.2222222239
97001  -34.291  17.500  -11.883 0.1111111119
93257  -30.751  13.624  -13.973 0.3333333433
94241  -30.960  14.611  -14.042 0.3333333433
97034  -32.332  18.139  -14.932 0.2222222239
97927  -32.815  18.374  -14.377 0.1111111119
99801  -34.765  20.367  -12.017 0.1111111119
99802  -35.637  20.327  -11.368 0.1111111119
96127  -31.303  16.888  -14.427 0.3333333433
96128  -31.607  16.996  -14.709 0.3333333433
97033  -31.679  18.131  -15.346 0.2222222239
97044  -32.083  18.480  -15.744 0.1111111119
98870  -32.885  19.709  -13.971 0.1111111119
99815  -33.824  20.409  -12.790 0.1111111119
96092  -30.829  16.442  -12.103 0.1111111119
96102  -31.008  17.420  -12.651 0.1111111119
97915  -30.971  18.623  -14.040 0.1111111119
99812  -32.273  20.617  -12.897 0.1111111119
99814  -33.089  20.807  -13.576 0.1111111119
99800  -31.830  20.401  -12.225 0.1111111119
84577  -36.601  4.632  -7.656 0.1111111119
93199  -36.352  13.384  -8.342 0.1111111119
96065  -36.970  16.484  -9.263 0.1111111119
79228  -39.128  0.319  -5.709 0.1111111119
84558  -36.154  5.618  -7.250 0.1111111119
86679  -36.432  7.168  -6.958 0.1111111119
96066  -37.921  16.529  -9.290 0.1111111119
97881  -37.667  18.489  -10.252 0.1111111119
100822  -32.268  21.128  -12.984 0.1111111119
72910  -27.955  -6.140  -7.761 0.2222222239
73919  -28.208  -4.722  -8.627 0.2222222239
70674  -28.229  -7.000  -7.506 0.3333333433
72916  -28.065  -5.563  -8.172 0.3333333433
89894  -28.884  9.741  -14.545 0.3333333433
89893  -28.549  9.542  -14.239 0.2222222239
90966  -29.157  11.158  -12.985 0.1111111119
90967  -29.542  11.676  -13.176 0.1111111119
82537  -27.688  3.447  -11.581 0.1111111119
83570  -27.444  4.473  -11.256 0.1111111119
86739  -27.611  7.266  -12.734 0.1111111119
86738  -27.498  7.755  -12.298 0.1111111119
89877  -28.038  10.510  -12.567 0.1111111119
90965  -28.712  10.907  -12.486 0.1111111119
88858  -28.635  9.115  -14.452 0.2222222239
86753  -27.674  8.327  -12.787 0.1111111119
70671  -27.950  -7.498  -6.969 0.2222222239
70672  -28.438  -7.809  -7.176 0.3333333433
77035  -27.413  -1.605  -9.457 0.2222222239
88849  -28.104  9.076  -13.364 0.1111111119
78179  -27.467  -0.772  -9.559 0.3333333433
89885  -29.141  10.648  -14.166 0.3333333433
89879  -28.954  10.915  -13.565 0.1111111119
88843  -28.048  9.600  -13.110 0.1111111119
89884  -28.511  9.966  -14.018 0.1111111119
87808  -27.663  8.642  -11.952 0.1111111119
89878  -28.484  10.517  -13.357 0.1111111119
88842  -28.001  9.638  -12.365 0.1111111119
89876  -27.844  10.505  -12.037 0.1111111119
87819  -27.801  8.801  -12.612 0.1111111119
69519  -37.562  -8.232  -5.804 0.1111111119
55906  -26.779  -20.000  -1.073 0.1111111119
55908  -27.690  -20.618  -0.721 0.1111111119
57025  -25.594  -19.249  -0.631 0.1111111119
58162  -25.394  -18.427  -0.859 0.1111111119
59263  -25.714  -17.269  -1.357 0.1111111119
59286  -25.287  -16.744  -1.318 0.1111111119
60414  -25.793  -16.599  -1.525 0.1111111119
68383  -26.584  -9.573  -4.267 0.1111111119
72915  -27.875  -4.989  -7.789 0.1111111119
71834  -28.247  -6.541  -7.880 0.1111111119
79301  -27.364  0.798  -9.898 0.2222222239
80390  -27.538  1.451  -10.827 0.2222222239
80389  -27.288  1.464  -10.285 0.2222222239
81466  -27.022  2.304  -10.180 0.2222222239
73918  -27.847  -4.321  -8.180 0.1111111119
55890  -24.524  -19.724  -0.124 0.1111111119
55892  -27.226  -21.161  -0.615 0.1111111119
130172  -24.302  -19.038  -0.292 0.1111111119
58161  -24.720  -18.037  -0.798 0.1111111119
58204  -24.713  -17.254  -1.025 0.1111111119
59285  -24.779  -16.955  -1.101 0.1111111119
61527  -25.014  -15.621  -1.587 0.1111111119
62545  -25.304  -15.024  -2.287 0.1111111119
62560  -25.494  -14.111  -2.652 0.1111111119
69515  -26.836  -8.652  -5.221 0.1111111119
72909  -27.760  -5.701  -7.432 0.1111111119
81450  -27.017  2.568  -9.697 0.2222222239
82510  -27.184  2.777  -10.427 0.1111111119
57026  -28.655  -20.280  -0.061 0.1111111119
55891  -26.229  -20.400  -0.429 0.1111111119
82524  -27.324  3.315  -10.762 0.1111111119
73921  -27.967  -3.968  -8.764 0.1111111119
68397  -26.884  -9.383  -5.023 0.1111111119
64749  -25.653  -13.368  -2.897 0.1111111119
64750  -25.837  -12.763  -3.271 0.1111111119
67261  -26.548  -10.711  -4.411 0.1111111119
59262  -25.058  -17.246  -1.157 0.1111111119
57044  -26.435  -19.457  -1.034 0.1111111119
71833  -27.926  -6.604  -7.402 0.1111111119
69516  -27.194  -8.624  -5.578 0.1111111119
69496  -26.726  -8.813  -4.730 0.1111111119
71827  -27.621  -6.613  -6.704 0.1111111119
57024  -24.782  -18.792  -0.521 0.1111111119
58185  -25.251  -17.753  -1.084 0.1111111119
69469  -26.641  -8.866  -4.152 0.1111111119
80372  -27.088  1.534  -9.673 0.1111111119
58203  -24.488  -17.597  -0.845 0.1111111119
60430  -24.576  -16.813  -0.997 0.1111111119
67231  -26.282  -10.295  -3.637 0.1111111119
68358  -26.560  -9.463  -3.624 0.1111111119
70662  -26.945  -8.287  -5.498 0.1111111119
82492  -26.916  3.548  -9.359 0.1111111119
82509  -26.942  3.408  -10.116 0.1111111119
84609  -27.354  5.569  -11.866 0.1111111119
79284  -27.205  0.415  -9.493 0.1111111119
85666  -27.472  6.612  -12.401 0.1111111119
55907  -27.263  -20.330  -1.013 0.1111111119
57012  -29.835  -19.186  0.788 0.1111111119
58163  -26.037  -18.762  -1.014 0.1111111119
58184  -24.868  -17.542  -1.019 0.1111111119
59283  -24.241  -17.660  -0.688 0.1111111119
60439  -30.977  -16.084  -2.483 0.2222222239
61488  -30.800  -16.077  -0.857 0.1111111119
61543  -26.046  -14.795  -2.592 0.2222222239
62547  -27.142  -15.202  -2.647 0.3333333433
66020  -32.702  -12.389  -4.921 0.4444444478
66038  -31.572  -12.329  -6.035 0.4444444478
66058  -33.723  -11.114  -7.102 0.3333333433
66067  -33.762  -10.709  -7.764 0.6666666865
67313  -33.077  -10.114  -7.873 0.8888888955
67320  -36.482  -10.426  -9.989 0.6666666865
67321  -37.179  -10.335  -9.963 0.6666666865
67322  -37.717  -10.301  -9.993 0.6666666865
67324  -34.928  -10.095  -10.187 1.0000000000
67325  -35.862  -10.089  -10.320 1.0000000000
67327  -37.481  -10.065  -10.183 0.6666666865
67328  -37.943  -10.018  -10.180 0.6666666865
68423  -35.207  -10.447  -7.951 0.3333333433
68429  -33.750  -9.705  -8.697 0.8888888955
68430  -36.003  -10.110  -9.251 0.5555555820
68436  -36.659  -10.216  -9.595 0.5555555820
68438  -38.017  -10.101  -9.900 0.6666666865
68443  -37.079  -9.657  -10.220 0.6666666865
68444  -37.678  -9.877  -10.221 0.6666666865
68445  -38.169  -9.959  -10.094 0.6666666865
68448  -35.234  -8.953  -10.776 1.0000000000
69526  -37.182  -8.765  -6.316 0.1111111119
69543  -35.535  -8.134  -9.148 0.6666666865
69546  -37.808  -9.671  -9.765 0.6666666865
69547  -31.259  -7.552  -9.242 1.0000000000
69549  -32.714  -8.158  -10.114 1.0000000000
69553  -37.470  -9.515  -10.097 0.6666666865
69554  -37.935  -9.905  -10.144 0.6666666865
69555  -33.019  -7.978  -10.667 1.0000000000
70681  -36.439  -7.493  -8.683 0.5555555820
70696  -34.346  -7.229  -10.730 1.0000000000
70700  -34.089  -7.060  -11.556 1.0000000000
71843  -34.768  -6.457  -9.949 1.0000000000
71844  -35.220  -6.211  -9.670 0.8888888955
71852  -32.073  -6.973  -11.701 1.0000000000
71857  -33.945  -6.689  -12.082 1.0000000000
72917  -36.289  -5.911  -8.968 0.5555555820
72928  -34.866  -5.387  -10.245 0.8888888955
72932  -33.415  -4.870  -11.675 1.0000000000
72935  -31.241  -5.493  -12.060 1.0000000000
72938  -33.856  -6.005  -12.122 1.0000000000
72939  -30.842  -4.799  -12.098 1.0000000000
72941  -31.709  -4.887  -13.190 1.0000000000
73931  -35.888  -4.046  -10.418 0.7777777910
73936  -31.039  -4.148  -11.682 1.0000000000
73939  -31.253  -4.233  -12.404 1.0000000000
73940  -31.565  -4.296  -13.115 1.0000000000
73941  -32.121  -4.531  -13.128 1.0000000000
74922  -34.526  -3.628  -10.843 1.0000000000
74928  -31.496  -2.990  -11.592 0.8888888955
74930  -34.515  -4.183  -10.884 1.0000000000
74935  -31.650  -3.844  -12.515 1.0000000000
74937  -32.320  -4.139  -12.788 1.0000000000
78153  -38.812  0.144  -7.314 0.1111111119
78162  -27.255  -1.155  -9.309 0.3333333433
78208  -34.813  -0.792  -12.071 0.7777777910
78227  -31.301  0.460  -13.106 0.8888888955
79247  -38.890  0.057  -6.249 0.1111111119
79263  -38.776  0.376  -7.803 0.1111111119
79337  -30.946  0.925  -13.313 0.8888888955
80406  -36.221  1.204  -11.107 0.6666666865
80426  -33.789  1.672  -13.176 0.8888888955
80431  -32.115  2.123  -14.684 0.8888888955
81441  -39.012  2.308  -7.961 0.1111111119
81497  -32.600  2.380  -14.023 0.8888888955
81503  -31.177  2.992  -14.498 0.7777777910
81505  -32.293  2.484  -14.307 0.8888888955
82523  -27.071  3.686  -10.430 0.1111111119
82541  -34.828  2.790  -12.353 0.7777777910
82552  -33.090  3.439  -13.746 0.8888888955
82561  -31.389  3.518  -14.624 0.8888888955
82563  -32.618  3.243  -14.053 0.8888888955
83603  -33.201  4.286  -13.622 0.8888888955
84591  -35.999  4.817  -8.929 0.1111111119
84630  -32.944  4.896  -13.752 0.7777777910
84640  -31.082  5.481  -14.847 0.7777777910
85588  -36.434  6.122  -7.063 0.1111111119
85589  -37.024  6.400  -6.655 0.1111111119
85610  -35.332  6.244  -8.381 0.2222222239
85698  -33.107  7.050  -13.789 0.6666666865
85711  -32.852  6.739  -14.076 0.6666666865
86678  -35.929  7.496  -7.195 0.1111111119
87767  -36.492  8.397  -6.925 0.1111111119
87803  -33.769  7.960  -11.459 0.6666666865
87820  -27.871  8.740  -13.092 0.1111111119
87839  -31.925  8.003  -14.038 0.6666666865
88844  -28.270  9.867  -13.599 0.1111111119
88850  -28.303  9.306  -13.804 0.1111111119
89847  -35.026  11.023  -8.388 0.1111111119
89862  -33.717  10.511  -11.165 0.6666666865
89872  -33.796  10.972  -11.473 0.6666666865
90924  -36.128  11.631  -7.777 0.1111111119
90973  -29.322  11.176  -13.564 0.1111111119
92062  -35.694  12.312  -8.346 0.1111111119
92063  -36.002  12.488  -8.142 0.1111111119
92077  -35.080  12.377  -9.068 0.1111111119
92079  -35.893  12.891  -8.422 0.1111111119
92130  -34.044  12.792  -12.280 0.5555555820
93198  -35.833  13.106  -8.605 0.1111111119
93266  -31.966  14.326  -14.634 0.3333333433
94198  -36.481  14.381  -8.651 0.1111111119
95119  -36.800  14.758  -8.505 0.1111111119
95184  -34.050  15.946  -13.117 0.2222222239
95195  -33.143  15.916  -13.951 0.3333333433
96988  -36.566  17.999  -10.005 0.1111111119
97021  -30.954  17.982  -13.747 0.2222222239
97043  -31.872  18.641  -15.994 0.2222222239
97879  -35.948  18.639  -10.425 0.1111111119
97916  -32.796  19.453  -14.281 0.1111111119
97925  -31.018  18.505  -15.707 0.2222222239
97934  -30.451  18.948  -16.337 0.2222222239
97935  -31.376  18.894  -16.272 0.1111111119
97936  -32.247  19.289  -16.123 0.1111111119
97942  -30.911  19.364  -16.878 0.1111111119
97943  -31.591  19.564  -16.823 0.1111111119
98867  -30.759  19.241  -14.940 0.1111111119
98874  -30.370  19.590  -15.812 0.1111111119
98883  -30.418  19.894  -16.712 0.1111111119
98884  -30.687  20.244  -16.162 0.1111111119
98885  -32.220  20.249  -16.187 0.1111111119
98891  -31.106  19.932  -17.296 0.1111111119
98892  -31.859  19.995  -17.166 0.1111111119
98893  -32.152  20.067  -16.702 0.1111111119
99788  -36.245  19.979  -10.892 0.1111111119
99804  -37.525  20.359  -11.320 0.1111111119
99830  -31.716  20.630  -15.679 0.1111111119
99831  -32.096  20.777  -15.927 0.1111111119
99835  -30.705  20.437  -16.523 0.1111111119
99836  -31.307  20.707  -16.253 0.1111111119
99837  -32.026  20.583  -16.552 0.1111111119
99842  -30.884  20.447  -16.887 0.1111111119
99843  -31.549  20.414  -16.921 0.1111111119
99844  -31.968  20.319  -16.909 0.1111111119
