#!ascii label  , from subject sub.01.bl.01 vox2ras=TkReg
437
75981  -33.441  -2.165  -11.952 0.0000000000
71842  -29.980  -6.240  -9.470 0.0000000000
69544  -36.085  -8.266  -8.999 0.0000000000
67299  -32.555  -11.287  -7.078 0.0000000000
92138  -32.331  12.702  -14.514 0.0000000000
87812  -33.717  8.443  -12.517 0.0000000000
80421  -30.470  1.665  -13.599 0.0000000000
63635  -30.220  -13.800  -4.479 0.0000000000
69536  -31.447  -8.486  -8.232 0.0000000000
67295  -29.232  -9.788  -6.221 0.0000000000
89880  -33.505  10.463  -13.129 0.0000000000
86777  -31.648  7.310  -14.315 0.0000000000
75975  -30.909  -2.337  -11.660 0.0000000000
78215  -28.764  -0.103  -11.890 0.0000000000
79327  -32.074  0.067  -12.871 0.0000000000
81499  -33.777  2.233  -13.247 0.0000000000
78222  -35.011  -0.050  -12.663 0.0000000000
75970  -35.674  -2.597  -10.639 0.0000000000
73923  -28.843  -4.619  -9.725 0.0000000000
72936  -32.013  -5.498  -12.872 0.0000000000
72927  -34.492  -5.218  -10.839 0.0000000000
69556  -33.661  -8.067  -10.670 0.0000000000
67318  -34.845  -10.271  -9.379 0.0000000000
67301  -34.225  -10.693  -6.899 0.0000000000
83600  -29.617  4.469  -13.643 0.0000000000
84642  -32.836  5.695  -14.128 0.0000000000
84611  -34.290  5.770  -11.523 0.0000000000
66034  -28.293  -11.115  -5.302 0.0000000000
66037  -31.026  -12.281  -5.692 0.0000000000
69525  -28.992  -8.583  -6.804 0.0000000000
68410  -28.625  -9.290  -6.193 0.0000000000
87837  -30.603  8.291  -14.913 0.0000000000
85707  -30.054  6.796  -14.207 0.0000000000
75979  -31.974  -2.647  -12.258 0.0000000000
77065  -31.182  -1.831  -12.212 0.0000000000
77073  -32.932  -1.512  -12.595 0.0000000000
79329  -33.416  0.409  -13.040 0.0000000000
77075  -34.280  -1.294  -12.277 0.0000000000
78197  -35.672  -0.731  -11.121 0.0000000000
75978  -34.490  -2.045  -11.287 0.0000000000
72926  -30.034  -5.458  -9.947 0.0000000000
72930  -30.504  -5.096  -10.744 0.0000000000
71850  -30.934  -5.780  -10.869 0.0000000000
70698  -32.950  -7.031  -12.125 0.0000000000
70689  -31.910  -7.442  -10.682 0.0000000000
68421  -31.848  -9.490  -7.760 0.0000000000
68428  -32.878  -9.390  -8.519 0.0000000000
67310  -33.340  -10.576  -7.734 0.0000000000
67311  -34.650  -10.594  -7.820 0.0000000000
66065  -33.397  -11.019  -7.368 0.0000000000
90975  -30.906  11.618  -14.291 0.0000000000
92136  -30.412  12.633  -13.850 0.0000000000
93259  -32.542  13.878  -14.345 0.0000000000
94254  -32.631  14.906  -14.481 0.0000000000
93247  -33.693  13.497  -13.151 0.0000000000
88838  -33.585  9.559  -12.294 0.0000000000
79325  -29.730  0.673  -12.799 0.0000000000
80412  -29.083  1.516  -12.345 0.0000000000
82551  -30.106  3.435  -13.904 0.0000000000
83614  -30.922  4.356  -14.776 0.0000000000
82562  -32.041  3.420  -14.416 0.0000000000
82528  -35.141  3.383  -11.843 0.0000000000
83586  -34.385  4.255  -12.380 0.0000000000
83559  -34.690  5.010  -10.987 0.0000000000
70685  -34.954  -6.962  -9.672 0.0000000000
73924  -35.704  -4.917  -9.802 0.0000000000
64774  -28.593  -12.881  -4.370 0.0000000000
66018  -29.160  -12.245  -4.810 0.0000000000
66036  -30.056  -12.113  -5.340 0.0000000000
64792  -30.751  -12.937  -5.321 0.0000000000
70679  -29.619  -7.254  -8.455 0.0000000000
69540  -30.913  -7.817  -8.749 0.0000000000
69534  -29.810  -7.948  -7.920 0.0000000000
68420  -30.659  -9.452  -7.270 0.0000000000
67307  -30.920  -10.162  -6.846 0.0000000000
89887  -31.371  10.667  -14.781 0.0000000000
90977  -32.919  11.404  -14.033 0.0000000000
89888  -32.405  10.536  -14.795 0.0000000000
88854  -33.006  9.058  -13.731 0.0000000000
87829  -33.095  8.143  -13.571 0.0000000000
75966  -28.585  -2.318  -10.557 0.0000000000
77063  -29.066  -1.424  -11.557 0.0000000000
78217  -30.457  -0.106  -12.806 0.0000000000
79338  -31.798  0.740  -13.349 0.0000000000
80432  -32.312  1.981  -14.460 0.0000000000
79340  -33.128  1.240  -13.460 0.0000000000
80415  -34.337  1.564  -12.735 0.0000000000
80405  -35.718  1.357  -11.624 0.0000000000
79319  -36.236  0.586  -11.194 0.0000000000
61560  -30.835  -15.147  -4.027 0.0000000000
63636  -30.990  -14.218  -4.779 0.0000000000
74921  -29.227  -3.337  -10.619 0.0000000000
74931  -31.518  -3.673  -11.819 0.0000000000
73938  -33.009  -4.383  -11.820 0.0000000000
74929  -34.155  -3.732  -10.884 0.0000000000
72937  -33.074  -5.449  -12.154 0.0000000000
71853  -34.202  -6.413  -11.462 0.0000000000
69558  -34.984  -8.234  -10.446 0.0000000000
69542  -32.614  -8.249  -9.038 0.0000000000
68440  -33.952  -9.177  -10.385 0.0000000000
67326  -36.759  -10.066  -10.267 0.0000000000
68424  -35.701  -9.955  -8.237 0.0000000000
68413  -35.053  -10.114  -7.375 0.0000000000
90969  -33.981  12.123  -12.511 0.0000000000
84639  -30.304  5.889  -14.523 0.0000000000
85710  -32.222  6.511  -14.437 0.0000000000
85699  -33.365  6.745  -13.457 0.0000000000
83617  -32.867  3.835  -13.924 0.0000000000
84619  -33.866  5.887  -12.333 0.0000000000
86744  -33.861  7.600  -11.582 0.0000000000
74924  -35.503  -3.556  -10.617 0.0000000000
74918  -36.784  -3.626  -9.777 0.0000000000
67278  -27.682  -10.586  -5.180 0.0000000000
67279  -28.838  -10.420  -5.718 0.0000000000
67280  -29.952  -11.068  -5.680 0.0000000000
66055  -31.831  -11.959  -6.495 0.0000000000
63649  -31.329  -13.487  -5.136 0.0000000000
64794  -32.292  -12.650  -5.621 0.0000000000
64811  -32.958  -12.013  -6.381 0.0000000000
85696  -28.528  6.734  -13.607 0.0000000000
75980  -32.633  -2.487  -12.181 0.0000000000
77074  -33.791  -1.397  -12.518 0.0000000000
77067  -34.179  -1.864  -11.948 0.0000000000
75977  -33.990  -2.633  -11.074 0.0000000000
70683  -29.797  -6.751  -9.049 0.0000000000
72921  -29.489  -5.693  -9.512 0.0000000000
71846  -30.950  -6.102  -10.073 0.0000000000
71847  -31.333  -6.807  -10.529 0.0000000000
70688  -31.295  -7.126  -9.891 0.0000000000
67309  -32.593  -10.646  -7.460 0.0000000000
68422  -32.615  -9.907  -7.849 0.0000000000
66064  -32.912  -11.362  -7.194 0.0000000000
92137  -31.292  12.676  -14.410 0.0000000000
93260  -33.192  13.841  -13.807 0.0000000000
92139  -33.160  12.782  -13.678 0.0000000000
88830  -33.562  9.751  -11.341 0.0000000000
87802  -33.620  8.591  -11.471 0.0000000000
79336  -30.236  1.048  -13.260 0.0000000000
80413  -29.707  1.600  -13.112 0.0000000000
81488  -29.159  2.410  -12.735 0.0000000000
81494  -29.862  2.473  -13.530 0.0000000000
82560  -30.761  3.488  -14.497 0.0000000000
81495  -30.834  2.490  -14.188 0.0000000000
82512  -35.603  3.526  -10.989 0.0000000000
83574  -35.211  3.974  -11.323 0.0000000000
70686  -35.424  -7.451  -9.276 0.0000000000
71845  -35.739  -6.600  -9.213 0.0000000000
70687  -35.910  -7.260  -8.912 0.0000000000
62579  -29.839  -14.255  -4.086 0.0000000000
63634  -29.211  -13.764  -4.134 0.0000000000
64775  -29.640  -12.989  -4.636 0.0000000000
64791  -30.100  -12.761  -5.068 0.0000000000
64776  -30.316  -13.218  -4.918 0.0000000000
70676  -29.406  -7.687  -7.879 0.0000000000
68411  -29.645  -9.295  -6.771 0.0000000000
68419  -29.912  -8.962  -7.395 0.0000000000
68412  -30.433  -9.984  -6.673 0.0000000000
88851  -30.756  9.840  -15.012 0.0000000000
88852  -31.788  9.738  -15.209 0.0000000000
87838  -31.318  8.194  -14.600 0.0000000000
88862  -31.821  8.883  -14.559 0.0000000000
87828  -32.445  8.587  -13.919 0.0000000000
86765  -32.713  7.598  -13.856 0.0000000000
75974  -29.849  -2.354  -11.415 0.0000000000
78219  -32.400  -0.622  -12.802 0.0000000000
77071  -30.861  -1.015  -12.622 0.0000000000
78218  -31.475  -0.203  -12.856 0.0000000000
78226  -30.927  0.327  -13.042 0.0000000000
79339  -32.586  1.006  -13.559 0.0000000000
79328  -32.598  0.177  -13.039 0.0000000000
79330  -34.327  0.519  -12.741 0.0000000000
79331  -35.124  0.690  -12.279 0.0000000000
80416  -35.014  1.599  -12.172 0.0000000000
79318  -35.725  0.417  -11.733 0.0000000000
77058  -35.736  -1.355  -10.819 0.0000000000
78198  -36.131  -0.410  -10.885 0.0000000000
77059  -36.675  -1.259  -10.288 0.0000000000
61548  -30.525  -15.438  -3.630 0.0000000000
61549  -31.165  -15.397  -3.465 0.0000000000
73927  -28.704  -3.946  -9.759 0.0000000000
74920  -28.733  -3.268  -10.094 0.0000000000
73928  -29.171  -4.192  -10.184 0.0000000000
72934  -30.758  -4.883  -11.531 0.0000000000
73933  -30.492  -4.141  -11.222 0.0000000000
72940  -31.236  -4.950  -12.818 0.0000000000
74936  -32.017  -3.802  -12.825 0.0000000000
73937  -32.526  -4.608  -12.534 0.0000000000
70694  -32.805  -7.349  -11.314 0.0000000000
70699  -33.503  -7.142  -11.879 0.0000000000
70695  -33.790  -7.453  -11.133 0.0000000000
70697  -34.618  -7.574  -10.167 0.0000000000
69557  -34.242  -8.018  -10.561 0.0000000000
69541  -31.771  -7.946  -8.781 0.0000000000
69537  -32.163  -8.581  -8.520 0.0000000000
67317  -34.315  -9.871  -8.893 0.0000000000
68434  -33.895  -9.343  -9.214 0.0000000000
67323  -34.219  -10.023  -9.729 0.0000000000
68441  -35.131  -9.420  -10.458 0.0000000000
67319  -35.682  -10.469  -9.764 0.0000000000
68435  -36.265  -10.387  -9.686 0.0000000000
67316  -35.340  -10.237  -8.928 0.0000000000
68400  -34.916  -9.678  -6.021 0.0000000000
90968  -33.649  11.615  -12.838 0.0000000000
92129  -33.716  12.555  -12.899 0.0000000000
78206  -28.504  -0.480  -11.308 0.0000000000
83585  -28.181  4.200  -12.617 0.0000000000
83599  -28.627  4.556  -13.190 0.0000000000
84638  -29.689  6.088  -14.225 0.0000000000
84628  -29.939  5.251  -14.159 0.0000000000
83615  -31.702  4.429  -14.714 0.0000000000
84641  -32.073  5.511  -14.793 0.0000000000
85712  -33.181  6.710  -13.821 0.0000000000
84643  -33.229  6.287  -13.818 0.0000000000
81498  -33.037  2.597  -13.750 0.0000000000
81506  -32.587  2.648  -14.033 0.0000000000
82553  -33.726  3.291  -13.285 0.0000000000
84620  -34.145  5.045  -12.494 0.0000000000
84610  -33.956  6.024  -11.946 0.0000000000
85669  -33.899  6.438  -12.024 0.0000000000
85670  -34.088  6.942  -11.475 0.0000000000
85650  -34.454  6.646  -10.532 0.0000000000
73935  -34.256  -4.578  -11.024 0.0000000000
74923  -34.821  -3.809  -10.847 0.0000000000
73929  -34.748  -4.620  -10.745 0.0000000000
73925  -36.196  -4.490  -9.888 0.0000000000
66017  -27.864  -11.886  -4.722 0.0000000000
67281  -30.686  -11.638  -5.816 0.0000000000
67297  -30.995  -10.913  -6.370 0.0000000000
66054  -31.252  -11.853  -6.099 0.0000000000
64810  -32.471  -12.318  -6.282 0.0000000000
69528  -28.764  -8.075  -7.210 0.0000000000
88861  -31.116  8.996  -15.140 0.0000000000
87836  -29.781  8.343  -14.872 0.0000000000
86775  -30.297  7.567  -14.556 0.0000000000
86776  -30.988  7.431  -14.587 0.0000000000
75976  -31.609  -2.506  -11.935 0.0000000000
77066  -31.696  -2.129  -12.230 0.0000000000
77072  -31.910  -1.549  -12.477 0.0000000000
78220  -33.266  -0.619  -12.839 0.0000000000
78221  -34.359  -0.586  -12.509 0.0000000000
78209  -35.318  -0.489  -11.740 0.0000000000
77068  -34.712  -1.282  -11.815 0.0000000000
77069  -35.153  -1.220  -11.319 0.0000000000
77057  -34.949  -1.795  -10.901 0.0000000000
72920  -28.907  -5.365  -9.318 0.0000000000
72925  -29.321  -5.061  -9.880 0.0000000000
72929  -29.737  -4.828  -10.346 0.0000000000
72931  -31.007  -5.513  -11.278 0.0000000000
71854  -31.731  -6.010  -12.161 0.0000000000
71855  -32.359  -6.517  -12.201 0.0000000000
71851  -31.520  -6.392  -11.317 0.0000000000
70693  -31.985  -7.159  -11.358 0.0000000000
70690  -32.614  -7.729  -10.707 0.0000000000
68427  -32.090  -8.971  -8.209 0.0000000000
67314  -33.749  -10.219  -8.260 0.0000000000
67315  -34.614  -10.363  -8.516 0.0000000000
66068  -34.176  -10.689  -8.025 0.0000000000
66066  -34.023  -10.891  -7.511 0.0000000000
67300  -33.676  -11.140  -6.819 0.0000000000
93267  -32.264  14.483  -14.572 0.0000000000
94228  -33.977  14.121  -13.036 0.0000000000
90958  -33.722  11.327  -12.223 0.0000000000
89871  -33.607  10.734  -12.024 0.0000000000
81478  -28.064  1.889  -11.514 0.0000000000
81487  -28.363  2.366  -11.973 0.0000000000
82550  -29.203  3.433  -13.178 0.0000000000
83601  -30.332  4.336  -14.267 0.0000000000
83616  -32.575  4.421  -14.174 0.0000000000
81489  -34.321  2.587  -12.777 0.0000000000
82540  -34.459  3.511  -12.564 0.0000000000
82527  -34.657  3.885  -12.115 0.0000000000
83573  -34.664  4.444  -11.648 0.0000000000
71849  -34.764  -6.016  -10.040 0.0000000000
72922  -35.382  -5.281  -9.827 0.0000000000
72923  -35.961  -5.602  -9.329 0.0000000000
66035  -29.001  -11.472  -5.283 0.0000000000
66019  -29.731  -12.520  -4.981 0.0000000000
71837  -29.137  -6.728  -8.536 0.0000000000
70684  -30.473  -7.090  -9.239 0.0000000000
70680  -30.325  -7.565  -8.661 0.0000000000
69535  -30.418  -8.081  -8.239 0.0000000000
69531  -30.900  -8.794  -7.806 0.0000000000
69529  -29.418  -8.302  -7.451 0.0000000000
69530  -30.153  -8.606  -7.726 0.0000000000
67308  -31.520  -10.329  -7.102 0.0000000000
89886  -30.317  10.656  -14.449 0.0000000000
90976  -31.922  11.635  -14.693 0.0000000000
89889  -33.070  10.065  -14.008 0.0000000000
88853  -32.437  9.515  -14.421 0.0000000000
88845  -33.473  9.360  -13.206 0.0000000000
87821  -33.462  8.529  -13.270 0.0000000000
78207  -29.150  -0.736  -11.851 0.0000000000
77064  -30.102  -1.328  -12.015 0.0000000000
77070  -30.264  -0.660  -12.426 0.0000000000
78216  -29.575  -0.265  -12.340 0.0000000000
79326  -30.452  0.554  -13.090 0.0000000000
80422  -31.293  1.606  -13.845 0.0000000000
81496  -31.454  2.017  -14.342 0.0000000000
80423  -32.002  1.671  -14.244 0.0000000000
80424  -32.610  1.896  -13.907 0.0000000000
80425  -33.328  1.789  -13.456 0.0000000000
80414  -33.729  1.177  -13.151 0.0000000000
81490  -34.750  2.165  -12.399 0.0000000000
81479  -35.227  2.292  -11.957 0.0000000000
81469  -35.775  2.464  -11.238 0.0000000000
80394  -36.107  1.650  -10.993 0.0000000000
78210  -35.915  0.005  -11.458 0.0000000000
69545  -37.015  -9.211  -9.440 0.0000000000
62566  -30.069  -15.112  -3.670 0.0000000000
62580  -30.438  -14.712  -4.068 0.0000000000
75967  -29.249  -2.705  -11.028 0.0000000000
74926  -29.909  -3.334  -11.071 0.0000000000
73932  -29.800  -4.190  -10.765 0.0000000000
74927  -30.871  -3.246  -11.281 0.0000000000
74932  -31.884  -3.350  -12.045 0.0000000000
74933  -32.359  -3.631  -12.142 0.0000000000
74934  -33.258  -3.359  -11.526 0.0000000000
73934  -33.641  -4.389  -11.339 0.0000000000
72933  -34.019  -5.350  -11.478 0.0000000000
71856  -33.270  -6.506  -12.263 0.0000000000
71848  -34.471  -6.127  -10.562 0.0000000000
70691  -34.623  -7.003  -10.057 0.0000000000
70692  -34.844  -7.689  -9.681 0.0000000000
69551  -35.565  -8.406  -9.629 0.0000000000
69548  -31.916  -7.745  -9.600 0.0000000000
69550  -33.396  -8.333  -10.317 0.0000000000
68433  -33.237  -8.836  -9.575 0.0000000000
68439  -33.339  -8.627  -10.108 0.0000000000
68446  -34.150  -8.507  -10.546 0.0000000000
68447  -34.631  -8.764  -10.733 0.0000000000
68442  -35.957  -9.270  -10.354 0.0000000000
69552  -36.592  -9.107  -9.930 0.0000000000
68437  -37.351  -9.973  -9.489 0.0000000000
68431  -36.318  -9.573  -8.973 0.0000000000
67312  -35.141  -10.450  -8.331 0.0000000000
90959  -33.971  11.621  -11.812 0.0000000000
85697  -29.328  6.816  -13.890 0.0000000000
85708  -30.720  6.615  -14.504 0.0000000000
84629  -30.524  5.056  -14.541 0.0000000000
85709  -31.447  6.473  -14.574 0.0000000000
86778  -32.277  7.230  -14.133 0.0000000000
86766  -33.200  7.433  -13.567 0.0000000000
86755  -33.561  7.619  -13.091 0.0000000000
81504  -31.678  2.558  -14.507 0.0000000000
83602  -32.879  4.524  -13.840 0.0000000000
83604  -34.039  4.430  -13.040 0.0000000000
84632  -34.098  5.028  -13.053 0.0000000000
84631  -33.580  5.500  -13.288 0.0000000000
85685  -33.672  6.602  -12.742 0.0000000000
86743  -33.787  7.386  -12.187 0.0000000000
87813  -33.762  7.994  -11.858 0.0000000000
86729  -33.696  8.384  -10.793 0.0000000000
75968  -34.477  -3.320  -10.818 0.0000000000
75969  -34.825  -2.809  -10.797 0.0000000000
73930  -35.416  -4.520  -10.360 0.0000000000
74925  -36.181  -3.488  -10.336 0.0000000000
75971  -36.741  -2.468  -10.192 0.0000000000
68399  -28.216  -9.886  -5.632 0.0000000000
67296  -29.858  -10.218  -6.214 0.0000000000
67298  -32.043  -11.193  -6.893 0.0000000000
63648  -30.742  -13.590  -5.007 0.0000000000
64793  -31.595  -12.770  -5.573 0.0000000000
63650  -31.848  -13.083  -5.113 0.0000000000
64809  -31.972  -12.569  -6.134 0.0000000000
66056  -32.602  -11.736  -6.768 0.0000000000
66057  -33.304  -11.503  -6.795 0.0000000000
66038  -31.572  -12.329  -6.035 0.0000000000
66058  -33.723  -11.114  -7.102 0.0000000000
66067  -33.762  -10.709  -7.764 0.0000000000
67313  -33.077  -10.114  -7.873 0.0000000000
67320  -36.482  -10.426  -9.989 0.0000000000
67321  -37.179  -10.335  -9.963 0.0000000000
67322  -37.717  -10.301  -9.993 0.0000000000
67324  -34.928  -10.095  -10.187 0.0000000000
67325  -35.862  -10.089  -10.320 0.0000000000
67327  -37.481  -10.065  -10.183 0.0000000000
67328  -37.943  -10.018  -10.180 0.0000000000
68423  -35.207  -10.447  -7.951 0.0000000000
68429  -33.750  -9.705  -8.697 0.0000000000
68430  -36.003  -10.110  -9.251 0.0000000000
68436  -36.659  -10.216  -9.595 0.0000000000
68438  -38.017  -10.101  -9.900 0.0000000000
68443  -37.079  -9.657  -10.220 0.0000000000
68444  -37.678  -9.877  -10.221 0.0000000000
68445  -38.169  -9.959  -10.094 0.0000000000
68448  -35.234  -8.953  -10.776 0.0000000000
69543  -35.535  -8.134  -9.148 0.0000000000
69546  -37.808  -9.671  -9.765 0.0000000000
69547  -31.259  -7.552  -9.242 0.0000000000
69549  -32.714  -8.158  -10.114 0.0000000000
69553  -37.470  -9.515  -10.097 0.0000000000
69554  -37.935  -9.905  -10.144 0.0000000000
69555  -33.019  -7.978  -10.667 0.0000000000
70696  -34.346  -7.229  -10.730 0.0000000000
70700  -34.089  -7.060  -11.556 0.0000000000
71843  -34.768  -6.457  -9.949 0.0000000000
71844  -35.220  -6.211  -9.670 0.0000000000
71852  -32.073  -6.973  -11.701 0.0000000000
71857  -33.945  -6.689  -12.082 0.0000000000
72928  -34.866  -5.387  -10.245 0.0000000000
72932  -33.415  -4.870  -11.675 0.0000000000
72935  -31.241  -5.493  -12.060 0.0000000000
72938  -33.856  -6.005  -12.122 0.0000000000
72939  -30.842  -4.799  -12.098 0.0000000000
72941  -31.709  -4.887  -13.190 0.0000000000
73931  -35.888  -4.046  -10.418 0.0000000000
73936  -31.039  -4.148  -11.682 0.0000000000
73939  -31.253  -4.233  -12.404 0.0000000000
73940  -31.565  -4.296  -13.115 0.0000000000
73941  -32.121  -4.531  -13.128 0.0000000000
74922  -34.526  -3.628  -10.843 0.0000000000
74928  -31.496  -2.990  -11.592 0.0000000000
74930  -34.515  -4.183  -10.884 0.0000000000
74935  -31.650  -3.844  -12.515 0.0000000000
74937  -32.320  -4.139  -12.788 0.0000000000
78208  -34.813  -0.792  -12.071 0.0000000000
78227  -31.301  0.460  -13.106 0.0000000000
79337  -30.946  0.925  -13.313 0.0000000000
80406  -36.221  1.204  -11.107 0.0000000000
80426  -33.789  1.672  -13.176 0.0000000000
80431  -32.115  2.123  -14.684 0.0000000000
81497  -32.600  2.380  -14.023 0.0000000000
81503  -31.177  2.992  -14.498 0.0000000000
81505  -32.293  2.484  -14.307 0.0000000000
82541  -34.828  2.790  -12.353 0.0000000000
82552  -33.090  3.439  -13.746 0.0000000000
82561  -31.389  3.518  -14.624 0.0000000000
82563  -32.618  3.243  -14.053 0.0000000000
83603  -33.201  4.286  -13.622 0.0000000000
84627  -29.049  5.639  -13.829 0.0000000000
84630  -32.944  4.896  -13.752 0.0000000000
84640  -31.082  5.481  -14.847 0.0000000000
85698  -33.107  7.050  -13.789 0.0000000000
85711  -32.852  6.739  -14.076 0.0000000000
87803  -33.769  7.960  -11.459 0.0000000000
87839  -31.925  8.003  -14.038 0.0000000000
92130  -34.044  12.792  -12.280 0.0000000000
