#!ascii label  , from subject sub.01.bl.01 vox2ras=TkReg
375
12680  -41.691  -65.006  10.761 0.0000000000
11200  -41.216  -66.510  7.163 0.0000000000
15038  -45.470  -61.377  12.620 0.0000000000
11180  -44.345  -66.963  9.455 0.0000000000
14306  -46.181  -62.353  7.178 0.0000000000
14208  -41.023  -61.689  15.067 0.0000000000
17714  -41.372  -58.484  13.992 0.0000000000
18553  -37.265  -58.093  17.304 0.0000000000
15929  -45.302  -60.603  10.447 0.0000000000
14267  -46.849  -62.058  10.252 0.0000000000
15968  -47.315  -61.102  8.359 0.0000000000
15879  -42.585  -59.909  15.014 0.0000000000
18578  -41.242  -57.589  16.435 0.0000000000
20424  -36.031  -55.342  16.442 0.0000000000
19547  -37.062  -56.372  13.981 0.0000000000
10370  -41.298  -67.783  9.940 0.0000000000
10388  -43.356  -67.935  7.905 0.0000000000
8231  -42.781  -70.544  8.008 0.0000000000
8922  -41.790  -69.806  6.315 0.0000000000
13461  -43.767  -63.619  11.660 0.0000000000
11933  -43.299  -66.001  10.466 0.0000000000
13495  -44.727  -64.132  8.896 0.0000000000
12734  -43.491  -64.583  7.398 0.0000000000
14228  -43.676  -61.911  13.667 0.0000000000
16829  -44.015  -59.875  13.185 0.0000000000
16856  -42.072  -60.072  11.291 0.0000000000
19487  -39.837  -56.071  18.189 0.0000000000
18601  -39.398  -58.057  15.680 0.0000000000
17731  -38.899  -58.259  12.011 0.0000000000
19608  -41.845  -57.145  9.546 0.0000000000
8895  -43.111  -69.573  9.500 0.0000000000
14289  -39.844  -62.437  8.203 0.0000000000
11198  -39.115  -66.243  7.298 0.0000000000
9638  -36.449  -68.564  6.455 0.0000000000
15942  -44.563  -60.444  9.277 0.0000000000
15943  -45.786  -60.646  9.424 0.0000000000
11173  -41.673  -66.832  10.168 0.0000000000
11201  -42.200  -66.690  7.444 0.0000000000
9631  -42.067  -68.851  7.149 0.0000000000
9643  -41.192  -68.897  6.707 0.0000000000
8921  -40.756  -69.575  6.048 0.0000000000
10402  -39.913  -68.019  6.647 0.0000000000
14246  -44.838  -62.421  12.616 0.0000000000
13447  -45.659  -62.922  11.865 0.0000000000
14292  -47.158  -61.790  8.464 0.0000000000
13480  -45.505  -63.268  9.956 0.0000000000
13496  -45.227  -63.114  8.814 0.0000000000
13516  -44.299  -63.907  7.857 0.0000000000
13542  -44.664  -63.053  6.893 0.0000000000
14227  -42.596  -62.141  13.893 0.0000000000
14209  -42.199  -61.585  14.560 0.0000000000
17698  -42.215  -58.498  14.354 0.0000000000
16808  -43.328  -59.442  13.880 0.0000000000
16827  -42.290  -58.901  13.527 0.0000000000
15907  -43.067  -60.226  11.911 0.0000000000
16844  -41.347  -59.523  12.631 0.0000000000
17650  -38.099  -57.801  17.651 0.0000000000
18576  -39.771  -57.083  16.651 0.0000000000
18600  -38.141  -58.055  15.679 0.0000000000
20501  -38.430  -55.967  12.381 0.0000000000
18643  -37.838  -57.536  13.197 0.0000000000
19596  -39.166  -57.051  11.509 0.0000000000
18683  -40.057  -57.780  10.731 0.0000000000
11176  -44.205  -66.951  10.041 0.0000000000
9606  -43.617  -68.234  10.058 0.0000000000
8909  -43.781  -68.849  9.415 0.0000000000
6887  -42.275  -72.059  8.129 0.0000000000
14287  -38.196  -62.223  8.701 0.0000000000
12730  -39.249  -64.189  7.863 0.0000000000
10381  -36.506  -67.161  7.294 0.0000000000
15919  -45.954  -60.792  11.285 0.0000000000
15049  -46.456  -61.844  11.432 0.0000000000
15920  -46.436  -61.098  10.825 0.0000000000
15945  -46.939  -61.421  9.271 0.0000000000
14293  -47.543  -61.615  8.023 0.0000000000
15008  -42.165  -60.567  15.257 0.0000000000
17683  -41.547  -58.396  15.682 0.0000000000
17697  -41.592  -58.197  14.727 0.0000000000
18572  -35.875  -57.030  16.954 0.0000000000
18598  -36.501  -57.199  15.697 0.0000000000
19546  -36.566  -56.223  14.791 0.0000000000
21420  -38.072  -54.730  13.358 0.0000000000
21438  -39.350  -54.823  12.261 0.0000000000
10376  -43.921  -67.959  8.401 0.0000000000
9628  -43.834  -68.727  8.723 0.0000000000
9633  -43.502  -68.828  8.021 0.0000000000
8923  -42.479  -70.097  6.766 0.0000000000
7599  -41.496  -71.416  6.116 0.0000000000
8247  -40.678  -70.787  5.165 0.0000000000
8246  -39.706  -70.747  4.956 0.0000000000
8244  -37.599  -70.665  5.100 0.0000000000
13460  -42.789  -63.598  11.683 0.0000000000
12681  -42.795  -65.069  10.720 0.0000000000
12683  -44.444  -64.871  10.537 0.0000000000
11935  -44.516  -65.976  9.968 0.0000000000
13470  -45.702  -63.242  10.801 0.0000000000
12696  -45.059  -63.924  9.934 0.0000000000
11940  -44.415  -65.974  9.193 0.0000000000
11971  -43.930  -65.626  8.271 0.0000000000
11970  -43.501  -65.666  7.875 0.0000000000
11968  -41.871  -65.546  7.389 0.0000000000
13443  -42.325  -63.076  12.416 0.0000000000
14245  -43.952  -62.481  12.854 0.0000000000
14229  -44.493  -61.873  13.223 0.0000000000
15021  -42.854  -60.837  14.801 0.0000000000
15023  -44.371  -60.559  13.640 0.0000000000
15895  -45.146  -60.770  12.861 0.0000000000
16857  -44.241  -60.255  12.145 0.0000000000
15927  -43.204  -60.312  10.454 0.0000000000
16873  -42.818  -59.634  9.447 0.0000000000
19509  -41.063  -57.069  16.918 0.0000000000
18602  -40.440  -57.542  15.760 0.0000000000
17696  -40.742  -58.259  14.576 0.0000000000
17693  -37.590  -57.862  14.436 0.0000000000
17712  -39.419  -59.025  13.480 0.0000000000
16843  -40.428  -59.440  12.758 0.0000000000
16864  -40.717  -59.304  11.128 0.0000000000
17755  -41.636  -58.470  9.782 0.0000000000
11179  -42.310  -67.374  10.185 0.0000000000
9622  -42.351  -68.844  9.816 0.0000000000
8216  -43.270  -70.026  8.915 0.0000000000
7527  -42.403  -71.302  8.801 0.0000000000
14326  -44.084  -62.604  6.368 0.0000000000
13540  -42.660  -63.450  6.927 0.0000000000
12732  -41.493  -64.538  7.311 0.0000000000
12731  -40.468  -64.421  7.572 0.0000000000
11199  -40.181  -66.332  7.190 0.0000000000
10401  -38.961  -67.910  6.652 0.0000000000
8918  -37.833  -69.309  5.926 0.0000000000
16891  -44.279  -59.776  8.199 0.0000000000
15965  -44.650  -60.267  8.599 0.0000000000
11931  -41.130  -65.771  10.420 0.0000000000
10386  -41.507  -67.777  7.133 0.0000000000
10403  -40.704  -68.181  6.761 0.0000000000
10385  -40.539  -67.307  6.867 0.0000000000
14230  -45.153  -61.831  12.912 0.0000000000
13446  -45.135  -62.974  12.041 0.0000000000
14247  -45.773  -62.308  12.306 0.0000000000
14291  -46.252  -62.357  8.179 0.0000000000
13517  -45.304  -62.839  7.619 0.0000000000
14226  -41.477  -62.173  14.073 0.0000000000
17715  -41.953  -58.325  14.081 0.0000000000
16826  -41.011  -59.118  13.401 0.0000000000
18537  -36.461  -58.195  18.239 0.0000000000
17633  -37.353  -58.464  18.673 0.0000000000
17649  -37.407  -58.191  17.843 0.0000000000
17634  -38.020  -57.931  18.469 0.0000000000
17665  -37.658  -58.019  17.281 0.0000000000
17666  -38.153  -57.923  17.049 0.0000000000
18574  -37.457  -57.976  16.626 0.0000000000
20522  -39.518  -55.618  11.723 0.0000000000
19582  -38.771  -56.608  11.886 0.0000000000
18676  -40.144  -57.028  10.868 0.0000000000
20537  -40.703  -55.946  10.946 0.0000000000
10372  -44.178  -67.814  9.642 0.0000000000
12728  -37.494  -64.669  7.967 0.0000000000
11196  -37.000  -66.349  7.654 0.0000000000
11195  -35.980  -66.439  7.667 0.0000000000
15967  -46.419  -60.635  8.499 0.0000000000
15944  -46.645  -60.997  9.373 0.0000000000
15094  -47.226  -61.564  8.907 0.0000000000
18626  -41.308  -57.968  15.295 0.0000000000
19505  -35.646  -56.663  17.381 0.0000000000
19506  -35.870  -56.493  16.649 0.0000000000
19527  -36.243  -56.475  15.775 0.0000000000
20448  -36.342  -55.511  15.400 0.0000000000
21421  -38.786  -54.545  12.860 0.0000000000
9621  -40.875  -68.930  9.549 0.0000000000
11184  -43.731  -67.222  8.207 0.0000000000
8911  -42.475  -69.511  7.057 0.0000000000
8248  -41.406  -70.741  5.750 0.0000000000
7598  -40.949  -71.548  5.486 0.0000000000
8920  -39.815  -69.422  5.848 0.0000000000
8933  -40.290  -70.009  5.255 0.0000000000
8932  -39.263  -70.027  5.337 0.0000000000
8245  -38.652  -70.710  5.017 0.0000000000
8931  -38.228  -69.920  5.296 0.0000000000
12666  -43.288  -64.292  11.147 0.0000000000
14258  -46.509  -62.194  11.105 0.0000000000
14266  -46.232  -62.679  10.534 0.0000000000
13479  -45.010  -63.815  9.481 0.0000000000
12695  -44.729  -64.730  9.676 0.0000000000
12715  -44.342  -65.065  8.632 0.0000000000
11952  -44.142  -66.012  8.616 0.0000000000
13515  -43.790  -64.032  7.393 0.0000000000
12735  -43.887  -64.965  8.009 0.0000000000
11969  -42.820  -65.633  7.480 0.0000000000
14244  -43.001  -62.684  13.158 0.0000000000
15036  -44.248  -61.437  13.611 0.0000000000
16809  -43.706  -59.712  13.556 0.0000000000
15881  -44.066  -59.974  13.818 0.0000000000
15894  -44.582  -60.354  13.194 0.0000000000
16858  -44.563  -60.374  12.280 0.0000000000
16847  -44.348  -60.182  12.663 0.0000000000
15906  -42.595  -60.190  11.728 0.0000000000
15916  -42.818  -60.268  11.217 0.0000000000
16866  -42.325  -59.890  10.418 0.0000000000
19507  -40.011  -56.403  17.443 0.0000000000
18624  -40.282  -58.039  15.163 0.0000000000
17695  -39.604  -58.574  14.617 0.0000000000
18622  -37.042  -57.279  14.496 0.0000000000
17680  -37.355  -57.763  14.809 0.0000000000
18623  -37.577  -57.666  13.966 0.0000000000
17711  -38.531  -58.429  12.871 0.0000000000
17732  -39.293  -58.930  12.502 0.0000000000
16853  -39.872  -59.286  12.299 0.0000000000
16854  -40.461  -59.446  11.849 0.0000000000
17742  -39.648  -58.693  11.516 0.0000000000
18684  -40.743  -57.482  10.359 0.0000000000
17750  -41.075  -58.296  10.188 0.0000000000
18685  -41.435  -57.609  9.816 0.0000000000
17756  -42.231  -58.604  9.277 0.0000000000
11174  -42.825  -66.933  10.322 0.0000000000
9623  -43.389  -68.792  9.892 0.0000000000
9605  -43.107  -68.293  10.166 0.0000000000
8894  -42.371  -69.983  9.505 0.0000000000
8913  -43.383  -69.573  8.334 0.0000000000
8232  -43.237  -70.047  8.661 0.0000000000
6867  -42.308  -71.752  8.548 0.0000000000
14327  -45.102  -62.293  6.159 0.0000000000
13514  -41.965  -63.835  7.088 0.0000000000
11965  -38.602  -65.294  7.591 0.0000000000
11966  -39.751  -65.331  7.503 0.0000000000
10384  -39.548  -67.142  6.926 0.0000000000
10383  -38.529  -67.087  7.043 0.0000000000
10399  -36.986  -67.887  6.872 0.0000000000
9639  -37.425  -68.618  6.436 0.0000000000
8917  -36.864  -69.296  6.079 0.0000000000
15966  -45.237  -60.355  8.413 0.0000000000
21379  -36.509  -54.767  15.604 0.0000000000
21380  -36.915  -54.201  15.643 0.0000000000
10387  -42.543  -67.842  7.560 0.0000000000
9642  -40.294  -68.844  6.435 0.0000000000
9641  -39.373  -68.721  6.315 0.0000000000
13445  -44.289  -63.001  12.162 0.0000000000
13463  -45.336  -63.370  11.366 0.0000000000
14279  -47.009  -61.877  9.372 0.0000000000
14278  -46.343  -62.391  9.400 0.0000000000
14210  -43.133  -61.551  14.327 0.0000000000
16807  -42.713  -59.093  14.539 0.0000000000
16828  -43.276  -59.655  13.226 0.0000000000
16846  -43.633  -60.023  12.467 0.0000000000
16845  -42.463  -59.865  12.367 0.0000000000
16855  -41.373  -59.702  11.616 0.0000000000
18538  -38.653  -57.253  18.096 0.0000000000
18555  -39.348  -56.662  17.654 0.0000000000
18554  -38.802  -57.435  17.253 0.0000000000
18575  -38.656  -57.875  16.492 0.0000000000
19566  -37.584  -56.503  13.312 0.0000000000
19567  -38.109  -56.646  12.622 0.0000000000
18660  -38.427  -57.526  12.322 0.0000000000
17741  -39.195  -58.045  11.559 0.0000000000
17748  -39.819  -58.195  10.955 0.0000000000
18675  -39.521  -57.605  11.226 0.0000000000
19603  -41.594  -56.639  9.990 0.0000000000
11175  -43.697  -66.921  10.325 0.0000000000
10361  -43.399  -67.675  10.259 0.0000000000
10362  -43.924  -67.731  10.076 0.0000000000
9624  -43.884  -68.480  9.762 0.0000000000
8896  -43.590  -68.992  9.514 0.0000000000
13493  -38.560  -62.938  8.421 0.0000000000
12714  -38.987  -63.401  8.173 0.0000000000
13511  -39.599  -63.224  8.044 0.0000000000
12729  -38.039  -64.520  7.848 0.0000000000
11197  -38.021  -66.209  7.358 0.0000000000
10398  -35.999  -67.832  6.813 0.0000000000
15909  -45.459  -60.863  12.171 0.0000000000
15048  -46.166  -61.473  11.802 0.0000000000
15058  -46.572  -61.586  10.916 0.0000000000
15066  -46.805  -61.639  10.268 0.0000000000
15930  -46.247  -60.808  10.303 0.0000000000
15931  -46.726  -61.301  10.132 0.0000000000
15078  -46.979  -61.644  9.715 0.0000000000
14307  -47.096  -61.793  7.538 0.0000000000
15020  -41.993  -61.173  15.169 0.0000000000
15866  -41.899  -59.970  15.532 0.0000000000
16794  -41.694  -59.324  15.829 0.0000000000
16795  -42.186  -59.147  15.285 0.0000000000
17684  -42.178  -58.535  14.936 0.0000000000
18551  -35.897  -57.394  17.460 0.0000000000
18552  -36.636  -58.035  17.530 0.0000000000
18573  -36.365  -57.369  16.480 0.0000000000
18621  -36.583  -57.038  15.195 0.0000000000
21402  -36.486  -54.983  15.109 0.0000000000
20468  -36.863  -55.457  14.242 0.0000000000
20484  -37.417  -55.597  13.575 0.0000000000
20485  -37.953  -55.748  12.907 0.0000000000
21437  -38.559  -55.224  12.606 0.0000000000
21464  -39.944  -55.076  11.747 0.0000000000
10377  -44.357  -67.894  9.001 0.0000000000
8912  -42.954  -69.745  7.497 0.0000000000
8238  -42.507  -70.640  7.098 0.0000000000
6938  -41.475  -71.820  6.402 0.0000000000
7596  -39.059  -71.552  5.064 0.0000000000
7595  -38.021  -71.502  5.085 0.0000000000
12665  -42.238  -64.214  11.102 0.0000000000
12682  -43.752  -65.131  10.822 0.0000000000
11934  -44.082  -66.022  10.448 0.0000000000
14248  -46.312  -62.138  11.707 0.0000000000
14257  -46.077  -62.791  11.466 0.0000000000
11185  -44.205  -66.943  8.700 0.0000000000
11951  -43.782  -66.387  8.257 0.0000000000
11202  -43.143  -66.781  7.841 0.0000000000
13459  -41.697  -63.540  11.717 0.0000000000
13444  -43.365  -63.104  12.337 0.0000000000
15880  -43.342  -59.971  14.426 0.0000000000
15022  -43.926  -60.914  14.085 0.0000000000
15037  -44.779  -61.121  13.369 0.0000000000
15918  -44.814  -60.510  11.642 0.0000000000
15917  -43.731  -60.311  11.509 0.0000000000
15928  -44.211  -60.456  10.527 0.0000000000
15941  -43.642  -60.280  9.722 0.0000000000
16874  -43.668  -59.995  9.017 0.0000000000
18577  -40.766  -57.147  16.382 0.0000000000
18603  -41.104  -57.629  15.740 0.0000000000
18625  -40.962  -57.824  15.160 0.0000000000
18599  -37.040  -57.755  15.445 0.0000000000
17682  -38.604  -58.464  15.044 0.0000000000
17694  -38.271  -58.378  14.056 0.0000000000
17713  -40.401  -58.811  13.918 0.0000000000
17749  -40.385  -58.568  10.724 0.0000000000
16865  -41.387  -59.264  10.551 0.0000000000
16872  -42.014  -59.227  9.835 0.0000000000
17769  -42.795  -58.699  8.687 0.0000000000
11932  -42.264  -65.912  10.403 0.0000000000
11178  -41.898  -67.464  10.074 0.0000000000
10360  -42.791  -67.752  10.275 0.0000000000
9604  -42.661  -68.220  10.150 0.0000000000
8893  -41.506  -69.943  9.492 0.0000000000
9629  -44.025  -68.579  9.319 0.0000000000
8908  -43.576  -69.415  9.089 0.0000000000
8193  -43.176  -70.050  9.089 0.0000000000
7546  -42.519  -71.286  8.373 0.0000000000
8215  -42.873  -70.533  8.738 0.0000000000
8192  -42.607  -70.532  9.156 0.0000000000
15986  -46.016  -60.112  7.752 0.0000000000
15969  -47.658  -61.183  7.815 0.0000000000
15107  -47.417  -61.593  7.320 0.0000000000
14329  -46.681  -61.875  6.664 0.0000000000
14328  -45.998  -62.258  6.420 0.0000000000
13543  -45.470  -62.618  6.807 0.0000000000
13541  -43.599  -63.605  7.013 0.0000000000
14325  -43.173  -62.593  6.598 0.0000000000
12752  -43.019  -63.941  6.987 0.0000000000
12733  -42.579  -64.474  7.149 0.0000000000
13512  -40.204  -63.468  7.774 0.0000000000
13513  -41.182  -63.491  7.402 0.0000000000
11967  -40.841  -65.448  7.356 0.0000000000
9640  -38.403  -68.653  6.351 0.0000000000
8919  -38.824  -69.349  5.839 0.0000000000
7568  -42.419  -71.450  7.842 0.0000000000
10371  -42.244  -67.911  10.092 0.0000000000
11964  -37.439  -65.280  7.805 0.0000000000
12753  -43.179  -64.153  7.109 0.0000000000
13494  -39.212  -62.864  8.273 0.0000000000
14308  -47.505  -61.767  7.838 0.0000000000
15057  -46.345  -61.207  11.250 0.0000000000
15091  -38.820  -61.401  8.580 0.0000000000
15095  -47.500  -61.477  8.194 0.0000000000
15108  -47.583  -61.390  7.531 0.0000000000
15908  -44.838  -60.502  12.509 0.0000000000
16824  -39.779  -59.218  13.260 0.0000000000
16825  -40.136  -59.253  13.337 0.0000000000
16842  -39.786  -59.312  12.955 0.0000000000
17648  -36.852  -58.329  18.198 0.0000000000
17681  -37.802  -58.105  14.905 0.0000000000
17743  -40.237  -59.091  11.237 0.0000000000
18642  -37.368  -57.092  13.761 0.0000000000
18674  -38.936  -57.525  11.700 0.0000000000
19508  -40.569  -56.731  17.119 0.0000000000
19583  -39.183  -56.089  11.738 0.0000000000
19598  -40.297  -56.335  11.054 0.0000000000
20467  -36.553  -55.318  14.818 0.0000000000
20502  -38.929  -55.693  12.048 0.0000000000
22380  -37.490  -53.744  15.529 0.0000000000
