#!ascii label  , from subject sub.01.bl.01 vox2ras=TkReg
1648
4237  -38.279  -75.951  6.503 0.1000000015
4236  -37.882  -76.145  5.831 0.1000000015
4235  -37.048  -76.518  5.751 0.1000000015
4252  -37.513  -76.079  4.655 0.1000000015
4867  -38.199  -75.597  4.237 0.1000000015
4267  -36.980  -76.501  3.624 0.1000000015
4268  -37.965  -75.986  3.335 0.1000000015
4269  -38.485  -75.739  2.630 0.1000000015
4279  -37.312  -76.630  2.461 0.1000000015
4280  -38.074  -76.137  2.236 0.1000000015
4281  -38.657  -75.823  2.019 0.1000000015
4292  -38.312  -76.106  1.437 0.1000000015
4291  -37.500  -76.635  1.598 0.1000000015
4900  -38.896  -75.590  1.471 0.1000000015
6310  -38.556  -73.970  -0.047 0.1000000015
4300  -37.902  -76.370  1.006 0.1000000015
4915  -38.256  -75.639  0.401 0.1000000015
5502  -39.125  -74.517  5.574 0.1000000015
4854  -38.620  -75.281  5.597 0.1000000015
4855  -39.301  -74.698  5.969 0.1000000015
4853  -38.017  -75.710  5.080 0.1000000015
5520  -38.508  -74.494  4.768 0.1000000015
4868  -38.504  -75.174  4.214 0.1000000015
4878  -38.244  -75.682  3.620 0.1000000015
5539  -38.524  -74.939  3.217 0.1000000015
4888  -38.990  -75.334  2.292 0.1000000015
4901  -39.255  -75.150  1.655 0.1000000015
7655  -34.081  -71.347  -0.499 0.1000000015
7002  -34.690  -72.003  -0.673 0.1000000015
7003  -35.752  -72.544  -0.883 0.1000000015
6986  -36.538  -72.815  -0.062 0.1000000015
6987  -37.617  -73.013  -0.220 0.1000000015
6309  -38.307  -73.329  0.224 0.1000000015
6304  -38.766  -74.043  0.949 0.1000000015
5609  -38.984  -74.689  0.545 0.1000000015
6225  -40.555  -73.157  6.064 0.1000000015
6935  -39.422  -72.395  5.293 0.2000000030
6224  -39.639  -73.286  5.562 0.2000000030
5503  -39.776  -74.054  6.072 0.1000000015
6223  -38.851  -73.159  5.330 0.1000000015
6222  -38.178  -73.233  5.212 0.1000000015
6248  -38.964  -73.778  5.257 0.1000000015
11273  -36.649  -67.183  2.618 0.1000000015
10464  -36.181  -67.671  2.312 0.1000000015
5519  -37.970  -74.060  4.366 0.1000000015
10478  -36.558  -67.869  1.862 0.1000000015
9697  -36.016  -68.065  1.841 0.1000000015
9713  -35.081  -68.656  2.090 0.1000000015
8978  -33.982  -69.314  1.850 0.1000000015
8289  -33.598  -69.864  1.433 0.1000000015
7624  -33.387  -70.649  1.336 0.1000000015
5538  -38.041  -74.485  3.641 0.1000000015
8979  -34.856  -69.050  1.515 0.1000000015
8995  -34.172  -69.528  1.011 0.1000000015
6983  -33.646  -71.252  0.739 0.1000000015
6970  -33.525  -71.724  1.451 0.1000000015
6971  -34.593  -72.709  1.604 0.1000000015
6972  -36.075  -72.873  1.024 0.1000000015
5561  -38.196  -74.486  2.562 0.1000000015
5562  -39.025  -74.699  1.900 0.1000000015
8300  -33.714  -70.076  0.664 0.1000000015
7639  -33.816  -71.211  0.138 0.1000000015
6984  -34.207  -71.814  0.430 0.1000000015
6985  -35.267  -72.525  0.219 0.1000000015
6973  -37.251  -72.901  0.691 0.1000000015
6974  -37.863  -73.093  0.453 0.1000000015
5610  -39.216  -74.848  1.049 0.1000000015
6937  -41.089  -72.202  6.054 0.1000000015
6920  -41.431  -72.213  6.681 0.2000000030
6934  -38.376  -72.420  5.264 0.1000000015
12031  -38.484  -65.334  3.119 0.1000000015
11256  -37.885  -66.223  3.036 0.1000000015
6246  -37.769  -73.597  4.775 0.1000000015
5518  -37.487  -73.875  4.389 0.1000000015
5537  -37.213  -74.194  3.852 0.1000000015
10463  -35.498  -67.674  2.654 0.1000000015
8966  -34.523  -68.858  2.163 0.1000000015
8965  -33.923  -68.778  2.638 0.1000000015
8275  -33.149  -69.877  2.376 0.1000000015
6287  -34.523  -73.030  2.596 0.1000000015
6301  -35.746  -73.214  2.003 0.1000000015
6290  -37.634  -73.872  2.151 0.1000000015
5560  -37.514  -74.330  2.981 0.1000000015
6303  -37.972  -73.402  1.139 0.1000000015
6291  -38.360  -74.105  1.717 0.1000000015
8932  -39.263  -70.027  5.337 0.1000000015
8933  -40.290  -70.009  5.255 0.1000000015
8245  -38.652  -70.710  5.017 0.1000000015
8246  -39.706  -70.747  4.956 0.1000000015
8247  -40.678  -70.787  5.165 0.2000000030
7598  -40.949  -71.548  5.486 0.2000000030
7597  -40.070  -71.576  5.154 0.2000000030
7599  -41.496  -71.416  6.116 0.2000000030
6938  -41.475  -71.820  6.402 0.2000000030
7595  -38.021  -71.502  5.085 0.1000000015
6933  -37.500  -72.201  5.263 0.1000000015
6950  -36.661  -72.565  4.976 0.1000000015
12030  -37.394  -65.284  3.531 0.1000000015
10448  -35.543  -67.117  3.149 0.1000000015
10447  -34.638  -67.234  3.536 0.1000000015
6951  -37.548  -72.970  5.120 0.1000000015
6245  -36.974  -73.528  4.550 0.1000000015
12794  -38.243  -64.258  3.393 0.1000000015
10449  -36.103  -67.256  2.807 0.1000000015
8952  -33.392  -69.011  3.416 0.1000000015
7608  -32.844  -70.686  2.986 0.1000000015
6957  -33.705  -72.134  3.703 0.1000000015
6268  -34.830  -73.111  3.379 0.1000000015
6959  -35.251  -72.842  4.078 0.1000000015
6270  -36.418  -73.741  3.859 0.1000000015
12795  -39.016  -64.609  2.909 0.1000000015
7615  -32.919  -70.999  2.385 0.1000000015
6964  -33.568  -72.256  2.591 0.1000000015
6288  -35.347  -73.389  2.757 0.1000000015
6289  -36.486  -73.875  2.807 0.1000000015
12810  -39.478  -64.003  2.626 0.1000000015
13596  -39.908  -63.261  2.320 0.1000000015
13597  -40.706  -63.378  1.935 0.1000000015
14390  -40.409  -62.369  2.156 0.1000000015
8918  -37.833  -69.309  5.926 0.1000000015
8931  -38.228  -69.920  5.296 0.1000000015
8917  -36.864  -69.296  6.079 0.1000000015
8930  -37.228  -69.921  5.497 0.1000000015
8920  -39.815  -69.422  5.848 0.1000000015
8934  -41.055  -70.171  5.606 0.2000000030
8929  -36.287  -69.954  5.801 0.1000000015
8244  -37.599  -70.665  5.100 0.1000000015
8248  -41.406  -70.741  5.750 0.2000000030
8916  -35.915  -69.225  6.121 0.1000000015
8243  -36.627  -70.636  5.384 0.1000000015
14377  -38.230  -62.267  3.495 0.1000000015
13583  -37.817  -63.251  3.697 0.1000000015
12793  -37.380  -64.197  3.964 0.1000000015
12016  -36.777  -64.830  4.058 0.1000000015
12029  -36.302  -65.559  3.809 0.1000000015
11254  -35.482  -66.354  3.723 0.1000000015
8915  -35.087  -69.137  6.094 0.1000000015
8928  -35.329  -69.821  5.780 0.1000000015
7594  -36.936  -71.536  5.267 0.1000000015
10446  -33.959  -67.447  3.957 0.1000000015
9665  -33.521  -68.039  4.287 0.1000000015
8940  -33.271  -69.189  4.341 0.1000000015
7603  -34.554  -71.410  4.849 0.1000000015
7604  -35.416  -71.720  4.946 0.1000000015
15176  -38.646  -61.314  3.259 0.1000000015
9680  -33.947  -68.080  3.385 0.1000000015
7602  -33.675  -71.378  4.380 0.1000000015
6947  -34.223  -71.976  4.307 0.1000000015
6948  -34.918  -72.175  4.478 0.1000000015
6949  -35.715  -72.415  4.675 0.1000000015
14388  -38.980  -62.268  3.086 0.1000000015
13595  -39.229  -63.149  2.795 0.1000000015
15189  -39.369  -61.351  2.807 0.1000000015
14389  -39.657  -62.300  2.585 0.1000000015
15190  -40.139  -61.390  2.416 0.1000000015
15191  -40.869  -61.436  1.884 0.1000000015
15192  -41.748  -61.484  1.576 0.1000000015
8919  -38.824  -69.349  5.839 0.1000000015
9638  -36.449  -68.564  6.455 0.1000000015
10399  -36.986  -67.887  6.872 0.1000000015
9640  -38.403  -68.653  6.351 0.1000000015
8921  -40.756  -69.575  6.048 0.1000000015
9637  -35.482  -68.524  6.435 0.1000000015
10398  -35.999  -67.832  6.813 0.1000000015
9641  -39.373  -68.721  6.315 0.1000000015
9636  -34.495  -68.485  6.192 0.1000000015
8922  -41.790  -69.806  6.315 0.2000000030
12015  -36.024  -64.885  4.357 0.1000000015
9652  -33.895  -68.739  5.629 0.1000000015
8927  -34.389  -69.453  5.619 0.1000000015
9643  -41.192  -68.897  6.707 0.1000000015
14376  -37.570  -62.292  4.088 0.1000000015
11253  -34.730  -66.527  4.029 0.1000000015
10432  -33.739  -67.000  4.484 0.1000000015
8926  -33.590  -69.364  5.118 0.1000000015
8252  -33.918  -70.806  4.955 0.1000000015
16071  -39.011  -60.386  2.911 0.1000000015
16072  -39.790  -60.421  2.544 0.1000000015
17002  -40.186  -59.479  2.221 0.1000000015
17878  -40.617  -58.517  1.961 0.1000000015
16073  -40.545  -60.450  2.080 0.1000000015
17003  -40.990  -59.488  1.783 0.1000000015
16074  -41.369  -60.478  1.659 0.1000000015
10380  -35.527  -67.153  7.220 0.1000000015
10381  -36.506  -67.161  7.294 0.1000000015
11194  -34.987  -66.468  7.547 0.1000000015
10382  -37.514  -67.117  7.206 0.1000000015
10397  -35.029  -67.795  6.759 0.1000000015
10400  -37.973  -67.877  6.753 0.1000000015
9642  -40.294  -68.844  6.435 0.1000000015
10395  -33.610  -67.302  6.003 0.1000000015
10396  -34.137  -67.505  6.578 0.1000000015
10402  -39.913  -68.019  6.647 0.1000000015
15175  -37.961  -61.270  3.820 0.1000000015
14364  -36.933  -62.363  4.668 0.1000000015
13575  -37.198  -63.280  4.358 0.1000000015
12779  -35.777  -64.164  4.964 0.1000000015
11238  -34.333  -66.184  4.540 0.1000000015
11237  -33.648  -66.337  5.073 0.1000000015
10417  -33.460  -67.251  5.156 0.1000000015
9635  -33.814  -68.089  5.974 0.1000000015
16056  -38.363  -60.311  3.474 0.1000000015
11239  -35.054  -65.981  4.285 0.1000000015
10433  -34.246  -66.883  4.107 0.1000000015
9651  -33.519  -68.282  5.219 0.1000000015
9631  -42.067  -68.851  7.149 0.1000000015
17000  -38.717  -59.413  3.091 0.1000000015
17876  -39.090  -58.502  2.794 0.1000000015
17001  -39.410  -59.459  2.617 0.1000000015
17877  -39.818  -58.522  2.360 0.1000000015
18808  -41.082  -57.540  1.770 0.1000000015
18809  -42.051  -57.538  1.652 0.1000000015
11962  -35.464  -65.701  7.960 0.1000000015
11195  -35.980  -66.439  7.667 0.1000000015
11196  -37.000  -66.349  7.654 0.1000000015
11193  -34.056  -66.591  7.103 0.1000000015
11961  -34.474  -65.508  7.618 0.1000000015
10383  -38.529  -67.087  7.043 0.1000000015
10401  -38.961  -67.910  6.652 0.1000000015
11226  -33.593  -66.506  5.789 0.1000000015
11960  -33.790  -66.001  7.042 0.1000000015
16985  -38.139  -59.328  3.644 0.1000000015
12780  -36.670  -64.147  4.511 0.1000000015
12013  -34.148  -65.540  5.169 0.1000000015
12012  -33.726  -65.852  5.629 0.1000000015
11998  -33.700  -65.844  6.246 0.1000000015
10384  -39.548  -67.142  6.926 0.1000000015
10403  -40.704  -68.181  6.761 0.1000000015
16055  -37.719  -60.130  4.147 0.1000000015
15158  -37.292  -61.273  4.545 0.1000000015
13574  -36.473  -63.269  4.831 0.1000000015
13561  -35.861  -63.224  5.288 0.1000000015
12014  -35.086  -65.110  4.799 0.1000000015
10385  -40.539  -67.307  6.867 0.1000000015
17867  -38.408  -58.460  3.258 0.1000000015
19700  -39.366  -56.252  2.832 0.1000000015
19710  -39.212  -56.868  2.781 0.1000000015
20675  -40.380  -55.771  2.458 0.1000000015
19711  -39.857  -56.638  2.477 0.1000000015
19712  -40.685  -56.598  2.045 0.1000000015
19713  -41.591  -56.558  1.757 0.1000000015
20676  -41.209  -55.669  2.171 0.1000000015
12727  -34.496  -64.449  7.314 0.1000000015
12709  -34.804  -64.437  8.053 0.1000000015
11947  -35.175  -64.995  8.133 0.1000000015
11964  -37.439  -65.280  7.805 0.1000000015
13537  -34.715  -63.452  6.930 0.1000000015
13560  -35.279  -63.308  5.705 0.1000000015
13559  -34.703  -63.795  6.036 0.1000000015
11197  -38.021  -66.209  7.358 0.1000000015
17866  -37.882  -58.475  3.785 0.1000000015
17849  -37.490  -58.511  4.313 0.1000000015
15157  -36.709  -61.636  5.020 0.1000000015
12766  -35.503  -63.745  5.328 0.1000000015
12765  -35.089  -64.259  5.379 0.1000000015
11198  -39.115  -66.243  7.298 0.1000000015
18796  -38.118  -57.479  3.601 0.1000000015
10386  -41.507  -67.777  7.133 0.1000000015
19699  -38.742  -56.357  3.295 0.1000000015
20661  -39.346  -55.571  3.024 0.1000000015
21631  -40.190  -54.300  2.950 0.1000000015
21645  -40.818  -54.763  2.581 0.1000000015
22589  -40.973  -53.583  2.940 0.1000000015
23619  -41.546  -52.519  3.183 0.1000000015
21646  -41.699  -54.776  2.327 0.1000000015
11948  -35.906  -64.969  8.303 0.1000000015
11963  -36.422  -65.619  7.977 0.1000000015
11950  -37.231  -64.729  8.029 0.1000000015
12728  -37.494  -64.669  7.967 0.1000000015
17830  -37.008  -58.500  4.867 0.1000000015
16017  -36.565  -60.251  5.308 0.1000000015
15138  -36.206  -61.231  5.685 0.1000000015
13538  -34.951  -63.121  6.303 0.1000000015
20645  -38.378  -55.459  3.883 0.1000000015
19685  -38.028  -56.463  4.051 0.1000000015
18779  -37.317  -57.719  4.520 0.1000000015
16968  -37.316  -59.322  4.561 0.1000000015
15139  -36.803  -60.930  5.087 0.1000000015
14363  -36.343  -62.372  5.209 0.1000000015
20660  -38.905  -55.292  3.417 0.1000000015
21630  -39.432  -54.590  3.252 0.1000000015
22572  -39.388  -53.278  3.948 0.1000000015
22588  -39.898  -53.580  3.470 0.1000000015
23604  -40.098  -52.108  4.228 0.1000000015
23618  -40.401  -52.566  3.722 0.1000000015
24585  -40.465  -51.712  4.103 0.1000000015
24586  -41.120  -51.682  3.643 0.1000000015
24587  -42.095  -51.594  3.457 0.1000000015
14301  -35.029  -62.926  7.412 0.1000000015
13489  -35.137  -63.863  8.322 0.1000000015
12711  -36.284  -64.174  8.566 0.1000000015
13491  -36.729  -63.402  8.793 0.1000000015
14323  -35.120  -62.561  6.869 0.1000000015
15137  -35.599  -61.890  6.327 0.1000000015
21613  -38.202  -54.592  4.372 0.1000000015
20644  -37.768  -55.555  4.518 0.1000000015
21629  -38.753  -54.538  3.767 0.1000000015
24575  -39.993  -51.608  4.481 0.1000000015
25490  -42.134  -50.097  4.085 0.1000000015
13510  -35.224  -62.781  8.032 0.1000000015
13477  -36.511  -62.716  9.040 0.1000000015
19684  -37.330  -56.655  4.691 0.1000000015
16952  -36.776  -59.395  5.103 0.1000000015
16951  -36.364  -59.553  5.536 0.1000000015
15119  -35.711  -61.029  6.436 0.1000000015
23602  -38.797  -52.951  4.854 0.1000000015
23603  -39.421  -52.480  4.465 0.1000000015
25502  -40.339  -51.242  4.379 0.1000000015
25503  -40.765  -51.030  4.094 0.1000000015
26434  -41.673  -49.522  4.556 0.1000000015
26425  -42.106  -48.797  4.926 0.1000000015
15104  -35.397  -61.244  8.041 0.1000000015
16001  -35.869  -60.286  6.214 0.1000000015
16000  -35.655  -60.358  6.964 0.1000000015
15981  -35.544  -60.517  7.643 0.1000000015
21612  -37.617  -54.603  5.016 0.1000000015
20626  -37.177  -55.601  5.199 0.1000000015
18763  -36.835  -57.538  5.132 0.1000000015
17829  -36.361  -58.511  5.637 0.1000000015
16936  -35.968  -59.447  5.981 0.1000000015
22570  -38.056  -53.857  4.808 0.1000000015
26423  -40.383  -49.446  5.366 0.1000000015
26424  -41.216  -48.999  5.060 0.1000000015
27421  -41.039  -48.008  6.046 0.1000000015
27433  -41.658  -48.191  5.540 0.1000000015
17810  -35.909  -58.710  6.441 0.1000000015
19670  -36.735  -56.530  5.429 0.1000000015
18762  -36.409  -57.336  5.761 0.1000000015
18745  -36.000  -57.641  6.572 0.1000000015
23584  -38.459  -52.364  5.379 0.1000000015
25487  -39.431  -50.994  5.240 0.1000000015
25488  -40.136  -50.620  4.877 0.1000000015
27432  -40.796  -48.591  5.650 0.1000000015
28439  -40.704  -47.581  6.551 0.1000000015
22550  -37.616  -53.408  5.562 0.1000000015
24565  -39.021  -51.435  5.367 0.1000000015
25478  -39.082  -50.449  5.877 0.1000000015
26422  -39.705  -49.446  5.953 0.1000000015
27431  -40.198  -48.852  5.927 0.1000000015
28438  -40.121  -47.905  6.686 0.1000000015
29363  -40.298  -46.935  7.482 0.1000000015
28418  -39.571  -47.720  7.242 0.1000000015
24564  -38.558  -51.399  5.850 0.1000000015
26414  -39.069  -49.430  6.604 0.1000000015
27419  -39.735  -48.600  6.541 0.1000000015
27405  -39.066  -48.623  7.160 0.1000000015
4879  -38.414  -75.480  3.332 0.1000000015
5521  -39.251  -74.042  5.442 0.1000000015
7004  -37.039  -73.133  -1.181 0.1000000015
6936  -40.337  -72.375  5.546 0.2000000030
6247  -38.404  -73.755  4.967 0.1000000015
11255  -36.590  -66.485  3.143 0.1000000015
9695  -34.759  -68.242  2.575 0.1000000015
7638  -33.662  -70.715  0.395 0.1000000015
6965  -34.134  -72.726  2.348 0.1000000015
6300  -35.026  -73.154  2.217 0.1000000015
6302  -36.896  -73.320  1.636 0.1000000015
7596  -39.059  -71.552  5.064 0.1000000015
9694  -34.251  -68.258  2.918 0.1000000015
8260  -32.881  -70.347  2.813 0.1000000015
6267  -34.011  -72.857  3.209 0.1000000015
9681  -34.472  -67.878  3.057 0.1000000015
6244  -36.052  -73.160  4.352 0.1000000015
12809  -38.914  -63.850  3.019 0.1000000015
8261  -32.993  -70.082  3.434 0.1000000015
7609  -33.058  -71.209  3.486 0.1000000015
6958  -34.444  -72.582  3.908 0.1000000015
6269  -35.696  -73.404  3.554 0.1000000015
12811  -40.277  -64.317  2.297 0.1000000015
9639  -37.425  -68.618  6.436 0.1000000015
8242  -35.694  -70.561  5.506 0.1000000015
7593  -36.004  -71.248  5.264 0.1000000015
8241  -34.688  -70.487  5.344 0.1000000015
7592  -35.255  -71.105  5.221 0.1000000015
7605  -36.118  -71.926  5.115 0.1000000015
8251  -33.322  -70.331  4.475 0.1000000015
18807  -40.238  -57.565  2.168 0.1000000015
17879  -41.526  -58.518  1.723 0.1000000015
11214  -33.796  -66.972  6.600 0.1000000015
18806  -39.489  -57.604  2.579 0.1000000015
12764  -34.527  -64.504  5.824 0.1000000015
12751  -34.378  -64.442  6.476 0.1000000015
22606  -41.374  -54.200  2.568 0.1000000015
23620  -42.507  -52.224  2.994 0.1000000015
16016  -36.170  -60.154  5.719 0.1000000015
17684  -42.178  -58.535  14.936 0.5000000000
13441  -39.977  -63.091  12.675 0.5000000000
14241  -39.586  -62.692  13.558 0.5000000000
17697  -41.592  -58.197  14.727 0.5000000000
16807  -42.713  -59.093  14.539 0.5000000000
15879  -42.585  -59.909  15.014 0.5000000000
14242  -40.741  -62.656  13.379 0.5000000000
17714  -41.372  -58.484  13.992 0.5000000000
17698  -42.215  -58.498  14.354 0.5000000000
17715  -41.953  -58.325  14.081 0.5000000000
16827  -42.290  -58.901  13.527 0.5000000000
16808  -43.328  -59.442  13.880 0.4000000060
13459  -41.697  -63.540  11.717 0.5000000000
12665  -42.238  -64.214  11.102 0.5000000000
13460  -42.789  -63.598  11.683 0.5000000000
12666  -43.288  -64.292  11.147 0.5000000000
12667  -44.156  -64.268  11.171 0.5000000000
12684  -45.062  -63.899  10.502 0.4000000060
12696  -45.059  -63.924  9.934 0.4000000060
13393  -38.599  -63.422  16.256 0.1000000015
14224  -39.326  -62.504  14.397 0.5000000000
18626  -41.308  -57.968  15.295 0.5000000000
16795  -42.186  -59.147  15.285 0.5000000000
15008  -42.165  -60.567  15.257 0.4000000060
17696  -40.742  -58.259  14.576 0.5000000000
17695  -39.604  -58.574  14.617 0.5000000000
17694  -38.271  -58.378  14.056 0.5000000000
17712  -39.419  -59.025  13.480 0.5000000000
17713  -40.401  -58.811  13.918 0.5000000000
17711  -38.531  -58.429  12.871 0.4000000060
16826  -41.011  -59.118  13.401 0.5000000000
16843  -40.428  -59.440  12.758 0.3000000119
15881  -44.066  -59.974  13.818 0.6999999881
15022  -43.926  -60.914  14.085 0.5000000000
17732  -39.293  -58.930  12.502 0.3000000119
16853  -39.872  -59.286  12.299 0.3000000119
16844  -41.347  -59.523  12.631 0.3000000119
16809  -43.706  -59.712  13.556 0.5000000000
15023  -44.371  -60.559  13.640 0.6000000238
14228  -43.676  -61.911  13.667 0.6000000238
14227  -42.596  -62.141  13.893 0.6000000238
13442  -41.194  -63.075  12.526 0.5000000000
16854  -40.461  -59.446  11.849 0.3000000119
16846  -43.633  -60.023  12.467 0.4000000060
15894  -44.582  -60.354  13.194 0.5000000000
15036  -44.248  -61.437  13.611 0.6000000238
14245  -43.952  -62.481  12.854 0.6000000238
13443  -42.325  -63.076  12.416 0.5000000000
16855  -41.373  -59.702  11.616 0.4000000060
15907  -43.067  -60.226  11.911 0.4000000060
15037  -44.779  -61.121  13.369 0.5000000000
13444  -43.365  -63.104  12.337 0.5000000000
16856  -42.072  -60.072  11.291 0.4000000060
15916  -42.818  -60.268  11.217 0.4000000060
16857  -44.241  -60.255  12.145 0.5000000000
15038  -45.470  -61.377  12.620 0.5000000000
14230  -45.153  -61.831  12.912 0.4000000060
13445  -44.289  -63.001  12.162 0.5000000000
13461  -43.767  -63.619  11.660 0.5000000000
15917  -43.731  -60.311  11.509 0.4000000060
15918  -44.814  -60.510  11.642 0.5000000000
14247  -45.773  -62.308  12.306 0.4000000060
13463  -45.336  -63.370  11.366 0.4000000060
13462  -44.601  -63.532  11.574 0.5000000000
15919  -45.954  -60.792  11.285 0.5000000000
15049  -46.456  -61.844  11.432 0.4000000060
14257  -46.077  -62.791  11.466 0.4000000060
15058  -46.572  -61.586  10.916 0.3000000119
14258  -46.509  -62.194  11.105 0.4000000060
14266  -46.232  -62.679  10.534 0.3000000119
14278  -46.343  -62.391  9.400 0.3000000119
13480  -45.505  -63.268  9.956 0.3000000119
12612  -39.130  -64.217  16.996 0.1000000015
12611  -38.587  -64.308  16.468 0.1000000015
12596  -39.674  -64.142  17.455 0.1000000015
13394  -39.147  -63.453  16.928 0.1000000015
14182  -39.459  -62.529  16.571 0.4000000060
14192  -39.330  -62.478  15.803 0.4000000060
14206  -38.980  -62.559  15.123 0.4000000060
14207  -39.870  -62.262  15.112 0.5000000000
14225  -40.345  -62.370  14.276 0.5000000000
17683  -41.547  -58.396  15.682 0.5000000000
15866  -41.899  -59.970  15.532 0.4000000060
14208  -41.023  -61.689  15.067 0.5000000000
18624  -40.282  -58.039  15.163 0.5000000000
18625  -40.962  -57.824  15.160 0.5000000000
17682  -38.604  -58.464  15.044 0.5000000000
18623  -37.577  -57.666  13.966 0.4000000060
18643  -37.838  -57.536  13.197 0.2000000030
19567  -38.109  -56.646  12.622 0.2000000030
17731  -38.899  -58.259  12.011 0.3000000119
17742  -39.648  -58.693  11.516 0.3000000119
16864  -40.717  -59.304  11.128 0.4000000060
18660  -38.427  -57.526  12.322 0.3000000119
17748  -39.819  -58.195  10.955 0.3000000119
19596  -39.166  -57.051  11.509 0.3000000119
18683  -40.057  -57.780  10.731 0.4000000060
16865  -41.387  -59.264  10.551 0.4000000060
17750  -41.075  -58.296  10.188 0.3000000119
15927  -43.204  -60.312  10.454 0.4000000060
15928  -44.211  -60.456  10.527 0.4000000060
17755  -41.636  -58.470  9.782 0.3000000119
16873  -42.818  -59.634  9.447 0.3000000119
15942  -44.563  -60.444  9.277 0.3000000119
15929  -45.302  -60.603  10.447 0.4000000060
15930  -46.247  -60.808  10.303 0.3000000119
15066  -46.805  -61.639  10.268 0.4000000060
14267  -46.849  -62.058  10.252 0.3000000119
15966  -45.237  -60.355  8.413 0.2000000030
15967  -46.419  -60.635  8.499 0.2000000030
15945  -46.939  -61.421  9.271 0.3000000119
14279  -47.009  -61.877  9.372 0.3000000119
15987  -47.110  -60.408  7.482 0.1000000015
15968  -47.315  -61.102  8.359 0.2000000030
17836  -49.292  -58.362  4.607 0.1000000015
13373  -39.709  -63.396  17.431 0.1000000015
14164  -39.732  -62.770  17.289 0.2000000030
18578  -41.242  -57.589  16.435 0.5000000000
16794  -41.694  -59.324  15.829 0.4000000060
16783  -41.395  -59.217  16.485 0.4000000060
14998  -40.928  -60.695  16.374 0.4000000060
14194  -40.818  -61.409  15.727 0.5000000000
18601  -39.398  -58.057  15.680 0.5000000000
18602  -40.440  -57.542  15.760 0.5000000000
18603  -41.104  -57.629  15.740 0.4000000060
17680  -37.355  -57.763  14.809 0.4000000060
18600  -38.141  -58.055  15.679 0.4000000060
18622  -37.042  -57.279  14.496 0.4000000060
17693  -37.590  -57.862  14.436 0.5000000000
19546  -36.566  -56.223  14.791 0.3000000119
19547  -37.062  -56.372  13.981 0.3000000119
19566  -37.584  -56.503  13.312 0.3000000119
20485  -37.953  -55.748  12.907 0.2000000030
19582  -38.771  -56.608  11.886 0.2000000030
21421  -38.786  -54.545  12.860 0.1000000015
20522  -39.518  -55.618  11.723 0.3000000119
21464  -39.944  -55.076  11.747 0.1000000015
19597  -39.588  -56.490  11.398 0.3000000119
18684  -40.743  -57.482  10.359 0.3000000119
20523  -40.237  -55.689  11.390 0.2000000030
20537  -40.703  -55.946  10.946 0.2000000030
19603  -41.594  -56.639  9.990 0.2000000030
17756  -42.231  -58.604  9.277 0.2000000030
16890  -43.346  -59.407  8.652 0.2000000030
19609  -42.569  -56.782  9.313 0.2000000030
17769  -42.795  -58.699  8.687 0.2000000030
16891  -44.279  -59.776  8.199 0.2000000030
19618  -42.878  -57.315  8.780 0.2000000030
17770  -43.505  -58.713  8.165 0.1000000015
15985  -45.332  -60.084  7.844 0.2000000030
18728  -44.797  -57.712  7.399 0.1000000015
17792  -44.692  -58.663  7.409 0.1000000015
16916  -46.626  -59.430  6.780 0.1000000015
18729  -45.722  -57.617  6.681 0.1000000015
17814  -46.474  -58.407  6.346 0.1000000015
16917  -47.956  -59.825  6.590 0.1000000015
17815  -47.540  -58.283  5.766 0.1000000015
17816  -48.494  -58.581  5.461 0.1000000015
19688  -49.076  -56.999  3.764 0.1000000015
14183  -39.876  -62.011  16.916 0.3000000119
15825  -40.961  -60.884  18.159 0.3000000119
14997  -40.434  -61.171  16.946 0.3000000119
14193  -40.152  -61.813  16.013 0.4000000060
15844  -40.960  -59.990  17.924 0.3000000119
15843  -40.735  -60.733  17.506 0.3000000119
19509  -41.063  -57.069  16.918 0.4000000060
17667  -41.424  -58.306  16.817 0.5000000000
15853  -40.913  -60.202  16.993 0.4000000060
15865  -41.380  -60.054  16.167 0.4000000060
15006  -40.732  -61.201  16.144 0.5000000000
18574  -37.457  -57.976  16.626 0.4000000060
18575  -38.656  -57.875  16.492 0.4000000060
18577  -40.766  -57.147  16.382 0.5000000000
18572  -35.875  -57.030  16.954 0.4000000060
18573  -36.365  -57.369  16.480 0.4000000060
18599  -37.040  -57.755  15.445 0.4000000060
19527  -36.243  -56.475  15.775 0.4000000060
18621  -36.583  -57.038  15.195 0.4000000060
19506  -35.870  -56.493  16.649 0.4000000060
20424  -36.031  -55.342  16.442 0.3000000119
21402  -36.486  -54.983  15.109 0.3000000119
20468  -36.863  -55.457  14.242 0.3000000119
21403  -36.933  -54.502  14.780 0.3000000119
21419  -37.332  -54.872  13.964 0.2000000030
22401  -38.556  -53.746  13.965 0.1000000015
22415  -39.417  -53.976  13.017 0.1000000015
21439  -40.146  -54.570  12.102 0.1000000015
21465  -40.612  -55.004  11.703 0.1000000015
20538  -41.315  -55.894  10.646 0.2000000030
21466  -41.393  -54.875  11.641 0.1000000015
20525  -41.780  -55.299  11.052 0.2000000030
20552  -42.695  -55.960  9.847 0.2000000030
19619  -43.415  -56.965  8.593 0.1000000015
20573  -43.867  -56.157  8.751 0.1000000015
19620  -44.365  -56.705  8.027 0.1000000015
19621  -44.961  -56.248  8.016 0.1000000015
18749  -46.796  -57.553  6.185 0.1000000015
19642  -46.331  -56.368  6.817 0.1000000015
18751  -48.519  -57.194  5.224 0.1000000015
20631  -49.285  -56.894  4.638 0.1000000015
19676  -48.921  -57.043  4.827 0.1000000015
20648  -49.894  -56.220  3.636 0.1000000015
21616  -49.366  -55.330  3.927 0.1000000015
22555  -49.155  -54.384  4.464 0.1000000015
22538  -49.404  -53.773  5.049 0.1000000015
14969  -41.314  -61.418  18.560 0.3000000119
14148  -41.659  -62.252  18.713 0.2000000030
16761  -41.641  -59.091  18.279 0.3000000119
17651  -41.539  -58.290  17.719 0.4000000060
18540  -41.565  -57.585  18.319 0.3000000119
17665  -37.658  -58.019  17.281 0.3000000119
17666  -38.153  -57.923  17.049 0.3000000119
18554  -38.802  -57.435  17.253 0.4000000060
19507  -40.011  -56.403  17.443 0.4000000060
19474  -41.021  -56.646  18.510 0.3000000119
18551  -35.897  -57.394  17.460 0.3000000119
18553  -37.265  -58.093  17.304 0.3000000119
19487  -39.837  -56.071  18.189 0.4000000060
19488  -40.489  -56.374  17.916 0.4000000060
20380  -35.659  -55.238  18.712 0.3000000119
19505  -35.646  -56.663  17.381 0.3000000119
20423  -35.683  -55.936  17.191 0.3000000119
21313  -36.060  -54.426  18.288 0.3000000119
20399  -35.769  -55.195  17.629 0.3000000119
21331  -36.274  -54.435  17.289 0.3000000119
21379  -36.509  -54.767  15.604 0.3000000119
21380  -36.915  -54.201  15.643 0.3000000119
22400  -37.783  -53.851  14.689 0.2000000030
23404  -39.568  -53.057  14.617 0.1000000015
23405  -40.134  -52.921  14.623 0.1000000015
22417  -41.436  -53.325  13.529 0.1000000015
22435  -41.172  -53.921  12.744 0.1000000015
22436  -42.112  -53.721  12.703 0.1000000015
21467  -42.226  -54.742  11.519 0.1000000015
20540  -43.146  -55.338  10.398 0.2000000030
21486  -43.879  -54.784  10.738 0.2000000030
20541  -44.038  -55.133  9.989 0.2000000030
20554  -44.330  -55.491  9.217 0.1000000015
20542  -44.839  -55.022  9.726 0.1000000015
20555  -45.293  -55.262  9.009 0.1000000015
20556  -45.986  -55.232  8.544 0.1000000015
20575  -45.516  -55.779  8.095 0.1000000015
20597  -47.231  -55.838  6.724 0.1000000015
20576  -46.452  -55.443  7.823 0.1000000015
20613  -47.789  -56.446  6.142 0.1000000015
20614  -48.579  -56.267  5.560 0.1000000015
20632  -49.883  -56.656  4.253 0.1000000015
21617  -50.358  -55.480  3.761 0.1000000015
21597  -50.580  -55.362  4.487 0.1000000015
22573  -49.976  -54.896  3.908 0.1000000015
22556  -50.419  -54.495  4.393 0.1000000015
23565  -50.246  -53.271  5.406 0.1000000015
23538  -49.264  -52.829  6.745 0.1000000015
14971  -43.379  -61.455  18.901 0.2000000030
14149  -42.742  -62.352  18.699 0.2000000030
15828  -43.813  -60.567  19.189 0.2000000030
16762  -42.415  -59.459  18.899 0.3000000119
16746  -43.595  -59.210  19.526 0.2000000030
17650  -38.099  -57.801  17.651 0.3000000119
18555  -39.348  -56.662  17.654 0.3000000119
18541  -41.959  -57.731  18.966 0.3000000119
18536  -35.895  -57.883  18.451 0.3000000119
18537  -36.461  -58.195  18.239 0.3000000119
17649  -37.407  -58.191  17.843 0.3000000119
18538  -38.653  -57.253  18.096 0.3000000119
18539  -39.275  -56.620  18.619 0.3000000119
19473  -40.429  -56.065  18.724 0.3000000119
20379  -35.411  -56.286  19.093 0.3000000119
19471  -35.474  -57.199  18.988 0.3000000119
18520  -39.754  -56.946  19.640 0.3000000119
19459  -39.927  -56.308  19.411 0.3000000119
18521  -40.814  -56.610  19.875 0.2000000030
18522  -41.507  -57.216  19.310 0.2000000030
21298  -36.147  -54.316  19.468 0.2000000030
22313  -36.363  -53.823  18.748 0.3000000119
22336  -36.518  -53.751  17.961 0.3000000119
22359  -36.713  -53.732  17.121 0.3000000119
21355  -37.109  -53.894  16.008 0.3000000119
23363  -37.983  -52.962  16.408 0.2000000030
22381  -38.468  -53.273  15.199 0.1000000015
23364  -38.663  -52.741  16.096 0.2000000030
23387  -39.336  -52.801  15.253 0.1000000015
23388  -40.409  -52.645  15.426 0.1000000015
23407  -42.135  -52.667  14.846 0.1000000015
23391  -43.242  -52.547  15.994 0.1000000015
22383  -44.819  -53.299  16.552 0.1000000015
23417  -41.917  -52.871  14.036 0.1000000015
23408  -43.067  -52.509  15.042 0.1000000015
23409  -43.811  -52.810  15.352 0.1000000015
22384  -45.614  -53.736  16.038 0.1000000015
22364  -46.277  -54.014  16.686 0.1000000015
22341  -47.429  -53.581  17.615 0.1000000015
22418  -42.500  -53.229  13.397 0.1000000015
22419  -43.515  -53.314  13.486 0.1000000015
22420  -44.561  -53.335  13.683 0.1000000015
22406  -44.788  -53.307  15.130 0.1000000015
21356  -47.035  -54.444  16.184 0.1000000015
21357  -47.742  -54.755  16.527 0.1000000015
21442  -42.670  -54.305  12.125 0.1000000015
22437  -43.106  -53.826  12.759 0.1000000015
21487  -44.728  -54.745  10.534 0.1000000015
21502  -46.816  -54.862  8.669 0.1000000015
21523  -47.278  -55.282  7.491 0.1000000015
20598  -48.026  -55.856  6.418 0.1000000015
21574  -48.887  -55.573  5.997 0.1000000015
21575  -49.990  -55.202  5.550 0.1000000015
20615  -49.665  -55.908  5.001 0.1000000015
21598  -51.073  -54.760  5.030 0.1000000015
22557  -51.451  -54.159  4.735 0.1000000015
23587  -51.401  -53.510  5.110 0.1000000015
17589  -43.766  -58.536  21.536 0.2000000030
17618  -42.864  -58.403  19.611 0.2000000030
17636  -42.296  -58.351  18.861 0.3000000119
17588  -42.634  -58.249  21.423 0.2000000030
17604  -43.126  -58.101  20.493 0.2000000030
18511  -42.638  -57.999  19.848 0.2000000030
18524  -42.617  -58.095  19.617 0.3000000119
17613  -36.532  -58.636  19.888 0.3000000119
17614  -37.159  -58.874  19.396 0.3000000119
17615  -38.171  -58.550  19.492 0.3000000119
17616  -38.934  -57.833  19.746 0.3000000119
18505  -35.859  -57.576  20.463 0.3000000119
16745  -38.106  -59.145  20.058 0.3000000119
16733  -38.733  -58.984  20.459 0.3000000119
18507  -39.988  -57.533  20.305 0.3000000119
21273  -36.575  -55.300  21.322 0.2000000030
19453  -35.897  -56.532  21.024 0.3000000119
18508  -40.559  -57.298  20.325 0.2000000030
18509  -41.391  -57.346  20.171 0.2000000030
21286  -36.361  -54.864  20.574 0.2000000030
21299  -36.589  -53.759  19.719 0.2000000030
21287  -36.862  -53.866  20.368 0.2000000030
22314  -36.798  -53.129  18.764 0.3000000119
22295  -36.927  -53.305  19.703 0.3000000119
22337  -37.084  -53.097  17.621 0.3000000119
23330  -37.972  -52.551  17.140 0.2000000030
23308  -37.560  -52.407  18.392 0.3000000119
23309  -38.380  -51.758  18.049 0.2000000030
23331  -39.060  -51.867  17.109 0.2000000030
23332  -40.088  -52.063  17.094 0.2000000030
23367  -41.676  -52.305  16.483 0.1000000015
22439  -45.298  -53.531  12.759 0.1000000015
22421  -45.637  -53.596  13.860 0.1000000015
22408  -46.695  -54.332  14.882 0.1000000015
22438  -44.235  -53.829  12.550 0.1000000015
22440  -46.366  -53.748  12.837 0.1000000015
22423  -47.418  -54.394  13.521 0.1000000015
22458  -44.512  -54.043  12.033 0.1000000015
22459  -44.950  -53.922  11.973 0.1000000015
22460  -45.921  -53.836  11.904 0.1000000015
22461  -46.957  -53.974  11.892 0.1000000015
22441  -47.464  -54.252  12.766 0.1000000015
21469  -44.317  -54.362  11.573 0.1000000015
21470  -45.394  -54.378  11.186 0.1000000015
21472  -47.623  -54.211  11.038 0.1000000015
21488  -45.834  -54.718  9.894 0.1000000015
21489  -47.211  -54.529  9.948 0.1000000015
21503  -48.112  -54.739  8.940 0.1000000015
21524  -47.995  -54.976  7.792 0.1000000015
21550  -48.939  -55.072  6.826 0.1000000015
15782  -43.805  -59.974  22.995 0.3000000119
16699  -41.659  -59.752  22.208 0.3000000119
16719  -42.061  -58.954  21.901 0.3000000119
17587  -41.593  -58.437  21.233 0.2000000030
17603  -42.043  -57.798  20.730 0.2000000030
18510  -42.198  -57.664  19.998 0.2000000030
16718  -40.727  -59.408  21.655 0.3000000119
17602  -41.134  -57.874  20.702 0.3000000119
17598  -36.433  -58.681  20.836 0.3000000119
16715  -37.585  -59.690  21.452 0.3000000119
16717  -39.350  -59.657  21.211 0.3000000119
16735  -40.431  -58.710  21.056 0.3000000119
20335  -36.786  -56.149  22.157 0.2000000030
17585  -36.354  -58.433  21.491 0.3000000119
17577  -36.967  -58.715  22.901 0.3000000119
20351  -36.940  -55.318  21.872 0.2000000030
21275  -38.046  -53.906  21.627 0.2000000030
22260  -37.627  -53.531  21.055 0.2000000030
23292  -37.480  -52.593  19.629 0.2000000030
23293  -38.109  -51.776  19.247 0.3000000119
24335  -39.168  -51.557  17.904 0.2000000030
21490  -48.441  -54.501  10.110 0.1000000015
21525  -49.034  -54.780  7.926 0.1000000015
15764  -45.089  -60.115  23.844 0.1000000015
14909  -43.589  -60.742  23.980 0.2000000030
15763  -43.921  -60.332  23.616 0.3000000119
15781  -43.280  -60.154  22.884 0.3000000119
15761  -41.782  -60.847  23.508 0.3000000119
15779  -41.057  -60.286  22.554 0.3000000119
15776  -37.980  -60.119  22.027 0.3000000119
15778  -39.950  -60.549  22.745 0.3000000119
18481  -37.312  -57.584  23.375 0.3000000119
17566  -37.244  -58.568  23.392 0.3000000119
16697  -38.121  -59.898  23.250 0.3000000119
15777  -38.644  -60.352  22.734 0.3000000119
19424  -37.632  -56.451  23.120 0.2000000030
21254  -38.165  -54.598  22.242 0.2000000030
23277  -37.733  -52.638  20.202 0.2000000030
23246  -39.599  -52.707  22.146 0.1000000015
23261  -38.658  -52.653  21.159 0.2000000030
24316  -38.947  -51.402  19.891 0.2000000030
23279  -39.211  -51.770  20.721 0.2000000030
15745  -42.556  -60.711  24.479 0.3000000119
15760  -40.600  -60.739  23.589 0.3000000119
15759  -39.478  -60.478  23.702 0.3000000119
18466  -38.390  -57.539  24.361 0.3000000119
16664  -37.878  -58.820  24.136 0.3000000119
15758  -38.624  -60.010  23.726 0.3000000119
19409  -38.858  -56.756  24.190 0.2000000030
19425  -38.529  -56.258  23.616 0.2000000030
21232  -39.679  -54.993  23.033 0.1000000015
22241  -39.524  -53.223  22.404 0.1000000015
23247  -40.152  -52.520  22.326 0.1000000015
23263  -40.085  -51.877  21.830 0.1000000015
24306  -39.829  -51.545  21.203 0.1000000015
15727  -41.941  -60.127  25.293 0.3000000119
16649  -41.485  -59.534  25.833 0.2000000030
15743  -40.194  -60.385  24.547 0.3000000119
15742  -39.238  -59.712  24.586 0.3000000119
15724  -39.654  -59.563  24.995 0.3000000119
18467  -39.456  -57.512  24.809 0.2000000030
17556  -39.194  -58.194  24.944 0.3000000119
19410  -39.879  -56.409  23.990 0.2000000030
18468  -40.332  -56.900  24.805 0.2000000030
21215  -41.476  -54.870  23.989 0.1000000015
21214  -40.876  -54.846  23.703 0.1000000015
21235  -42.328  -54.170  23.866 0.1000000015
21234  -41.247  -54.298  23.557 0.1000000015
22227  -40.853  -53.817  23.103 0.1000000015
22242  -40.558  -53.243  22.723 0.1000000015
22228  -41.792  -53.390  23.279 0.1000000015
22243  -41.184  -53.294  22.922 0.1000000015
24293  -40.887  -51.849  22.129 0.1000000015
16630  -41.282  -58.925  26.175 0.2000000030
17534  -40.841  -58.318  26.081 0.2000000030
16648  -40.572  -59.258  25.755 0.2000000030
17545  -39.686  -58.238  25.223 0.2000000030
19412  -41.726  -56.159  24.843 0.1000000015
19411  -40.878  -56.232  24.478 0.2000000030
21216  -42.272  -54.964  24.230 0.1000000015
23236  -42.507  -52.715  23.223 0.1000000015
23235  -41.924  -52.911  23.083 0.1000000015
23249  -42.406  -52.068  22.806 0.1000000015
24294  -41.846  -51.607  22.296 0.1000000015
22230  -43.567  -53.385  23.787 0.1000000015
22229  -42.890  -53.367  23.645 0.1000000015
24283  -43.333  -51.959  23.141 0.1000000015
23226  -44.534  -52.798  23.869 0.1000000015
23238  -44.847  -52.220  23.697 0.1000000015
24284  -44.406  -51.781  23.263 0.1000000015
15021  -42.854  -60.837  14.801 0.4000000060
15880  -43.342  -59.971  14.426 0.6000000238
15020  -41.993  -61.173  15.169 0.5000000000
14210  -43.133  -61.551  14.327 0.5000000000
14226  -41.477  -62.173  14.073 0.5000000000
14243  -41.890  -62.576  13.207 0.5000000000
12664  -41.121  -64.231  11.249 0.5000000000
16828  -43.276  -59.655  13.226 0.4000000060
12668  -44.755  -63.999  11.055 0.4000000060
12683  -44.444  -64.871  10.537 0.4000000060
13470  -45.702  -63.242  10.801 0.4000000060
14181  -38.957  -62.901  16.304 0.2000000030
16845  -42.463  -59.865  12.367 0.3000000119
16829  -44.015  -59.875  13.185 0.5000000000
14209  -42.199  -61.585  14.560 0.6000000238
16847  -44.348  -60.182  12.663 0.4000000060
15895  -45.146  -60.770  12.861 0.5000000000
14229  -44.493  -61.873  13.223 0.6000000238
14244  -43.001  -62.684  13.158 0.5000000000
15906  -42.595  -60.190  11.728 0.4000000060
16858  -44.563  -60.374  12.280 0.5000000000
14246  -44.838  -62.421  12.616 0.4000000060
16866  -42.325  -59.890  10.418 0.3000000119
15909  -45.459  -60.863  12.171 0.5000000000
13446  -45.135  -62.974  12.041 0.4000000060
15048  -46.166  -61.473  11.802 0.4000000060
13447  -45.659  -62.922  11.865 0.4000000060
14248  -46.312  -62.138  11.707 0.4000000060
15920  -46.436  -61.098  10.825 0.4000000060
20501  -38.430  -55.967  12.381 0.2000000030
17741  -39.195  -58.045  11.559 0.3000000119
17749  -40.385  -58.568  10.724 0.4000000060
18675  -39.521  -57.605  11.226 0.3000000119
18676  -40.144  -57.028  10.868 0.3000000119
18685  -41.435  -57.609  9.816 0.3000000119
16872  -42.014  -59.227  9.835 0.3000000119
15941  -43.642  -60.280  9.722 0.3000000119
16874  -43.668  -59.995  9.017 0.3000000119
15943  -45.786  -60.646  9.424 0.3000000119
15965  -44.650  -60.267  8.599 0.2000000030
15944  -46.645  -60.997  9.373 0.3000000119
15931  -46.726  -61.301  10.132 0.4000000060
15078  -46.979  -61.644  9.715 0.4000000060
15094  -47.226  -61.564  8.907 0.2000000030
15986  -46.016  -60.112  7.752 0.2000000030
15988  -47.946  -60.686  7.061 0.2000000030
16942  -49.342  -59.500  5.015 0.1000000015
17835  -48.502  -57.928  5.262 0.1000000015
15007  -41.393  -60.876  15.709 0.5000000000
18598  -36.501  -57.199  15.697 0.4000000060
20484  -37.417  -55.597  13.575 0.3000000119
21420  -38.072  -54.730  13.358 0.2000000030
21437  -38.559  -55.224  12.606 0.2000000030
21438  -39.350  -54.823  12.261 0.1000000015
19602  -40.769  -56.526  10.596 0.2000000030
20524  -41.012  -55.447  11.233 0.2000000030
19608  -41.845  -57.145  9.546 0.2000000030
19604  -42.244  -56.258  9.848 0.2000000030
18692  -42.500  -57.795  8.869 0.2000000030
18691  -41.976  -57.713  9.359 0.2000000030
18702  -43.116  -57.840  8.434 0.1000000015
18703  -43.950  -57.730  7.908 0.1000000015
18727  -44.356  -58.188  7.604 0.1000000015
16914  -44.501  -59.215  7.631 0.2000000030
16915  -45.194  -59.544  7.485 0.2000000030
17793  -45.485  -58.596  6.890 0.1000000015
19640  -44.708  -57.078  7.647 0.1000000015
16918  -48.446  -60.047  6.227 0.1000000015
19658  -46.151  -56.920  6.546 0.1000000015
16940  -47.783  -59.103  5.987 0.1000000015
16941  -48.882  -59.346  5.410 0.1000000015
18750  -48.007  -57.435  5.579 0.1000000015
18768  -48.504  -57.585  5.239 0.1000000015
18769  -48.872  -57.456  4.794 0.1000000015
19689  -49.632  -56.837  3.665 0.1000000015
13361  -40.785  -62.744  18.133 0.3000000119
14165  -40.261  -62.118  17.558 0.3000000119
15826  -41.638  -60.340  18.699 0.3000000119
14968  -40.889  -61.477  18.226 0.3000000119
14987  -40.619  -61.422  17.809 0.3000000119
16775  -41.243  -59.150  17.379 0.3000000119
19489  -41.035  -56.913  17.643 0.4000000060
18556  -41.348  -57.545  17.286 0.4000000060
18576  -39.771  -57.083  16.651 0.4000000060
18552  -36.636  -58.035  17.530 0.4000000060
20448  -36.342  -55.511  15.400 0.3000000119
21354  -36.668  -54.228  16.359 0.3000000119
21404  -37.694  -54.292  14.118 0.2000000030
22402  -39.692  -53.334  13.995 0.1000000015
22434  -40.318  -54.109  12.615 0.1000000015
21440  -40.910  -54.470  12.169 0.1000000015
20539  -42.175  -55.752  10.353 0.2000000030
21441  -41.754  -54.310  12.130 0.1000000015
20526  -42.511  -55.134  10.917 0.2000000030
20553  -43.402  -55.855  9.483 0.1000000015
20574  -44.688  -55.889  8.497 0.1000000015
19641  -45.365  -56.686  7.401 0.1000000015
20596  -46.136  -55.989  7.383 0.1000000015
19659  -47.183  -56.766  6.283 0.1000000015
19660  -48.120  -56.843  5.592 0.1000000015
20633  -50.364  -56.003  4.250 0.1000000015
14970  -42.201  -61.391  18.998 0.2000000030
15827  -42.764  -60.464  19.115 0.2000000030
17635  -41.815  -58.289  18.261 0.3000000119
17634  -38.020  -57.931  18.469 0.3000000119
19486  -35.496  -56.955  18.190 0.3000000119
22380  -37.490  -53.744  15.529 0.1000000015
22403  -40.683  -53.216  14.023 0.1000000015
23406  -41.173  -52.921  14.589 0.1000000015
23416  -41.434  -53.052  14.045 0.1000000015
22416  -40.457  -53.642  13.323 0.1000000015
21468  -43.190  -54.678  11.329 0.1000000015
21548  -47.444  -55.465  7.026 0.1000000015
16764  -44.010  -59.900  19.385 0.2000000030
16763  -43.253  -59.727  19.248 0.2000000030
17637  -42.900  -58.987  19.215 0.2000000030
17631  -36.105  -58.185  19.299 0.3000000119
17633  -37.353  -58.464  18.673 0.3000000119
18519  -38.744  -57.478  19.031 0.3000000119
20368  -35.702  -55.426  19.839 0.3000000119
19458  -35.447  -56.977  19.819 0.3000000119
20359  -35.936  -55.953  20.853 0.3000000119
23386  -38.822  -52.930  15.516 0.1000000015
23365  -39.709  -52.412  16.221 0.1000000015
23389  -41.414  -52.599  15.582 0.1000000015
23390  -42.358  -52.486  15.767 0.1000000015
23392  -44.075  -52.871  16.198 0.1000000015
23418  -42.853  -52.690  14.110 0.1000000015
22405  -43.780  -52.980  14.455 0.1000000015
22385  -46.405  -54.210  15.697 0.1000000015
21332  -47.081  -54.192  17.068 0.1000000015
21333  -48.023  -54.445  17.262 0.1000000015
22407  -45.960  -53.919  14.914 0.1000000015
21381  -47.052  -54.518  15.365 0.1000000015
21358  -48.421  -55.109  16.815 0.1000000015
21443  -43.526  -54.269  12.108 0.1000000015
21501  -45.968  -54.988  9.049 0.1000000015
21549  -47.970  -55.415  6.818 0.1000000015
16721  -43.786  -58.849  22.096 0.2000000030
16720  -43.136  -58.853  22.024 0.3000000119
16743  -37.000  -59.107  19.922 0.3000000119
17600  -39.437  -58.030  20.315 0.3000000119
18498  -35.876  -57.182  20.949 0.3000000119
16731  -37.010  -59.281  20.588 0.3000000119
16732  -37.879  -59.493  20.536 0.3000000119
16734  -39.821  -58.805  20.913 0.3000000119
17601  -40.316  -58.089  20.673 0.3000000119
20350  -36.577  -55.960  21.776 0.3000000119
21274  -37.208  -54.517  21.447 0.2000000030
18499  -36.194  -57.516  21.541 0.3000000119
23366  -40.718  -52.358  16.337 0.1000000015
22422  -46.750  -54.197  13.907 0.1000000015
21382  -47.749  -54.958  15.600 0.1000000015
21471  -46.494  -54.281  10.993 0.1000000015
16700  -42.716  -59.588  22.355 0.3000000119
16701  -43.863  -59.422  22.603 0.3000000119
15780  -42.266  -60.389  22.703 0.3000000119
16698  -41.137  -59.816  22.151 0.3000000119
15797  -40.342  -60.160  22.208 0.3000000119
16714  -36.756  -59.142  21.696 0.3000000119
15795  -38.674  -60.219  21.679 0.3000000119
16696  -37.391  -59.435  22.735 0.3000000119
15796  -39.636  -60.242  21.935 0.3000000119
19437  -36.673  -56.624  22.224 0.3000000119
19438  -37.123  -56.471  22.663 0.3000000119
20320  -37.723  -55.856  22.838 0.2000000030
18491  -36.750  -57.595  22.656 0.3000000119
22279  -37.902  -52.941  20.902 0.2000000030
24325  -39.011  -51.391  18.803 0.2000000030
24336  -39.775  -51.296  18.369 0.2000000030
24354  -40.413  -51.592  17.833 0.2000000030
15762  -42.967  -60.796  23.519 0.3000000119
19408  -38.004  -56.961  23.902 0.3000000119
17554  -37.826  -58.308  24.102 0.3000000119
20338  -38.615  -55.170  22.792 0.2000000030
22261  -38.399  -53.057  21.401 0.1000000015
22240  -38.686  -53.690  22.128 0.1000000015
23262  -39.263  -52.488  21.561 0.2000000030
15744  -41.299  -60.652  24.511 0.3000000119
17555  -38.653  -58.235  24.662 0.3000000119
19426  -39.147  -56.223  23.818 0.2000000030
20322  -39.396  -55.566  23.295 0.2000000030
21255  -39.295  -54.488  22.781 0.1000000015
21256  -40.097  -53.914  22.865 0.1000000015
21233  -40.254  -54.788  23.256 0.1000000015
20323  -40.097  -55.446  23.444 0.1000000015
15726  -40.863  -60.116  25.326 0.3000000119
16666  -39.098  -58.788  24.884 0.3000000119
18454  -39.858  -57.803  25.199 0.2000000030
20305  -41.612  -55.587  24.322 0.1000000015
23248  -41.491  -52.654  22.697 0.1000000015
18444  -41.293  -57.607  26.216 0.2000000030
18455  -40.438  -57.624  25.553 0.2000000030
20306  -42.608  -55.557  24.759 0.1000000015
23237  -43.804  -52.722  23.617 0.1000000015
11930  -39.988  -65.669  10.614 0.3000000119
12679  -40.565  -64.937  10.857 0.3000000119
10367  -38.110  -68.572  9.841 0.2000000030
8888  -36.321  -69.579  9.435 0.2000000030
10357  -39.133  -67.384  10.070 0.3000000119
11931  -41.130  -65.771  10.420 0.4000000060
11171  -39.493  -66.475  10.391 0.3000000119
12680  -41.691  -65.006  10.761 0.4000000060
11172  -40.586  -66.495  10.295 0.4000000060
9618  -37.722  -69.128  9.650 0.2000000030
10369  -40.018  -68.055  9.660 0.4000000060
12681  -42.795  -65.069  10.720 0.4000000060
10358  -40.253  -67.198  10.064 0.4000000060
10368  -38.879  -68.295  9.749 0.3000000119
9619  -38.577  -69.127  9.567 0.3000000119
11932  -42.264  -65.912  10.403 0.4000000060
10359  -40.957  -67.078  10.147 0.4000000060
9620  -39.622  -69.051  9.530 0.4000000060
11173  -41.673  -66.832  10.168 0.4000000060
11174  -42.825  -66.933  10.322 0.4000000060
10370  -41.298  -67.783  9.940 0.4000000060
12682  -43.752  -65.131  10.822 0.4000000060
11178  -41.898  -67.464  10.074 0.4000000060
9621  -40.875  -68.930  9.549 0.3000000119
11179  -42.310  -67.374  10.185 0.4000000060
9622  -42.351  -68.844  9.816 0.4000000060
11933  -43.299  -66.001  10.466 0.4000000060
10361  -43.399  -67.675  10.259 0.4000000060
10360  -42.791  -67.752  10.275 0.4000000060
9604  -42.661  -68.220  10.150 0.4000000060
8893  -41.506  -69.943  9.492 0.3000000119
11934  -44.082  -66.022  10.448 0.4000000060
9606  -43.617  -68.234  10.058 0.4000000060
9605  -43.107  -68.293  10.166 0.4000000060
11175  -43.697  -66.921  10.325 0.4000000060
11176  -44.205  -66.951  10.041 0.4000000060
9624  -43.884  -68.480  9.762 0.4000000060
9623  -43.389  -68.792  9.892 0.4000000060
8894  -42.371  -69.983  9.505 0.2000000030
7525  -41.465  -71.708  9.247 0.3000000119
11935  -44.516  -65.976  9.968 0.3000000119
8896  -43.590  -68.992  9.514 0.3000000119
8192  -42.607  -70.532  9.156 0.2000000030
8895  -43.111  -69.573  9.500 0.2000000030
7526  -42.144  -71.390  9.155 0.2000000030
6865  -41.032  -72.549  9.082 0.2000000030
10372  -44.178  -67.814  9.642 0.4000000060
8193  -43.176  -70.050  9.089 0.1000000015
11940  -44.415  -65.974  9.193 0.3000000119
11180  -44.345  -66.963  9.455 0.2000000030
9629  -44.025  -68.579  9.319 0.2000000030
7527  -42.403  -71.302  8.801 0.1000000015
6155  -41.176  -73.109  8.745 0.2000000030
11185  -44.205  -66.943  8.700 0.2000000030
10377  -44.357  -67.894  9.001 0.2000000030
9628  -43.834  -68.727  8.723 0.1000000015
8216  -43.270  -70.026  8.915 0.1000000015
6867  -42.308  -71.752  8.548 0.1000000015
6866  -41.902  -72.279  8.791 0.1000000015
13479  -45.010  -63.815  9.481 0.2000000030
12695  -44.729  -64.730  9.676 0.3000000119
11952  -44.142  -66.012  8.616 0.2000000030
10376  -43.921  -67.959  8.401 0.1000000015
8232  -43.237  -70.047  8.661 0.1000000015
6887  -42.275  -72.059  8.129 0.1000000015
13496  -45.227  -63.114  8.814 0.2000000030
13495  -44.727  -64.132  8.896 0.2000000030
12715  -44.342  -65.065  8.632 0.2000000030
11951  -43.782  -66.387  8.257 0.1000000015
9633  -43.502  -68.828  8.021 0.1000000015
8912  -42.954  -69.745  7.497 0.1000000015
8231  -42.781  -70.544  8.008 0.1000000015
6901  -41.798  -72.275  7.424 0.1000000015
5449  -40.967  -73.635  7.709 0.1000000015
11971  -43.930  -65.626  8.271 0.2000000030
10388  -43.356  -67.935  7.905 0.1000000015
7585  -42.411  -71.168  7.413 0.1000000015
7584  -41.925  -71.485  6.843 0.1000000015
6196  -41.275  -73.209  7.493 0.1000000015
5471  -40.632  -73.787  7.326 0.1000000015
8911  -42.475  -69.511  7.057 0.1000000015
8923  -42.479  -70.097  6.766 0.1000000015
6919  -41.049  -72.737  6.503 0.1000000015
6208  -40.831  -73.315  6.873 0.1000000015
8237  -42.012  -70.710  6.401 0.1000000015
24326  -39.888  -50.912  19.413 0.2000000030
14292  -47.158  -61.790  8.464 0.2000000030
14291  -46.252  -62.357  8.179 0.1000000015
13516  -44.299  -63.907  7.857 0.1000000015
11970  -43.501  -65.666  7.875 0.1000000015
11202  -43.143  -66.781  7.841 0.1000000015
10387  -42.543  -67.842  7.560 0.1000000015
6209  -41.265  -72.751  6.991 0.1000000015
8238  -42.507  -70.640  7.098 0.1000000015
10362  -43.924  -67.731  10.076 0.4000000060
8191  -41.912  -70.812  9.401 0.2000000030
8909  -43.781  -68.849  9.415 0.2000000030
8908  -43.576  -69.415  9.089 0.2000000030
8215  -42.873  -70.533  8.738 0.1000000015
6156  -41.514  -72.920  8.461 0.1000000015
8913  -43.383  -69.573  8.334 0.1000000015
7546  -42.519  -71.286  8.373 0.1000000015
7567  -42.168  -71.662  7.432 0.1000000015
6886  -41.763  -72.793  8.111 0.1000000015
12735  -43.887  -64.965  8.009 0.1000000015
11184  -43.731  -67.222  8.207 0.1000000015
6195  -40.918  -73.440  7.224 0.1000000015
9632  -42.901  -68.817  7.496 0.1000000015
5492  -40.174  -74.115  6.839 0.1000000015
13429  -37.981  -63.022  14.042 0.3000000119
13439  -37.272  -63.801  12.357 0.2000000030
13455  -37.649  -64.041  11.770 0.2000000030
14223  -38.551  -62.769  14.556 0.4000000060
13440  -38.481  -63.096  12.899 0.2000000030
14240  -38.745  -62.714  13.859 0.4000000060
12660  -37.109  -64.442  11.642 0.2000000030
13456  -38.274  -63.782  11.902 0.2000000030
12661  -38.079  -64.450  11.420 0.2000000030
11924  -37.655  -65.080  11.146 0.2000000030
11927  -36.781  -66.109  10.910 0.1000000015
12662  -38.973  -64.259  11.430 0.3000000119
11923  -36.398  -65.454  11.397 0.1000000015
11925  -38.274  -64.955  11.117 0.2000000030
11928  -37.482  -65.873  10.808 0.1000000015
11169  -37.180  -66.719  10.667 0.1000000015
10354  -35.480  -67.291  10.440 0.1000000015
10355  -36.531  -67.430  10.390 0.1000000015
9601  -35.795  -68.048  9.999 0.1000000015
13457  -39.360  -63.596  11.953 0.3000000119
12677  -38.694  -64.803  11.141 0.2000000030
11929  -38.665  -65.513  10.774 0.2000000030
9616  -36.048  -68.874  9.683 0.1000000015
9615  -35.073  -68.670  9.638 0.1000000015
13458  -40.551  -63.588  11.868 0.2000000030
12663  -39.998  -64.193  11.319 0.3000000119
10356  -37.826  -67.765  10.249 0.2000000030
9602  -36.780  -68.286  10.015 0.1000000015
12678  -39.477  -64.875  10.990 0.3000000119
9603  -37.485  -68.551  9.902 0.1000000015
8887  -35.358  -69.598  9.183 0.1000000015
9617  -36.926  -69.025  9.716 0.1000000015
8907  -35.026  -70.137  8.752 0.1000000015
8889  -37.145  -69.700  9.437 0.1000000015
8210  -35.624  -70.518  8.781 0.1000000015
8186  -36.492  -70.211  9.187 0.1000000015
8890  -38.035  -69.849  9.443 0.1000000015
8187  -37.349  -70.456  9.218 0.1000000015
8188  -38.327  -70.706  9.197 0.1000000015
7565  -34.595  -71.465  7.926 0.1000000015
8211  -36.586  -70.975  8.857 0.1000000015
7542  -36.778  -71.826  8.607 0.1000000015
8185  -35.941  -70.000  9.207 0.1000000015
11170  -38.302  -66.611  10.479 0.2000000030
7540  -35.156  -71.047  8.354 0.1000000015
8230  -34.421  -70.973  8.076 0.1000000015
8891  -39.064  -69.961  9.325 0.2000000030
7543  -37.710  -72.149  8.703 0.1000000015
6883  -38.012  -73.176  8.587 0.1000000015
6194  -37.163  -74.138  8.029 0.1000000015
8213  -38.466  -71.568  8.951 0.2000000030
8214  -39.065  -71.840  8.952 0.2000000030
7544  -38.660  -72.368  8.835 0.1000000015
6173  -37.828  -74.133  8.329 0.1000000015
6884  -39.127  -73.184  8.827 0.2000000030
6174  -38.733  -74.061  8.551 0.1000000015
8892  -40.270  -69.994  9.370 0.2000000030
8189  -39.534  -71.148  9.135 0.2000000030
7545  -39.595  -72.328  9.021 0.1000000015
6885  -39.890  -73.126  9.052 0.1000000015
6864  -40.333  -72.671  9.102 0.1000000015
8190  -40.906  -70.949  9.350 0.2000000030
7524  -40.509  -71.913  9.161 0.1000000015
6175  -39.761  -73.977  8.932 0.1000000015
13428  -37.217  -63.657  13.543 0.1000000015
14147  -40.817  -62.189  18.237 0.2000000030
13375  -41.422  -63.705  18.021 0.1000000015
14972  -44.570  -61.345  18.650 0.1000000015
14150  -44.066  -62.532  18.101 0.1000000015
17619  -43.926  -58.827  20.059 0.1000000015
17579  -44.920  -58.978  22.114 0.2000000030
17606  -45.276  -59.253  21.121 0.1000000015
14973  -45.875  -61.245  18.889 0.1000000015
17578  -44.368  -58.906  22.119 0.2000000030
17605  -44.341  -58.714  20.842 0.1000000015
16736  -44.859  -59.400  20.414 0.1000000015
15809  -45.195  -60.342  19.630 0.1000000015
15829  -44.790  -60.524  19.260 0.1000000015
14205  -38.393  -62.950  15.173 0.2000000030
13374  -40.401  -63.156  17.899 0.1000000015
16747  -44.514  -59.720  19.755 0.1000000015
13362  -41.160  -62.868  18.295 0.1000000015
14151  -45.422  -62.131  18.022 0.1000000015
13419  -38.046  -63.169  14.811 0.1000000015
16631  -42.003  -58.993  26.249 0.1000000015
16651  -42.896  -59.526  26.089 0.1000000015
15715  -43.476  -59.748  26.030 0.1000000015
15729  -44.182  -60.190  25.355 0.1000000015
15731  -45.792  -59.927  25.163 0.1000000015
15728  -43.138  -59.998  25.596 0.1000000015
16614  -44.215  -58.943  27.157 0.1000000015
16634  -44.462  -59.532  26.552 0.1000000015
16636  -46.716  -59.376  26.353 0.1000000015
17537  -43.029  -58.833  26.692 0.1000000015
16633  -43.440  -59.378  26.467 0.1000000015
15717  -44.649  -59.906  25.921 0.1000000015
16652  -45.708  -59.865  25.561 0.1000000015
16654  -47.161  -59.517  25.435 0.1000000015
17536  -42.566  -58.452  26.707 0.1000000015
16616  -46.145  -59.097  27.220 0.1000000015
17518  -43.456  -58.364  27.213 0.1000000015
16615  -45.122  -59.053  27.224 0.1000000015
16635  -45.547  -59.650  26.237 0.1000000015
18445  -42.356  -57.508  26.810 0.1000000015
19379  -42.039  -56.821  26.133 0.1000000015
17502  -45.299  -57.889  28.527 0.1000000015
17520  -45.663  -58.664  27.929 0.1000000015
18429  -44.009  -57.414  27.741 0.1000000015
18456  -41.272  -56.982  25.785 0.1000000015
24356  -42.221  -51.686  18.160 0.1000000015
19363  -42.847  -56.967  27.240 0.1000000015
19395  -41.029  -56.663  25.213 0.1000000015
24317  -39.809  -51.082  20.405 0.1000000015
24353  -39.625  -51.656  17.633 0.1000000015
23333  -41.029  -51.958  17.167 0.1000000015
25270  -40.676  -50.785  19.277 0.1000000015
23336  -43.736  -52.377  17.950 0.1000000015
23334  -41.949  -51.992  17.346 0.1000000015
23335  -42.823  -52.163  17.596 0.1000000015
17519  -44.782  -58.174  28.040 0.1000000015
16600  -46.515  -58.669  28.062 0.1000000015
15747  -44.628  -60.312  24.542 0.1000000015
15748  -45.644  -60.030  24.541 0.1000000015
15746  -43.627  -60.584  24.553 0.1000000015
17535  -41.699  -58.315  26.426 0.1000000015
24355  -41.320  -51.596  18.027 0.1000000015
15716  -43.878  -59.850  26.019 0.1000000015
15730  -45.186  -60.095  25.357 0.1000000015
15749  -46.084  -59.852  24.904 0.1000000015
16653  -46.265  -59.739  25.455 0.1000000015
17517  -42.817  -57.987  27.100 0.1000000015
18428  -43.122  -57.511  27.335 0.1000000015
14307  -47.096  -61.793  7.538 0.1000000015
14293  -47.543  -61.615  8.023 0.1000000015
11903  -37.653  -65.429  14.802 0.1000000015
11902  -36.998  -65.367  14.197 0.1000000015
12644  -37.075  -64.251  14.259 0.1000000015
11904  -38.368  -65.991  14.936 0.1000000015
11914  -37.339  -66.068  14.192 0.1000000015
11913  -36.594  -65.816  13.865 0.1000000015
12639  -37.431  -64.525  14.917 0.1000000015
11122  -38.776  -66.616  14.491 0.1000000015
11884  -37.749  -64.990  15.351 0.1000000015
11139  -38.439  -66.834  14.132 0.1000000015
10308  -38.813  -67.005  14.099 0.1000000015
10309  -39.335  -67.137  14.098 0.1000000015
11123  -39.596  -66.702  14.599 0.1000000015
10231  -41.052  -67.777  19.484 0.1000000015
11049  -40.942  -67.285  19.085 0.1000000015
8810  -41.339  -70.306  15.716 0.1000000015
8099  -41.101  -71.192  15.432 0.1000000015
7450  -41.584  -71.932  15.136 0.1000000015
7467  -41.906  -72.062  14.735 0.1000000015
6092  -41.195  -73.038  14.034 0.1000000015
6806  -42.197  -71.971  14.032 0.1000000015
10325  -38.712  -67.512  13.764 0.1000000015
10326  -39.855  -67.777  13.649 0.1000000015
13438  -36.694  -64.190  12.506 0.1000000015
6112  -40.503  -72.828  13.057 0.1000000015
7477  -40.289  -71.289  13.117 0.1000000015
8138  -39.695  -70.370  13.153 0.1000000015
9569  -39.423  -68.516  13.324 0.1000000015
12652  -36.692  -64.289  12.169 0.1000000015
6111  -40.085  -73.244  12.929 0.1000000015
7475  -38.584  -71.007  13.199 0.1000000015
8851  -40.070  -69.478  13.302 0.1000000015
9570  -40.491  -68.622  13.453 0.1000000015
10246  -40.754  -67.682  18.467 0.1000000015
10262  -40.901  -67.934  17.359 0.1000000015
8791  -41.461  -69.351  16.139 0.1000000015
11885  -38.540  -65.345  15.824 0.1000000015
12630  -37.813  -64.508  15.547 0.1000000015
13410  -37.591  -64.054  15.227 0.1000000015
8100  -42.198  -71.000  15.413 0.1000000015
8811  -42.381  -69.965  15.740 0.1000000015
7478  -41.243  -71.330  13.322 0.1000000015
8139  -40.692  -70.425  13.294 0.1000000015
10310  -40.264  -67.263  14.081 0.1000000015
8140  -41.663  -70.495  13.498 0.1000000015
8852  -41.119  -69.547  13.461 0.1000000015
10327  -40.859  -67.885  13.647 0.1000000015
11050  -41.169  -66.803  19.595 0.1000000015
11063  -41.087  -67.033  18.797 0.1000000015
11811  -41.478  -65.730  20.267 0.1000000015
11794  -41.509  -65.910  21.542 0.1000000015
11868  -38.773  -64.877  16.434 0.1000000015
10247  -41.299  -67.124  18.356 0.1000000015
10263  -41.877  -67.390  17.653 0.1000000015
13411  -38.020  -63.655  15.606 0.1000000015
9518  -41.723  -68.506  16.618 0.1000000015
11103  -39.704  -66.298  15.351 0.1000000015
8120  -42.973  -70.910  14.763 0.1000000015
7479  -42.010  -71.318  13.683 0.1000000015
6814  -42.127  -71.722  13.856 0.1000000015
8141  -42.463  -70.646  13.942 0.1000000015
9572  -42.057  -69.036  13.814 0.1000000015
9571  -41.573  -68.681  13.698 0.1000000015
8853  -42.098  -69.590  13.744 0.1000000015
12558  -41.629  -64.895  21.010 0.1000000015
11829  -41.657  -65.916  19.171 0.1000000015
12550  -42.219  -64.171  21.617 0.1000000015
11886  -39.968  -65.825  16.164 0.1000000015
11869  -39.393  -64.875  16.808 0.1000000015
11080  -42.298  -66.865  18.018 0.1000000015
11844  -41.817  -66.071  18.771 0.1000000015
13418  -37.513  -63.684  14.662 0.1000000015
9496  -42.150  -68.049  16.993 0.1000000015
9547  -41.914  -68.091  13.962 0.1000000015
11124  -40.558  -66.826  14.707 0.1000000015
8792  -42.569  -69.117  16.177 0.1000000015
9549  -43.425  -68.784  14.593 0.1000000015
8101  -42.933  -70.366  15.364 0.1000000015
8121  -43.249  -70.174  15.163 0.1000000015
8829  -43.431  -69.767  14.902 0.1000000015
11812  -41.909  -64.975  20.269 0.1000000015
11830  -42.476  -65.249  19.532 0.1000000015
11104  -40.810  -66.374  15.437 0.1000000015
9548  -42.440  -68.811  14.020 0.1000000015
10312  -42.663  -67.644  14.514 0.1000000015
9519  -42.750  -68.471  16.610 0.1000000015
8812  -43.347  -69.376  15.575 0.1000000015
11105  -41.870  -66.393  15.469 0.1000000015
11887  -41.171  -65.913  16.133 0.1000000015
11126  -42.423  -66.843  15.003 0.1000000015
11845  -42.285  -65.941  18.739 0.1000000015
10313  -43.873  -67.920  14.782 0.1000000015
10297  -43.557  -67.190  15.050 0.1000000015
11081  -42.721  -67.124  17.833 0.1000000015
9535  -43.777  -68.978  15.137 0.1000000015
9497  -42.881  -67.943  17.053 0.1000000015
8813  -43.904  -68.775  16.138 0.1000000015
9536  -44.243  -68.522  15.669 0.1000000015
8793  -43.394  -68.793  16.251 0.1000000015
11888  -42.227  -65.942  16.053 0.1000000015
11871  -41.688  -65.379  16.735 0.1000000015
11106  -42.955  -66.442  15.524 0.1000000015
10283  -44.720  -67.717  16.133 0.1000000015
10298  -44.477  -67.576  15.261 0.1000000015
10314  -44.251  -67.968  14.999 0.1000000015
9520  -43.527  -68.373  16.679 0.1000000015
11861  -43.200  -65.214  16.798 0.1000000015
11093  -43.473  -66.043  15.920 0.1000000015
11108  -44.816  -66.709  15.815 0.1000000015
11107  -44.115  -66.479  15.498 0.1000000015
9521  -44.191  -68.203  16.585 0.1000000015
10248  -43.359  -67.233  17.822 0.1000000015
11862  -43.574  -65.212  16.691 0.1000000015
11065  -42.974  -66.655  18.246 0.1000000015
12549  -41.661  -65.018  22.098 0.1000000015
12512  -44.206  -63.833  24.816 0.1000000015
12526  -43.685  -63.941  24.107 0.1000000015
13304  -43.113  -63.765  23.351 0.1000000015
12525  -42.726  -64.516  24.015 0.1000000015
9517  -40.572  -68.661  16.755 0.1000000015
7451  -42.261  -71.596  14.938 0.1000000015
6100  -41.298  -72.659  13.708 0.1000000015
6813  -41.725  -72.027  13.650 0.1000000015
6812  -40.761  -72.299  13.189 0.1000000015
8850  -39.057  -69.399  12.962 0.1000000015
9568  -38.350  -68.476  13.303 0.1000000015
10281  -41.133  -68.206  16.906 0.1000000015
10311  -41.355  -67.453  14.116 0.1000000015
8828  -42.927  -69.806  14.264 0.1000000015
11125  -41.625  -66.885  14.818 0.1000000015
11889  -42.782  -66.000  16.019 0.1000000015
12511  -43.378  -64.378  24.693 0.1000000015
2170  -30.173  -80.356  8.315 0.1000000015
2637  -29.890  -79.882  8.819 0.1000000015
1771  -30.701  -81.246  4.484 0.1000000015
1763  -30.321  -81.322  5.186 0.1000000015
2214  -31.197  -80.920  5.460 0.1000000015
2213  -30.725  -81.029  5.852 0.1000000015
2195  -29.727  -80.147  6.973 0.1000000015
2229  -30.903  -80.961  3.789 0.1000000015
2266  -30.778  -80.811  2.532 0.1000000015
2282  -31.420  -80.244  1.731 0.1000000015
2638  -30.898  -79.894  9.325 0.1000000015
2625  -30.236  -79.444  9.390 0.1000000015
3114  -30.048  -78.875  9.442 0.1000000015
2171  -30.648  -80.433  8.499 0.1000000015
2196  -30.546  -80.818  6.833 0.1000000015
2182  -30.347  -80.536  7.755 0.1000000015
2624  -29.803  -79.269  9.338 0.1000000015
1772  -31.082  -81.114  4.895 0.1000000015
2212  -29.959  -80.873  5.854 0.1000000015
2230  -31.398  -80.611  4.429 0.1000000015
2252  -31.241  -80.636  3.298 0.1000000015
2267  -31.570  -80.334  2.510 0.1000000015
2283  -31.918  -80.181  1.967 0.1000000015
6914  -30.762  -73.000  6.540 0.1000000015
5466  -30.345  -74.675  7.061 0.1000000015
6202  -30.437  -73.741  6.736 0.1000000015
3126  -30.553  -79.083  9.358 0.1000000015
3616  -30.250  -78.142  9.025 0.1000000015
4190  -29.935  -76.577  7.912 0.1000000015
4811  -30.254  -75.700  7.444 0.1000000015
3127  -31.240  -78.990  9.160 0.1000000015
4179  -30.276  -77.197  8.370 0.1000000015
2639  -31.820  -79.715  8.875 0.1000000015
3607  -29.799  -78.513  9.341 0.1000000015
2183  -31.101  -80.810  7.729 0.1000000015
6915  -31.545  -72.701  6.539 0.1000000015
4191  -30.857  -76.740  7.795 0.1000000015
4812  -31.137  -75.979  7.260 0.1000000015
3631  -30.898  -77.543  8.418 0.1000000015
3617  -31.416  -78.194  8.692 0.1000000015
2197  -31.393  -80.761  6.613 0.1000000015
2668  -31.766  -80.418  6.508 0.1000000015
2685  -31.697  -80.319  5.729 0.1000000015
2698  -31.973  -80.037  4.788 0.1000000015
2231  -31.996  -80.117  4.148 0.1000000015
2172  -31.488  -80.393  8.550 0.1000000015
6190  -29.806  -74.058  7.064 0.1000000015
4832  -30.910  -75.301  7.017 0.1000000015
2184  -32.032  -80.436  7.659 0.1000000015
5465  -29.530  -74.777  7.403 0.1000000015
3128  -32.212  -78.859  8.717 0.1000000015
6189  -29.053  -73.739  7.325 0.1000000015
2640  -32.694  -79.608  8.317 0.1000000015
3129  -33.280  -78.843  8.619 0.1000000015
3130  -34.191  -78.826  8.416 0.1000000015
3632  -31.636  -77.510  8.076 0.1000000015
3633  -32.617  -77.759  7.866 0.1000000015
3143  -33.274  -78.259  8.317 0.1000000015
4192  -31.889  -76.661  7.235 0.1000000015
4193  -33.001  -76.948  7.216 0.1000000015
3618  -32.145  -78.116  8.440 0.1000000015
2641  -33.687  -79.248  8.353 0.1000000015
3142  -32.716  -78.406  8.410 0.1000000015
1764  -30.838  -81.243  5.190 0.1000000015
2268  -32.095  -80.064  2.320 0.1000000015
4889  -39.303  -75.043  1.901 0.1000000015
4916  -39.158  -75.186  1.053 0.1000000015
5472  -40.961  -73.535  7.451 0.1000000015
5493  -40.521  -73.729  6.887 0.1000000015
5563  -39.297  -74.976  1.692 0.1000000015
5586  -39.130  -74.651  1.163 0.1000000015
5587  -39.280  -74.916  1.431 0.1000000015
5631  -38.392  -74.579  -0.302 0.1000000015
6286  -33.996  -72.785  2.682 0.1000000015
6321  -37.877  -73.512  -0.780 0.1000000015
6805  -41.718  -72.420  14.267 0.1000000015
6827  -40.519  -72.582  13.019 0.1000000015
6902  -42.202  -71.891  7.705 0.1000000015
7005  -37.581  -73.181  -0.726 0.1000000015
7468  -42.284  -71.771  14.495 0.1000000015
7480  -42.407  -71.442  14.123 0.1000000015
7568  -42.419  -71.450  7.842 0.1000000015
7614  -32.831  -70.660  2.705 0.1000000015
8240  -33.866  -70.124  5.200 0.1000000015
8274  -32.879  -70.465  2.546 0.1000000015
9498  -43.679  -67.953  17.090 0.1000000015
9550  -44.121  -68.320  15.001 0.1000000015
9696  -35.515  -68.160  2.197 0.1000000015
10264  -43.094  -67.534  17.484 0.1000000015
10282  -41.522  -68.003  17.098 0.1000000015
10296  -42.924  -67.040  14.997 0.1000000015
10328  -41.445  -67.992  13.780 0.1000000015
10371  -42.244  -67.911  10.092 0.4000000060
10379  -34.720  -67.109  7.057 0.1000000015
10462  -34.945  -67.593  2.942 0.1000000015
11064  -41.719  -66.537  18.516 0.1000000015
11092  -43.048  -66.032  15.995 0.1000000015
11102  -38.945  -66.269  15.104 0.1000000015
11192  -33.797  -66.351  6.923 0.1000000015
11213  -33.711  -66.436  6.565 0.1000000015
11872  -42.915  -65.545  16.522 0.1000000015
11949  -36.750  -64.825  8.157 0.1000000015
11983  -33.725  -65.896  6.681 0.1000000015
11984  -33.953  -65.294  6.800 0.1000000015
11999  -34.040  -65.152  5.914 0.1000000015
12000  -34.569  -64.917  5.410 0.1000000015
12028  -35.585  -65.582  4.187 0.1000000015
12631  -38.120  -64.470  15.955 0.1000000015
12638  -37.094  -64.848  14.381 0.1000000015
12710  -35.442  -64.282  8.428 0.1000000015
12712  -37.298  -64.150  8.283 0.1000000015
12729  -38.039  -64.520  7.848 0.1000000015
12778  -35.329  -64.524  5.056 0.1000000015
13427  -36.682  -64.105  12.927 0.1000000015
13478  -37.029  -62.889  8.956 0.1000000015
13490  -35.660  -63.161  8.687 0.1000000015
13509  -34.890  -63.555  7.873 0.1000000015
13584  -38.572  -63.182  3.257 0.1000000015
14302  -35.260  -62.167  7.665 0.1000000015
14308  -47.505  -61.767  7.838 0.1000000015
14322  -34.923  -62.970  7.072 0.1000000015
14343  -35.309  -62.651  6.154 0.1000000015
14344  -35.765  -62.449  5.716 0.1000000015
14908  -43.221  -60.899  24.037 0.3000000119
14920  -43.185  -60.855  23.763 0.3000000119
14921  -43.385  -60.736  23.772 0.3000000119
15057  -46.345  -61.207  11.250 0.3000000119
15095  -47.500  -61.477  8.194 0.1000000015
15118  -35.436  -61.391  7.134 0.1000000015
15725  -40.008  -59.755  25.131 0.3000000119
15741  -38.521  -59.613  24.119 0.3000000119
15765  -45.659  -59.956  23.973 0.1000000015
15794  -38.111  -60.050  21.527 0.3000000119
15852  -40.653  -60.698  17.158 0.3000000119
15908  -44.838  -60.502  12.509 0.5000000000
16006  -49.119  -59.734  5.236 0.1000000015
16035  -37.092  -60.221  4.796 0.1000000015
16632  -42.700  -59.133  26.367 0.1000000015
16647  -39.730  -59.161  25.250 0.3000000119
16650  -42.353  -59.554  25.904 0.1000000015
16665  -38.273  -59.067  24.367 0.3000000119
16680  -37.674  -59.019  23.812 0.3000000119
16681  -38.064  -59.538  23.693 0.3000000119
16695  -36.852  -59.092  22.285 0.3000000119
16716  -38.381  -59.802  21.068 0.3000000119
16744  -37.536  -59.183  19.951 0.3000000119
16824  -39.779  -59.218  13.260 0.3000000119
16825  -40.136  -59.253  13.337 0.3000000119
16842  -39.786  -59.312  12.955 0.3000000119
16892  -44.933  -60.054  7.904 0.2000000030
16939  -47.060  -58.864  6.139 0.1000000015
16957  -49.388  -58.909  4.856 0.1000000015
16984  -37.737  -59.155  4.110 0.1000000015
17546  -40.205  -58.535  25.647 0.2000000030
17565  -36.894  -58.148  22.995 0.3000000119
17576  -36.637  -58.556  22.340 0.3000000119
17586  -40.858  -58.515  21.023 0.3000000119
17590  -44.823  -58.865  21.623 0.2000000030
17597  -36.175  -58.233  20.404 0.3000000119
17599  -38.778  -58.325  20.044 0.3000000119
17612  -36.014  -58.103  19.900 0.3000000119
17617  -42.509  -58.206  19.299 0.3000000119
17632  -36.591  -58.411  18.856 0.3000000119
17648  -36.852  -58.329  18.198 0.3000000119
17681  -37.802  -58.105  14.905 0.5000000000
17743  -40.237  -59.091  11.237 0.4000000060
17791  -44.126  -58.722  7.737 0.2000000030
18443  -40.815  -57.847  26.013 0.2000000030
18465  -37.836  -57.587  23.994 0.3000000119
18480  -36.955  -57.780  23.026 0.3000000119
18492  -37.072  -56.937  22.832 0.3000000119
18506  -36.159  -58.102  20.952 0.3000000119
18518  -35.712  -57.696  19.480 0.3000000119
18523  -42.337  -57.929  19.434 0.2000000030
18642  -37.368  -57.092  13.761 0.3000000119
18674  -38.936  -57.525  11.700 0.3000000119
18704  -44.418  -57.282  7.741 0.1000000015
18744  -35.843  -58.341  6.839 0.1000000015
18780  -37.688  -57.239  4.178 0.1000000015
18795  -37.663  -57.883  4.046 0.1000000015
18805  -38.794  -57.539  2.987 0.1000000015
19446  -35.930  -56.905  21.126 0.3000000119
19447  -36.162  -56.576  21.444 0.3000000119
19452  -35.690  -56.713  20.636 0.3000000119
19460  -40.269  -56.192  19.413 0.3000000119
19461  -40.887  -56.363  19.205 0.2000000030
19472  -39.812  -56.101  19.073 0.3000000119
19508  -40.569  -56.731  17.119 0.4000000060
19583  -39.183  -56.089  11.738 0.3000000119
19598  -40.297  -56.335  11.054 0.3000000119
19610  -43.302  -56.421  9.031 0.1000000015
19677  -49.608  -57.475  4.036 0.1000000015
20303  -40.027  -55.781  23.580 0.1000000015
20304  -40.639  -55.513  23.829 0.1000000015
20321  -38.282  -55.762  23.078 0.2000000030
20336  -37.160  -55.898  22.424 0.2000000030
20337  -37.883  -55.379  22.619 0.2000000030
20358  -35.705  -56.298  20.546 0.3000000119
20367  -35.593  -56.265  20.135 0.3000000119
20398  -35.465  -56.028  18.004 0.3000000119
20467  -36.553  -55.318  14.818 0.3000000119
20502  -38.929  -55.693  12.048 0.3000000119
20616  -50.195  -55.650  4.730 0.1000000015
20649  -50.323  -56.235  3.801 0.1000000015
20674  -39.764  -55.861  2.684 0.1000000015
21236  -43.284  -53.812  23.895 0.1000000015
21253  -37.442  -55.109  22.164 0.2000000030
21405  -47.059  -54.502  14.909 0.1000000015
21573  -48.343  -55.774  6.243 0.1000000015
21644  -39.934  -55.107  2.719 0.1000000015
22262  -38.959  -53.100  21.893 0.1000000015
22278  -37.512  -53.014  20.367 0.2000000030
22294  -36.531  -53.639  19.285 0.2000000030
22360  -37.349  -53.398  16.499 0.3000000119
22361  -38.005  -53.244  15.957 0.2000000030
22382  -39.112  -53.204  14.593 0.1000000015
22404  -41.186  -53.132  14.049 0.1000000015
22414  -38.677  -54.196  13.263 0.1000000015
22433  -39.799  -54.325  12.469 0.1000000015
22551  -38.330  -53.226  4.980 0.1000000015
22571  -38.757  -53.591  4.351 0.1000000015
22574  -50.344  -54.932  3.807 0.1000000015
22587  -39.194  -53.877  3.694 0.1000000015
22590  -41.632  -53.142  2.771 0.1000000015
23278  -38.291  -52.396  20.536 0.2000000030
23585  -39.068  -51.922  4.981 0.1000000015
23586  -50.935  -53.835  4.760 0.1000000015
23617  -39.774  -52.967  3.895 0.1000000015
24308  -41.249  -51.271  21.909 0.1000000015
24327  -40.412  -50.811  19.278 0.2000000030
24352  -39.278  -51.673  17.546 0.2000000030
24574  -39.493  -51.492  4.870 0.1000000015
25271  -41.165  -50.610  19.327 0.1000000015
25477  -38.472  -50.920  6.229 0.1000000015
25479  -39.844  -49.997  5.531 0.1000000015
25489  -41.186  -50.288  4.310 0.1000000015
25504  -41.642  -50.879  3.805 0.1000000015
26433  -40.872  -49.725  4.744 0.1000000015
27420  -40.445  -48.269  6.248 0.1000000015
28419  -40.225  -47.440  6.955 0.1000000015
29362  -39.628  -47.182  7.776 0.1000000015
29382  -40.551  -47.204  6.948 0.1000000015
29383  -41.046  -46.969  6.896 0.1000000015
