#!ascii label  , from subject sub.01.bl.01 vox2ras=TkReg
968
58164  -29.607  -19.002  -0.138 0.4285714328
59269  -30.307  -17.168  -1.539 0.2857142985
58191  -30.062  -17.925  -1.269 0.4285714328
59242  -30.376  -17.364  -0.745 0.4285714328
60393  -30.819  -16.383  -0.355 0.4285714328
60417  -30.721  -16.349  -1.882 0.2857142985
61511  -30.807  -16.022  -1.154 0.4285714328
61489  -31.093  -15.784  -0.500 0.4285714328
61532  -31.210  -15.483  -2.523 0.4285714328
62527  -31.400  -14.670  -1.863 0.4285714328
62549  -31.931  -14.035  -3.222 0.4285714328
63600  -32.088  -13.587  -2.616 0.4285714328
64777  -32.313  -12.815  -4.855 0.5714285970
64753  -32.424  -13.012  -3.984 0.5714285970
64725  -32.453  -12.863  -3.023 0.4285714328
65937  -32.722  -12.092  -2.564 0.2857142985
65986  -32.664  -12.301  -4.355 0.7142857313
65959  -32.663  -12.204  -3.423 0.7142857313
67232  -33.638  -10.541  -4.075 0.7142857313
68359  -33.861  -10.138  -2.925 0.4285714328
65987  -32.957  -11.454  -3.730 0.7142857313
68384  -34.798  -9.511  -4.591 0.5714285970
67263  -33.545  -10.954  -5.453 0.5714285970
67233  -34.267  -9.972  -4.294 0.5714285970
67264  -34.129  -10.129  -5.086 0.5714285970
68361  -35.606  -9.305  -3.785 0.4285714328
68401  -36.299  -9.251  -5.915 0.5714285970
69498  -37.291  -9.186  -4.700 0.5714285970
68414  -35.820  -9.389  -7.071 0.7142857313
69517  -36.664  -9.141  -5.114 0.7142857313
69518  -37.153  -8.951  -5.541 0.7142857313
69499  -37.747  -8.438  -4.753 0.5714285970
67311  -34.650  -10.594  -7.820 0.5714285970
68415  -36.723  -9.128  -6.712 0.8571428657
69519  -37.562  -8.232  -5.804 0.7142857313
68425  -36.770  -9.309  -7.822 0.7142857313
68424  -35.701  -9.955  -8.237 0.5714285970
70664  -37.741  -7.433  -6.365 0.7142857313
70644  -37.822  -7.326  -5.118 0.5714285970
69532  -37.144  -8.820  -7.045 0.7142857313
71820  -37.985  -6.269  -6.035 0.5714285970
69527  -37.410  -8.235  -6.724 0.7142857313
71799  -37.729  -6.200  -4.872 0.5714285970
69533  -37.177  -8.400  -7.633 0.5714285970
70673  -37.545  -7.677  -7.198 0.7142857313
71828  -37.820  -6.708  -7.295 0.7142857313
72897  -37.896  -5.241  -6.232 0.7142857313
71835  -37.295  -6.624  -8.212 0.7142857313
72904  -38.010  -5.539  -7.006 0.7142857313
74903  -38.214  -3.783  -7.270 0.7142857313
74881  -38.011  -3.859  -6.481 0.5714285970
72911  -37.562  -5.643  -7.922 0.7142857313
70682  -36.992  -7.349  -8.422 0.5714285970
74882  -38.307  -3.058  -6.650 0.5714285970
75940  -38.544  -2.159  -7.153 0.5714285970
73920  -37.502  -4.635  -8.574 0.8571428657
74912  -38.277  -2.808  -8.193 0.7142857313
74911  -38.012  -3.466  -8.309 0.8571428657
78188  -38.051  -0.271  -9.078 0.8571428657
77025  -38.464  -1.123  -7.504 0.5714285970
75956  -38.432  -2.092  -8.272 0.8571428657
75963  -37.742  -2.433  -9.216 0.8571428657
75955  -38.128  -2.707  -8.495 0.8571428657
79292  -37.894  0.403  -9.474 0.8571428657
81457  -37.956  1.871  -8.929 0.8571428657
81438  -36.896  2.841  -9.125 0.8571428657
75964  -38.150  -1.493  -8.952 0.8571428657
80379  -37.805  1.222  -9.493 0.8571428657
80395  -36.731  1.261  -10.520 1.0000000000
80378  -37.168  1.551  -9.832 1.0000000000
78187  -37.625  -0.167  -9.649 0.8571428657
81455  -36.683  2.267  -9.920 1.0000000000
80396  -37.324  1.142  -10.012 1.0000000000
82497  -35.851  3.854  -10.206 1.0000000000
83559  -34.690  5.010  -10.987 0.7142857313
82498  -36.415  3.338  -9.711 1.0000000000
82513  -36.167  2.942  -10.489 1.0000000000
83546  -35.593  4.570  -9.932 1.0000000000
86712  -33.779  8.264  -10.259 1.0000000000
86729  -33.696  8.384  -10.793 0.8571428657
89854  -33.843  10.567  -10.685 0.8571428657
88820  -33.662  10.051  -10.590 1.0000000000
93237  -34.267  13.581  -11.723 0.8571428657
92118  -34.374  12.531  -11.251 0.8571428657
90951  -34.418  11.596  -10.729 1.0000000000
95152  -34.449  15.556  -11.891 0.8571428657
95167  -34.245  15.616  -12.721 0.7142857313
94244  -33.538  14.755  -13.675 0.5714285970
96117  -33.470  16.879  -13.629 0.7142857313
96103  -33.712  17.098  -13.199 0.5714285970
96129  -32.074  16.961  -14.710 0.5714285970
94255  -33.016  15.357  -14.233 0.5714285970
96128  -31.607  16.996  -14.709 0.4285714328
97944  -31.994  19.732  -16.801 0.4285714328
97926  -32.657  19.217  -14.824 0.4285714328
96102  -31.008  17.420  -12.651 0.2857142985
97009  -30.971  17.401  -13.415 0.2857142985
96093  -31.087  16.943  -11.795 0.2857142985
68385  -35.851  -9.108  -4.877 0.5714285970
74904  -38.405  -2.923  -7.668 0.7142857313
77041  -38.312  -0.855  -8.454 0.8571428657
79293  -38.355  0.673  -8.902 0.8571428657
81456  -37.363  2.039  -9.312 0.8571428657
84602  -34.839  5.467  -10.203 0.8571428657
96971  -31.391  17.625  -9.729 0.1428571492
59291  -30.236  -16.992  -2.274 0.2857142985
60438  -30.660  -16.430  -2.685 0.2857142985
60418  -31.043  -15.906  -2.142 0.2857142985
61512  -31.083  -15.537  -1.566 0.4285714328
63580  -31.723  -14.024  -1.229 0.4285714328
61549  -31.165  -15.397  -3.465 0.2857142985
63617  -32.145  -13.650  -3.533 0.4285714328
63581  -32.093  -13.386  -1.529 0.4285714328
62568  -31.756  -14.244  -3.697 0.5714285970
65960  -32.967  -11.543  -2.788 0.4285714328
64778  -32.675  -12.434  -5.278 0.2857142985
66021  -33.122  -11.848  -4.979 0.7142857313
69476  -37.124  -9.410  -4.002 0.4285714328
67283  -34.054  -10.515  -5.989 0.7142857313
68400  -34.916  -9.678  -6.021 0.7142857313
68402  -36.854  -9.030  -6.111 0.7142857313
72871  -37.707  -5.299  -5.389 0.5714285970
73893  -37.781  -4.452  -5.945 0.5714285970
70677  -37.398  -7.537  -7.933 0.8571428657
73913  -37.966  -4.635  -7.667 0.7142857313
78170  -38.379  0.029  -8.465 0.5714285970
77049  -37.631  -1.078  -9.471 1.0000000000
83560  -35.250  4.487  -10.686 0.8571428657
84611  -34.290  5.770  -11.523 0.7142857313
85650  -34.454  6.646  -10.532 1.0000000000
85629  -35.002  6.289  -9.338 1.0000000000
86730  -33.955  7.736  -10.911 0.7142857313
86713  -34.355  7.623  -9.687 1.0000000000
85670  -34.088  6.942  -11.475 0.7142857313
87791  -33.634  9.063  -10.552 0.8571428657
89855  -34.090  10.678  -10.061 1.0000000000
94245  -34.051  15.338  -13.172 0.7142857313
97033  -31.679  18.131  -15.346 0.7142857313
96130  -32.667  16.892  -14.255 0.7142857313
97035  -32.865  17.630  -14.209 0.7142857313
95193  -31.839  15.830  -14.703 0.4285714328
97915  -30.971  18.623  -14.040 0.2857142985
98875  -31.249  20.009  -15.590 0.4285714328
97022  -33.202  17.916  -13.913 0.4285714328
98876  -32.226  20.181  -15.314 0.4285714328
97000  -31.158  18.185  -12.164 0.2857142985
98868  -31.640  19.464  -14.348 0.4285714328
66039  -33.289  -11.710  -6.000 0.4285714328
67282  -33.644  -11.123  -6.360 0.4285714328
97924  -30.640  18.645  -15.308 0.4285714328
97034  -32.332  18.139  -14.932 0.7142857313
97914  -30.737  18.611  -14.672 0.2857142985
97010  -31.095  18.059  -13.192 0.2857142985
58165  -30.084  -18.232  -0.492 0.4285714328
59268  -29.892  -17.775  -1.896 0.2857142985
60376  -30.641  -16.825  -0.299 0.4285714328
60392  -30.636  -16.481  -0.923 0.4285714328
62567  -31.503  -14.745  -3.719 0.2857142985
62548  -31.677  -14.581  -2.927 0.4285714328
63599  -31.715  -14.006  -2.050 0.4285714328
63637  -31.784  -13.834  -4.450 0.4285714328
69475  -36.375  -9.266  -4.111 0.4285714328
68413  -35.053  -10.114  -7.375 0.7142857313
67301  -34.225  -10.693  -6.899 0.7142857313
68426  -36.994  -8.838  -8.199 0.7142857313
73907  -38.037  -4.599  -6.769 0.7142857313
77050  -38.083  -0.933  -9.018 0.8571428657
79309  -37.369  0.534  -10.027 1.0000000000
82512  -35.603  3.526  -10.989 1.0000000000
94229  -34.266  14.622  -12.553 0.8571428657
96118  -33.843  16.316  -13.260 0.7142857313
95183  -33.707  15.841  -13.490 0.5714285970
95194  -32.523  15.937  -14.388 0.5714285970
95192  -31.435  16.317  -14.609 0.4285714328
97032  -31.240  17.890  -14.945 0.4285714328
97044  -32.083  18.480  -15.744 0.4285714328
97020  -30.991  17.852  -14.319 0.2857142985
96078  -31.326  16.926  -10.706 0.2857142985
60455  -31.057  -16.009  -2.957 0.2857142985
99813  -32.600  20.908  -13.299 0.2857142985
100822  -32.268  21.128  -12.984 0.1428571492
98854  -32.698  20.289  -13.671 0.2857142985
99814  -33.089  20.807  -13.576 0.2857142985
100809  -31.883  21.355  -12.196 0.1428571492
98853  -32.278  19.588  -12.950 0.1428571492
99815  -33.824  20.409  -12.790 0.2857142985
99789  -36.920  19.953  -10.841 0.2857142985
99801  -34.765  20.367  -12.017 0.2857142985
98870  -32.885  19.709  -13.971 0.2857142985
97893  -34.692  18.486  -11.463 0.2857142985
96973  -36.404  17.195  -9.678 0.1428571492
98842  -35.084  19.499  -11.465 0.2857142985
98841  -34.394  19.431  -12.200 0.2857142985
99800  -31.830  20.401  -12.225 0.1428571492
98856  -33.786  19.401  -12.820 0.2857142985
98855  -33.231  19.802  -13.432 0.2857142985
96067  -38.475  16.321  -9.696 0.1428571492
96065  -36.970  16.484  -9.263 0.1428571492
97878  -35.246  18.211  -10.708 0.4285714328
97906  -34.024  18.440  -12.477 0.2857142985
93212  -36.190  13.943  -8.861 0.2857142985
95140  -34.936  16.035  -10.105 0.4285714328
97001  -34.291  17.500  -11.883 0.2857142985
97927  -32.815  18.374  -14.377 0.2857142985
93190  -36.755  12.941  -7.817 0.1428571492
95129  -36.498  15.388  -8.861 0.2857142985
96094  -34.488  16.493  -11.393 0.4285714328
95127  -34.907  14.965  -9.906 0.5714285970
90925  -36.874  11.441  -7.573 0.1428571492
93189  -36.426  12.795  -7.967 0.1428571492
95139  -34.694  15.487  -10.578 0.7142857313
96104  -34.045  16.668  -12.711 0.4285714328
93211  -35.694  13.562  -9.037 0.4285714328
88806  -36.702  9.691  -7.196 0.2857142985
89838  -36.336  10.648  -7.494 0.7142857313
94204  -34.765  14.386  -10.218 0.7142857313
88821  -33.848  9.677  -9.963 0.8571428657
90937  -35.183  11.539  -8.520 0.8571428657
93210  -35.058  13.573  -9.670 0.5714285970
87768  -36.999  8.011  -6.681 0.2857142985
88798  -36.939  8.860  -6.990 0.2857142985
92094  -34.898  12.624  -9.512 0.7142857313
90969  -33.981  12.123  -12.511 0.5714285970
92109  -34.558  12.354  -10.343 0.8571428657
86669  -36.929  7.436  -6.658 0.1428571492
87774  -35.156  8.855  -7.785 0.7142857313
86670  -37.432  7.162  -6.624 0.1428571492
78209  -35.318  -0.489  -11.740 0.5714285970
81469  -35.775  2.464  -11.238 0.8571428657
80405  -35.718  1.357  -11.624 0.4285714328
85630  -35.397  5.894  -8.962 0.8571428657
87792  -34.045  8.816  -9.683 0.8571428657
84537  -37.336  5.869  -6.693 0.2857142985
87786  -35.278  8.005  -7.979 0.8571428657
87785  -34.602  8.581  -8.655 0.8571428657
90945  -34.559  11.695  -9.736 0.8571428657
84538  -37.872  5.608  -6.740 0.4285714328
86696  -35.920  6.882  -7.253 0.7142857313
77068  -34.712  -1.282  -11.815 0.2857142985
79319  -36.236  0.586  -11.194 0.5714285970
79318  -35.725  0.417  -11.733 0.5714285970
81470  -36.295  2.106  -10.631 0.8571428657
84590  -35.495  5.281  -9.329 0.8571428657
84589  -35.107  5.677  -9.611 0.8571428657
85609  -35.127  6.583  -8.780 0.8571428657
86694  -34.989  7.199  -8.595 0.8571428657
84559  -36.951  5.147  -6.966 0.4285714328
84576  -36.029  5.193  -8.137 0.8571428657
86695  -35.620  7.174  -7.568 0.8571428657
83525  -37.815  4.265  -7.199 0.4285714328
71845  -35.739  -6.600  -9.213 0.7142857313
72922  -35.382  -5.281  -9.827 0.4285714328
71838  -36.226  -6.462  -8.878 0.7142857313
74918  -36.784  -3.626  -9.777 0.8571428657
74925  -36.181  -3.488  -10.336 0.5714285970
77057  -34.949  -1.795  -10.901 0.5714285970
75978  -34.490  -2.045  -11.287 0.4285714328
75971  -36.741  -2.468  -10.192 0.8571428657
75970  -35.674  -2.597  -10.639 0.5714285970
78197  -35.672  -0.731  -11.121 0.5714285970
77060  -37.193  -1.136  -9.986 0.8571428657
78198  -36.131  -0.410  -10.885 0.7142857313
81439  -37.649  2.613  -8.590 0.7142857313
82480  -36.631  3.760  -8.994 0.7142857313
83533  -36.319  4.455  -8.763 0.8571428657
81418  -39.353  2.527  -7.456 0.2857142985
82462  -38.365  3.364  -7.513 0.4285714328
82461  -37.502  3.459  -7.871 0.5714285970
68432  -36.811  -9.191  -8.786 0.4285714328
69544  -36.085  -8.266  -8.999 0.4285714328
70685  -34.954  -6.962  -9.672 0.4285714328
73926  -36.889  -4.545  -9.296 0.7142857313
74919  -37.377  -3.637  -9.153 0.7142857313
75972  -37.315  -1.699  -9.966 0.8571428657
80364  -38.787  1.294  -8.422 0.7142857313
80365  -39.116  1.812  -7.958 0.2857142985
81440  -38.525  2.111  -8.352 0.5714285970
80380  -38.329  1.438  -8.854 0.5714285970
68431  -36.318  -9.573  -8.973 0.4285714328
67326  -36.759  -10.066  -10.267 0.5714285970
69538  -36.420  -8.032  -8.693 0.5714285970
70687  -35.910  -7.260  -8.912 0.5714285970
78135  -38.752  -0.238  -6.887 0.4285714328
79264  -38.990  0.545  -7.519 0.4285714328
80348  -39.381  1.473  -7.217 0.4285714328
79276  -39.143  1.117  -7.925 0.4285714328
70645  -38.042  -7.318  -4.445 0.4285714328
71779  -37.706  -6.152  -4.188 0.4285714328
75888  -38.190  -2.641  -5.506 0.4285714328
76986  -38.490  -1.630  -5.416 0.4285714328
77007  -38.565  -1.320  -6.517 0.4285714328
64694  -32.528  -12.554  -1.936 0.1428571492
73864  -37.635  -4.301  -5.027 0.4285714328
74824  -37.805  -3.378  -4.730 0.4285714328
75861  -37.923  -3.002  -4.790 0.4285714328
67191  -33.819  -10.885  -1.851 0.1428571492
68343  -35.671  -9.471  -2.437 0.2857142985
69454  -38.985  -8.376  -2.762 0.2857142985
71760  -38.859  -6.212  -2.495 0.2857142985
70602  -38.734  -7.305  -3.042 0.2857142985
69477  -37.932  -9.148  -4.017 0.4285714328
72831  -38.242  -5.147  -2.682 0.2857142985
71780  -38.076  -6.214  -3.488 0.2857142985
69478  -38.346  -8.241  -3.731 0.2857142985
73846  -37.870  -4.506  -3.463 0.2857142985
72847  -37.856  -5.303  -3.411 0.4285714328
64695  -32.993  -12.200  -1.287 0.1428571492
65938  -33.411  -11.549  -1.672 0.1428571492
68321  -34.700  -10.385  -1.507 0.2857142985
68342  -34.427  -10.226  -2.181 0.2857142985
68324  -37.824  -9.458  -1.395 0.2857142985
68346  -39.043  -9.230  -2.427 0.2857142985
69453  -38.401  -9.021  -3.129 0.2857142985
69452  -37.570  -9.262  -3.201 0.2857142985
65939  -33.996  -11.300  -1.017 0.1428571492
68302  -36.230  -10.111  -0.038 0.2857142985
67170  -34.798  -10.917  -0.618 0.2857142985
68323  -36.559  -9.536  -1.220 0.2857142985
68322  -35.277  -10.152  -1.062 0.2857142985
67212  -34.021  -10.613  -1.953 0.2857142985
63561  -32.234  -13.703  -0.430 0.1428571492
62506  -31.567  -14.598  -0.785 0.2857142985
64658  -32.643  -12.733  -0.969 0.1428571492
58148  -30.198  -18.577  0.625 0.2857142985
58147  -29.731  -19.131  0.462 0.2857142985
57011  -29.271  -19.769  0.663 0.2857142985
57010  -28.780  -20.337  0.496 0.1428571492
67192  -34.379  -10.792  -1.279 0.1428571492
68301  -35.634  -10.345  -0.410 0.2857142985
68345  -38.169  -9.335  -2.373 0.2857142985
69500  -38.111  -7.767  -4.416 0.4285714328
73834  -38.258  -3.895  -2.795 0.2857142985
73924  -35.704  -4.917  -9.802 0.7142857313
74825  -37.929  -3.220  -4.310 0.4285714328
77059  -36.675  -1.259  -10.288 0.5714285970
75916  -38.460  -2.299  -6.212 0.4285714328
78152  -38.599  -0.048  -7.753 0.4285714328
79248  -39.186  0.506  -6.722 0.2857142985
81417  -38.812  2.738  -7.839 0.5714285970
89863  -34.022  10.977  -10.988 0.7142857313
83534  -36.724  4.129  -8.210 0.7142857313
88813  -34.284  9.770  -9.189 0.8571428657
94228  -33.977  14.121  -13.036 0.4285714328
93248  -34.071  13.710  -12.556 0.5714285970
93225  -34.547  13.363  -10.531 0.7142857313
82445  -38.761  3.949  -6.981 0.2857142985
88804  -34.664  9.940  -8.057 0.8571428657
88797  -36.329  8.955  -7.106 0.5714285970
97905  -33.562  18.884  -13.209 0.2857142985
93199  -36.352  13.384  -8.342 0.4285714328
94197  -35.934  14.536  -9.114 0.4285714328
99787  -31.382  20.634  -11.339 0.1428571492
96987  -35.688  17.601  -10.141 0.2857142985
59228  -30.568  -17.460  0.214 0.1428571492
58190  -29.341  -18.745  -1.294 0.2857142985
60377  -31.053  -16.510  0.274 0.1428571492
63560  -31.789  -14.072  -0.793 0.1428571492
64660  -33.933  -11.950  0.111 0.1428571492
65915  -35.044  -11.287  0.245 0.1428571492
68360  -34.514  -9.714  -3.447 0.2857142985
68344  -37.062  -9.258  -2.311 0.2857142985
69451  -36.573  -9.256  -3.304 0.2857142985
69455  -39.476  -8.149  -2.203 0.2857142985
68437  -37.351  -9.973  -9.489 0.5714285970
70692  -34.844  -7.689  -9.681 0.2857142985
74797  -38.333  -2.976  -2.939 0.2857142985
72923  -35.961  -5.602  -9.329 0.7142857313
72924  -36.418  -5.048  -9.283 0.5714285970
74923  -34.821  -3.809  -10.847 0.4285714328
73930  -35.416  -4.520  -10.360 0.5714285970
74809  -38.057  -3.402  -3.753 0.4285714328
78221  -34.359  -0.586  -12.509 0.2857142985
77069  -35.153  -1.220  -11.319 0.5714285970
75862  -38.112  -2.671  -4.596 0.2857142985
74854  -37.907  -3.421  -5.692 0.4285714328
78222  -35.011  -0.050  -12.663 0.2857142985
76970  -38.448  -1.501  -4.262 0.1428571492
79227  -38.854  0.011  -5.953 0.4285714328
79228  -39.128  0.319  -5.709 0.1428571492
83547  -36.093  4.323  -9.436 0.8571428657
80328  -39.549  1.374  -6.141 0.1428571492
82463  -39.038  3.227  -7.361 0.2857142985
83524  -37.040  4.241  -7.493 0.5714285970
85611  -35.786  6.288  -7.353 0.7142857313
89846  -34.648  10.930  -8.869 0.8571428657
85569  -38.261  6.444  -6.686 0.2857142985
97904  -31.426  18.851  -13.145 0.2857142985
86679  -36.432  7.168  -6.958 0.4285714328
85568  -37.591  6.300  -6.637 0.4285714328
87769  -37.986  8.268  -7.032 0.1428571492
90923  -35.642  11.902  -8.227 0.5714285970
88807  -37.675  9.408  -7.263 0.1428571492
92065  -37.246  12.049  -7.670 0.1428571492
98840  -31.490  19.764  -11.787 0.1428571492
92095  -35.269  13.075  -9.224 0.5714285970
90926  -37.626  11.410  -7.685 0.1428571492
94188  -36.948  14.248  -8.185 0.1428571492
96986  -34.821  17.358  -10.802 0.2857142985
96972  -35.828  16.979  -9.778 0.2857142985
95120  -37.241  14.950  -8.438 0.1428571492
95131  -38.442  15.490  -9.187 0.1428571492
96066  -37.921  16.529  -9.290 0.1428571492
98827  -36.497  19.363  -10.614 0.2857142985
98828  -37.307  19.350  -10.563 0.2857142985
97881  -37.667  18.489  -10.252 0.1428571492
60358  -31.693  -16.442  1.152 0.1428571492
63562  -33.016  -12.902  -0.252 0.1428571492
70603  -39.264  -7.667  -2.467 0.2857142985
82446  -39.659  3.569  -6.856 0.2857142985
96990  -38.761  17.371  -10.533 0.1428571492
99790  -37.385  19.871  -10.858 0.2857142985
59229  -31.162  -17.090  0.885 0.1428571492
62490  -31.886  -14.970  0.064 0.1428571492
67211  -33.595  -10.748  -2.610 0.2857142985
71839  -36.741  -6.726  -8.582 0.5714285970
69539  -36.767  -8.290  -8.472 0.4285714328
72918  -36.755  -5.687  -8.771 0.7142857313
82481  -37.049  3.326  -8.537 0.7142857313
80394  -36.107  1.650  -10.993 0.8571428657
78199  -37.048  -0.457  -10.113 0.8571428657
79308  -36.736  0.301  -10.579 0.8571428657
84603  -35.285  4.941  -10.030 0.8571428657
94214  -34.498  14.494  -11.247 0.7142857313
97011  -33.648  17.795  -13.231 0.2857142985
97012  -33.933  17.587  -12.556 0.2857142985
97917  -33.048  18.921  -13.911 0.2857142985
79275  -38.749  0.576  -8.136 0.4285714328
72846  -37.650  -5.266  -4.225 0.4285714328
98869  -32.512  19.734  -14.237 0.2857142985
75962  -37.182  -3.052  -9.604 0.8571428657
100823  -32.476  21.634  -13.357 0.1428571492
100824  -33.446  21.538  -13.276 0.2857142985
99812  -32.273  20.617  -12.897 0.1428571492
98826  -35.763  19.466  -10.908 0.2857142985
97894  -35.317  18.875  -10.957 0.2857142985
96080  -35.314  16.630  -10.021 0.2857142985
96989  -37.137  18.179  -10.076 0.1428571492
96974  -37.419  17.526  -9.765 0.1428571492
96975  -38.356  17.178  -9.896 0.1428571492
97865  -38.162  17.922  -10.087 0.1428571492
97880  -36.856  18.682  -10.302 0.1428571492
95128  -35.347  15.514  -9.583 0.4285714328
96079  -34.797  16.412  -10.548 0.5714285970
93200  -37.311  13.378  -7.914 0.1428571492
92064  -36.645  12.300  -7.737 0.1428571492
96064  -36.005  16.416  -9.414 0.2857142985
95130  -37.516  15.712  -8.813 0.2857142985
94196  -35.294  14.422  -9.602 0.5714285970
89837  -35.431  10.886  -7.973 0.4285714328
92078  -35.441  12.542  -8.708 0.5714285970
88805  -35.718  9.613  -7.422 0.5714285970
89836  -34.919  10.708  -8.288 0.7142857313
90936  -34.924  11.964  -9.029 0.7142857313
87776  -36.404  7.939  -6.847 0.5714285970
86680  -37.004  7.023  -6.690 0.4285714328
78210  -35.915  0.005  -11.458 0.5714285970
81479  -35.227  2.292  -11.957 0.4285714328
79331  -35.124  0.690  -12.279 0.4285714328
84575  -35.537  5.643  -8.697 0.8571428657
84558  -36.154  5.618  -7.250 0.4285714328
84560  -37.724  4.946  -6.848 0.5714285970
87775  -35.824  8.177  -7.171 0.8571428657
84577  -36.601  4.632  -7.656 0.7142857313
70686  -35.424  -7.451  -9.276 0.5714285970
73925  -36.196  -4.490  -9.888 0.7142857313
74924  -35.503  -3.556  -10.617 0.4285714328
77058  -35.736  -1.355  -10.819 0.5714285970
75969  -34.825  -2.809  -10.797 0.4285714328
75968  -34.477  -3.320  -10.818 0.2857142985
81416  -38.160  2.775  -7.967 0.5714285970
69545  -37.015  -9.211  -9.440 0.5714285970
69552  -36.592  -9.107  -9.930 0.5714285970
78136  -38.945  0.247  -7.113 0.4285714328
70625  -38.265  -7.287  -3.926 0.2857142985
78116  -38.726  -0.418  -5.890 0.4285714328
73845  -37.730  -4.049  -4.211 0.4285714328
64659  -33.479  -12.090  -0.617 0.1428571492
65914  -34.430  -11.431  -0.294 0.1428571492
56994  -30.167  -19.325  1.448 0.1428571492
58128  -30.814  -18.579  1.640 0.1428571492
59206  -30.901  -17.794  1.168 0.1428571492
90958  -33.722  11.327  -12.223 0.5714285970
88838  -33.585  9.559  -12.294 0.4285714328
89871  -33.607  10.734  -12.024 0.5714285970
87812  -33.717  8.443  -12.517 0.4285714328
88830  -33.562  9.751  -11.341 0.5714285970
90959  -33.971  11.621  -11.812 0.4285714328
84610  -33.956  6.024  -11.946 0.4285714328
86744  -33.861  7.600  -11.582 0.4285714328
86743  -33.787  7.386  -12.187 0.4285714328
87813  -33.762  7.994  -11.858 0.5714285970
87802  -33.620  8.591  -11.471 0.5714285970
83574  -35.211  3.974  -11.323 0.5714285970
71744  -39.426  -6.320  -1.825 0.1428571492
72814  -39.082  -5.426  -1.934 0.1428571492
73817  -38.744  -4.251  -2.013 0.1428571492
63650  -31.848  -13.083  -5.113 0.2857142985
71761  -39.249  -6.990  -2.370 0.1428571492
71723  -40.989  -6.532  -0.666 0.1428571492
71745  -40.330  -6.541  -1.109 0.1428571492
72796  -40.967  -5.687  -0.493 0.1428571492
72816  -40.357  -5.762  -0.835 0.1428571492
72797  -41.675  -5.529  0.006 0.1428571492
69411  -40.314  -8.913  -1.282 0.1428571492
69412  -40.838  -8.310  -0.818 0.1428571492
69432  -39.902  -8.382  -1.686 0.1428571492
70563  -40.942  -7.255  -0.751 0.1428571492
71706  -42.008  -6.669  0.595 0.1428571492
70564  -41.300  -7.724  -0.235 0.1428571492
73777  -43.309  -4.216  1.959 0.1428571492
72781  -42.472  -5.408  1.161 0.1428571492
73776  -42.766  -4.750  1.578 0.1428571492
62582  -31.560  -14.447  -4.051 0.2857142985
63636  -30.990  -14.218  -4.779 0.2857142985
68304  -38.694  -9.503  -0.505 0.1428571492
68325  -38.935  -9.580  -1.627 0.1428571492
68326  -39.639  -9.142  -1.732 0.1428571492
68286  -41.236  -8.874  0.394 0.1428571492
68285  -40.647  -9.402  0.076 0.1428571492
70532  -41.678  -7.741  1.058 0.1428571492
69395  -41.098  -8.784  -0.265 0.1428571492
70533  -41.900  -7.461  1.535 0.1428571492
72761  -42.393  -5.770  2.927 0.1428571492
73748  -43.143  -5.119  3.315 0.1428571492
72770  -42.358  -5.548  1.932 0.1428571492
62581  -31.219  -14.829  -4.175 0.2857142985
61560  -30.835  -15.147  -4.027 0.2857142985
61548  -30.525  -15.438  -3.630 0.2857142985
68282  -37.039  -9.848  0.663 0.1428571492
68283  -38.381  -9.725  0.895 0.1428571492
68284  -39.602  -9.599  0.278 0.1428571492
68268  -41.151  -9.350  1.135 0.1428571492
68305  -39.875  -9.543  -0.873 0.1428571492
69374  -41.822  -8.193  2.351 0.1428571492
71687  -42.098  -6.494  2.914 0.1428571492
73762  -43.668  -4.334  2.673 0.1428571492
67130  -39.453  -10.150  1.895 0.1428571492
67151  -38.127  -9.946  1.485 0.1428571492
67111  -40.991  -10.516  2.609 0.1428571492
68266  -39.507  -9.825  1.201 0.1428571492
68251  -41.180  -9.597  2.229 0.1428571492
68267  -40.347  -9.802  0.959 0.1428571492
69373  -41.475  -8.785  1.884 0.1428571492
71677  -43.201  -6.539  4.114 0.1428571492
69365  -41.875  -8.218  3.348 0.1428571492
72750  -43.688  -5.807  3.820 0.1428571492
67149  -36.401  -10.548  1.072 0.1428571492
67171  -35.373  -10.780  -0.117 0.1428571492
67108  -38.848  -10.919  2.606 0.1428571492
67150  -37.583  -10.054  1.404 0.1428571492
67129  -38.399  -10.280  2.082 0.1428571492
68236  -41.418  -9.964  3.045 0.1428571492
67093  -41.397  -10.726  3.548 0.1428571492
68221  -41.827  -9.761  4.039 0.1428571492
69353  -42.362  -8.513  4.241 0.1428571492
71676  -42.456  -6.652  3.532 0.1428571492
69364  -41.551  -9.048  2.958 0.1428571492
65836  -39.181  -12.073  3.105 0.1428571492
65853  -38.264  -11.519  2.806 0.1428571492
65876  -37.758  -10.833  2.451 0.1428571492
65838  -40.722  -11.444  3.244 0.1428571492
65837  -39.951  -11.823  3.101 0.1428571492
67076  -42.604  -10.685  4.751 0.1428571492
65855  -40.037  -11.102  2.782 0.1428571492
68265  -38.956  -9.918  1.546 0.1428571492
67110  -40.196  -10.463  2.281 0.1428571492
73749  -44.121  -4.942  3.426 0.1428571492
74715  -44.214  -3.565  2.233 0.1428571492
70544  -41.709  -7.492  0.602 0.1428571492
71696  -42.048  -6.448  2.227 0.1428571492
72815  -39.841  -5.484  -1.188 0.1428571492
70505  -43.049  -7.874  4.476 0.1428571492
71672  -43.993  -7.389  4.422 0.1428571492
73763  -44.623  -4.189  2.850 0.1428571492
75740  -44.935  -2.851  2.031 0.1428571492
74729  -43.711  -3.457  1.603 0.1428571492
73761  -42.808  -4.840  2.466 0.1428571492
73787  -42.107  -4.965  0.214 0.1428571492
73789  -43.231  -4.126  1.266 0.1428571492
73818  -39.443  -4.461  -1.383 0.1428571492
90968  -33.649  11.615  -12.838 0.4285714328
92129  -33.716  12.555  -12.899 0.4285714328
98844  -38.360  19.587  -11.212 0.1428571492
61561  -30.993  -15.339  -3.961 0.2857142985
99804  -37.525  20.359  -11.320 0.1428571492
71743  -39.096  -6.007  -2.058 0.1428571492
68281  -36.550  -10.142  0.564 0.1428571492
67148  -35.765  -10.787  0.585 0.1428571492
68303  -37.441  -9.574  -0.253 0.1428571492
68347  -39.444  -8.723  -2.198 0.1428571492
75844  -38.303  -2.354  -3.556 0.1428571492
70584  -39.708  -7.416  -1.836 0.1428571492
71724  -41.541  -6.600  -0.116 0.1428571492
70585  -40.397  -7.729  -1.300 0.1428571492
72795  -40.343  -5.235  -0.646 0.1428571492
73801  -40.783  -4.567  -0.392 0.1428571492
72780  -42.145  -5.748  0.507 0.1428571492
68306  -40.661  -9.104  -0.717 0.1428571492
69433  -40.392  -8.371  -1.301 0.1428571492
69413  -41.173  -8.296  -0.309 0.1428571492
71707  -42.248  -6.359  1.239 0.1428571492
69396  -41.348  -8.260  0.186 0.1428571492
69384  -41.495  -8.270  1.052 0.1428571492
70523  -41.966  -7.270  2.829 0.1428571492
70514  -42.277  -7.581  3.777 0.1428571492
67172  -35.933  -10.542  0.372 0.1428571492
67128  -37.270  -10.495  2.023 0.1428571492
67109  -39.395  -10.696  2.431 0.1428571492
68250  -40.679  -9.942  1.800 0.1428571492
67131  -40.081  -10.042  1.613 0.1428571492
65854  -39.296  -11.344  2.831 0.1428571492
67075  -41.895  -10.913  4.288 0.1428571492
69352  -41.802  -8.859  3.713 0.1428571492
68222  -42.903  -9.615  4.700 0.1428571492
65856  -40.513  -10.863  2.759 0.1428571492
55908  -27.690  -20.618  -0.721 0.1428571492
57027  -29.035  -19.529  -0.558 0.1428571492
57045  -27.212  -19.558  -1.322 0.1428571492
57046  -28.267  -19.754  -1.003 0.1428571492
57047  -28.941  -19.430  -1.069 0.1428571492
58205  -28.974  -18.301  -1.871 0.1428571492
59290  -29.627  -17.299  -2.387 0.1428571492
59289  -28.787  -17.599  -2.189 0.1428571492
60436  -29.231  -16.521  -2.793 0.1428571492
60454  -30.636  -16.105  -3.249 0.1428571492
60435  -28.230  -16.647  -2.386 0.1428571492
61531  -28.517  -16.136  -2.784 0.1428571492
60453  -29.979  -16.141  -3.324 0.1428571492
62565  -29.394  -14.746  -3.707 0.1428571492
63635  -30.220  -13.800  -4.479 0.1428571492
62580  -30.438  -14.712  -4.068 0.1428571492
63648  -30.742  -13.590  -5.007 0.2857142985
63649  -31.329  -13.487  -5.136 0.1428571492
64795  -32.908  -12.310  -5.812 0.2857142985
67315  -34.614  -10.363  -8.516 0.4285714328
68435  -36.265  -10.387  -9.686 0.4285714328
82528  -35.141  3.383  -11.843 0.2857142985
83586  -34.385  4.255  -12.380 0.2857142985
83573  -34.664  4.444  -11.648 0.2857142985
87828  -32.445  8.587  -13.919 0.2857142985
88845  -33.473  9.360  -13.206 0.2857142985
89880  -33.505  10.463  -13.129 0.2857142985
64792  -30.751  -12.937  -5.321 0.1428571492
64793  -31.595  -12.770  -5.573 0.2857142985
64794  -32.292  -12.650  -5.621 0.1428571492
59267  -28.667  -18.174  -1.836 0.1428571492
62564  -28.313  -14.813  -3.489 0.1428571492
62579  -29.839  -14.255  -4.086 0.1428571492
64776  -30.316  -13.218  -4.918 0.1428571492
66037  -31.026  -12.281  -5.692 0.2857142985
64809  -31.972  -12.569  -6.134 0.2857142985
64810  -32.471  -12.318  -6.282 0.2857142985
64811  -32.958  -12.013  -6.381 0.2857142985
67300  -33.676  -11.140  -6.819 0.4285714328
66066  -34.023  -10.891  -7.511 0.4285714328
67314  -33.749  -10.219  -8.260 0.2857142985
80416  -35.014  1.599  -12.172 0.2857142985
81489  -34.321  2.587  -12.777 0.2857142985
82527  -34.657  3.885  -12.115 0.2857142985
83604  -34.039  4.430  -13.040 0.2857142985
84620  -34.145  5.045  -12.494 0.2857142985
85669  -33.899  6.438  -12.024 0.2857142985
86766  -33.200  7.433  -13.567 0.2857142985
86765  -32.713  7.598  -13.856 0.2857142985
87821  -33.462  8.529  -13.270 0.2857142985
81490  -34.750  2.165  -12.399 0.2857142985
82540  -34.459  3.511  -12.564 0.2857142985
81499  -33.777  2.233  -13.247 0.2857142985
84632  -34.098  5.028  -13.053 0.2857142985
84643  -33.229  6.287  -13.818 0.2857142985
84619  -33.866  5.887  -12.333 0.2857142985
85685  -33.672  6.602  -12.742 0.2857142985
85712  -33.181  6.710  -13.821 0.2857142985
86755  -33.561  7.619  -13.091 0.2857142985
83617  -32.867  3.835  -13.924 0.2857142985
83602  -32.879  4.524  -13.840 0.2857142985
84631  -33.580  5.500  -13.288 0.2857142985
67312  -35.141  -10.450  -8.331 0.4285714328
60437  -30.121  -16.724  -2.932 0.1428571492
66057  -33.304  -11.503  -6.795 0.4285714328
58206  -29.353  -17.991  -1.994 0.1428571492
58189  -28.557  -18.661  -1.560 0.1428571492
85699  -33.365  6.745  -13.457 0.2857142985
62566  -30.069  -15.112  -3.670 0.1428571492
60452  -29.458  -15.991  -3.238 0.1428571492
61546  -28.795  -15.639  -3.251 0.1428571492
61547  -29.728  -15.545  -3.487 0.1428571492
66068  -34.176  -10.689  -8.025 0.4285714328
87829  -33.095  8.143  -13.571 0.2857142985
66065  -33.397  -11.019  -7.368 0.4285714328
84642  -32.836  5.695  -14.128 0.2857142985
68441  -35.131  -9.420  -10.458 0.2857142985
67319  -35.682  -10.469  -9.764 0.2857142985
69551  -35.565  -8.406  -9.629 0.2857142985
102646  -36.436  23.250  -14.514 0.1428571492
102647  -36.958  22.835  -14.138 0.1428571492
101745  -36.029  22.282  -12.994 0.1428571492
100812  -36.060  21.165  -11.690 0.1428571492
100813  -36.977  21.049  -11.818 0.1428571492
100826  -35.552  21.679  -12.390 0.1428571492
101743  -34.043  22.258  -13.118 0.1428571492
101756  -33.167  22.683  -14.094 0.1428571492
68442  -35.957  -9.270  -10.354 0.2857142985
69558  -34.984  -8.234  -10.446 0.2857142985
100814  -37.496  20.911  -11.925 0.1428571492
101760  -37.375  22.237  -13.428 0.1428571492
99803  -36.555  20.521  -11.249 0.1428571492
100827  -36.534  21.694  -12.333 0.1428571492
100825  -34.511  21.413  -12.581 0.1428571492
99802  -35.637  20.327  -11.368 0.1428571492
101744  -34.983  22.321  -13.081 0.1428571492
100838  -33.044  21.920  -13.861 0.1428571492
100811  -35.269  21.035  -11.925 0.1428571492
67316  -35.340  -10.237  -8.928 0.2857142985
101759  -36.628  22.618  -13.656 0.1428571492
101758  -35.585  22.922  -13.914 0.1428571492
102645  -35.207  24.026  -15.471 0.1428571492
101746  -36.878  22.177  -12.904 0.1428571492
81498  -33.037  2.597  -13.750 0.1428571492
82553  -33.726  3.291  -13.285 0.1428571492
84639  -30.304  5.889  -14.523 0.1428571492
85708  -30.720  6.615  -14.504 0.1428571492
80415  -34.337  1.564  -12.735 0.1428571492
85710  -32.222  6.511  -14.437 0.1428571492
86775  -30.297  7.567  -14.556 0.1428571492
87837  -30.603  8.291  -14.913 0.1428571492
88861  -31.116  8.996  -15.140 0.2857142985
73929  -34.748  -4.620  -10.745 0.2857142985
73935  -34.256  -4.578  -11.024 0.1428571492
80414  -33.729  1.177  -13.151 0.1428571492
83511  -38.387  4.834  -6.774 0.1428571492
81506  -32.587  2.648  -14.033 0.1428571492
88853  -32.437  9.515  -14.421 0.1428571492
88852  -31.788  9.738  -15.209 0.2857142985
90977  -32.919  11.404  -14.033 0.2857142985
94242  -31.509  14.744  -14.512 0.2857142985
93257  -30.751  13.624  -13.973 0.2857142985
95181  -31.122  15.692  -14.382 0.2857142985
95138  -31.251  16.086  -10.637 0.1428571492
89888  -32.405  10.536  -14.795 0.2857142985
92139  -33.160  12.782  -13.678 0.2857142985
93260  -33.192  13.841  -13.807 0.2857142985
92138  -32.331  12.702  -14.514 0.2857142985
92137  -31.292  12.676  -14.410 0.2857142985
94254  -32.631  14.906  -14.481 0.2857142985
93258  -31.576  13.777  -14.479 0.2857142985
96116  -30.886  16.628  -13.792 0.1428571492
94227  -30.514  14.382  -13.439 0.2857142985
96985  -31.314  17.895  -10.961 0.1428571492
92136  -30.412  12.633  -13.850 0.1428571492
88851  -30.756  9.840  -15.012 0.2857142985
95166  -30.578  15.482  -13.309 0.1428571492
96101  -30.758  16.591  -12.705 0.1428571492
94213  -30.281  14.595  -12.583 0.1428571492
87835  -29.086  8.442  -14.435 0.2857142985
93236  -30.100  13.614  -12.174 0.1428571492
95137  -30.744  15.262  -10.497 0.1428571492
94203  -30.445  14.522  -11.387 0.1428571492
86739  -27.611  7.266  -12.734 0.1428571492
84539  -38.833  5.623  -6.599 0.1428571492
81394  -39.867  2.505  -6.482 0.1428571492
77075  -34.280  -1.294  -12.277 0.1428571492
79329  -33.416  0.409  -13.040 0.1428571492
83512  -39.311  4.673  -6.658 0.1428571492
79340  -33.128  1.240  -13.460 0.1428571492
81504  -31.678  2.558  -14.507 0.1428571492
82562  -32.041  3.420  -14.416 0.1428571492
83616  -32.575  4.421  -14.174 0.1428571492
84629  -30.524  5.056  -14.541 0.1428571492
86778  -32.277  7.230  -14.133 0.1428571492
86774  -29.597  7.666  -14.269 0.1428571492
88860  -30.177  9.085  -15.163 0.2857142985
89887  -31.371  10.667  -14.781 0.1428571492
90976  -31.922  11.635  -14.693 0.1428571492
95150  -30.774  15.807  -11.812 0.1428571492
95151  -31.218  16.403  -11.244 0.1428571492
94243  -32.999  14.328  -14.120 0.2857142985
96092  -30.829  16.442  -12.103 0.1428571492
95182  -31.592  15.262  -14.629 0.2857142985
96127  -31.303  16.888  -14.427 0.2857142985
77067  -34.179  -1.864  -11.948 0.1428571492
75977  -33.990  -2.633  -11.074 0.1428571492
93247  -33.693  13.497  -13.151 0.2857142985
88854  -33.006  9.058  -13.731 0.1428571492
89889  -33.070  10.065  -14.008 0.1428571492
80425  -33.328  1.789  -13.456 0.1428571492
83615  -31.702  4.429  -14.714 0.1428571492
80432  -32.312  1.981  -14.460 0.1428571492
80424  -32.610  1.896  -13.907 0.1428571492
84641  -32.073  5.511  -14.793 0.1428571492
85709  -31.447  6.473  -14.574 0.1428571492
86776  -30.988  7.431  -14.587 0.1428571492
86777  -31.648  7.310  -14.315 0.1428571492
79330  -34.327  0.519  -12.741 0.1428571492
87836  -29.781  8.343  -14.872 0.1428571492
87838  -31.318  8.194  -14.600 0.1428571492
88862  -31.821  8.883  -14.559 0.1428571492
94241  -30.960  14.611  -14.042 0.2857142985
94253  -31.956  14.892  -14.751 0.2857142985
93246  -30.136  13.613  -13.248 0.1428571492
95126  -30.980  15.935  -9.646 0.1428571492
93259  -32.542  13.878  -14.345 0.2857142985
93267  -32.264  14.483  -14.572 0.2857142985
97877  -31.285  18.927  -11.309 0.1428571492
90975  -30.906  11.618  -14.291 0.2857142985
66036  -30.056  -12.113  -5.340 0.1428571492
66054  -31.252  -11.853  -6.099 0.1428571492
66055  -31.831  -11.959  -6.495 0.1428571492
67280  -29.952  -11.068  -5.680 0.1428571492
68412  -30.433  -9.984  -6.673 0.1428571492
68420  -30.659  -9.452  -7.270 0.1428571492
67297  -30.995  -10.913  -6.370 0.1428571492
68421  -31.848  -9.490  -7.760 0.1428571492
67308  -31.520  -10.329  -7.102 0.1428571492
66056  -32.602  -11.736  -6.768 0.1428571492
68422  -32.615  -9.907  -7.849 0.1428571492
67310  -33.340  -10.576  -7.734 0.1428571492
69531  -30.900  -8.794  -7.806 0.1428571492
68427  -32.090  -8.971  -8.209 0.1428571492
67317  -34.315  -9.871  -8.893 0.1428571492
68440  -33.952  -9.177  -10.385 0.1428571492
70697  -34.618  -7.574  -10.167 0.1428571492
70691  -34.623  -7.003  -10.057 0.1428571492
88859  -29.282  9.108  -14.905 0.1428571492
67298  -32.043  -11.193  -6.893 0.1428571492
66019  -29.731  -12.520  -4.981 0.1428571492
71849  -34.764  -6.016  -10.040 0.1428571492
67318  -34.845  -10.271  -9.379 0.1428571492
67281  -30.686  -11.638  -5.816 0.1428571492
66064  -32.912  -11.362  -7.194 0.1428571492
67323  -34.219  -10.023  -9.729 0.1428571492
67295  -29.232  -9.788  -6.221 0.1428571492
67307  -30.920  -10.162  -6.846 0.1428571492
67309  -32.593  -10.646  -7.460 0.1428571492
67299  -32.555  -11.287  -7.078 0.1428571492
69536  -31.447  -8.486  -8.232 0.1428571492
68428  -32.878  -9.390  -8.519 0.1428571492
69530  -30.153  -8.606  -7.726 0.1428571492
66018  -29.160  -12.245  -4.810 0.1428571492
57012  -29.835  -19.186  0.788 0.2857142985
60439  -30.977  -16.084  -2.483 0.2857142985
61488  -30.800  -16.077  -0.857 0.4285714328
65913  -33.789  -11.530  -0.865 0.1428571492
66020  -32.702  -12.389  -4.921 0.2857142985
66038  -31.572  -12.329  -6.035 0.1428571492
66058  -33.723  -11.114  -7.102 0.4285714328
66067  -33.762  -10.709  -7.764 0.4285714328
67127  -36.654  -10.740  1.954 0.1428571492
67193  -34.957  -10.657  -0.763 0.2857142985
67313  -33.077  -10.114  -7.873 0.1428571492
67320  -36.482  -10.426  -9.989 0.5714285970
67321  -37.179  -10.335  -9.963 0.5714285970
67322  -37.717  -10.301  -9.993 0.5714285970
67324  -34.928  -10.095  -10.187 0.2857142985
67325  -35.862  -10.089  -10.320 0.2857142985
67327  -37.481  -10.065  -10.183 0.5714285970
67328  -37.943  -10.018  -10.180 0.5714285970
68341  -33.947  -10.357  -2.553 0.2857142985
68423  -35.207  -10.447  -7.951 0.4285714328
68429  -33.750  -9.705  -8.697 0.1428571492
68430  -36.003  -10.110  -9.251 0.4285714328
68436  -36.659  -10.216  -9.595 0.4285714328
68438  -38.017  -10.101  -9.900 0.5714285970
68443  -37.079  -9.657  -10.220 0.5714285970
68444  -37.678  -9.877  -10.221 0.5714285970
68445  -38.169  -9.959  -10.094 0.5714285970
69385  -41.701  -8.196  1.685 0.1428571492
69497  -36.682  -9.253  -4.566 0.5714285970
69526  -37.182  -8.765  -6.316 0.7142857313
69543  -35.535  -8.134  -9.148 0.4285714328
69546  -37.808  -9.671  -9.765 0.5714285970
69553  -37.470  -9.515  -10.097 0.5714285970
69554  -37.935  -9.905  -10.144 0.5714285970
70504  -42.575  -7.772  4.235 0.1428571492
70545  -42.079  -7.035  0.943 0.1428571492
70624  -37.954  -6.763  -4.337 0.4285714328
70681  -36.439  -7.493  -8.683 0.5714285970
70696  -34.346  -7.229  -10.730 0.1428571492
71670  -42.771  -7.223  4.210 0.1428571492
71843  -34.768  -6.457  -9.949 0.1428571492
71844  -35.220  -6.211  -9.670 0.4285714328
72749  -42.900  -5.910  3.637 0.1428571492
72917  -36.289  -5.911  -8.968 0.7142857313
72928  -34.866  -5.387  -10.245 0.1428571492
73931  -35.888  -4.046  -10.418 0.5714285970
74714  -43.714  -3.871  2.130 0.1428571492
74716  -45.117  -3.297  2.314 0.1428571492
74808  -37.847  -3.502  -4.232 0.4285714328
74855  -38.222  -2.855  -6.022 0.4285714328
74922  -34.526  -3.628  -10.843 0.4285714328
74930  -34.515  -4.183  -10.884 0.1428571492
75739  -44.607  -2.943  1.987 0.1428571492
75887  -37.920  -2.992  -5.068 0.4285714328
78153  -38.812  0.144  -7.314 0.4285714328
78208  -34.813  -0.792  -12.071 0.2857142985
79247  -38.890  0.057  -6.249 0.4285714328
79263  -38.776  0.376  -7.803 0.4285714328
79339  -32.586  1.006  -13.559 0.1428571492
80406  -36.221  1.204  -11.107 0.8571428657
80426  -33.789  1.672  -13.176 0.1428571492
80431  -32.115  2.123  -14.684 0.1428571492
81441  -39.012  2.308  -7.961 0.5714285970
81497  -32.600  2.380  -14.023 0.1428571492
81505  -32.293  2.484  -14.307 0.1428571492
82541  -34.828  2.790  -12.353 0.2857142985
82552  -33.090  3.439  -13.746 0.2857142985
82561  -31.389  3.518  -14.624 0.1428571492
82563  -32.618  3.243  -14.053 0.1428571492
83603  -33.201  4.286  -13.622 0.2857142985
84591  -35.999  4.817  -8.929 0.8571428657
84630  -32.944  4.896  -13.752 0.2857142985
84640  -31.082  5.481  -14.847 0.1428571492
85588  -36.434  6.122  -7.063 0.4285714328
85589  -37.024  6.400  -6.655 0.4285714328
85610  -35.332  6.244  -8.381 0.8571428657
85698  -33.107  7.050  -13.789 0.2857142985
85711  -32.852  6.739  -14.076 0.2857142985
86678  -35.929  7.496  -7.195 0.7142857313
87767  -36.492  8.397  -6.925 0.5714285970
87803  -33.769  7.960  -11.459 0.5714285970
87839  -31.925  8.003  -14.038 0.1428571492
88799  -37.410  8.642  -6.971 0.1428571492
89847  -35.026  11.023  -8.388 0.7142857313
89862  -33.717  10.511  -11.165 0.7142857313
89872  -33.796  10.972  -11.473 0.7142857313
90924  -36.128  11.631  -7.777 0.1428571492
92062  -35.694  12.312  -8.346 0.5714285970
92063  -36.002  12.488  -8.142 0.1428571492
92077  -35.080  12.377  -9.068 0.7142857313
92079  -35.893  12.891  -8.422 0.5714285970
92080  -37.168  12.634  -7.718 0.1428571492
92130  -34.044  12.792  -12.280 0.5714285970
93198  -35.833  13.106  -8.605 0.4285714328
93266  -31.966  14.326  -14.634 0.2857142985
94198  -36.481  14.381  -8.651 0.1428571492
95119  -36.800  14.758  -8.505 0.1428571492
95141  -38.825  15.842  -9.914 0.1428571492
95184  -34.050  15.946  -13.117 0.7142857313
95195  -33.143  15.916  -13.951 0.5714285970
96988  -36.566  17.999  -10.005 0.1428571492
97021  -30.954  17.982  -13.747 0.2857142985
97043  -31.872  18.641  -15.994 0.7142857313
97879  -35.948  18.639  -10.425 0.4285714328
97916  -32.796  19.453  -14.281 0.2857142985
97925  -31.018  18.505  -15.707 0.4285714328
97934  -30.451  18.948  -16.337 0.4285714328
97935  -31.376  18.894  -16.272 0.4285714328
97936  -32.247  19.289  -16.123 0.4285714328
97942  -30.911  19.364  -16.878 0.4285714328
97943  -31.591  19.564  -16.823 0.4285714328
98867  -30.759  19.241  -14.940 0.4285714328
98874  -30.370  19.590  -15.812 0.4285714328
98883  -30.418  19.894  -16.712 0.4285714328
98884  -30.687  20.244  -16.162 0.4285714328
98885  -32.220  20.249  -16.187 0.4285714328
98891  -31.106  19.932  -17.296 0.4285714328
98892  -31.859  19.995  -17.166 0.4285714328
98893  -32.152  20.067  -16.702 0.4285714328
99788  -36.245  19.979  -10.892 0.2857142985
99830  -31.716  20.630  -15.679 0.4285714328
99831  -32.096  20.777  -15.927 0.4285714328
99835  -30.705  20.437  -16.523 0.4285714328
99836  -31.307  20.707  -16.253 0.4285714328
99837  -32.026  20.583  -16.552 0.4285714328
99842  -30.884  20.447  -16.887 0.4285714328
99843  -31.549  20.414  -16.921 0.4285714328
99844  -31.968  20.319  -16.909 0.4285714328
101766  -37.117  22.591  -13.821 0.1428571492
