#!ascii label  , from subject sub.01.bl.01 vox2ras=TkReg
418
68384  -34.798  -9.511  -4.591 0.0000000000
69544  -36.085  -8.266  -8.999 0.0000000000
87812  -33.717  8.443  -12.517 0.0000000000
82512  -35.603  3.526  -10.989 0.0000000000
75964  -38.150  -1.493  -8.952 0.0000000000
71779  -37.706  -6.152  -4.188 0.0000000000
89880  -33.505  10.463  -13.129 0.0000000000
80396  -37.324  1.142  -10.012 0.0000000000
75970  -35.674  -2.597  -10.639 0.0000000000
68425  -36.770  -9.309  -7.822 0.0000000000
71828  -37.820  -6.708  -7.295 0.0000000000
69499  -37.747  -8.438  -4.753 0.0000000000
62568  -31.756  -14.244  -3.697 0.0000000000
67301  -34.225  -10.693  -6.899 0.0000000000
97033  -31.679  18.131  -15.346 0.0000000000
95183  -33.707  15.841  -13.490 0.0000000000
93237  -34.267  13.581  -11.723 0.0000000000
92109  -34.558  12.354  -10.343 0.0000000000
88804  -34.664  9.940  -8.057 0.0000000000
84611  -34.290  5.770  -11.523 0.0000000000
86695  -35.620  7.174  -7.568 0.0000000000
83534  -36.724  4.129  -8.210 0.0000000000
81440  -38.525  2.111  -8.352 0.0000000000
78135  -38.752  -0.238  -6.887 0.0000000000
73926  -36.889  -4.545  -9.296 0.0000000000
74903  -38.214  -3.783  -7.270 0.0000000000
78197  -35.672  -0.731  -11.121 0.0000000000
75978  -34.490  -2.045  -11.287 0.0000000000
68401  -36.299  -9.251  -5.915 0.0000000000
68402  -36.854  -9.030  -6.111 0.0000000000
69517  -36.664  -9.141  -5.114 0.0000000000
59242  -30.376  -17.364  -0.745 0.0000000000
61511  -30.807  -16.022  -1.154 0.0000000000
61512  -31.083  -15.537  -1.566 0.0000000000
67311  -34.650  -10.594  -7.820 0.0000000000
66065  -33.397  -11.019  -7.368 0.0000000000
94245  -34.051  15.338  -13.172 0.0000000000
88838  -33.585  9.559  -12.294 0.0000000000
90959  -33.971  11.621  -11.812 0.0000000000
89854  -33.843  10.567  -10.685 0.0000000000
89846  -34.648  10.930  -8.869 0.0000000000
87791  -33.634  9.063  -10.552 0.0000000000
83559  -34.690  5.010  -10.987 0.0000000000
85629  -35.002  6.289  -9.338 0.0000000000
84590  -35.495  5.281  -9.329 0.0000000000
84576  -36.029  5.193  -8.137 0.0000000000
82480  -36.631  3.760  -8.994 0.0000000000
78187  -37.625  -0.167  -9.649 0.0000000000
81457  -37.956  1.871  -8.929 0.0000000000
79293  -38.355  0.673  -8.902 0.0000000000
79264  -38.990  0.545  -7.519 0.0000000000
77025  -38.464  -1.123  -7.504 0.0000000000
70685  -34.954  -6.962  -9.672 0.0000000000
73924  -35.704  -4.917  -9.802 0.0000000000
71838  -36.226  -6.462  -8.878 0.0000000000
71820  -37.985  -6.269  -6.035 0.0000000000
72904  -38.010  -5.539  -7.006 0.0000000000
73893  -37.781  -4.452  -5.945 0.0000000000
75888  -38.190  -2.641  -5.506 0.0000000000
73845  -37.730  -4.049  -4.211 0.0000000000
63600  -32.088  -13.587  -2.616 0.0000000000
64777  -32.313  -12.815  -4.855 0.0000000000
65959  -32.663  -12.204  -3.423 0.0000000000
65987  -32.957  -11.454  -3.730 0.0000000000
80405  -35.718  1.357  -11.624 0.0000000000
81470  -36.295  2.106  -10.631 0.0000000000
79319  -36.236  0.586  -11.194 0.0000000000
78198  -36.131  -0.410  -10.885 0.0000000000
75972  -37.315  -1.699  -9.966 0.0000000000
68432  -36.811  -9.191  -8.786 0.0000000000
70682  -36.992  -7.349  -8.422 0.0000000000
69533  -37.177  -8.400  -7.633 0.0000000000
70664  -37.741  -7.433  -6.365 0.0000000000
70644  -37.822  -7.326  -5.118 0.0000000000
63599  -31.715  -14.006  -2.050 0.0000000000
67326  -36.759  -10.066  -10.267 0.0000000000
68424  -35.701  -9.955  -8.237 0.0000000000
68413  -35.053  -10.114  -7.375 0.0000000000
67264  -34.129  -10.129  -5.086 0.0000000000
98876  -32.226  20.181  -15.314 0.0000000000
95193  -31.839  15.830  -14.703 0.0000000000
96130  -32.667  16.892  -14.255 0.0000000000
96104  -34.045  16.668  -12.711 0.0000000000
96094  -34.488  16.493  -11.393 0.0000000000
95139  -34.694  15.487  -10.578 0.0000000000
90969  -33.981  12.123  -12.511 0.0000000000
93225  -34.547  13.363  -10.531 0.0000000000
94196  -35.294  14.422  -9.602 0.0000000000
92095  -35.269  13.075  -9.224 0.0000000000
90923  -35.642  11.902  -8.227 0.0000000000
89838  -36.336  10.648  -7.494 0.0000000000
86744  -33.861  7.600  -11.582 0.0000000000
86713  -34.355  7.623  -9.687 0.0000000000
87774  -35.156  8.855  -7.785 0.0000000000
88797  -36.329  8.955  -7.106 0.0000000000
86679  -36.432  7.168  -6.958 0.0000000000
83525  -37.815  4.265  -7.199 0.0000000000
81438  -36.896  2.841  -9.125 0.0000000000
81416  -38.160  2.775  -7.967 0.0000000000
74924  -35.503  -3.556  -10.617 0.0000000000
74918  -36.784  -3.626  -9.777 0.0000000000
75963  -37.742  -2.433  -9.216 0.0000000000
72911  -37.562  -5.643  -7.922 0.0000000000
74911  -38.012  -3.466  -8.309 0.0000000000
74912  -38.277  -2.808  -8.193 0.0000000000
75940  -38.544  -2.159  -7.153 0.0000000000
76986  -38.490  -1.630  -5.416 0.0000000000
66039  -33.289  -11.710  -6.000 0.0000000000
67263  -33.545  -10.954  -5.453 0.0000000000
68360  -34.514  -9.714  -3.447 0.0000000000
68385  -35.851  -9.108  -4.877 0.0000000000
69475  -36.375  -9.266  -4.111 0.0000000000
68361  -35.606  -9.305  -3.785 0.0000000000
60376  -30.641  -16.825  -0.299 0.0000000000
60392  -30.636  -16.481  -0.923 0.0000000000
60393  -30.819  -16.383  -0.355 0.0000000000
88830  -33.562  9.751  -11.341 0.0000000000
88820  -33.662  10.051  -10.590 0.0000000000
87802  -33.620  8.591  -11.471 0.0000000000
83574  -35.211  3.974  -11.323 0.0000000000
83560  -35.250  4.487  -10.686 0.0000000000
84603  -35.285  4.941  -10.030 0.0000000000
83546  -35.593  4.570  -9.932 0.0000000000
83547  -36.093  4.323  -9.436 0.0000000000
82497  -35.851  3.854  -10.206 0.0000000000
77050  -38.083  -0.933  -9.018 0.0000000000
79292  -37.894  0.403  -9.474 0.0000000000
78188  -38.051  -0.271  -9.078 0.0000000000
78170  -38.379  0.029  -8.465 0.0000000000
77041  -38.312  -0.855  -8.454 0.0000000000
70686  -35.424  -7.451  -9.276 0.0000000000
71845  -35.739  -6.600  -9.213 0.0000000000
70687  -35.910  -7.260  -8.912 0.0000000000
71799  -37.729  -6.200  -4.872 0.0000000000
72897  -37.896  -5.241  -6.232 0.0000000000
72871  -37.707  -5.299  -5.389 0.0000000000
73864  -37.635  -4.301  -5.027 0.0000000000
72846  -37.650  -5.266  -4.225 0.0000000000
72847  -37.856  -5.303  -3.411 0.0000000000
64725  -32.453  -12.863  -3.023 0.0000000000
79331  -35.124  0.690  -12.279 0.0000000000
79318  -35.725  0.417  -11.733 0.0000000000
77058  -35.736  -1.355  -10.819 0.0000000000
77059  -36.675  -1.259  -10.288 0.0000000000
68426  -36.994  -8.838  -8.199 0.0000000000
69532  -37.144  -8.820  -7.045 0.0000000000
69518  -37.153  -8.951  -5.541 0.0000000000
69519  -37.562  -8.232  -5.804 0.0000000000
69500  -38.111  -7.767  -4.416 0.0000000000
58191  -30.062  -17.925  -1.269 0.0000000000
58165  -30.084  -18.232  -0.492 0.0000000000
62527  -31.400  -14.670  -1.863 0.0000000000
63580  -31.723  -14.024  -1.229 0.0000000000
68435  -36.265  -10.387  -9.686 0.0000000000
68400  -34.916  -9.678  -6.021 0.0000000000
67283  -34.054  -10.515  -5.989 0.0000000000
97924  -30.640  18.645  -15.308 0.0000000000
98875  -31.249  20.009  -15.590 0.0000000000
97944  -31.994  19.732  -16.801 0.0000000000
97926  -32.657  19.217  -14.824 0.0000000000
97044  -32.083  18.480  -15.744 0.0000000000
94255  -33.016  15.357  -14.233 0.0000000000
95194  -32.523  15.937  -14.388 0.0000000000
97035  -32.865  17.630  -14.209 0.0000000000
96117  -33.470  16.879  -13.629 0.0000000000
96103  -33.712  17.098  -13.199 0.0000000000
96118  -33.843  16.316  -13.260 0.0000000000
94229  -34.266  14.622  -12.553 0.0000000000
95152  -34.449  15.556  -11.891 0.0000000000
94214  -34.498  14.494  -11.247 0.0000000000
90968  -33.649  11.615  -12.838 0.0000000000
90951  -34.418  11.596  -10.729 0.0000000000
92118  -34.374  12.531  -11.251 0.0000000000
93210  -35.058  13.573  -9.670 0.0000000000
93211  -35.694  13.562  -9.037 0.0000000000
92094  -34.898  12.624  -9.512 0.0000000000
90937  -35.183  11.539  -8.520 0.0000000000
89836  -34.919  10.708  -8.288 0.0000000000
89837  -35.431  10.886  -7.973 0.0000000000
84610  -33.956  6.024  -11.946 0.0000000000
85670  -34.088  6.942  -11.475 0.0000000000
86730  -33.955  7.736  -10.911 0.0000000000
85650  -34.454  6.646  -10.532 0.0000000000
85609  -35.127  6.583  -8.780 0.0000000000
86694  -34.989  7.199  -8.595 0.0000000000
87786  -35.278  8.005  -7.979 0.0000000000
87775  -35.824  8.177  -7.171 0.0000000000
87776  -36.404  7.939  -6.847 0.0000000000
86696  -35.920  6.882  -7.253 0.0000000000
84577  -36.601  4.632  -7.656 0.0000000000
84558  -36.154  5.618  -7.250 0.0000000000
84559  -36.951  5.147  -6.966 0.0000000000
84560  -37.724  4.946  -6.848 0.0000000000
83524  -37.040  4.241  -7.493 0.0000000000
80395  -36.731  1.261  -10.520 0.0000000000
81455  -36.683  2.267  -9.920 0.0000000000
80378  -37.168  1.551  -9.832 0.0000000000
80380  -38.329  1.438  -8.854 0.0000000000
82462  -38.365  3.364  -7.513 0.0000000000
81417  -38.812  2.738  -7.839 0.0000000000
78136  -38.945  0.247  -7.113 0.0000000000
79227  -38.854  0.011  -5.953 0.0000000000
74923  -34.821  -3.809  -10.847 0.0000000000
72924  -36.418  -5.048  -9.283 0.0000000000
73925  -36.196  -4.490  -9.888 0.0000000000
75962  -37.182  -3.052  -9.604 0.0000000000
74919  -37.377  -3.637  -9.153 0.0000000000
70677  -37.398  -7.537  -7.933 0.0000000000
71835  -37.295  -6.624  -8.212 0.0000000000
73907  -38.037  -4.599  -6.769 0.0000000000
73913  -37.966  -4.635  -7.667 0.0000000000
74904  -38.405  -2.923  -7.668 0.0000000000
74882  -38.307  -3.058  -6.650 0.0000000000
75861  -37.923  -3.002  -4.790 0.0000000000
67232  -33.638  -10.541  -4.075 0.0000000000
68359  -33.861  -10.138  -2.925 0.0000000000
78209  -35.318  -0.489  -11.740 0.0000000000
77069  -35.153  -1.220  -11.319 0.0000000000
77057  -34.949  -1.795  -10.901 0.0000000000
68414  -35.820  -9.389  -7.071 0.0000000000
68415  -36.723  -9.128  -6.712 0.0000000000
69498  -37.291  -9.186  -4.700 0.0000000000
69476  -37.124  -9.410  -4.002 0.0000000000
61532  -31.210  -15.483  -2.523 0.0000000000
61489  -31.093  -15.784  -0.500 0.0000000000
67315  -34.614  -10.363  -8.516 0.0000000000
66068  -34.176  -10.689  -8.025 0.0000000000
66066  -34.023  -10.891  -7.511 0.0000000000
67300  -33.676  -11.140  -6.819 0.0000000000
97032  -31.240  17.890  -14.945 0.0000000000
94244  -33.538  14.755  -13.675 0.0000000000
94228  -33.977  14.121  -13.036 0.0000000000
93248  -34.071  13.710  -12.556 0.0000000000
90958  -33.722  11.327  -12.223 0.0000000000
89871  -33.607  10.734  -12.024 0.0000000000
89863  -34.022  10.977  -10.988 0.0000000000
90945  -34.559  11.695  -9.736 0.0000000000
89855  -34.090  10.678  -10.061 0.0000000000
88821  -33.848  9.677  -9.963 0.0000000000
88813  -34.284  9.770  -9.189 0.0000000000
84602  -34.839  5.467  -10.203 0.0000000000
84589  -35.107  5.677  -9.611 0.0000000000
85630  -35.397  5.894  -8.962 0.0000000000
85611  -35.786  6.288  -7.353 0.0000000000
84575  -35.537  5.643  -8.697 0.0000000000
83533  -36.319  4.455  -8.763 0.0000000000
79309  -37.369  0.534  -10.027 0.0000000000
80379  -37.805  1.222  -9.493 0.0000000000
80364  -38.787  1.294  -8.422 0.0000000000
79276  -39.143  1.117  -7.925 0.0000000000
79275  -38.749  0.576  -8.136 0.0000000000
78152  -38.599  -0.048  -7.753 0.0000000000
72922  -35.382  -5.281  -9.827 0.0000000000
72923  -35.961  -5.602  -9.329 0.0000000000
74881  -38.011  -3.859  -6.481 0.0000000000
74854  -37.907  -3.421  -5.692 0.0000000000
74824  -37.805  -3.378  -4.730 0.0000000000
74825  -37.929  -3.220  -4.310 0.0000000000
74809  -38.057  -3.402  -3.753 0.0000000000
73846  -37.870  -4.506  -3.463 0.0000000000
63617  -32.145  -13.650  -3.533 0.0000000000
63637  -31.784  -13.834  -4.450 0.0000000000
64753  -32.424  -13.012  -3.984 0.0000000000
65986  -32.664  -12.301  -4.355 0.0000000000
66021  -33.122  -11.848  -4.979 0.0000000000
65960  -32.967  -11.543  -2.788 0.0000000000
81479  -35.227  2.292  -11.957 0.0000000000
81469  -35.775  2.464  -11.238 0.0000000000
82513  -36.167  2.942  -10.489 0.0000000000
80394  -36.107  1.650  -10.993 0.0000000000
78210  -35.915  0.005  -11.458 0.0000000000
79308  -36.736  0.301  -10.579 0.0000000000
78199  -37.048  -0.457  -10.113 0.0000000000
77060  -37.193  -1.136  -9.986 0.0000000000
77049  -37.631  -1.078  -9.471 0.0000000000
69545  -37.015  -9.211  -9.440 0.0000000000
69538  -36.420  -8.032  -8.693 0.0000000000
69539  -36.767  -8.290  -8.472 0.0000000000
70673  -37.545  -7.677  -7.198 0.0000000000
69527  -37.410  -8.235  -6.724 0.0000000000
70645  -38.042  -7.318  -4.445 0.0000000000
69477  -37.932  -9.148  -4.017 0.0000000000
58164  -29.607  -19.002  -0.138 0.0000000000
62567  -31.503  -14.745  -3.719 0.0000000000
62548  -31.677  -14.581  -2.927 0.0000000000
62549  -31.931  -14.035  -3.222 0.0000000000
63581  -32.093  -13.386  -1.529 0.0000000000
69552  -36.592  -9.107  -9.930 0.0000000000
68437  -37.351  -9.973  -9.489 0.0000000000
68431  -36.318  -9.573  -8.973 0.0000000000
67312  -35.141  -10.450  -8.331 0.0000000000
98868  -31.640  19.464  -14.348 0.0000000000
95192  -31.435  16.317  -14.609 0.0000000000
96128  -31.607  16.996  -14.709 0.0000000000
96129  -32.074  16.961  -14.710 0.0000000000
97034  -32.332  18.139  -14.932 0.0000000000
97022  -33.202  17.916  -13.913 0.0000000000
95167  -34.245  15.616  -12.721 0.0000000000
96079  -34.797  16.412  -10.548 0.0000000000
95140  -34.936  16.035  -10.105 0.0000000000
95128  -35.347  15.514  -9.583 0.0000000000
92129  -33.716  12.555  -12.899 0.0000000000
94204  -34.765  14.386  -10.218 0.0000000000
95127  -34.907  14.965  -9.906 0.0000000000
94197  -35.934  14.536  -9.114 0.0000000000
93199  -36.352  13.384  -8.342 0.0000000000
90936  -34.924  11.964  -9.029 0.0000000000
92078  -35.441  12.542  -8.708 0.0000000000
86743  -33.787  7.386  -12.187 0.0000000000
87813  -33.762  7.994  -11.858 0.0000000000
86729  -33.696  8.384  -10.793 0.0000000000
86712  -33.779  8.264  -10.259 0.0000000000
87792  -34.045  8.816  -9.683 0.0000000000
87785  -34.602  8.581  -8.655 0.0000000000
88805  -35.718  9.613  -7.422 0.0000000000
86680  -37.004  7.023  -6.690 0.0000000000
85568  -37.591  6.300  -6.637 0.0000000000
84538  -37.872  5.608  -6.740 0.0000000000
82498  -36.415  3.338  -9.711 0.0000000000
82481  -37.049  3.326  -8.537 0.0000000000
81456  -37.363  2.039  -9.312 0.0000000000
81439  -37.649  2.613  -8.590 0.0000000000
82461  -37.502  3.459  -7.871 0.0000000000
80348  -39.381  1.473  -7.217 0.0000000000
75969  -34.825  -2.809  -10.797 0.0000000000
73930  -35.416  -4.520  -10.360 0.0000000000
74925  -36.181  -3.488  -10.336 0.0000000000
75971  -36.741  -2.468  -10.192 0.0000000000
71839  -36.741  -6.726  -8.582 0.0000000000
72918  -36.755  -5.687  -8.771 0.0000000000
73920  -37.502  -4.635  -8.574 0.0000000000
75955  -38.128  -2.707  -8.495 0.0000000000
75956  -38.432  -2.092  -8.272 0.0000000000
77007  -38.565  -1.320  -6.517 0.0000000000
75916  -38.460  -2.299  -6.212 0.0000000000
78116  -38.726  -0.418  -5.890 0.0000000000
66057  -33.304  -11.503  -6.795 0.0000000000
67282  -33.644  -11.123  -6.360 0.0000000000
67233  -34.267  -9.972  -4.294 0.0000000000
61488  -30.800  -16.077  -0.857 0.0000000000
62582  -31.560  -14.447  -4.051 0.0000000000
66058  -33.723  -11.114  -7.102 0.0000000000
66067  -33.762  -10.709  -7.764 0.0000000000
67320  -36.482  -10.426  -9.989 0.0000000000
67321  -37.179  -10.335  -9.963 0.0000000000
67322  -37.717  -10.301  -9.993 0.0000000000
67327  -37.481  -10.065  -10.183 0.0000000000
67328  -37.943  -10.018  -10.180 0.0000000000
68423  -35.207  -10.447  -7.951 0.0000000000
68430  -36.003  -10.110  -9.251 0.0000000000
68436  -36.659  -10.216  -9.595 0.0000000000
68438  -38.017  -10.101  -9.900 0.0000000000
68443  -37.079  -9.657  -10.220 0.0000000000
68444  -37.678  -9.877  -10.221 0.0000000000
68445  -38.169  -9.959  -10.094 0.0000000000
69497  -36.682  -9.253  -4.566 0.0000000000
69526  -37.182  -8.765  -6.316 0.0000000000
69543  -35.535  -8.134  -9.148 0.0000000000
69546  -37.808  -9.671  -9.765 0.0000000000
69553  -37.470  -9.515  -10.097 0.0000000000
69554  -37.935  -9.905  -10.144 0.0000000000
70624  -37.954  -6.763  -4.337 0.0000000000
70681  -36.439  -7.493  -8.683 0.0000000000
71844  -35.220  -6.211  -9.670 0.0000000000
72917  -36.289  -5.911  -8.968 0.0000000000
73931  -35.888  -4.046  -10.418 0.0000000000
74808  -37.847  -3.502  -4.232 0.0000000000
74855  -38.222  -2.855  -6.022 0.0000000000
74922  -34.526  -3.628  -10.843 0.0000000000
75862  -38.112  -2.671  -4.596 0.0000000000
75887  -37.920  -2.992  -5.068 0.0000000000
78153  -38.812  0.144  -7.314 0.0000000000
79247  -38.890  0.057  -6.249 0.0000000000
79263  -38.776  0.376  -7.803 0.0000000000
80406  -36.221  1.204  -11.107 0.0000000000
81441  -39.012  2.308  -7.961 0.0000000000
84591  -35.999  4.817  -8.929 0.0000000000
84619  -33.866  5.887  -12.333 0.0000000000
85588  -36.434  6.122  -7.063 0.0000000000
85589  -37.024  6.400  -6.655 0.0000000000
85610  -35.332  6.244  -8.381 0.0000000000
86678  -35.929  7.496  -7.195 0.0000000000
87767  -36.492  8.397  -6.925 0.0000000000
87803  -33.769  7.960  -11.459 0.0000000000
89847  -35.026  11.023  -8.388 0.0000000000
89862  -33.717  10.511  -11.165 0.0000000000
89872  -33.796  10.972  -11.473 0.0000000000
92062  -35.694  12.312  -8.346 0.0000000000
92077  -35.080  12.377  -9.068 0.0000000000
92079  -35.893  12.891  -8.422 0.0000000000
92130  -34.044  12.792  -12.280 0.0000000000
93198  -35.833  13.106  -8.605 0.0000000000
95184  -34.050  15.946  -13.117 0.0000000000
95195  -33.143  15.916  -13.951 0.0000000000
96127  -31.303  16.888  -14.427 0.0000000000
97043  -31.872  18.641  -15.994 0.0000000000
97925  -31.018  18.505  -15.707 0.0000000000
97934  -30.451  18.948  -16.337 0.0000000000
97935  -31.376  18.894  -16.272 0.0000000000
97936  -32.247  19.289  -16.123 0.0000000000
97942  -30.911  19.364  -16.878 0.0000000000
97943  -31.591  19.564  -16.823 0.0000000000
98867  -30.759  19.241  -14.940 0.0000000000
98874  -30.370  19.590  -15.812 0.0000000000
98883  -30.418  19.894  -16.712 0.0000000000
98884  -30.687  20.244  -16.162 0.0000000000
98885  -32.220  20.249  -16.187 0.0000000000
98891  -31.106  19.932  -17.296 0.0000000000
98892  -31.859  19.995  -17.166 0.0000000000
98893  -32.152  20.067  -16.702 0.0000000000
99830  -31.716  20.630  -15.679 0.0000000000
99831  -32.096  20.777  -15.927 0.0000000000
99835  -30.705  20.437  -16.523 0.0000000000
99836  -31.307  20.707  -16.253 0.0000000000
99837  -32.026  20.583  -16.552 0.0000000000
99842  -30.884  20.447  -16.887 0.0000000000
99843  -31.549  20.414  -16.921 0.0000000000
99844  -31.968  20.319  -16.909 0.0000000000
