#!ascii label  , from subject sub.01.bl.01 vox2ras=TkReg
928
60926  16.506  -18.373  70.930 0.0000000000
57190  8.496  -21.602  58.400 0.0000000000
57032  7.460  -21.690  70.514 0.0000000000
64473  5.987  -15.323  66.794 0.0000000000
70414  8.280  -10.516  61.864 0.0000000000
59636  11.062  -19.330  72.124 0.0000000000
64415  9.539  -16.319  70.449 0.0000000000
59653  19.035  -19.104  69.544 0.0000000000
58341  13.863  -20.632  69.711 0.0000000000
53504  9.500  -23.185  69.723 0.0000000000
72713  8.260  -8.665  69.211 0.0000000000
68050  6.900  -12.522  63.723 0.0000000000
72729  10.037  -8.454  66.913 0.0000000000
54682  5.748  -24.115  67.117 0.0000000000
57079  7.911  -21.381  65.372 0.0000000000
62133  7.518  -18.317  68.909 0.0000000000
69127  8.888  -11.309  69.330 0.0000000000
62155  9.335  -17.818  63.411 0.0000000000
63384  7.172  -15.838  59.801 0.0000000000
66881  6.374  -13.951  56.498 0.0000000000
69240  11.890  -11.214  59.897 0.0000000000
60928  14.538  -18.259  71.583 0.0000000000
62120  12.411  -17.645  69.819 0.0000000000
59640  17.942  -18.753  70.912 0.0000000000
57026  16.744  -20.152  69.810 0.0000000000
58310  15.895  -19.617  72.202 0.0000000000
58313  12.779  -19.854  71.486 0.0000000000
73929  8.649  -7.849  67.954 0.0000000000
54670  6.888  -23.240  68.694 0.0000000000
57048  7.407  -21.751  68.143 0.0000000000
59650  7.532  -20.018  69.862 0.0000000000
66766  10.489  -13.106  68.116 0.0000000000
66735  9.190  -13.808  69.249 0.0000000000
54657  8.547  -22.728  71.171 0.0000000000
53517  7.353  -25.153  68.337 0.0000000000
53496  7.290  -23.911  69.208 0.0000000000
52209  5.815  -25.462  67.754 0.0000000000
60967  7.980  -18.129  66.614 0.0000000000
59697  8.986  -19.452  64.935 0.0000000000
63312  7.628  -16.551  65.236 0.0000000000
70398  7.388  -11.098  62.357 0.0000000000
65658  6.508  -14.574  62.122 0.0000000000
68083  6.447  -12.865  60.141 0.0000000000
65699  6.267  -14.964  57.879 0.0000000000
69262  6.914  -12.001  58.687 0.0000000000
58317  9.330  -20.298  72.277 0.0000000000
60933  8.659  -18.776  71.114 0.0000000000
63245  10.149  -17.841  71.147 0.0000000000
64444  11.214  -15.754  68.640 0.0000000000
58364  20.465  -19.326  66.969 0.0000000000
58384  18.314  -19.488  65.653 0.0000000000
58357  17.688  -19.763  67.569 0.0000000000
57053  14.363  -20.224  67.650 0.0000000000
55832  11.581  -21.477  69.944 0.0000000000
55826  10.192  -21.680  71.303 0.0000000000
69146  7.186  -12.138  67.737 0.0000000000
66791  6.374  -13.662  65.658 0.0000000000
70344  6.844  -11.110  66.384 0.0000000000
71543  7.865  -9.666  65.344 0.0000000000
70366  8.992  -9.938  64.081 0.0000000000
63250  18.502  -17.143  70.407 0.0000000000
60985  22.802  -17.762  64.346 0.0000000000
63302  24.450  -16.473  66.671 0.0000000000
60955  21.741  -18.402  68.769 0.0000000000
62102  20.302  -17.469  70.179 0.0000000000
53534  5.140  -24.982  65.385 0.0000000000
55880  5.555  -23.601  63.703 0.0000000000
57067  6.548  -23.120  66.151 0.0000000000
59671  8.068  -19.601  67.473 0.0000000000
64460  7.193  -15.655  67.972 0.0000000000
63263  8.232  -16.607  70.323 0.0000000000
65558  7.981  -15.574  69.654 0.0000000000
66755  7.543  -13.758  68.362 0.0000000000
70317  8.652  -10.276  69.421 0.0000000000
57138  6.117  -22.312  62.235 0.0000000000
59736  7.953  -20.559  61.963 0.0000000000
59746  9.467  -19.453  60.348 0.0000000000
63326  7.106  -15.671  63.520 0.0000000000
63334  9.111  -16.608  61.453 0.0000000000
62218  10.311  -17.936  58.870 0.0000000000
62243  7.812  -17.133  57.388 0.0000000000
62253  6.256  -17.604  55.279 0.0000000000
73941  11.943  -7.915  66.317 0.0000000000
71559  11.177  -10.166  63.767 0.0000000000
70391  12.990  -10.392  62.003 0.0000000000
70433  10.221  -11.279  60.617 0.0000000000
68099  8.690  -12.075  58.260 0.0000000000
60927  15.462  -18.427  71.365 0.0000000000
60949  14.726  -18.405  70.162 0.0000000000
60947  16.074  -17.986  69.453 0.0000000000
60925  17.392  -18.348  70.991 0.0000000000
59641  17.148  -19.004  71.367 0.0000000000
60912  16.096  -18.660  71.674 0.0000000000
59632  15.145  -19.008  72.551 0.0000000000
55983  8.814  -22.464  57.603 0.0000000000
58497  8.962  -20.729  57.294 0.0000000000
55834  7.283  -22.206  69.675 0.0000000000
57040  7.334  -21.772  69.388 0.0000000000
58336  7.492  -20.779  70.257 0.0000000000
58415  19.787  -19.190  63.969 0.0000000000
55829  8.138  -22.198  71.234 0.0000000000
54663  7.546  -23.346  70.437 0.0000000000
54664  7.351  -23.311  69.881 0.0000000000
54669  7.024  -23.583  69.010 0.0000000000
63303  6.999  -15.980  66.716 0.0000000000
62138  7.861  -17.454  66.122 0.0000000000
64485  6.421  -15.401  66.091 0.0000000000
71587  7.851  -10.433  62.204 0.0000000000
69214  6.768  -12.089  61.354 0.0000000000
70437  7.394  -10.931  60.885 0.0000000000
69246  6.578  -12.197  59.499 0.0000000000
69245  7.122  -11.279  59.894 0.0000000000
58305  10.324  -19.537  72.216 0.0000000000
60909  9.758  -18.824  72.200 0.0000000000
62085  11.029  -18.184  71.426 0.0000000000
63288  12.206  -17.007  68.746 0.0000000000
65590  11.669  -14.387  67.504 0.0000000000
59669  20.089  -19.317  68.057 0.0000000000
58366  18.535  -19.500  66.726 0.0000000000
58345  18.352  -19.507  68.392 0.0000000000
58340  15.708  -20.712  69.916 0.0000000000
57035  16.193  -20.439  69.334 0.0000000000
57044  14.241  -20.694  68.847 0.0000000000
57030  12.677  -20.541  69.906 0.0000000000
58314  11.484  -19.855  71.801 0.0000000000
55818  11.072  -20.755  71.124 0.0000000000
57012  10.911  -20.415  71.677 0.0000000000
57014  9.631  -20.830  72.122 0.0000000000
70330  7.764  -10.405  68.355 0.0000000000
69152  7.164  -11.188  67.374 0.0000000000
71523  7.880  -9.517  67.891 0.0000000000
72723  9.235  -7.866  67.274 0.0000000000
72731  8.568  -8.713  66.799 0.0000000000
72740  8.979  -8.767  66.514 0.0000000000
71550  8.338  -9.655  64.639 0.0000000000
71541  9.856  -9.348  65.525 0.0000000000
59657  21.983  -18.566  67.889 0.0000000000
53531  5.239  -24.827  66.373 0.0000000000
54691  5.427  -24.214  65.702 0.0000000000
55858  5.875  -23.762  66.148 0.0000000000
59664  7.696  -19.956  68.594 0.0000000000
58352  7.669  -20.753  68.192 0.0000000000
60957  7.658  -18.801  68.369 0.0000000000
60963  7.521  -18.097  67.687 0.0000000000
62132  7.354  -17.482  68.250 0.0000000000
63253  9.393  -17.242  70.469 0.0000000000
62099  8.714  -17.928  70.484 0.0000000000
64416  8.918  -16.134  70.396 0.0000000000
66744  8.991  -12.862  68.959 0.0000000000
65556  8.792  -14.491  69.640 0.0000000000
66737  8.547  -13.515  69.018 0.0000000000
65565  7.669  -14.391  68.531 0.0000000000
67996  8.059  -12.375  69.068 0.0000000000
69128  8.381  -11.293  69.210 0.0000000000
58386  16.276  -19.389  65.536 0.0000000000
57088  16.941  -19.400  63.683 0.0000000000
54673  9.814  -23.383  68.401 0.0000000000
53524  9.571  -23.900  67.137 0.0000000000
53525  8.879  -24.485  67.656 0.0000000000
52193  6.935  -25.585  68.432 0.0000000000
52208  7.116  -25.731  68.061 0.0000000000
53527  5.778  -24.605  67.396 0.0000000000
52239  4.912  -25.665  66.168 0.0000000000
57097  6.410  -22.718  64.378 0.0000000000
57119  5.882  -22.863  63.085 0.0000000000
57096  7.214  -21.711  64.178 0.0000000000
59696  9.297  -19.158  64.209 0.0000000000
58436  8.096  -20.839  62.793 0.0000000000
59723  9.361  -19.378  62.404 0.0000000000
59748  7.693  -20.319  61.052 0.0000000000
61007  9.672  -18.450  62.060 0.0000000000
68042  6.643  -12.665  64.991 0.0000000000
65638  6.588  -14.644  64.629 0.0000000000
65651  6.522  -14.511  63.724 0.0000000000
64531  6.584  -15.087  60.759 0.0000000000
63353  7.116  -15.709  61.723 0.0000000000
63369  7.815  -15.913  60.424 0.0000000000
62207  10.119  -17.124  60.073 0.0000000000
63382  8.714  -16.173  58.862 0.0000000000
63394  9.230  -17.038  57.678 0.0000000000
63396  7.831  -16.463  58.144 0.0000000000
66865  6.348  -13.916  57.490 0.0000000000
63409  6.603  -16.370  57.332 0.0000000000
64567  6.076  -15.486  55.945 0.0000000000
72735  13.131  -7.897  65.186 0.0000000000
71547  11.652  -9.827  64.688 0.0000000000
71545  13.199  -8.975  64.463 0.0000000000
70430  13.370  -10.536  60.437 0.0000000000
70431  12.702  -10.796  60.607 0.0000000000
70411  11.547  -11.075  61.270 0.0000000000
69227  10.881  -11.420  60.490 0.0000000000
69242  9.627  -11.431  59.680 0.0000000000
69258  10.190  -11.872  58.966 0.0000000000
60916  12.401  -18.946  71.652 0.0000000000
62095  12.366  -18.372  70.872 0.0000000000
62106  13.089  -18.149  70.601 0.0000000000
59645  19.084  -18.580  70.390 0.0000000000
59647  17.704  -19.459  69.677 0.0000000000
58328  17.435  -19.315  70.852 0.0000000000
57018  16.126  -20.581  71.059 0.0000000000
57019  15.324  -20.795  71.358 0.0000000000
58325  13.201  -20.330  70.902 0.0000000000
58312  13.999  -19.873  72.031 0.0000000000
59634  13.132  -19.296  71.997 0.0000000000
75022  8.280  -7.102  69.832 0.0000000000
73923  8.311  -8.166  68.881 0.0000000000
76130  8.871  -6.495  69.131 0.0000000000
75027  9.112  -6.789  68.523 0.0000000000
75032  10.491  -6.534  67.896 0.0000000000
54681  6.118  -24.008  67.470 0.0000000000
55844  6.451  -23.450  67.496 0.0000000000
57049  7.336  -22.030  68.694 0.0000000000
58344  7.425  -21.009  69.132 0.0000000000
60951  7.593  -19.429  69.569 0.0000000000
65576  10.141  -14.396  68.685 0.0000000000
64431  9.609  -14.954  69.537 0.0000000000
66742  9.651  -13.865  68.841 0.0000000000
67994  9.421  -12.450  68.774 0.0000000000
69136  9.202  -11.400  69.206 0.0000000000
70315  9.382  -9.989  69.659 0.0000000000
53493  9.020  -23.433  70.322 0.0000000000
53505  9.000  -23.772  69.505 0.0000000000
53494  8.352  -23.667  70.074 0.0000000000
53507  7.336  -24.522  68.711 0.0000000000
52194  6.733  -25.453  68.435 0.0000000000
50857  5.981  -26.274  68.139 0.0000000000
53509  6.325  -24.916  68.188 0.0000000000
53519  6.171  -24.508  67.872 0.0000000000
59678  8.311  -19.342  66.772 0.0000000000
57078  8.329  -21.001  65.240 0.0000000000
59687  8.649  -19.173  65.848 0.0000000000
60978  8.642  -18.270  65.352 0.0000000000
62157  8.235  -16.989  64.371 0.0000000000
69187  7.052  -11.410  63.649 0.0000000000
66814  6.558  -13.654  62.988 0.0000000000
68061  6.651  -12.767  61.857 0.0000000000
66832  6.337  -13.659  60.751 0.0000000000
64541  6.460  -15.071  59.714 0.0000000000
64549  6.506  -15.498  58.670 0.0000000000
66848  6.321  -13.851  59.027 0.0000000000
68102  6.437  -13.289  58.347 0.0000000000
68118  6.539  -13.184  57.648 0.0000000000
69256  12.829  -11.272  59.024 0.0000000000
68097  10.637  -12.364  58.243 0.0000000000
69272  12.380  -12.032  58.034 0.0000000000
57024  8.427  -21.223  71.640 0.0000000000
58326  7.920  -20.550  71.191 0.0000000000
59637  8.860  -19.445  72.043 0.0000000000
62088  9.635  -18.237  71.059 0.0000000000
64414  10.028  -16.921  70.517 0.0000000000
62108  11.546  -17.734  70.496 0.0000000000
63274  10.592  -16.567  70.074 0.0000000000
64430  10.402  -15.729  69.603 0.0000000000
65591  11.089  -14.348  67.888 0.0000000000
58381  20.931  -19.279  66.302 0.0000000000
58398  19.078  -19.325  64.725 0.0000000000
58383  19.338  -19.467  65.868 0.0000000000
57034  16.854  -19.911  68.902 0.0000000000
58348  16.421  -19.988  67.935 0.0000000000
57061  15.019  -19.752  66.731 0.0000000000
54672  10.279  -22.951  68.067 0.0000000000
54666  10.188  -22.843  69.096 0.0000000000
55823  12.017  -20.925  70.284 0.0000000000
54653  10.812  -21.528  70.661 0.0000000000
54662  9.823  -22.453  70.415 0.0000000000
54656  9.194  -22.464  71.206 0.0000000000
55828  8.879  -21.923  71.604 0.0000000000
66767  6.296  -13.795  67.370 0.0000000000
65625  5.656  -14.666  66.176 0.0000000000
68027  6.616  -12.798  66.835 0.0000000000
69165  6.636  -12.013  66.397 0.0000000000
70355  6.802  -10.794  65.206 0.0000000000
72725  8.166  -8.827  67.675 0.0000000000
70343  7.410  -10.263  65.920 0.0000000000
70368  6.878  -10.482  64.043 0.0000000000
71552  7.097  -9.838  63.797 0.0000000000
71574  7.941  -9.762  62.979 0.0000000000
70396  8.325  -10.119  62.765 0.0000000000
62092  17.848  -17.510  70.643 0.0000000000
60986  22.349  -18.309  64.798 0.0000000000
64490  25.631  -15.082  64.905 0.0000000000
63310  25.017  -15.735  66.101 0.0000000000
63311  24.412  -16.440  65.722 0.0000000000
62146  23.531  -17.515  65.695 0.0000000000
60977  22.574  -18.451  65.728 0.0000000000
59674  22.085  -18.950  66.176 0.0000000000
59658  21.235  -18.810  68.242 0.0000000000
59651  21.016  -18.698  69.182 0.0000000000
60945  21.362  -18.171  69.527 0.0000000000
59644  19.838  -18.486  70.313 0.0000000000
60923  19.199  -17.952  70.901 0.0000000000
62091  18.760  -17.476  70.757 0.0000000000
55870  5.902  -23.604  64.891 0.0000000000
57081  6.553  -22.867  65.541 0.0000000000
57057  7.197  -22.375  67.441 0.0000000000
57056  7.567  -21.537  67.134 0.0000000000
58360  8.117  -20.550  66.964 0.0000000000
60962  7.893  -18.604  67.260 0.0000000000
62135  7.390  -17.051  67.332 0.0000000000
64461  6.560  -15.276  67.472 0.0000000000
59643  7.874  -19.326  70.697 0.0000000000
60942  7.774  -18.886  70.279 0.0000000000
62110  7.674  -17.920  70.043 0.0000000000
65549  8.588  -15.393  70.068 0.0000000000
64418  8.137  -15.945  70.088 0.0000000000
63275  7.569  -16.607  69.455 0.0000000000
64446  7.393  -15.657  68.558 0.0000000000
64447  6.835  -15.208  67.890 0.0000000000
65592  6.085  -14.345  67.466 0.0000000000
68006  7.364  -12.548  68.198 0.0000000000
69137  7.816  -11.295  68.877 0.0000000000
71516  8.398  -9.427  69.422 0.0000000000
71507  9.220  -9.354  69.996 0.0000000000
72706  8.905  -8.486  70.388 0.0000000000
73911  8.482  -7.746  70.256 0.0000000000
52252  8.236  -25.345  65.764 0.0000000000
52207  7.593  -25.230  67.890 0.0000000000
58406  7.296  -21.396  63.430 0.0000000000
58438  6.920  -21.398  62.297 0.0000000000
59756  8.554  -19.922  59.727 0.0000000000
64491  6.792  -15.225  65.156 0.0000000000
63319  7.167  -15.685  64.629 0.0000000000
63325  7.928  -16.410  63.406 0.0000000000
64506  6.612  -15.113  62.588 0.0000000000
63336  7.767  -16.162  62.349 0.0000000000
62177  9.180  -17.119  62.457 0.0000000000
61022  10.178  -18.446  60.916 0.0000000000
61035  10.159  -18.993  59.873 0.0000000000
59764  9.456  -19.418  58.439 0.0000000000
59774  9.284  -19.477  57.489 0.0000000000
62244  7.095  -17.033  57.541 0.0000000000
62249  7.321  -17.680  56.785 0.0000000000
75031  11.116  -6.166  67.283 0.0000000000
75037  11.815  -6.191  66.475 0.0000000000
72728  11.017  -8.261  66.710 0.0000000000
71540  10.967  -9.456  65.478 0.0000000000
71560  10.274  -10.284  63.728 0.0000000000
70394  9.994  -10.719  62.286 0.0000000000
71573  12.555  -10.189  62.707 0.0000000000
70393  11.048  -10.707  62.115 0.0000000000
70435  8.524  -10.691  60.818 0.0000000000
69244  7.967  -11.192  59.516 0.0000000000
69274  7.847  -11.870  58.338 0.0000000000
68133  7.208  -13.070  56.913 0.0000000000
68131  8.584  -12.916  56.860 0.0000000000
60939  15.557  -18.393  70.579 0.0000000000
60938  16.333  -18.226  70.000 0.0000000000
62093  17.249  -18.024  70.774 0.0000000000
60911  16.751  -18.691  71.412 0.0000000000
55959  8.204  -22.680  58.590 0.0000000000
57205  8.859  -21.410  57.464 0.0000000000
58482  8.737  -20.612  58.040 0.0000000000
55833  7.278  -22.554  70.089 0.0000000000
57033  7.329  -21.668  69.942 0.0000000000
59694  21.100  -19.245  64.671 0.0000000000
59708  20.464  -19.185  63.588 0.0000000000
59695  20.430  -19.329  64.329 0.0000000000
55830  7.505  -22.407  70.850 0.0000000000
54659  7.309  -23.037  70.603 0.0000000000
63304  6.469  -15.583  66.808 0.0000000000
64472  6.427  -15.531  66.571 0.0000000000
70415  7.707  -10.669  61.591 0.0000000000
70457  7.526  -10.874  60.464 0.0000000000
70436  7.828  -10.611  60.934 0.0000000000
59626  10.451  -19.335  72.294 0.0000000000
60907  10.645  -18.914  72.212 0.0000000000
60917  11.274  -18.673  71.747 0.0000000000
59660  19.676  -19.157  68.786 0.0000000000
59670  19.427  -19.290  68.136 0.0000000000
59661  18.807  -19.299  68.657 0.0000000000
57037  14.694  -20.665  69.988 0.0000000000
57036  15.446  -20.644  69.513 0.0000000000
58349  13.506  -20.621  69.162 0.0000000000
57038  12.744  -20.716  69.348 0.0000000000
58342  13.240  -20.512  69.559 0.0000000000
59635  12.016  -19.316  71.769 0.0000000000
58315  10.521  -19.879  72.110 0.0000000000
71519  8.077  -9.492  68.786 0.0000000000
72718  8.163  -8.796  68.475 0.0000000000
72722  9.640  -7.937  67.362 0.0000000000
72730  9.165  -8.261  66.933 0.0000000000
72739  9.517  -8.840  66.342 0.0000000000
54686  5.528  -24.162  66.608 0.0000000000
55849  5.971  -23.787  66.924 0.0000000000
60958  7.642  -19.329  69.075 0.0000000000
62122  7.424  -17.544  69.166 0.0000000000
67988  8.926  -12.341  69.043 0.0000000000
67989  8.666  -12.337  69.071 0.0000000000
54667  9.514  -23.459  69.064 0.0000000000
54680  9.492  -23.892  68.026 0.0000000000
54668  9.205  -23.776  68.986 0.0000000000
50870  6.288  -26.529  68.113 0.0000000000
50869  6.531  -26.250  68.080 0.0000000000
53528  5.466  -24.670  67.006 0.0000000000
57080  7.024  -22.073  65.381 0.0000000000
60987  9.354  -18.459  63.846 0.0000000000
59709  9.382  -19.353  63.386 0.0000000000
60995  9.526  -18.523  63.007 0.0000000000
66804  6.573  -13.779  64.474 0.0000000000
64540  6.829  -15.497  60.298 0.0000000000
63370  7.191  -15.742  60.824 0.0000000000
63368  8.654  -16.155  60.004 0.0000000000
63383  7.837  -15.959  59.265 0.0000000000
65708  6.332  -14.835  56.788 0.0000000000
73944  12.801  -6.865  65.019 0.0000000000
73943  13.176  -7.295  64.522 0.0000000000
72744  13.038  -8.559  65.068 0.0000000000
72743  13.369  -8.422  64.437 0.0000000000
70452  12.793  -10.907  59.882 0.0000000000
70453  12.360  -10.979  60.254 0.0000000000
70432  12.080  -11.016  60.658 0.0000000000
69241  10.700  -11.534  59.695 0.0000000000
60915  13.308  -18.724  72.031 0.0000000000
60929  13.399  -18.460  71.349 0.0000000000
62118  14.614  -18.205  69.267 0.0000000000
59639  18.664  -18.329  70.874 0.0000000000
59646  18.085  -19.151  70.173 0.0000000000
58309  16.396  -19.413  72.044 0.0000000000
58321  16.791  -19.792  71.481 0.0000000000
58322  15.729  -20.340  71.881 0.0000000000
58323  14.790  -20.550  71.972 0.0000000000
58311  14.973  -19.830  72.341 0.0000000000
60914  14.298  -18.471  72.231 0.0000000000
59633  14.130  -19.182  72.444 0.0000000000
75021  8.457  -6.992  69.426 0.0000000000
76129  9.622  -5.604  69.057 0.0000000000
75026  10.101  -6.155  68.440 0.0000000000
75033  9.806  -6.952  68.144 0.0000000000
55841  6.859  -22.962  68.362 0.0000000000
58337  7.405  -20.898  69.658 0.0000000000
59656  7.533  -20.143  69.385 0.0000000000
60943  7.627  -19.187  69.943 0.0000000000
66752  10.470  -13.881  68.226 0.0000000000
65563  9.767  -14.475  69.025 0.0000000000
66753  10.035  -13.551  68.461 0.0000000000
68004  9.869  -12.248  68.581 0.0000000000
69135  9.525  -11.456  68.987 0.0000000000
70324  9.705  -10.361  69.420 0.0000000000
53485  8.415  -23.339  70.764 0.0000000000
53495  7.704  -23.659  69.741 0.0000000000
53508  6.809  -24.566  68.596 0.0000000000
52195  6.352  -25.541  68.271 0.0000000000
54675  6.732  -24.066  68.542 0.0000000000
54676  6.548  -23.747  68.222 0.0000000000
59677  8.449  -19.516  66.243 0.0000000000
59688  8.351  -18.821  66.338 0.0000000000
62149  7.610  -16.973  65.927 0.0000000000
60979  8.278  -18.116  66.006 0.0000000000
62148  7.979  -17.137  65.387 0.0000000000
62147  8.546  -17.653  64.798 0.0000000000
69196  7.391  -11.820  62.785 0.0000000000
69197  7.154  -12.269  62.020 0.0000000000
68073  6.368  -12.784  61.075 0.0000000000
65676  6.379  -14.426  60.323 0.0000000000
66840  6.364  -13.702  59.845 0.0000000000
65683  6.312  -14.360  59.561 0.0000000000
69263  6.644  -12.594  58.759 0.0000000000
68101  6.733  -12.690  58.105 0.0000000000
70469  13.775  -10.885  59.186 0.0000000000
57016  8.605  -20.663  72.011 0.0000000000
58319  8.349  -20.253  71.772 0.0000000000
58318  8.722  -20.200  72.163 0.0000000000
62087  10.002  -18.175  71.410 0.0000000000
60919  9.813  -18.522  71.849 0.0000000000
63247  9.860  -17.785  70.835 0.0000000000
63251  10.238  -17.595  70.873 0.0000000000
62107  12.338  -18.013  70.463 0.0000000000
62096  11.574  -18.280  71.136 0.0000000000
62121  11.873  -17.667  70.116 0.0000000000
63273  11.357  -17.010  69.796 0.0000000000
64429  11.038  -16.273  69.314 0.0000000000
64445  10.377  -14.992  68.873 0.0000000000
64459  11.299  -14.917  67.955 0.0000000000
58382  20.238  -19.374  66.112 0.0000000000
58365  19.526  -19.370  66.824 0.0000000000
58367  17.593  -19.637  66.616 0.0000000000
58338  17.258  -19.673  69.371 0.0000000000
57043  15.604  -20.277  68.296 0.0000000000
57052  15.217  -19.958  67.251 0.0000000000
57064  12.373  -21.025  67.123 0.0000000000
55836  11.877  -21.569  69.348 0.0000000000
54665  11.176  -22.105  69.388 0.0000000000
57021  12.536  -20.420  70.525 0.0000000000
57010  12.404  -20.262  71.050 0.0000000000
55825  10.691  -21.338  71.007 0.0000000000
54654  10.458  -21.842  70.736 0.0000000000
54655  9.777  -22.261  70.836 0.0000000000
53483  9.352  -22.642  70.859 0.0000000000
55827  9.573  -21.922  71.515 0.0000000000
55821  9.354  -21.484  71.923 0.0000000000
57015  8.971  -20.988  72.166 0.0000000000
68016  6.896  -12.761  67.582 0.0000000000
70333  7.383  -10.503  67.223 0.0000000000
69173  6.597  -11.777  65.574 0.0000000000
72717  8.378  -8.254  68.233 0.0000000000
72724  8.449  -8.405  67.526 0.0000000000
71530  8.377  -9.029  66.437 0.0000000000
71531  8.017  -9.338  66.694 0.0000000000
70354  7.246  -10.090  64.801 0.0000000000
71551  7.553  -9.685  64.249 0.0000000000
71549  9.191  -9.697  64.680 0.0000000000
71562  8.122  -9.695  63.684 0.0000000000
71561  8.651  -9.796  64.100 0.0000000000
70381  8.249  -9.858  63.203 0.0000000000
70380  8.759  -10.097  63.466 0.0000000000
63259  17.896  -16.720  69.813 0.0000000000
62163  23.251  -17.223  63.886 0.0000000000
60992  22.657  -17.483  63.521 0.0000000000
63301  24.754  -15.719  66.945 0.0000000000
62136  23.935  -17.167  66.318 0.0000000000
60966  22.657  -18.373  66.639 0.0000000000
59659  20.490  -19.031  68.615 0.0000000000
62113  21.273  -17.549  69.582 0.0000000000
62101  20.808  -17.522  69.968 0.0000000000
60946  20.827  -18.436  69.888 0.0000000000
60936  20.318  -18.198  70.358 0.0000000000
60937  19.697  -18.202  70.570 0.0000000000
60922  19.880  -17.705  70.613 0.0000000000
63258  18.763  -16.908  69.857 0.0000000000
52270  4.610  -26.162  64.431 0.0000000000
53536  4.916  -25.155  64.149 0.0000000000
55857  6.262  -23.403  65.770 0.0000000000
57066  6.967  -22.527  66.476 0.0000000000
57058  7.012  -22.670  67.925 0.0000000000
55843  6.738  -23.028  67.360 0.0000000000
58351  7.871  -20.621  67.658 0.0000000000
57047  7.541  -21.438  67.760 0.0000000000
63299  7.195  -16.141  67.620 0.0000000000
59642  8.105  -19.520  71.257 0.0000000000
59648  7.775  -19.888  70.881 0.0000000000
63255  8.311  -17.200  70.405 0.0000000000
62100  8.235  -17.888  70.435 0.0000000000
63264  7.922  -16.882  70.193 0.0000000000
65555  9.239  -14.444  69.563 0.0000000000
65548  9.090  -15.343  70.172 0.0000000000
65557  8.223  -14.757  69.361 0.0000000000
65550  8.218  -15.613  69.962 0.0000000000
64425  7.927  -16.087  69.914 0.0000000000
64432  7.705  -15.824  69.356 0.0000000000
65577  7.292  -14.116  68.165 0.0000000000
65578  6.824  -14.635  67.937 0.0000000000
66756  7.081  -13.544  68.017 0.0000000000
66746  7.562  -13.205  68.406 0.0000000000
70325  8.186  -10.337  69.067 0.0000000000
58399  17.885  -19.344  64.275 0.0000000000
52221  8.436  -24.957  67.012 0.0000000000
53530  9.044  -24.420  66.576 0.0000000000
53516  8.025  -24.593  68.315 0.0000000000
52253  4.810  -25.844  65.241 0.0000000000
57118  6.563  -22.095  63.130 0.0000000000
57139  5.655  -22.782  61.934 0.0000000000
58404  8.641  -20.678  64.479 0.0000000000
57095  8.135  -21.300  64.665 0.0000000000
59725  8.077  -20.710  62.436 0.0000000000
58437  7.521  -20.961  62.442 0.0000000000
58448  7.177  -21.020  61.632 0.0000000000
58449  6.538  -21.754  61.687 0.0000000000
58459  7.137  -20.999  60.966 0.0000000000
59747  8.583  -19.845  60.723 0.0000000000
59757  7.860  -20.076  60.259 0.0000000000
58466  7.878  -20.423  59.785 0.0000000000
65607  5.775  -14.281  66.257 0.0000000000
65624  6.200  -14.573  65.619 0.0000000000
64497  6.778  -15.150  64.155 0.0000000000
66815  6.461  -14.139  62.447 0.0000000000
65652  6.464  -14.558  62.855 0.0000000000
63352  7.767  -16.055  61.433 0.0000000000
63324  8.259  -16.521  62.769 0.0000000000
63335  8.638  -16.569  62.095 0.0000000000
62176  9.612  -17.302  61.729 0.0000000000
62219  10.038  -17.226  59.103 0.0000000000
62191  10.337  -17.852  60.393 0.0000000000
61043  10.349  -18.432  59.378 0.0000000000
61044  10.075  -19.019  58.963 0.0000000000
61054  10.200  -18.469  58.758 0.0000000000
61055  9.868  -18.718  58.161 0.0000000000
63406  8.910  -17.309  57.344 0.0000000000
62248  7.900  -17.735  56.685 0.0000000000
63397  6.961  -16.235  58.493 0.0000000000
63410  6.607  -16.120  58.043 0.0000000000
62250  6.790  -17.435  56.375 0.0000000000
61079  6.845  -18.332  55.492 0.0000000000
75041  12.172  -5.998  65.878 0.0000000000
73932  12.134  -7.043  66.393 0.0000000000
73933  11.464  -7.257  67.035 0.0000000000
72737  11.517  -8.815  66.045 0.0000000000
70379  9.678  -10.404  63.184 0.0000000000
70378  10.636  -10.407  62.977 0.0000000000
71585  13.754  -9.941  61.693 0.0000000000
71571  14.072  -9.128  62.533 0.0000000000
71572  13.593  -9.469  62.831 0.0000000000
70412  10.432  -11.152  61.254 0.0000000000
70413  9.254  -10.781  61.535 0.0000000000
70434  9.462  -11.093  60.510 0.0000000000
70455  8.571  -11.002  60.067 0.0000000000
70454  9.066  -11.232  59.957 0.0000000000
69259  9.154  -11.802  58.935 0.0000000000
69260  8.249  -11.644  58.787 0.0000000000
68100  8.170  -11.953  58.275 0.0000000000
68116  7.364  -12.626  57.520 0.0000000000
68115  8.081  -12.369  57.749 0.0000000000
60940  14.753  -18.421  70.898 0.0000000000
60948  15.496  -18.256  69.753 0.0000000000
62117  15.583  -17.841  68.993 0.0000000000
58320  17.304  -19.227  71.173 0.0000000000
59630  16.621  -19.073  71.844 0.0000000000
59631  15.978  -18.972  72.209 0.0000000000
60913  15.310  -18.380  72.125 0.0000000000
55838  7.142  -22.698  69.208 0.0000000000
54658  7.774  -23.086  71.029 0.0000000000
53486  7.899  -23.470  70.490 0.0000000000
55837  7.147  -23.063  69.609 0.0000000000
62139  7.516  -17.064  66.507 0.0000000000
63313  7.292  -16.249  65.610 0.0000000000
70397  7.607  -10.662  62.211 0.0000000000
69213  7.271  -11.627  61.807 0.0000000000
70416  7.418  -11.051  61.607 0.0000000000
69229  6.987  -11.402  60.988 0.0000000000
69230  6.511  -11.977  60.474 0.0000000000
58307  9.534  -19.772  72.280 0.0000000000
59628  9.655  -19.339  72.336 0.0000000000
59627  10.213  -19.192  72.351 0.0000000000
60918  10.356  -18.510  71.909 0.0000000000
62086  10.469  -18.075  71.384 0.0000000000
63272  11.942  -17.286  69.462 0.0000000000
63298  12.196  -16.340  68.000 0.0000000000
64458  12.037  -15.585  67.558 0.0000000000
65589  12.947  -14.425  67.060 0.0000000000
58354  20.280  -19.339  67.558 0.0000000000
58355  19.772  -19.370  67.541 0.0000000000
58356  18.713  -19.416  67.759 0.0000000000
57027  16.193  -20.545  70.172 0.0000000000
58339  15.868  -20.647  69.731 0.0000000000
55835  12.376  -21.253  69.079 0.0000000000
55831  12.223  -21.118  69.664 0.0000000000
57011  11.711  -20.256  71.335 0.0000000000
55819  10.518  -21.053  71.521 0.0000000000
55820  9.947  -21.328  71.804 0.0000000000
57013  10.224  -20.618  71.918 0.0000000000
58316  9.855  -20.159  72.132 0.0000000000
69145  7.430  -11.478  67.971 0.0000000000
69153  6.947  -11.798  67.179 0.0000000000
73936  8.791  -8.073  67.329 0.0000000000
71542  8.740  -9.247  65.893 0.0000000000
62154  23.394  -17.431  64.782 0.0000000000
62134  24.062  -17.070  67.164 0.0000000000
60961  22.676  -18.235  67.488 0.0000000000
60954  22.573  -18.014  68.401 0.0000000000
62103  19.857  -17.218  70.287 0.0000000000
55848  6.432  -23.336  66.706 0.0000000000
58353  7.512  -20.962  68.649 0.0000000000
59663  7.871  -19.750  68.069 0.0000000000
60956  7.817  -18.931  67.800 0.0000000000
63290  7.374  -16.501  68.528 0.0000000000
62098  9.136  -18.054  70.600 0.0000000000
63254  8.705  -16.970  70.387 0.0000000000
66736  8.973  -13.429  69.131 0.0000000000
65566  7.711  -15.207  68.884 0.0000000000
66745  8.003  -13.531  68.704 0.0000000000
67997  7.773  -12.716  68.627 0.0000000000
58385  17.287  -19.483  65.559 0.0000000000
58400  16.801  -19.366  64.590 0.0000000000
54679  9.933  -23.348  67.576 0.0000000000
52224  5.576  -25.060  67.298 0.0000000000
52210  5.500  -26.056  67.463 0.0000000000
57098  5.966  -23.229  63.957 0.0000000000
59710  9.103  -20.065  63.900 0.0000000000
59724  8.762  -20.333  62.722 0.0000000000
59735  8.654  -20.001  61.695 0.0000000000
59734  9.421  -19.343  61.383 0.0000000000
64498  6.607  -15.118  63.295 0.0000000000
65668  6.426  -14.489  61.260 0.0000000000
64519  6.742  -15.262  61.757 0.0000000000
64530  6.873  -15.480  61.156 0.0000000000
63351  8.551  -16.276  61.051 0.0000000000
63350  9.442  -16.672  60.711 0.0000000000
63367  9.482  -16.564  59.548 0.0000000000
62232  9.758  -17.737  58.140 0.0000000000
63381  9.450  -16.735  58.492 0.0000000000
63395  8.729  -16.462  57.941 0.0000000000
63408  8.221  -16.759  57.745 0.0000000000
65698  6.368  -15.484  57.643 0.0000000000
65707  6.374  -15.361  57.308 0.0000000000
64566  6.333  -15.738  56.787 0.0000000000
63420  6.190  -16.544  55.904 0.0000000000
73940  12.587  -7.279  65.656 0.0000000000
72736  12.508  -8.542  65.583 0.0000000000
71538  12.478  -9.072  65.323 0.0000000000
71546  12.763  -9.219  64.816 0.0000000000
71558  12.425  -9.883  63.706 0.0000000000
70409  13.201  -10.504  61.166 0.0000000000
70410  12.427  -10.745  61.281 0.0000000000
69211  11.445  -11.260  60.968 0.0000000000
69228  10.175  -11.309  60.189 0.0000000000
68098  9.623  -12.208  58.248 0.0000000000
60931  11.943  -18.734  71.399 0.0000000000
60930  12.539  -18.646  71.375 0.0000000000
62094  12.806  -18.301  70.842 0.0000000000
60941  13.935  -18.468  70.859 0.0000000000
62131  13.000  -17.545  69.412 0.0000000000
59654  18.265  -19.326  69.332 0.0000000000
58329  17.210  -19.687  70.318 0.0000000000
57017  16.673  -20.255  70.622 0.0000000000
57028  15.553  -20.758  70.383 0.0000000000
57029  14.774  -20.685  70.880 0.0000000000
58332  14.018  -20.527  70.522 0.0000000000
57020  14.766  -20.680  71.447 0.0000000000
58324  14.093  -20.353  71.343 0.0000000000
73917  8.315  -7.687  69.557 0.0000000000
73916  8.364  -7.392  69.278 0.0000000000
73922  8.500  -7.485  68.782 0.0000000000
73921  8.829  -7.425  68.229 0.0000000000
73928  9.180  -7.558  67.722 0.0000000000
73927  10.084  -7.397  67.781 0.0000000000
55845  6.054  -23.829  67.211 0.0000000000
59665  7.552  -20.263  68.983 0.0000000000
62123  7.580  -18.587  69.550 0.0000000000
64423  9.609  -15.522  70.004 0.0000000000
65564  9.434  -14.369  69.314 0.0000000000
66743  9.343  -13.506  68.978 0.0000000000
66754  9.569  -12.947  68.606 0.0000000000
67995  9.133  -12.157  68.982 0.0000000000
69126  9.282  -10.760  69.409 0.0000000000
53506  8.205  -24.064  69.231 0.0000000000
50855  6.611  -25.908  68.338 0.0000000000
50856  6.326  -26.209  68.217 0.0000000000
53518  6.511  -24.366  68.292 0.0000000000
58373  8.318  -20.443  66.121 0.0000000000
58391  8.319  -20.827  65.588 0.0000000000
58390  8.588  -20.309  65.438 0.0000000000
60988  9.008  -18.403  64.604 0.0000000000
62156  8.859  -17.592  64.043 0.0000000000
68060  6.915  -12.726  62.597 0.0000000000
66821  6.601  -13.204  62.307 0.0000000000
66822  6.439  -13.664  61.847 0.0000000000
64548  6.804  -15.623  59.406 0.0000000000
65690  6.238  -14.664  58.871 0.0000000000
68091  6.496  -13.049  59.257 0.0000000000
66855  6.256  -14.114  58.315 0.0000000000
66864  6.578  -13.450  57.083 0.0000000000
70470  13.243  -10.929  59.486 0.0000000000
69239  12.502  -11.134  59.616 0.0000000000
69257  11.442  -11.784  58.843 0.0000000000
68111  11.967  -12.731  57.389 0.0000000000
58473  8.238  -20.701  59.086 0.0000000000
57025  7.810  -21.544  71.059 0.0000000000
58327  7.647  -21.005  70.743 0.0000000000
59638  8.515  -19.491  71.781 0.0000000000
60921  8.788  -19.053  71.768 0.0000000000
60910  9.388  -19.055  72.218 0.0000000000
60920  9.210  -18.742  71.708 0.0000000000
60932  9.008  -18.478  70.900 0.0000000000
63252  9.847  -17.273  70.596 0.0000000000
64422  10.130  -16.315  70.293 0.0000000000
62097  10.844  -17.824  71.077 0.0000000000
63261  11.198  -17.310  70.292 0.0000000000
63262  10.733  -17.238  70.466 0.0000000000
65575  10.662  -14.435  68.350 0.0000000000
66765  10.893  -13.601  67.912 0.0000000000
58396  20.812  -19.329  65.597 0.0000000000
58397  20.156  -19.396  65.053 0.0000000000
58369  15.620  -19.564  66.492 0.0000000000
59662  18.174  -19.462  68.773 0.0000000000
58346  17.722  -19.661  68.475 0.0000000000
57041  17.121  -19.854  68.155 0.0000000000
57042  16.558  -20.059  68.372 0.0000000000
58358  16.929  -19.766  67.517 0.0000000000
58359  16.093  -19.796  67.396 0.0000000000
58370  14.734  -19.612  66.193 0.0000000000
57063  13.365  -20.275  66.629 0.0000000000
54671  11.006  -22.382  68.124 0.0000000000
53503  9.818  -22.705  69.884 0.0000000000
58333  13.258  -20.416  70.167 0.0000000000
57022  11.803  -20.613  70.841 0.0000000000
55824  11.252  -21.202  70.608 0.0000000000
54660  10.944  -21.783  70.274 0.0000000000
54661  10.261  -22.333  70.117 0.0000000000
53492  9.509  -22.791  70.405 0.0000000000
53484  9.035  -23.010  70.897 0.0000000000
66768  5.849  -14.250  67.318 0.0000000000
65608  5.515  -14.708  66.603 0.0000000000
66779  5.649  -14.193  66.963 0.0000000000
66778  6.177  -13.615  66.524 0.0000000000
68034  6.532  -12.749  65.985 0.0000000000
69180  6.750  -11.564  64.523 0.0000000000
72732  8.261  -8.794  67.173 0.0000000000
70382  7.208  -10.869  63.128 0.0000000000
71564  7.185  -10.171  63.265 0.0000000000
71563  7.541  -9.802  63.427 0.0000000000
71576  7.388  -10.539  62.731 0.0000000000
71575  7.601  -10.126  62.732 0.0000000000
71586  7.997  -10.112  62.510 0.0000000000
62105  17.128  -17.881  70.236 0.0000000000
62104  17.477  -17.199  69.818 0.0000000000
63260  17.405  -16.187  69.476 0.0000000000
64480  25.618  -14.969  65.580 0.0000000000
62145  23.826  -16.964  65.304 0.0000000000
62137  23.605  -17.522  66.235 0.0000000000
60976  23.056  -17.975  65.242 0.0000000000
59685  21.902  -18.866  65.255 0.0000000000
59686  21.421  -19.202  65.779 0.0000000000
59666  22.039  -18.715  67.007 0.0000000000
59667  21.414  -18.936  67.380 0.0000000000
59668  20.729  -19.176  67.684 0.0000000000
62126  22.501  -17.504  68.804 0.0000000000
60944  22.027  -17.888  69.189 0.0000000000
59652  20.090  -18.814  69.708 0.0000000000
62090  19.466  -17.411  70.510 0.0000000000
60924  18.322  -18.021  70.988 0.0000000000
54700  5.337  -24.278  64.534 0.0000000000
55869  6.294  -23.221  65.108 0.0000000000
55847  6.828  -22.930  67.031 0.0000000000
57065  7.683  -21.481  66.266 0.0000000000
60968  7.622  -17.765  67.088 0.0000000000
63300  6.611  -15.609  67.093 0.0000000000
58335  7.678  -20.397  70.685 0.0000000000
59649  7.663  -19.766  70.373 0.0000000000
60934  8.042  -18.689  70.669 0.0000000000
62111  7.640  -18.607  69.978 0.0000000000
64417  8.378  -16.066  70.250 0.0000000000
64424  8.105  -16.260  70.184 0.0000000000
65579  6.418  -14.974  67.668 0.0000000000
65593  5.912  -14.706  67.341 0.0000000000
68005  7.620  -12.063  68.676 0.0000000000
70316  9.045  -10.149  69.627 0.0000000000
71508  8.770  -9.370  69.861 0.0000000000
72707  8.442  -8.563  69.872 0.0000000000
75016  8.308  -7.155  70.150 0.0000000000
62116  16.663  -17.270  69.168 0.0000000000
58416  18.789  -18.898  63.411 0.0000000000
53515  8.949  -24.153  68.685 0.0000000000
53526  8.141  -24.915  67.628 0.0000000000
50888  7.397  -25.774  66.876 0.0000000000
55891  5.266  -23.526  62.523 0.0000000000
57117  6.970  -21.568  63.267 0.0000000000
58422  7.687  -21.143  63.099 0.0000000000
58423  7.131  -21.299  62.903 0.0000000000
58439  6.515  -21.894  62.305 0.0000000000
58450  6.257  -22.082  61.867 0.0000000000
57154  6.055  -22.236  61.453 0.0000000000
64486  5.738  -14.980  66.211 0.0000000000
63318  7.617  -16.362  64.616 0.0000000000
62166  8.435  -17.007  63.761 0.0000000000
63327  6.730  -15.396  62.979 0.0000000000
63354  6.964  -15.581  62.148 0.0000000000
63337  7.229  -15.845  62.604 0.0000000000
62165  8.781  -17.073  63.117 0.0000000000
62164  9.499  -17.671  62.696 0.0000000000
62192  10.065  -17.416  60.834 0.0000000000
61021  10.339  -18.197  60.510 0.0000000000
59755  9.463  -19.498  59.340 0.0000000000
59765  8.872  -19.958  58.746 0.0000000000
59775  9.057  -19.906  58.025 0.0000000000
58481  9.038  -20.198  57.498 0.0000000000
62234  7.273  -16.696  58.015 0.0000000000
62233  7.441  -16.862  57.801 0.0000000000
61070  7.586  -18.150  56.207 0.0000000000
76135  10.653  -5.298  67.688 0.0000000000
73926  10.775  -7.064  67.537 0.0000000000
73934  10.521  -7.795  67.307 0.0000000000
72738  10.471  -8.913  66.195 0.0000000000
71548  10.360  -9.947  64.605 0.0000000000
71539  12.026  -9.312  65.440 0.0000000000
70365  9.508  -10.143  64.005 0.0000000000
70395  8.997  -10.525  62.547 0.0000000000
70377  11.653  -10.375  62.896 0.0000000000
70392  12.032  -10.570  62.032 0.0000000000
70456  7.869  -10.790  60.221 0.0000000000
69261  7.533  -11.582  58.846 0.0000000000
69243  8.724  -11.413  59.519 0.0000000000
69276  7.048  -12.439  57.961 0.0000000000
68117  6.868  -12.942  57.371 0.0000000000
66880  6.831  -13.493  56.470 0.0000000000
68132  7.762  -13.002  56.944 0.0000000000
53491  9.829  -22.549  70.188 0.0000000000
54674  9.415  -23.755  68.646 0.0000000000
55822  9.022  -21.530  71.953 0.0000000000
57023  8.797  -21.463  71.883 0.0000000000
57031  12.904  -20.436  69.816 0.0000000000
57039  12.930  -20.494  69.602 0.0000000000
57050  17.157  -19.822  67.806 0.0000000000
57051  16.925  -19.883  67.967 0.0000000000
57094  8.473  -20.869  64.978 0.0000000000
58306  10.073  -19.655  72.225 0.0000000000
58308  9.056  -19.881  72.269 0.0000000000
58330  16.059  -20.603  69.830 0.0000000000
58331  15.899  -20.681  70.013 0.0000000000
58334  13.108  -20.374  69.946 0.0000000000
58343  13.119  -20.427  69.752 0.0000000000
58347  16.721  -19.927  67.973 0.0000000000
58350  13.095  -20.596  69.148 0.0000000000
58372  8.508  -19.857  65.948 0.0000000000
58405  7.944  -21.331  63.826 0.0000000000
58421  8.446  -20.829  63.436 0.0000000000
58424  6.798  -21.612  62.781 0.0000000000
59629  9.280  -19.341  72.261 0.0000000000
59655  17.777  -19.463  69.103 0.0000000000
60908  10.203  -18.770  72.210 0.0000000000
60935  20.954  -17.876  70.130 0.0000000000
60950  14.264  -18.426  70.480 0.0000000000
60964  23.637  -17.512  66.485 0.0000000000
61034  10.380  -18.297  60.143 0.0000000000
62089  19.857  -17.434  70.379 0.0000000000
62109  11.167  -17.747  70.834 0.0000000000
62206  10.376  -17.777  59.666 0.0000000000
62231  10.119  -18.206  58.446 0.0000000000
63246  10.040  -17.669  71.003 0.0000000000
63257  19.683  -17.256  70.115 0.0000000000
63270  17.486  -16.638  69.572 0.0000000000
63338  6.860  -15.494  62.583 0.0000000000
63398  6.586  -15.943  58.305 0.0000000000
63407  8.578  -17.020  57.500 0.0000000000
64518  6.911  -15.485  61.535 0.0000000000
64556  6.418  -15.771  57.415 0.0000000000
64557  6.436  -15.775  57.922 0.0000000000
65551  8.075  -15.808  69.960 0.0000000000
68015  10.774  -12.871  67.993 0.0000000000
69212  11.182  -11.327  60.954 0.0000000000
69226  11.523  -11.248  60.695 0.0000000000
69275  7.440  -12.132  58.187 0.0000000000
70334  7.011  -11.103  67.061 0.0000000000
70367  7.037  -9.865  64.222 0.0000000000
73935  8.987  -7.900  67.261 0.0000000000
73939  12.953  -7.321  65.103 0.0000000000
75010  8.475  -7.226  70.378 0.0000000000
75015  8.523  -6.711  70.048 0.0000000000
75028  8.632  -6.915  68.945 0.0000000000
75036  12.270  -6.527  65.963 0.0000000000
