#!ascii label  , from subject sub.01.bl.01 vox2ras=TkReg
1462
47265  11.715  -29.641  63.581 0.0000000000
67164  42.005  -12.679  36.529 0.0000000000
51035  30.729  -27.363  54.506 0.0000000000
52356  41.177  -26.313  56.921 0.0000000000
52414  22.391  -25.377  54.423 0.0000000000
52262  20.239  -26.145  64.642 0.0000000000
75412  49.578  -6.179  29.404 0.0000000000
74197  48.692  -7.029  36.838 0.0000000000
61157  39.575  -18.436  46.155 0.0000000000
78731  51.402  -3.295  23.506 0.0000000000
47344  30.271  -29.772  59.823 0.0000000000
50909  15.047  -27.014  63.925 0.0000000000
77533  48.994  -4.736  33.397 0.0000000000
73097  45.489  -8.617  33.140 0.0000000000
67089  43.907  -13.687  41.060 0.0000000000
69466  47.195  -11.777  40.684 0.0000000000
65887  39.605  -15.075  42.073 0.0000000000
52488  36.778  -25.506  50.558 0.0000000000
48598  36.481  -28.442  54.886 0.0000000000
49748  25.687  -27.375  60.771 0.0000000000
52257  24.582  -26.272  64.365 0.0000000000
52329  21.619  -26.082  59.334 0.0000000000
49771  17.257  -27.717  59.517 0.0000000000
51060  27.377  -27.459  54.099 0.0000000000
78668  54.068  -3.641  28.981 0.0000000000
78600  53.032  -3.500  34.021 0.0000000000
70734  46.616  -10.563  35.517 0.0000000000
65824  40.350  -14.346  47.601 0.0000000000
54894  41.668  -23.409  51.168 0.0000000000
76529  49.858  -5.398  26.218 0.0000000000
77610  55.125  -4.628  25.892 0.0000000000
77667  56.450  -4.500  21.568 0.0000000000
49720  30.127  -28.452  62.984 0.0000000000
49716  13.393  -28.401  63.844 0.0000000000
50877  15.373  -26.330  67.642 0.0000000000
49664  13.513  -28.360  67.475 0.0000000000
73139  45.375  -8.351  30.659 0.0000000000
67043  43.901  -13.557  44.388 0.0000000000
67058  46.082  -13.278  43.638 0.0000000000
44736  8.416  -31.801  67.529 0.0000000000
65962  38.675  -15.194  38.659 0.0000000000
51096  31.350  -27.184  52.187 0.0000000000
51094  33.378  -27.204  52.131 0.0000000000
49878  33.877  -28.378  54.451 0.0000000000
49824  24.398  -27.076  57.468 0.0000000000
52326  23.510  -26.059  59.685 0.0000000000
52376  21.648  -26.003  56.304 0.0000000000
51063  24.194  -26.706  54.172 0.0000000000
49822  26.413  -28.362  57.874 0.0000000000
52260  22.410  -25.579  64.795 0.0000000000
77561  52.687  -4.603  29.461 0.0000000000
78637  54.438  -3.345  31.920 0.0000000000
76478  52.056  -5.043  31.540 0.0000000000
76442  48.529  -5.544  34.849 0.0000000000
78593  50.224  -3.701  35.357 0.0000000000
70739  41.378  -10.697  35.071 0.0000000000
71901  43.243  -9.784  35.134 0.0000000000
69519  44.192  -11.728  36.193 0.0000000000
63511  37.389  -16.059  45.005 0.0000000000
67030  37.621  -14.003  45.408 0.0000000000
63491  40.081  -16.428  46.941 0.0000000000
52428  38.440  -25.925  53.388 0.0000000000
53728  39.606  -24.585  50.708 0.0000000000
53677  41.215  -25.104  53.838 0.0000000000
77582  47.185  -5.154  27.911 0.0000000000
77604  47.524  -4.703  26.215 0.0000000000
77580  49.471  -5.117  28.048 0.0000000000
79774  51.339  -3.106  28.331 0.0000000000
77700  53.435  -4.532  20.072 0.0000000000
76583  53.451  -5.625  22.030 0.0000000000
77636  56.116  -4.543  23.086 0.0000000000
76547  53.208  -5.950  24.133 0.0000000000
49793  30.820  -28.493  57.475 0.0000000000
49815  33.629  -27.863  57.465 0.0000000000
47341  33.221  -29.761  59.972 0.0000000000
50907  17.179  -26.333  64.111 0.0000000000
52231  19.939  -25.640  66.808 0.0000000000
52218  17.275  -25.422  67.456 0.0000000000
75414  47.598  -6.421  29.398 0.0000000000
75385  50.526  -6.433  31.196 0.0000000000
73136  47.712  -8.247  31.310 0.0000000000
75374  47.506  -7.242  32.984 0.0000000000
75353  47.621  -6.932  34.523 0.0000000000
67116  43.225  -13.657  38.967 0.0000000000
68350  44.691  -12.748  38.369 0.0000000000
68307  45.696  -12.796  41.628 0.0000000000
58679  38.406  -20.225  45.897 0.0000000000
53629  42.836  -25.491  57.493 0.0000000000
47267  9.675  -30.369  63.610 0.0000000000
47204  11.893  -29.508  67.566 0.0000000000
45963  9.958  -31.035  67.630 0.0000000000
68384  39.282  -13.200  36.342 0.0000000000
65959  41.151  -14.625  38.940 0.0000000000
67091  41.966  -14.651  41.249 0.0000000000
67045  41.675  -13.638  44.732 0.0000000000
52490  34.564  -26.186  50.125 0.0000000000
51091  36.338  -26.102  52.497 0.0000000000
48586  39.286  -28.055  55.551 0.0000000000
48566  36.234  -28.786  57.741 0.0000000000
47356  38.476  -29.733  58.269 0.0000000000
50926  28.077  -27.091  63.424 0.0000000000
50903  26.264  -27.180  64.017 0.0000000000
52289  25.234  -25.950  62.621 0.0000000000
52303  22.954  -25.458  61.713 0.0000000000
52305  21.003  -26.201  61.240 0.0000000000
52362  19.680  -26.697  56.832 0.0000000000
50982  19.026  -27.250  58.647 0.0000000000
50941  18.446  -26.874  61.677 0.0000000000
50933  15.951  -27.166  62.170 0.0000000000
49725  13.877  -27.883  62.352 0.0000000000
48492  11.631  -28.802  61.354 0.0000000000
52474  28.819  -25.745  51.807 0.0000000000
52476  27.360  -25.722  51.513 0.0000000000
51037  29.427  -27.695  54.844 0.0000000000
49820  28.626  -28.434  57.099 0.0000000000
48511  28.186  -29.022  60.502 0.0000000000
76462  54.109  -4.663  33.119 0.0000000000
78630  51.296  -3.590  33.406 0.0000000000
71939  43.232  -9.486  33.508 0.0000000000
73068  45.470  -9.009  34.686 0.0000000000
73053  48.165  -8.639  36.444 0.0000000000
69494  46.788  -11.418  38.749 0.0000000000
70697  48.888  -9.882  38.524 0.0000000000
65905  37.335  -15.135  41.884 0.0000000000
67047  39.255  -14.062  44.693 0.0000000000
68229  42.094  -13.367  48.194 0.0000000000
56115  39.221  -22.430  48.363 0.0000000000
57358  40.596  -20.880  48.911 0.0000000000
53691  43.702  -23.960  54.215 0.0000000000
57300  42.814  -21.539  51.852 0.0000000000
61122  42.212  -18.796  48.934 0.0000000000
63466  43.232  -16.570  48.856 0.0000000000
65793  42.909  -14.273  49.728 0.0000000000
76550  50.400  -4.752  24.689 0.0000000000
77600  52.308  -4.706  26.545 0.0000000000
79782  54.129  -2.481  27.404 0.0000000000
48437  31.203  -28.724  64.561 0.0000000000
48449  12.914  -28.949  64.334 0.0000000000
49693  13.503  -28.416  65.846 0.0000000000
48411  12.936  -29.060  66.340 0.0000000000
68276  44.243  -13.194  45.215 0.0000000000
68275  45.289  -13.083  45.173 0.0000000000
43563  7.363  -32.882  65.517 0.0000000000
51077  30.991  -27.074  52.997 0.0000000000
49892  32.563  -27.741  53.254 0.0000000000
49860  32.031  -27.845  54.758 0.0000000000
52392  23.411  -26.048  55.958 0.0000000000
52357  23.380  -26.257  57.366 0.0000000000
52394  22.084  -25.631  55.351 0.0000000000
52459  23.640  -26.214  52.496 0.0000000000
51064  23.721  -26.079  54.193 0.0000000000
49865  24.045  -26.802  55.818 0.0000000000
52261  21.419  -25.858  64.738 0.0000000000
52245  20.671  -25.917  65.799 0.0000000000
75410  51.254  -5.710  29.673 0.0000000000
76490  52.082  -5.351  30.600 0.0000000000
75396  51.420  -5.883  30.131 0.0000000000
75324  48.711  -6.302  36.300 0.0000000000
76418  49.010  -5.462  36.386 0.0000000000
68405  41.682  -11.852  35.773 0.0000000000
69540  42.822  -11.303  35.577 0.0000000000
68379  43.560  -12.110  36.631 0.0000000000
61197  38.279  -18.407  44.779 0.0000000000
62342  38.927  -17.056  45.441 0.0000000000
63509  38.522  -16.096  45.703 0.0000000000
62329  39.922  -17.327  46.423 0.0000000000
52390  40.357  -25.939  55.272 0.0000000000
52406  40.435  -25.528  54.181 0.0000000000
53647  40.990  -25.529  55.845 0.0000000000
76503  48.859  -5.624  29.070 0.0000000000
77581  48.216  -5.226  27.931 0.0000000000
76502  49.941  -5.470  29.164 0.0000000000
77563  50.587  -4.715  28.661 0.0000000000
78752  52.681  -3.457  21.865 0.0000000000
77655  52.587  -4.307  22.559 0.0000000000
76565  53.283  -5.779  22.901 0.0000000000
77637  51.899  -4.193  23.404 0.0000000000
48533  30.730  -29.466  59.084 0.0000000000
48532  31.753  -29.449  59.071 0.0000000000
47325  31.630  -29.968  60.816 0.0000000000
50908  16.093  -26.389  64.322 0.0000000000
52248  17.255  -25.818  65.614 0.0000000000
52249  16.169  -26.171  65.690 0.0000000000
52206  15.226  -26.049  69.232 0.0000000000
52190  16.094  -25.445  69.103 0.0000000000
75415  46.504  -6.556  29.372 0.0000000000
74293  47.315  -7.280  29.858 0.0000000000
74276  46.882  -8.006  30.288 0.0000000000
71953  45.827  -9.107  32.308 0.0000000000
73110  46.489  -8.607  32.292 0.0000000000
74252  46.170  -8.034  32.955 0.0000000000
76456  47.457  -6.939  33.541 0.0000000000
75364  46.061  -7.697  33.480 0.0000000000
67102  43.026  -13.910  40.083 0.0000000000
67101  44.019  -13.521  39.733 0.0000000000
68308  44.943  -13.170  41.381 0.0000000000
76505  46.810  -5.755  28.876 0.0000000000
45989  10.413  -30.553  65.719 0.0000000000
45990  9.612  -30.898  65.668 0.0000000000
67168  38.655  -13.636  36.419 0.0000000000
67148  40.465  -13.888  37.469 0.0000000000
67149  39.495  -14.307  37.389 0.0000000000
65917  39.255  -15.399  40.434 0.0000000000
65916  40.161  -15.126  40.232 0.0000000000
65886  40.439  -14.927  41.852 0.0000000000
67062  42.458  -14.035  43.502 0.0000000000
67080  40.871  -14.630  42.627 0.0000000000
51135  33.439  -26.300  49.818 0.0000000000
49890  34.506  -27.977  53.629 0.0000000000
51092  35.330  -26.751  52.604 0.0000000000
49876  36.300  -27.788  54.119 0.0000000000
49874  37.755  -27.329  54.362 0.0000000000
48588  37.549  -28.434  55.283 0.0000000000
48550  34.820  -28.739  58.949 0.0000000000
49814  34.539  -28.118  57.840 0.0000000000
49788  35.561  -28.915  58.661 0.0000000000
48524  38.610  -29.887  59.474 0.0000000000
47354  40.306  -29.740  58.429 0.0000000000
49732  26.702  -27.458  61.576 0.0000000000
50928  26.830  -26.611  62.721 0.0000000000
50939  25.671  -26.501  61.643 0.0000000000
52327  22.978  -25.779  59.692 0.0000000000
52313  23.294  -25.578  60.587 0.0000000000
52314  22.587  -25.680  60.530 0.0000000000
52304  21.949  -25.920  61.451 0.0000000000
52316  20.919  -26.238  60.172 0.0000000000
52396  20.412  -26.085  55.329 0.0000000000
49799  16.862  -27.820  58.456 0.0000000000
51001  18.434  -27.712  58.001 0.0000000000
49770  17.870  -27.739  59.180 0.0000000000
50955  19.294  -26.996  60.861 0.0000000000
50957  17.325  -27.330  60.589 0.0000000000
50942  17.514  -27.052  61.528 0.0000000000
49750  16.556  -27.533  60.491 0.0000000000
49737  12.787  -28.198  61.499 0.0000000000
52493  29.470  -25.893  50.670 0.0000000000
53748  28.319  -25.191  50.566 0.0000000000
51099  25.779  -26.620  52.186 0.0000000000
52434  27.234  -26.815  52.808 0.0000000000
52411  28.693  -26.987  53.390 0.0000000000
52412  28.176  -27.250  53.563 0.0000000000
51020  28.794  -28.205  55.790 0.0000000000
49861  27.632  -28.042  55.694 0.0000000000
49795  26.067  -28.222  59.316 0.0000000000
48558  26.905  -28.718  58.963 0.0000000000
48513  26.564  -28.101  60.722 0.0000000000
49730  27.995  -28.065  61.943 0.0000000000
52256  25.712  -26.674  63.772 0.0000000000
47192  11.739  -29.500  68.638 0.0000000000
48377  12.377  -28.920  69.380 0.0000000000
78656  54.829  -3.435  29.663 0.0000000000
78627  53.595  -3.194  32.744 0.0000000000
77514  54.709  -3.238  32.911 0.0000000000
77516  53.787  -3.860  33.675 0.0000000000
77517  53.267  -4.025  34.017 0.0000000000
76465  49.767  -5.178  32.465 0.0000000000
76464  50.309  -4.798  32.393 0.0000000000
77519  49.915  -4.029  33.559 0.0000000000
78592  50.773  -3.526  35.090 0.0000000000
70736  44.394  -10.505  35.352 0.0000000000
73070  44.070  -9.317  34.788 0.0000000000
71898  45.989  -9.761  34.912 0.0000000000
71897  47.066  -9.540  34.958 0.0000000000
70720  47.467  -10.148  36.109 0.0000000000
69483  45.796  -12.144  39.358 0.0000000000
68361  45.666  -12.185  37.974 0.0000000000
69481  47.189  -11.344  39.666 0.0000000000
65907  36.170  -14.901  42.378 0.0000000000
65835  39.142  -14.429  46.746 0.0000000000
67029  38.562  -13.952  45.531 0.0000000000
67014  39.930  -13.837  46.527 0.0000000000
67013  40.691  -13.488  46.838 0.0000000000
66994  41.278  -13.707  48.254 0.0000000000
52529  35.842  -25.336  48.629 0.0000000000
52505  37.327  -24.731  48.988 0.0000000000
53727  40.462  -24.221  50.903 0.0000000000
53744  39.390  -24.171  49.838 0.0000000000
54926  40.004  -23.058  49.636 0.0000000000
57359  40.006  -21.450  48.708 0.0000000000
57321  41.264  -22.047  50.231 0.0000000000
53661  43.586  -24.630  55.675 0.0000000000
59822  43.229  -20.105  51.601 0.0000000000
58600  42.491  -20.087  50.692 0.0000000000
59846  43.218  -19.140  50.601 0.0000000000
61128  42.412  -18.182  48.693 0.0000000000
61111  43.993  -18.563  50.397 0.0000000000
77603  48.229  -4.949  25.962 0.0000000000
76538  50.373  -5.212  25.389 0.0000000000
76537  51.428  -5.281  25.376 0.0000000000
76528  50.835  -5.196  26.452 0.0000000000
79772  52.728  -3.322  28.579 0.0000000000
79784  52.038  -2.871  27.734 0.0000000000
80802  53.283  -2.807  28.229 0.0000000000
80800  55.060  -2.569  28.562 0.0000000000
76605  55.009  -5.459  20.299 0.0000000000
77609  55.627  -4.515  25.152 0.0000000000
78699  56.141  -3.301  25.436 0.0000000000
78687  55.443  -3.078  26.262 0.0000000000
47280  29.961  -29.308  62.034 0.0000000000
47302  31.049  -29.864  61.690 0.0000000000
48468  31.232  -28.864  63.244 0.0000000000
50910  14.546  -27.396  64.243 0.0000000000
52250  15.521  -26.395  66.181 0.0000000000
50887  14.543  -27.181  65.829 0.0000000000
49662  14.591  -27.038  68.054 0.0000000000
49633  14.261  -27.087  69.360 0.0000000000
73126  44.834  -8.916  31.152 0.0000000000
71965  44.320  -9.405  31.771 0.0000000000
67078  43.216  -14.018  42.326 0.0000000000
67076  45.182  -13.282  42.848 0.0000000000
67042  44.867  -13.480  44.396 0.0000000000
68274  46.390  -12.890  44.832 0.0000000000
44777  8.195  -31.870  64.672 0.0000000000
43562  7.898  -32.485  65.834 0.0000000000
43552  7.590  -32.951  66.799 0.0000000000
67151  37.794  -14.734  37.027 0.0000000000
65918  38.308  -15.406  40.708 0.0000000000
51123  33.129  -26.570  50.583 0.0000000000
51095  32.391  -27.405  52.257 0.0000000000
49891  33.465  -27.984  53.480 0.0000000000
49857  35.086  -28.668  55.546 0.0000000000
49797  24.578  -27.184  58.549 0.0000000000
50966  24.717  -26.970  60.126 0.0000000000
50980  23.771  -26.461  58.451 0.0000000000
50981  23.210  -26.221  58.365 0.0000000000
52344  22.207  -26.076  58.526 0.0000000000
49773  15.220  -27.617  59.320 0.0000000000
49801  14.825  -27.257  58.204 0.0000000000
51100  24.679  -26.646  52.398 0.0000000000
51061  26.002  -27.274  53.978 0.0000000000
49862  26.799  -27.914  55.459 0.0000000000
49863  25.633  -27.766  55.575 0.0000000000
49823  25.285  -27.688  57.623 0.0000000000
52276  23.708  -25.443  63.841 0.0000000000
78669  53.158  -4.075  28.941 0.0000000000
77559  54.280  -3.910  30.057 0.0000000000
77560  53.618  -4.569  30.113 0.0000000000
77540  53.246  -3.914  31.782 0.0000000000
78628  52.670  -3.514  32.916 0.0000000000
76454  48.314  -5.208  34.027 0.0000000000
78618  49.374  -3.756  34.341 0.0000000000
77499  49.135  -4.749  35.510 0.0000000000
77492  49.503  -4.966  36.036 0.0000000000
71919  42.259  -9.873  34.044 0.0000000000
70738  42.459  -10.386  35.058 0.0000000000
69539  43.816  -11.147  35.727 0.0000000000
69537  45.770  -11.458  35.723 0.0000000000
69465  47.875  -11.318  40.624 0.0000000000
65865  35.780  -14.972  44.262 0.0000000000
67068  36.662  -14.566  43.773 0.0000000000
65854  37.178  -14.685  45.377 0.0000000000
64655  38.876  -14.803  46.566 0.0000000000
64642  40.758  -15.169  47.725 0.0000000000
52469  37.687  -25.406  51.367 0.0000000000
52468  38.770  -24.992  51.016 0.0000000000
52448  39.465  -25.125  51.868 0.0000000000
53695  40.150  -24.958  52.203 0.0000000000
53711  41.631  -24.291  52.026 0.0000000000
77594  46.667  -4.713  27.519 0.0000000000
78680  46.620  -4.154  26.685 0.0000000000
77593  47.112  -4.879  27.052 0.0000000000
77592  48.510  -5.362  27.010 0.0000000000
77591  49.825  -5.208  27.474 0.0000000000
77590  50.708  -4.836  27.305 0.0000000000
77579  50.588  -4.442  28.082 0.0000000000
78659  51.315  -3.659  29.013 0.0000000000
78766  53.011  -3.433  20.622 0.0000000000
76597  53.541  -5.372  21.153 0.0000000000
76595  55.707  -5.325  21.392 0.0000000000
77654  56.300  -4.594  22.235 0.0000000000
75478  55.329  -5.823  23.084 0.0000000000
75442  54.870  -6.015  24.148 0.0000000000
76535  53.573  -5.789  25.389 0.0000000000
50996  30.956  -27.864  55.946 0.0000000000
49838  31.972  -27.930  55.836 0.0000000000
49792  31.898  -28.322  57.611 0.0000000000
48552  33.371  -28.658  58.640 0.0000000000
47322  34.725  -30.053  60.556 0.0000000000
52281  18.571  -26.260  63.865 0.0000000000
52246  19.496  -25.857  65.690 0.0000000000
52247  18.357  -25.734  65.580 0.0000000000
52217  18.209  -25.347  67.713 0.0000000000
52235  15.828  -26.096  66.903 0.0000000000
53513  17.392  -25.151  68.774 0.0000000000
75413  48.623  -6.306  29.388 0.0000000000
74273  50.161  -6.845  30.256 0.0000000000
74274  49.239  -7.396  30.446 0.0000000000
74261  49.070  -7.443  31.534 0.0000000000
74249  48.588  -7.324  32.202 0.0000000000
73137  47.218  -8.457  30.972 0.0000000000
74250  47.778  -7.663  32.468 0.0000000000
75373  48.251  -6.792  32.795 0.0000000000
76455  48.018  -6.148  33.654 0.0000000000
75352  48.192  -6.268  34.655 0.0000000000
74215  48.053  -7.342  35.432 0.0000000000
67146  42.449  -12.955  37.143 0.0000000000
68363  43.796  -12.618  37.293 0.0000000000
67115  44.075  -13.249  38.740 0.0000000000
68337  45.503  -12.452  39.849 0.0000000000
68321  46.328  -12.345  41.068 0.0000000000
68294  45.799  -13.024  42.414 0.0000000000
68306  46.375  -12.578  42.007 0.0000000000
69450  47.640  -11.886  41.792 0.0000000000
59917  38.791  -19.384  45.935 0.0000000000
53630  42.089  -25.768  57.226 0.0000000000
78671  45.793  -3.932  27.481 0.0000000000
77583  46.176  -4.725  27.983 0.0000000000
76504  47.849  -5.657  29.081 0.0000000000
81894  51.903  -0.637  23.551 0.0000000000
80843  51.523  -1.574  23.584 0.0000000000
47266  10.946  -29.767  63.289 0.0000000000
47215  12.086  -29.608  66.467 0.0000000000
47232  11.226  -30.208  65.920 0.0000000000
45962  10.682  -30.544  67.322 0.0000000000
45955  10.551  -30.558  68.342 0.0000000000
45975  9.153  -31.330  66.735 0.0000000000
68406  40.836  -12.040  35.804 0.0000000000
68407  39.956  -12.330  35.766 0.0000000000
68382  40.714  -12.699  36.226 0.0000000000
67147  41.451  -13.528  37.415 0.0000000000
67117  42.266  -14.103  39.216 0.0000000000
67103  42.035  -14.454  40.276 0.0000000000
65961  39.731  -14.876  38.469 0.0000000000
67104  41.557  -14.618  40.006 0.0000000000
67090  42.732  -14.242  41.221 0.0000000000
67044  42.856  -13.605  44.424 0.0000000000
68263  42.559  -13.053  45.895 0.0000000000
52507  35.700  -25.708  49.840 0.0000000000
51122  34.001  -26.197  50.645 0.0000000000
51108  35.597  -26.096  51.540 0.0000000000
52470  36.668  -25.706  51.735 0.0000000000
51072  37.880  -26.206  53.435 0.0000000000
51051  39.055  -26.621  54.619 0.0000000000
51015  40.114  -27.252  56.008 0.0000000000
49837  33.315  -27.979  56.428 0.0000000000
48581  34.763  -28.477  56.434 0.0000000000
48579  36.443  -28.874  56.606 0.0000000000
48526  37.383  -29.511  59.219 0.0000000000
48547  37.410  -29.250  58.285 0.0000000000
48578  37.389  -28.946  56.256 0.0000000000
47370  38.887  -29.278  56.720 0.0000000000
48575  40.416  -28.688  56.864 0.0000000000
49786  41.300  -27.266  57.652 0.0000000000
50916  28.387  -27.120  63.900 0.0000000000
52254  27.278  -26.752  63.725 0.0000000000
52273  26.367  -26.468  63.365 0.0000000000
52274  25.423  -26.198  63.335 0.0000000000
52311  24.576  -26.095  61.148 0.0000000000
52290  24.567  -25.501  62.361 0.0000000000
53544  23.851  -25.362  63.120 0.0000000000
52291  22.860  -25.484  62.847 0.0000000000
52292  22.046  -25.802  62.607 0.0000000000
52294  20.068  -26.349  62.093 0.0000000000
52395  21.193  -25.768  55.342 0.0000000000
52377  20.793  -26.072  56.244 0.0000000000
52346  20.619  -26.453  58.046 0.0000000000
51022  19.007  -27.072  56.444 0.0000000000
52347  19.828  -26.772  57.812 0.0000000000
52330  20.830  -26.436  59.116 0.0000000000
52317  20.135  -26.798  59.980 0.0000000000
50940  19.324  -26.694  61.844 0.0000000000
50918  19.297  -26.415  63.095 0.0000000000
50931  17.680  -26.771  62.521 0.0000000000
50921  16.903  -26.558  63.330 0.0000000000
50923  15.241  -27.165  62.706 0.0000000000
49735  15.064  -27.530  61.210 0.0000000000
49724  14.702  -27.501  62.080 0.0000000000
49714  14.583  -27.537  63.043 0.0000000000
49715  13.941  -27.973  63.367 0.0000000000
48475  12.454  -28.780  62.454 0.0000000000
48464  11.901  -29.365  63.013 0.0000000000
47287  10.694  -29.420  62.541 0.0000000000
47288  9.832  -29.510  62.324 0.0000000000
52492  30.425  -26.341  50.367 0.0000000000
52472  29.970  -26.441  51.385 0.0000000000
52430  29.474  -26.641  52.860 0.0000000000
53714  28.304  -25.652  51.854 0.0000000000
52410  29.180  -26.779  53.260 0.0000000000
51036  30.139  -27.426  54.704 0.0000000000
51018  30.249  -27.818  55.696 0.0000000000
49819  29.528  -28.431  56.993 0.0000000000
47358  29.078  -29.464  58.995 0.0000000000
49821  27.639  -28.531  57.270 0.0000000000
48557  27.782  -28.981  58.761 0.0000000000
47328  28.958  -29.452  60.262 0.0000000000
48471  29.139  -28.464  62.333 0.0000000000
49722  28.359  -27.641  62.723 0.0000000000
48396  12.940  -28.871  67.458 0.0000000000
48375  13.523  -28.002  69.257 0.0000000000
78636  54.951  -3.275  31.826 0.0000000000
75384  51.357  -5.790  30.973 0.0000000000
77530  51.627  -3.858  32.817 0.0000000000
78614  52.524  -3.205  33.785 0.0000000000
78603  50.235  -3.130  34.630 0.0000000000
78602  51.118  -3.072  34.764 0.0000000000
77505  52.822  -3.881  34.272 0.0000000000
71966  43.189  -9.382  31.704 0.0000000000
71938  44.270  -9.287  33.145 0.0000000000
71918  43.007  -9.567  34.485 0.0000000000
73085  44.056  -9.101  34.267 0.0000000000
74230  45.339  -8.200  34.158 0.0000000000
74216  46.474  -8.387  34.536 0.0000000000
73066  47.993  -8.227  35.502 0.0000000000
73052  48.425  -7.789  36.338 0.0000000000
68362  44.706  -12.564  37.521 0.0000000000
68376  46.048  -12.045  37.273 0.0000000000
69516  46.511  -11.545  36.912 0.0000000000
70686  47.925  -10.988  39.476 0.0000000000
70698  47.802  -10.533  38.335 0.0000000000
70707  47.573  -10.241  37.109 0.0000000000
71873  48.217  -9.404  37.492 0.0000000000
71872  48.768  -9.002  37.749 0.0000000000
64763  36.939  -15.457  40.555 0.0000000000
65904  38.108  -15.206  41.629 0.0000000000
67067  37.181  -14.379  43.845 0.0000000000
65873  38.364  -14.731  43.160 0.0000000000
65872  39.289  -14.748  42.956 0.0000000000
67046  40.432  -13.828  44.645 0.0000000000
68264  41.680  -13.273  45.815 0.0000000000
68237  42.979  -13.046  47.673 0.0000000000
53745  38.585  -24.496  49.664 0.0000000000
57380  38.730  -21.377  47.019 0.0000000000
58658  39.282  -20.408  47.073 0.0000000000
59899  39.818  -19.368  46.891 0.0000000000
53662  42.554  -25.043  55.466 0.0000000000
53692  43.077  -24.340  53.499 0.0000000000
54861  43.138  -23.591  52.816 0.0000000000
56052  43.559  -22.306  52.873 0.0000000000
56071  42.042  -22.460  51.063 0.0000000000
57340  41.588  -21.036  49.994 0.0000000000
59865  41.088  -19.703  48.523 0.0000000000
61143  40.913  -18.418  47.459 0.0000000000
62319  41.221  -17.467  47.406 0.0000000000
63477  41.901  -16.592  48.045 0.0000000000
64641  41.706  -15.662  48.208 0.0000000000
62295  44.754  -17.162  50.123 0.0000000000
64628  43.658  -15.771  49.276 0.0000000000
65810  42.017  -14.393  49.015 0.0000000000
66983  42.376  -13.778  49.235 0.0000000000
79826  51.101  -2.399  23.702 0.0000000000
77638  51.120  -4.015  23.783 0.0000000000
76548  52.001  -5.182  24.327 0.0000000000
76536  52.458  -5.611  25.255 0.0000000000
77599  53.255  -4.660  26.553 0.0000000000
78691  51.840  -4.045  26.898 0.0000000000
78690  52.598  -3.900  26.772 0.0000000000
78688  54.525  -3.424  26.529 0.0000000000
79781  55.102  -2.488  27.433 0.0000000000
49699  29.429  -27.852  64.471 0.0000000000
49683  30.074  -28.197  64.771 0.0000000000
48450  12.270  -29.408  63.871 0.0000000000
48430  12.979  -28.975  65.297 0.0000000000
48431  12.380  -29.439  64.774 0.0000000000
68262  43.589  -13.017  46.058 0.0000000000
68261  44.657  -12.773  46.060 0.0000000000
51056  30.745  -27.170  53.716 0.0000000000
51055  31.364  -27.295  53.620 0.0000000000
51034  31.354  -27.453  54.277 0.0000000000
52393  23.081  -25.689  55.189 0.0000000000
52413  23.139  -25.645  54.252 0.0000000000
51041  23.892  -26.389  55.167 0.0000000000
75411  50.592  -6.141  29.663 0.0000000000
75316  48.972  -6.245  37.001 0.0000000000
68381  41.538  -12.427  36.194 0.0000000000
68380  42.531  -12.175  36.248 0.0000000000
61176  38.953  -18.416  45.439 0.0000000000
62355  38.509  -17.653  44.941 0.0000000000
61175  39.333  -17.866  45.642 0.0000000000
62341  39.504  -17.506  45.889 0.0000000000
51032  40.449  -26.369  55.865 0.0000000000
52373  40.897  -25.988  56.267 0.0000000000
76501  51.013  -5.353  29.277 0.0000000000
78742  52.292  -3.434  22.738 0.0000000000
78730  51.861  -3.257  23.130 0.0000000000
48534  30.086  -29.504  59.184 0.0000000000
47343  31.191  -29.839  59.881 0.0000000000
47326  30.627  -29.928  60.738 0.0000000000
52266  16.194  -26.238  64.982 0.0000000000
50893  15.892  -26.302  65.064 0.0000000000
75416  45.262  -6.713  29.642 0.0000000000
74294  46.259  -7.341  29.840 0.0000000000
73111  45.723  -8.852  32.768 0.0000000000
74238  45.677  -8.118  33.289 0.0000000000
46007  9.404  -30.907  64.585 0.0000000000
67186  37.620  -13.343  35.882 0.0000000000
67150  38.414  -14.534  37.075 0.0000000000
65902  39.900  -15.176  41.159 0.0000000000
67081  40.062  -14.738  42.622 0.0000000000
49877  35.321  -28.517  54.670 0.0000000000
49889  35.523  -27.598  53.584 0.0000000000
48597  36.999  -28.062  54.617 0.0000000000
48529  34.967  -29.338  59.484 0.0000000000
49766  35.115  -28.827  58.919 0.0000000000
48528  35.912  -29.400  59.286 0.0000000000
49747  26.283  -27.514  61.144 0.0000000000
50938  26.447  -26.833  61.963 0.0000000000
50952  25.881  -26.935  61.271 0.0000000000
52328  22.353  -25.848  59.542 0.0000000000
52315  21.767  -25.954  60.354 0.0000000000
49798  17.735  -27.883  58.603 0.0000000000
50970  17.475  -27.481  59.987 0.0000000000
49749  17.163  -27.520  60.158 0.0000000000
50958  16.846  -27.389  60.816 0.0000000000
51080  26.592  -26.955  52.973 0.0000000000
51079  27.317  -27.042  53.184 0.0000000000
51038  28.406  -27.937  55.153 0.0000000000
51039  27.569  -27.860  55.090 0.0000000000
49767  26.031  -27.964  60.345 0.0000000000
49746  26.810  -27.834  61.229 0.0000000000
47188  11.617  -29.519  69.748 0.0000000000
48373  12.041  -28.936  70.554 0.0000000000
79760  54.720  -3.084  29.091 0.0000000000
78655  55.435  -2.972  29.906 0.0000000000
78613  53.331  -3.388  33.415 0.0000000000
78612  54.117  -3.104  33.175 0.0000000000
77504  53.290  -3.699  34.047 0.0000000000
77532  49.389  -4.565  33.163 0.0000000000
70735  45.407  -10.606  35.273 0.0000000000
70733  47.276  -9.945  35.502 0.0000000000
69467  46.448  -12.024  40.485 0.0000000000
69482  46.334  -11.869  39.764 0.0000000000
65892  35.847  -14.820  42.803 0.0000000000
65834  39.742  -14.396  47.182 0.0000000000
67005  39.454  -14.007  46.931 0.0000000000
67004  40.156  -13.871  47.283 0.0000000000
66995  40.617  -13.886  47.840 0.0000000000
52506  36.696  -25.231  49.384 0.0000000000
54895  40.993  -23.664  50.832 0.0000000000
54909  40.514  -23.375  50.214 0.0000000000
54908  41.130  -23.120  50.594 0.0000000000
56101  40.435  -22.491  49.691 0.0000000000
56085  41.474  -22.544  50.607 0.0000000000
59821  43.905  -19.965  52.338 0.0000000000
59834  42.976  -19.823  50.905 0.0000000000
59833  43.729  -19.371  51.281 0.0000000000
61112  43.189  -18.750  50.064 0.0000000000
61104  44.412  -18.736  51.204 0.0000000000
76530  48.984  -5.356  26.183 0.0000000000
76539  49.423  -5.167  25.533 0.0000000000
76518  50.555  -5.113  26.915 0.0000000000
80803  52.533  -2.843  28.203 0.0000000000
79771  54.036  -3.061  28.693 0.0000000000
79770  54.813  -2.816  28.851 0.0000000000
76604  55.706  -4.902  20.219 0.0000000000
77679  56.371  -4.628  20.813 0.0000000000
77666  56.837  -4.259  21.485 0.0000000000
78700  55.257  -3.878  25.987 0.0000000000
48470  29.875  -28.852  62.516 0.0000000000
48469  30.659  -28.780  62.952 0.0000000000
48457  30.927  -28.563  63.460 0.0000000000
49705  14.090  -27.859  64.339 0.0000000000
49692  14.082  -27.850  65.354 0.0000000000
49679  13.510  -28.393  66.862 0.0000000000
49678  14.095  -27.858  66.376 0.0000000000
49663  14.153  -27.786  67.690 0.0000000000
49647  14.456  -27.090  68.670 0.0000000000
49648  14.035  -27.609  68.893 0.0000000000
73127  43.772  -8.943  30.995 0.0000000000
67061  43.598  -13.828  43.437 0.0000000000
67060  44.571  -13.560  43.504 0.0000000000
44759  7.716  -32.250  64.873 0.0000000000
42448  7.107  -33.332  67.646 0.0000000000
51113  30.852  -26.846  51.302 0.0000000000
51112  31.808  -27.068  51.320 0.0000000000
49879  32.791  -28.003  54.182 0.0000000000
50998  23.776  -26.457  57.220 0.0000000000
52375  22.665  -25.950  56.372 0.0000000000
52358  22.893  -26.182  57.679 0.0000000000
52359  22.005  -26.120  57.394 0.0000000000
51083  23.887  -26.432  53.432 0.0000000000
51101  24.143  -26.618  52.902 0.0000000000
51082  24.527  -26.825  53.353 0.0000000000
51081  25.425  -26.955  53.161 0.0000000000
51062  24.941  -27.193  54.107 0.0000000000
49882  25.359  -27.488  54.754 0.0000000000
49883  24.832  -27.275  54.768 0.0000000000
49846  24.219  -26.969  56.458 0.0000000000
49845  24.958  -27.593  56.529 0.0000000000
49796  25.381  -27.759  58.779 0.0000000000
52259  23.223  -25.588  64.765 0.0000000000
76477  52.528  -4.725  31.549 0.0000000000
76489  52.835  -4.778  31.149 0.0000000000
77541  52.645  -4.261  31.969 0.0000000000
78639  53.195  -3.552  32.277 0.0000000000
77507  48.840  -4.568  34.659 0.0000000000
70756  40.770  -10.332  34.562 0.0000000000
70755  41.740  -10.215  34.541 0.0000000000
69520  43.373  -11.708  36.052 0.0000000000
69538  44.787  -11.270  35.711 0.0000000000
69518  45.112  -12.024  36.164 0.0000000000
64688  35.754  -15.644  44.350 0.0000000000
64678  36.182  -15.249  44.619 0.0000000000
65855  36.420  -14.816  44.669 0.0000000000
64677  36.709  -15.509  44.825 0.0000000000
63501  39.555  -16.269  46.415 0.0000000000
64666  38.488  -15.259  46.072 0.0000000000
64665  39.134  -15.736  46.378 0.0000000000
64654  39.595  -15.272  46.886 0.0000000000
64653  40.322  -15.788  47.201 0.0000000000
52449  38.614  -25.510  52.202 0.0000000000
52426  40.557  -25.254  53.476 0.0000000000
53694  40.852  -24.911  52.793 0.0000000000
53712  40.724  -24.593  51.768 0.0000000000
53693  41.966  -24.720  53.123 0.0000000000
77564  49.176  -5.293  28.584 0.0000000000
77562  51.595  -4.519  29.218 0.0000000000
78658  52.182  -3.745  29.045 0.0000000000
76598  53.175  -5.202  21.741 0.0000000000
77669  52.960  -4.535  21.472 0.0000000000
75493  54.006  -5.948  21.655 0.0000000000
76596  54.538  -5.850  21.017 0.0000000000
75492  54.782  -6.055  21.882 0.0000000000
75491  55.342  -5.826  22.312 0.0000000000
75480  53.990  -6.101  22.399 0.0000000000
75462  53.987  -6.112  23.281 0.0000000000
75443  54.199  -6.062  23.954 0.0000000000
76546  54.351  -5.983  24.689 0.0000000000
50997  30.781  -27.995  56.172 0.0000000000
49817  31.350  -27.992  56.598 0.0000000000
47342  32.207  -29.795  59.937 0.0000000000
48531  32.792  -29.329  59.176 0.0000000000
48530  33.795  -29.207  59.358 0.0000000000
47323  33.702  -30.001  60.793 0.0000000000
52282  18.102  -26.234  63.964 0.0000000000
52263  19.018  -26.040  64.592 0.0000000000
52264  17.851  -26.079  64.452 0.0000000000
52234  16.768  -25.720  66.627 0.0000000000
52233  17.767  -25.515  66.588 0.0000000000
53523  17.552  -25.286  68.113 0.0000000000
50885  15.304  -26.524  67.002 0.0000000000
52236  15.419  -26.442  66.620 0.0000000000
74291  49.388  -6.890  29.687 0.0000000000
74292  48.408  -7.135  29.814 0.0000000000
74275  48.089  -7.972  30.643 0.0000000000
74248  49.022  -7.184  32.074 0.0000000000
73138  46.310  -8.461  30.769 0.0000000000
74251  47.018  -7.865  32.729 0.0000000000
73109  47.267  -8.131  32.285 0.0000000000
76467  47.859  -6.592  33.250 0.0000000000
75354  46.786  -7.437  33.946 0.0000000000
76444  47.524  -6.641  33.913 0.0000000000
75342  47.872  -7.080  35.037 0.0000000000
67131  42.333  -13.542  38.214 0.0000000000
67130  43.414  -13.088  37.981 0.0000000000
68323  44.810  -13.114  40.342 0.0000000000
68322  45.557  -12.693  40.770 0.0000000000
68336  46.001  -12.223  40.401 0.0000000000
67059  45.378  -13.409  43.612 0.0000000000
67075  45.819  -13.336  43.041 0.0000000000
68292  47.223  -12.531  43.324 0.0000000000
68305  47.101  -12.389  42.387 0.0000000000
69435  47.827  -11.960  42.804 0.0000000000
59934  37.949  -19.656  44.821 0.0000000000
59933  38.375  -19.330  45.245 0.0000000000
58678  38.788  -19.990  46.461 0.0000000000
78672  45.245  -3.902  27.690 0.0000000000
76513  46.186  -5.320  28.541 0.0000000000
47250  10.765  -30.316  64.664 0.0000000000
45974  10.119  -30.846  66.583 0.0000000000
45973  10.760  -30.461  66.492 0.0000000000
44743  8.223  -32.072  66.352 0.0000000000
69543  40.128  -11.523  35.392 0.0000000000
69544  39.274  -11.832  35.324 0.0000000000
68408  38.910  -12.667  35.873 0.0000000000
68383  39.871  -12.996  36.250 0.0000000000
67166  40.623  -13.316  36.763 0.0000000000
67133  40.238  -14.435  38.056 0.0000000000
67132  41.299  -14.249  38.389 0.0000000000
67118  41.517  -14.567  39.441 0.0000000000
65982  37.970  -15.184  37.654 0.0000000000
65981  38.976  -14.811  37.848 0.0000000000
65901  40.744  -14.948  40.946 0.0000000000
65915  41.071  -14.833  40.034 0.0000000000
65900  41.473  -14.767  40.737 0.0000000000
67079  42.035  -14.531  42.350 0.0000000000
67063  41.247  -14.151  43.577 0.0000000000
68277  43.218  -13.212  45.174 0.0000000000
68278  42.272  -13.247  45.187 0.0000000000
52508  34.732  -26.046  49.663 0.0000000000
51133  35.128  -26.088  50.162 0.0000000000
51110  33.695  -26.698  51.417 0.0000000000
51107  36.148  -25.859  51.854 0.0000000000
51090  36.976  -25.978  52.690 0.0000000000
51073  37.241  -26.327  53.219 0.0000000000
49855  38.198  -27.802  54.859 0.0000000000
49873  38.447  -27.172  54.562 0.0000000000
49854  39.094  -27.518  55.101 0.0000000000
51033  39.865  -26.781  55.509 0.0000000000
49834  39.710  -27.671  55.751 0.0000000000
49816  32.525  -27.855  57.042 0.0000000000
49813  35.359  -28.515  58.052 0.0000000000
49835  35.000  -28.395  57.516 0.0000000000
48567  35.497  -28.541  57.598 0.0000000000
48580  35.379  -28.594  56.867 0.0000000000
47339  38.756  -29.923  58.959 0.0000000000
48525  38.138  -29.607  59.012 0.0000000000
47357  37.933  -29.439  58.043 0.0000000000
48565  37.342  -29.072  57.276 0.0000000000
47365  38.217  -29.382  57.373 0.0000000000
47371  38.362  -29.138  56.744 0.0000000000
47364  39.152  -29.693  57.492 0.0000000000
49811  40.992  -27.707  57.098 0.0000000000
50917  27.673  -26.769  63.681 0.0000000000
52288  26.178  -26.297  62.781 0.0000000000
50967  24.189  -26.621  59.632 0.0000000000
50954  24.456  -26.486  60.549 0.0000000000
52312  23.945  -25.965  60.699 0.0000000000
52302  23.683  -25.467  61.418 0.0000000000
53573  23.660  -25.294  62.001 0.0000000000
53543  24.152  -25.352  62.674 0.0000000000
53558  23.773  -25.289  62.535 0.0000000000
53559  23.430  -25.366  62.994 0.0000000000
53574  23.357  -25.338  62.398 0.0000000000
52293  21.009  -26.180  62.380 0.0000000000
52378  20.068  -26.293  56.174 0.0000000000
52361  20.345  -26.318  57.057 0.0000000000
52360  21.132  -26.165  57.219 0.0000000000
51044  18.175  -27.415  55.794 0.0000000000
51023  18.375  -27.589  56.955 0.0000000000
51000  19.104  -27.188  57.443 0.0000000000
52331  19.958  -26.787  58.892 0.0000000000
50956  18.294  -27.072  60.680 0.0000000000
50929  19.313  -26.493  62.705 0.0000000000
50930  18.592  -26.642  62.598 0.0000000000
50932  16.757  -26.965  62.354 0.0000000000
50922  15.951  -26.806  63.133 0.0000000000
49751  15.564  -27.606  60.308 0.0000000000
49736  14.063  -27.685  61.313 0.0000000000
48491  12.200  -28.779  61.840 0.0000000000
49726  13.167  -28.293  62.824 0.0000000000
48463  12.726  -28.882  63.375 0.0000000000
48476  11.720  -29.131  62.170 0.0000000000
48477  10.808  -29.119  61.950 0.0000000000
52473  29.165  -25.962  51.569 0.0000000000
52452  29.681  -26.510  52.223 0.0000000000
53733  27.043  -25.436  50.655 0.0000000000
53732  27.823  -25.342  51.164 0.0000000000
52475  27.845  -25.537  51.650 0.0000000000
52432  28.595  -26.402  52.772 0.0000000000
51058  29.395  -27.302  53.940 0.0000000000
49841  29.070  -28.288  56.307 0.0000000000
48569  29.091  -28.810  57.729 0.0000000000
48568  29.643  -28.706  57.617 0.0000000000
49844  26.009  -28.010  56.587 0.0000000000
49843  27.114  -28.212  56.519 0.0000000000
48536  27.446  -28.912  59.743 0.0000000000
48535  28.216  -29.216  59.374 0.0000000000
47346  28.736  -29.418  59.625 0.0000000000
48510  28.907  -29.232  60.980 0.0000000000
48486  28.514  -28.601  61.687 0.0000000000
49723  27.557  -27.250  62.589 0.0000000000
49713  28.522  -27.328  63.480 0.0000000000
50902  27.483  -27.060  64.130 0.0000000000
47214  12.619  -29.265  66.861 0.0000000000
48397  12.396  -29.208  67.607 0.0000000000
48376  13.031  -28.378  69.553 0.0000000000
48371  13.428  -27.950  70.152 0.0000000000
49634  13.914  -27.348  69.819 0.0000000000
49629  13.803  -27.358  70.764 0.0000000000
78648  54.074  -3.563  31.339 0.0000000000
78647  54.650  -3.522  30.950 0.0000000000
77527  54.838  -4.089  32.972 0.0000000000
75397  50.852  -6.287  30.417 0.0000000000
77531  50.448  -4.179  32.844 0.0000000000
77543  51.109  -4.310  32.363 0.0000000000
78629  51.973  -3.303  33.388 0.0000000000
78615  51.686  -3.200  34.005 0.0000000000
78594  49.609  -3.722  35.222 0.0000000000
78604  49.641  -3.425  34.691 0.0000000000
79730  49.906  -3.017  35.069 0.0000000000
77506  51.666  -3.725  34.706 0.0000000000
78601  52.242  -3.213  34.415 0.0000000000
76439  52.548  -4.350  34.319 0.0000000000
71956  42.609  -9.623  32.474 0.0000000000
71967  42.100  -9.263  31.736 0.0000000000
71955  43.762  -9.468  32.546 0.0000000000
70754  42.348  -10.018  34.546 0.0000000000
73069  44.566  -9.318  34.700 0.0000000000
73084  44.886  -8.779  34.401 0.0000000000
74231  44.812  -8.613  34.005 0.0000000000
73083  45.355  -8.501  34.457 0.0000000000
74229  45.909  -8.076  34.449 0.0000000000
74217  46.189  -8.426  34.578 0.0000000000
71896  47.692  -9.298  35.700 0.0000000000
71915  47.531  -8.899  35.042 0.0000000000
68351  44.162  -12.881  37.851 0.0000000000
69506  46.215  -11.795  38.354 0.0000000000
68360  46.041  -11.966  37.683 0.0000000000
69505  46.427  -11.659  37.816 0.0000000000
70685  48.791  -10.447  39.294 0.0000000000
70708  47.028  -10.989  37.473 0.0000000000
71855  48.542  -9.592  38.045 0.0000000000
64742  36.544  -15.396  41.238 0.0000000000
64741  36.948  -15.382  40.927 0.0000000000
65919  37.341  -15.345  41.061 0.0000000000
65889  37.872  -14.928  42.459 0.0000000000
67050  36.821  -14.473  44.324 0.0000000000
67049  37.402  -14.120  44.538 0.0000000000
67048  38.206  -14.011  44.684 0.0000000000
67065  38.831  -14.397  43.877 0.0000000000
67064  40.004  -14.303  43.561 0.0000000000
68239  41.299  -13.210  47.120 0.0000000000
68250  41.276  -13.325  46.394 0.0000000000
68238  42.045  -13.160  47.371 0.0000000000
68249  41.915  -13.128  46.555 0.0000000000
52486  38.534  -24.766  50.276 0.0000000000
53729  39.003  -24.667  50.284 0.0000000000
54927  39.401  -23.337  49.147 0.0000000000
54928  38.780  -23.592  48.753 0.0000000000
54945  38.916  -23.142  48.476 0.0000000000
56140  38.549  -22.382  47.538 0.0000000000
56139  39.007  -22.142  47.901 0.0000000000
58639  39.830  -20.769  47.838 0.0000000000
58657  40.006  -20.052  47.473 0.0000000000
58638  40.531  -20.259  48.209 0.0000000000
53646  41.807  -25.529  56.471 0.0000000000
53645  43.186  -25.105  56.511 0.0000000000
53674  43.929  -24.018  55.058 0.0000000000
53675  43.268  -24.645  54.670 0.0000000000
58556  43.118  -20.728  52.200 0.0000000000
57280  43.726  -21.666  53.129 0.0000000000
56070  42.613  -22.383  51.613 0.0000000000
57301  42.350  -21.637  51.148 0.0000000000
57320  41.737  -21.615  50.470 0.0000000000
58579  42.200  -21.114  50.780 0.0000000000
59863  42.260  -19.226  49.421 0.0000000000
59848  42.006  -19.833  49.714 0.0000000000
59864  41.684  -19.523  48.966 0.0000000000
59880  40.957  -19.276  47.983 0.0000000000
61130  41.301  -18.701  47.978 0.0000000000
61129  41.801  -18.455  48.351 0.0000000000
62307  42.840  -17.516  48.731 0.0000000000
62308  42.216  -17.496  48.324 0.0000000000
63476  42.540  -16.588  48.440 0.0000000000
64640  42.181  -16.029  48.366 0.0000000000
62285  45.218  -17.358  50.835 0.0000000000
62284  45.708  -16.881  51.442 0.0000000000
64617  44.547  -15.329  50.058 0.0000000000
64618  43.331  -14.917  49.625 0.0000000000
64619  42.773  -14.784  49.458 0.0000000000
65809  42.514  -14.570  49.350 0.0000000000
66984  41.744  -13.917  48.778 0.0000000000
66968  42.722  -13.848  49.644 0.0000000000
80834  50.784  -1.641  24.086 0.0000000000
78692  46.885  -4.229  26.299 0.0000000000
78693  46.478  -3.382  26.297 0.0000000000
77622  50.195  -3.946  24.431 0.0000000000
77639  50.696  -3.953  24.090 0.0000000000
77621  50.785  -4.440  24.262 0.0000000000
77620  51.371  -4.633  24.070 0.0000000000
76549  51.042  -5.036  24.660 0.0000000000
76527  51.884  -5.239  26.093 0.0000000000
76526  52.856  -5.451  26.136 0.0000000000
78679  51.102  -3.961  27.753 0.0000000000
77589  51.298  -4.311  27.206 0.0000000000
78678  51.542  -3.562  27.394 0.0000000000
79783  53.154  -2.695  27.537 0.0000000000
79795  52.808  -3.147  27.080 0.0000000000
78689  53.531  -3.722  26.695 0.0000000000
79794  53.765  -2.882  26.902 0.0000000000
79793  54.774  -2.744  26.843 0.0000000000
80809  55.419  -2.339  28.142 0.0000000000
78782  53.245  -4.133  19.946 0.0000000000
78781  53.275  -3.426  19.364 0.0000000000
77699  53.950  -4.667  19.394 0.0000000000
49698  30.316  -28.015  64.320 0.0000000000
49706  13.490  -28.408  64.846 0.0000000000
51076  31.754  -27.400  53.048 0.0000000000
49880  31.968  -27.592  53.879 0.0000000000
49859  33.038  -28.076  55.264 0.0000000000
51021  23.789  -26.421  56.233 0.0000000000
52374  23.346  -26.203  56.793 0.0000000000
51040  24.451  -27.014  54.734 0.0000000000
52244  21.771  -25.644  65.857 0.0000000000
52229  22.175  -25.608  66.888 0.0000000000
76500  51.892  -5.290  29.737 0.0000000000
76499  52.806  -5.033  30.244 0.0000000000
76431  48.776  -5.688  35.720 0.0000000000
69542  41.050  -11.354  35.464 0.0000000000
69541  41.927  -11.231  35.422 0.0000000000
68404  42.236  -11.677  35.713 0.0000000000
63522  37.732  -16.596  44.783 0.0000000000
64675  38.174  -15.747  45.624 0.0000000000
63510  38.066  -16.281  45.302 0.0000000000
63502  38.971  -16.217  46.053 0.0000000000
52407  39.426  -25.917  54.287 0.0000000000
52427  39.741  -25.423  53.060 0.0000000000
53663  41.302  -25.250  55.099 0.0000000000
77565  48.059  -5.321  28.563 0.0000000000
76584  52.932  -5.147  22.327 0.0000000000
76566  52.574  -5.179  23.258 0.0000000000
48554  31.242  -28.951  58.300 0.0000000000
52265  16.769  -26.148  64.861 0.0000000000
50868  15.015  -26.476  68.433 0.0000000000
50867  15.453  -26.116  68.167 0.0000000000
73125  45.773  -8.874  31.274 0.0000000000
73124  46.579  -8.728  31.478 0.0000000000
71952  46.160  -8.984  32.192 0.0000000000
75375  46.928  -7.577  33.127 0.0000000000
76468  47.389  -7.203  33.288 0.0000000000
75363  46.943  -7.517  33.436 0.0000000000
68286  46.644  -12.961  43.851 0.0000000000
47251  9.968  -30.553  64.463 0.0000000000
46006  10.027  -30.635  65.018 0.0000000000
67185  38.259  -13.097  35.860 0.0000000000
67167  39.733  -13.573  36.751 0.0000000000
65936  39.464  -15.208  39.466 0.0000000000
65885  41.284  -14.791  41.636 0.0000000000
52509  34.141  -26.174  49.905 0.0000000000
49900  34.820  -27.368  52.991 0.0000000000
51093  34.299  -27.002  52.245 0.0000000000
51075  35.582  -27.115  53.214 0.0000000000
51074  36.216  -27.003  53.476 0.0000000000
51053  37.158  -26.985  53.914 0.0000000000
49875  37.075  -27.558  54.270 0.0000000000
49856  37.539  -27.876  54.640 0.0000000000
48587  38.690  -28.288  55.444 0.0000000000
49790  33.940  -28.097  58.303 0.0000000000
49789  34.809  -28.476  58.523 0.0000000000
49812  35.901  -28.880  58.327 0.0000000000
48504  38.721  -29.996  59.684 0.0000000000
47355  39.396  -29.952  58.355 0.0000000000
50927  27.465  -26.836  63.067 0.0000000000
52299  25.739  -26.246  62.173 0.0000000000
52379  19.548  -26.694  56.089 0.0000000000
49825  17.602  -27.862  57.617 0.0000000000
50983  18.281  -27.670  58.839 0.0000000000
50968  19.149  -27.075  59.791 0.0000000000
50969  18.104  -27.431  59.673 0.0000000000
50943  16.639  -27.311  61.337 0.0000000000
49733  16.224  -27.459  61.104 0.0000000000
49738  11.924  -28.475  60.655 0.0000000000
53747  28.877  -25.470  51.031 0.0000000000
53730  28.829  -25.583  51.517 0.0000000000
52456  27.062  -26.460  52.172 0.0000000000
52455  28.004  -25.915  52.098 0.0000000000
52433  27.858  -26.789  52.968 0.0000000000
51059  28.633  -27.508  54.112 0.0000000000
49842  28.195  -28.241  56.257 0.0000000000
48537  26.609  -28.563  60.015 0.0000000000
48512  27.218  -28.407  60.806 0.0000000000
48487  27.809  -28.402  61.404 0.0000000000
49731  27.312  -27.661  61.897 0.0000000000
48385  12.390  -29.093  68.203 0.0000000000
48372  12.806  -28.461  70.357 0.0000000000
78626  54.243  -3.118  32.562 0.0000000000
77515  54.549  -3.396  33.090 0.0000000000
77528  54.344  -4.175  33.355 0.0000000000
76451  53.705  -4.348  33.615 0.0000000000
76452  52.954  -4.544  33.817 0.0000000000
76480  50.008  -6.017  31.886 0.0000000000
77518  50.309  -3.913  33.415 0.0000000000
77497  50.304  -4.451  35.487 0.0000000000
71940  41.948  -9.719  33.245 0.0000000000
71900  44.051  -9.742  35.150 0.0000000000
71899  44.947  -9.899  34.845 0.0000000000
73067  46.502  -8.815  34.621 0.0000000000
68349  45.400  -12.395  38.955 0.0000000000
69495  45.995  -11.919  38.863 0.0000000000
64725  36.322  -15.217  41.760 0.0000000000
65906  36.593  -15.088  42.018 0.0000000000
67016  38.133  -13.953  46.073 0.0000000000
67015  38.978  -14.021  46.305 0.0000000000
67028  39.639  -13.890  45.627 0.0000000000
67003  40.855  -13.514  47.571 0.0000000000
68230  41.439  -13.318  47.748 0.0000000000
53743  39.988  -24.022  50.291 0.0000000000
54910  39.875  -23.616  49.822 0.0000000000
56102  39.857  -22.446  49.187 0.0000000000
57342  40.296  -21.969  49.322 0.0000000000
57341  40.954  -21.498  49.605 0.0000000000
53644  44.017  -24.280  56.506 0.0000000000
53660  44.157  -23.970  55.829 0.0000000000
54827  44.261  -23.231  55.493 0.0000000000
58578  42.647  -20.690  51.189 0.0000000000
59847  42.560  -19.439  50.181 0.0000000000
61121  42.827  -18.487  49.343 0.0000000000
61120  43.562  -18.237  49.696 0.0000000000
62297  43.452  -17.542  49.229 0.0000000000
77614  47.806  -4.378  25.741 0.0000000000
77611  49.759  -4.704  24.913 0.0000000000
77601  51.528  -4.746  26.709 0.0000000000
79773  51.932  -2.944  28.444 0.0000000000
80813  52.285  -2.747  28.125 0.0000000000
80812  52.758  -2.543  27.989 0.0000000000
80811  53.636  -2.450  27.936 0.0000000000
80810  54.574  -2.463  27.975 0.0000000000
80801  54.218  -2.697  28.349 0.0000000000
76623  54.517  -5.188  19.844 0.0000000000
76622  55.068  -5.008  19.632 0.0000000000
76621  55.615  -4.698  19.648 0.0000000000
77619  55.944  -4.539  24.003 0.0000000000
78713  56.275  -3.713  24.321 0.0000000000
78698  56.606  -2.972  25.295 0.0000000000
47303  30.161  -29.646  61.543 0.0000000000
47279  30.510  -29.361  62.268 0.0000000000
47278  31.451  -29.444  62.731 0.0000000000
49697  30.891  -28.313  64.017 0.0000000000
50894  15.249  -26.515  65.273 0.0000000000
50895  14.569  -27.252  64.837 0.0000000000
50879  14.535  -27.284  66.736 0.0000000000
50878  14.843  -26.883  67.425 0.0000000000
50853  14.634  -26.502  69.540 0.0000000000
71964  45.350  -9.326  31.819 0.0000000000
71954  44.939  -9.324  32.681 0.0000000000
67077  44.408  -13.575  42.380 0.0000000000
67041  45.721  -13.282  44.308 0.0000000000
44758  8.045  -32.198  65.410 0.0000000000
43551  7.841  -32.639  66.197 0.0000000000
44737  7.885  -32.333  67.215 0.0000000000
43543  7.479  -32.748  67.818 0.0000000000
65937  38.467  -15.435  39.688 0.0000000000
65903  39.009  -15.314  41.395 0.0000000000
51111  32.780  -26.931  51.366 0.0000000000
49902  33.144  -27.653  52.752 0.0000000000
49901  33.951  -27.633  52.807 0.0000000000
49768  25.332  -27.541  59.970 0.0000000000
49769  24.793  -27.254  59.406 0.0000000000
50999  23.423  -26.312  57.801 0.0000000000
52342  23.246  -26.078  59.017 0.0000000000
52343  22.815  -26.043  58.837 0.0000000000
52345  21.435  -26.247  58.272 0.0000000000
49826  16.628  -27.406  57.262 0.0000000000
49800  15.939  -27.360  58.393 0.0000000000
49772  16.233  -27.599  59.413 0.0000000000
49881  26.237  -27.640  54.749 0.0000000000
49864  24.596  -27.279  55.461 0.0000000000
77577  53.909  -4.187  29.399 0.0000000000
77576  54.340  -3.747  29.468 0.0000000000
77550  54.000  -3.856  30.710 0.0000000000
76498  53.204  -4.668  30.705 0.0000000000
77551  53.487  -4.202  31.142 0.0000000000
78638  53.763  -3.439  31.971 0.0000000000
77520  49.030  -4.296  33.849 0.0000000000
78595  49.132  -4.148  35.050 0.0000000000
77498  49.787  -4.390  35.663 0.0000000000
71920  41.284  -9.892  33.954 0.0000000000
70737  43.430  -10.461  35.361 0.0000000000
65877  35.556  -14.926  43.545 0.0000000000
65876  36.251  -14.666  43.350 0.0000000000
65864  36.198  -14.661  44.015 0.0000000000
67031  36.971  -14.262  44.945 0.0000000000
64676  37.638  -15.454  45.449 0.0000000000
64667  37.753  -14.877  45.707 0.0000000000
65846  37.848  -14.435  45.928 0.0000000000
65845  38.535  -14.419  46.301 0.0000000000
64643  40.096  -14.744  47.348 0.0000000000
52467  39.462  -24.883  51.268 0.0000000000
53713  39.989  -24.757  51.454 0.0000000000
53726  41.120  -24.075  51.320 0.0000000000
78681  46.311  -3.971  27.145 0.0000000000
76520  49.439  -5.405  26.799 0.0000000000
76519  50.179  -5.234  26.895 0.0000000000
78670  50.992  -3.609  28.132 0.0000000000
78660  51.014  -3.644  28.572 0.0000000000
79763  51.280  -3.028  28.874 0.0000000000
79762  51.891  -3.163  28.984 0.0000000000
79761  52.161  -3.359  28.861 0.0000000000
77681  53.171  -4.403  20.564 0.0000000000
77668  53.255  -4.816  20.899 0.0000000000
77680  53.533  -4.884  20.386 0.0000000000
76606  54.119  -5.369  20.277 0.0000000000
76582  55.837  -5.262  22.595 0.0000000000
76564  55.700  -5.258  23.525 0.0000000000
75461  54.728  -6.086  23.510 0.0000000000
76545  55.344  -5.485  24.531 0.0000000000
76533  55.329  -5.179  25.161 0.0000000000
76534  54.807  -5.392  25.651 0.0000000000
51017  30.962  -27.644  55.398 0.0000000000
51016  31.372  -27.657  54.986 0.0000000000
49839  31.306  -27.895  55.935 0.0000000000
49791  32.943  -28.082  57.975 0.0000000000
48553  32.354  -28.810  58.400 0.0000000000
48551  34.294  -28.660  58.877 0.0000000000
47301  32.089  -29.938  61.797 0.0000000000
47324  32.674  -29.951  60.849 0.0000000000
47300  33.173  -29.959  61.771 0.0000000000
52232  18.835  -25.510  66.665 0.0000000000
52216  19.245  -25.456  67.699 0.0000000000
52219  16.464  -25.575  67.581 0.0000000000
52220  15.804  -25.832  67.900 0.0000000000
52203  16.962  -25.286  68.181 0.0000000000
74290  49.972  -6.576  29.707 0.0000000000
74260  49.880  -7.165  31.019 0.0000000000
75386  49.790  -6.801  31.614 0.0000000000
75372  49.184  -6.555  32.286 0.0000000000
76466  48.680  -5.487  33.182 0.0000000000
74277  45.916  -7.858  30.265 0.0000000000
73123  47.357  -8.347  31.714 0.0000000000
74262  48.059  -8.008  31.710 0.0000000000
76443  48.073  -6.103  34.206 0.0000000000
75341  48.299  -6.516  35.310 0.0000000000
74214  48.383  -7.067  36.042 0.0000000000
68364  43.075  -12.454  36.991 0.0000000000
67145  43.170  -12.748  37.380 0.0000000000
67129  44.107  -13.050  38.216 0.0000000000
68338  44.748  -12.909  39.330 0.0000000000
68295  45.179  -13.083  42.139 0.0000000000
68293  46.494  -12.984  42.913 0.0000000000
68320  46.940  -12.215  41.575 0.0000000000
61158  39.145  -18.933  45.985 0.0000000000
52341  41.443  -26.450  57.486 0.0000000000
52372  41.335  -25.933  56.746 0.0000000000
52339  42.399  -25.962  58.160 0.0000000000
77566  47.110  -5.399  28.442 0.0000000000
79825  51.661  -2.554  23.255 0.0000000000
47249  11.702  -29.845  64.217 0.0000000000
47231  11.838  -29.901  65.269 0.0000000000
47216  11.325  -30.081  66.953 0.0000000000
47205  11.155  -29.973  67.959 0.0000000000
47193  11.037  -29.980  69.012 0.0000000000
45991  8.789  -31.547  65.365 0.0000000000
45949  10.423  -30.536  69.396 0.0000000000
70740  40.458  -10.885  35.082 0.0000000000
67165  41.477  -13.003  36.656 0.0000000000
65980  39.519  -14.670  37.888 0.0000000000
65960  40.662  -14.732  38.712 0.0000000000
65935  40.370  -14.973  39.359 0.0000000000
65934  40.978  -14.773  39.294 0.0000000000
52530  34.921  -25.676  48.737 0.0000000000
51109  34.623  -26.480  51.515 0.0000000000
51121  34.826  -26.217  50.627 0.0000000000
51120  35.456  -25.974  50.629 0.0000000000
52489  36.039  -25.774  50.978 0.0000000000
52450  37.517  -25.807  52.545 0.0000000000
51052  38.098  -26.597  53.940 0.0000000000
52408  38.710  -26.193  54.114 0.0000000000
52391  39.663  -26.283  54.935 0.0000000000
51014  40.653  -26.863  56.390 0.0000000000
49836  34.433  -28.131  56.930 0.0000000000
49858  34.304  -28.492  55.744 0.0000000000
48591  35.050  -28.615  56.081 0.0000000000
48590  35.701  -28.775  55.788 0.0000000000
48589  36.615  -28.779  55.638 0.0000000000
48527  36.655  -29.532  59.269 0.0000000000
48548  36.489  -29.208  58.596 0.0000000000
48577  38.353  -28.901  56.137 0.0000000000
48576  39.480  -28.585  56.120 0.0000000000
47369  39.679  -29.248  56.898 0.0000000000
49833  40.285  -27.809  56.321 0.0000000000
50995  41.222  -26.862  57.260 0.0000000000
50900  28.890  -27.767  64.377 0.0000000000
52255  26.744  -26.751  63.696 0.0000000000
52287  26.809  -26.499  63.119 0.0000000000
52272  27.088  -26.590  63.489 0.0000000000
52275  24.441  -25.628  63.348 0.0000000000
50953  25.139  -26.744  60.952 0.0000000000
52300  25.053  -26.003  61.799 0.0000000000
52301  24.258  -25.589  61.653 0.0000000000
52277  23.075  -25.497  63.758 0.0000000000
52278  22.178  -25.713  63.716 0.0000000000
52279  21.123  -26.063  63.571 0.0000000000
52280  19.718  -26.295  63.357 0.0000000000
52306  20.183  -26.622  61.053 0.0000000000
50919  18.895  -26.450  63.213 0.0000000000
50920  17.924  -26.420  63.578 0.0000000000
49734  15.787  -27.512  61.017 0.0000000000
50945  15.500  -27.458  61.425 0.0000000000
49752  14.583  -27.635  60.319 0.0000000000
50934  15.365  -27.343  61.865 0.0000000000
49704  14.461  -27.556  63.796 0.0000000000
48465  11.195  -29.367  62.587 0.0000000000
47268  8.853  -30.635  63.330 0.0000000000
51097  30.473  -26.876  52.191 0.0000000000
51078  30.182  -26.913  52.969 0.0000000000
53731  28.492  -25.488  51.526 0.0000000000
52454  28.623  -25.928  52.149 0.0000000000
52453  29.076  -26.185  52.248 0.0000000000
52409  29.355  -26.727  53.138 0.0000000000
51057  29.893  -27.034  53.669 0.0000000000
49818  30.396  -28.236  56.613 0.0000000000
51019  29.354  -28.105  55.604 0.0000000000
49840  29.760  -28.198  56.211 0.0000000000
49794  30.065  -28.602  57.387 0.0000000000
48555  29.892  -29.095  58.365 0.0000000000
47345  29.500  -29.576  59.537 0.0000000000
48571  27.358  -28.762  58.128 0.0000000000
48570  28.185  -28.834  57.894 0.0000000000
48556  28.675  -29.228  58.547 0.0000000000
47327  29.635  -29.674  60.667 0.0000000000
48485  29.414  -29.168  61.709 0.0000000000
49721  29.565  -28.110  62.939 0.0000000000
49712  29.283  -27.587  63.704 0.0000000000
52230  21.101  -25.822  66.910 0.0000000000
48412  12.448  -29.411  65.632 0.0000000000
48395  13.464  -28.353  67.933 0.0000000000
48384  13.039  -28.529  68.605 0.0000000000
48383  13.659  -28.096  68.478 0.0000000000
50854  14.233  -26.873  69.800 0.0000000000
76479  50.800  -5.121  31.952 0.0000000000
77542  51.739  -4.449  32.212 0.0000000000
77529  52.192  -4.018  32.535 0.0000000000
78617  49.775  -3.647  34.167 0.0000000000
78616  50.610  -3.582  33.885 0.0000000000
79728  50.773  -3.163  35.099 0.0000000000
73128  42.653  -8.570  31.207 0.0000000000
71937  44.687  -9.209  33.037 0.0000000000
71917  43.645  -9.417  34.842 0.0000000000
73086  43.453  -9.347  33.999 0.0000000000
73100  43.700  -9.286  33.865 0.0000000000
73099  44.115  -9.187  33.663 0.0000000000
74240  44.616  -8.857  33.755 0.0000000000
74239  45.318  -8.335  33.622 0.0000000000
75356  45.551  -7.830  33.885 0.0000000000
74228  46.858  -8.090  34.428 0.0000000000
73081  47.404  -8.381  34.770 0.0000000000
74227  47.697  -7.675  34.872 0.0000000000
73065  48.243  -7.601  35.817 0.0000000000
68378  44.462  -12.254  36.783 0.0000000000
68377  45.362  -12.302  36.981 0.0000000000
69517  45.989  -12.035  36.416 0.0000000000
69536  46.444  -11.401  36.136 0.0000000000
70671  47.714  -11.229  40.189 0.0000000000
69493  47.442  -11.127  39.035 0.0000000000
70699  47.005  -11.150  38.105 0.0000000000
70721  47.003  -10.881  36.508 0.0000000000
71885  47.889  -9.432  36.660 0.0000000000
73033  48.284  -8.912  36.995 0.0000000000
73032  48.811  -8.198  37.318 0.0000000000
65938  37.570  -15.479  40.097 0.0000000000
65875  36.868  -14.616  43.247 0.0000000000
65890  37.117  -14.823  42.577 0.0000000000
67066  37.892  -14.177  43.845 0.0000000000
65888  38.723  -15.073  42.303 0.0000000000
67027  40.907  -13.628  45.817 0.0000000000
67026  41.523  -13.435  45.415 0.0000000000
68279  41.793  -13.357  45.282 0.0000000000
68248  42.856  -13.021  46.768 0.0000000000
52487  37.774  -24.910  50.087 0.0000000000
53746  37.962  -24.542  49.223 0.0000000000
53760  38.907  -23.953  49.246 0.0000000000
53761  38.332  -24.069  48.815 0.0000000000
58659  38.687  -20.666  46.559 0.0000000000
57379  39.259  -21.591  47.764 0.0000000000
59916  39.226  -19.428  46.427 0.0000000000
53676  42.230  -24.890  54.286 0.0000000000
53710  42.527  -24.047  52.520 0.0000000000
54880  42.220  -23.644  51.836 0.0000000000
54844  44.085  -23.210  54.561 0.0000000000
57263  44.180  -21.530  53.719 0.0000000000
56035  43.939  -22.201  53.418 0.0000000000
54860  43.760  -23.178  53.450 0.0000000000
54878  43.334  -22.947  52.646 0.0000000000
54893  42.333  -23.062  51.491 0.0000000000
58601  42.057  -20.518  50.355 0.0000000000
58622  41.542  -20.464  49.611 0.0000000000
58623  40.996  -20.349  49.028 0.0000000000
59898  40.439  -19.324  47.459 0.0000000000
61144  40.217  -18.403  46.898 0.0000000000
62320  40.576  -17.421  47.012 0.0000000000
62318  41.699  -17.508  47.888 0.0000000000
63489  41.495  -16.800  47.558 0.0000000000
63490  40.867  -16.415  47.272 0.0000000000
63478  41.384  -16.079  47.701 0.0000000000
64631  41.078  -14.632  48.261 0.0000000000
61110  44.691  -18.186  50.839 0.0000000000
62286  44.570  -17.791  50.357 0.0000000000
63465  43.895  -16.688  49.336 0.0000000000
63456  45.079  -16.410  50.250 0.0000000000
64627  44.215  -16.056  49.489 0.0000000000
64629  42.522  -15.394  48.928 0.0000000000
64630  41.514  -14.902  48.500 0.0000000000
65811  41.373  -14.285  48.513 0.0000000000
66993  41.938  -13.667  48.686 0.0000000000
68215  42.462  -13.504  48.830 0.0000000000
80844  51.131  -1.871  23.773 0.0000000000
78732  50.745  -3.325  23.941 0.0000000000
76525  53.886  -5.287  26.144 0.0000000000
77598  54.390  -4.547  26.336 0.0000000000
77602  51.092  -4.805  26.961 0.0000000000
79796  52.076  -3.370  27.057 0.0000000000
44744  7.887  -32.485  66.634 0.0000000000
47203  12.388  -29.318  67.195 0.0000000000
47258  31.553  -29.075  63.321 0.0000000000
47340  34.106  -29.733  59.991 0.0000000000
47359  28.655  -29.376  59.117 0.0000000000
47363  40.147  -29.516  57.579 0.0000000000
47366  37.721  -29.266  57.760 0.0000000000
48438  30.516  -28.382  64.738 0.0000000000
48456  31.393  -28.769  63.778 0.0000000000
48546  37.972  -29.497  58.450 0.0000000000
48549  36.102  -29.260  58.806 0.0000000000
48564  37.948  -29.083  56.753 0.0000000000
48599  36.037  -28.664  55.224 0.0000000000
49710  30.904  -28.423  63.721 0.0000000000
49711  30.354  -28.222  63.527 0.0000000000
49765  35.395  -29.074  59.043 0.0000000000
49787  35.978  -29.101  58.555 0.0000000000
49888  36.009  -27.465  53.733 0.0000000000
49899  35.302  -27.190  53.116 0.0000000000
50886  15.058  -26.773  66.428 0.0000000000
50906  17.639  -26.267  64.049 0.0000000000
50937  27.107  -27.003  62.497 0.0000000000
50944  15.899  -27.399  61.509 0.0000000000
51042  23.517  -25.878  54.704 0.0000000000
51054  36.684  -27.320  53.960 0.0000000000
51098  26.481  -26.673  52.285 0.0000000000
51134  34.819  -26.180  50.131 0.0000000000
51151  32.952  -26.215  49.171 0.0000000000
52355  41.640  -26.031  57.237 0.0000000000
52429  37.753  -26.020  53.181 0.0000000000
52431  29.029  -26.390  52.775 0.0000000000
52451  36.858  -25.843  52.393 0.0000000000
52471  36.096  -25.815  51.536 0.0000000000
52491  34.367  -26.217  50.324 0.0000000000
53514  16.839  -25.222  68.704 0.0000000000
53522  17.938  -25.223  68.408 0.0000000000
53545  23.546  -25.401  63.412 0.0000000000
53557  24.071  -25.293  62.159 0.0000000000
53572  23.921  -25.347  61.824 0.0000000000
53715  28.088  -25.519  51.692 0.0000000000
54879  42.791  -23.181  52.128 0.0000000000
56020  44.258  -22.352  54.111 0.0000000000
56053  43.080  -22.318  52.262 0.0000000000
56086  40.941  -22.512  50.186 0.0000000000
56116  38.748  -22.839  48.121 0.0000000000
57281  43.295  -21.548  52.586 0.0000000000
59879  41.382  -19.151  48.345 0.0000000000
61142  41.412  -18.130  47.791 0.0000000000
62296  44.157  -17.552  49.758 0.0000000000
62330  39.425  -16.848  46.007 0.0000000000
62343  38.221  -16.992  44.969 0.0000000000
63464  44.524  -16.543  49.721 0.0000000000
64710  35.479  -14.964  42.644 0.0000000000
65794  42.472  -14.148  49.448 0.0000000000
65823  40.824  -14.298  48.127 0.0000000000
65856  35.994  -15.135  44.517 0.0000000000
65874  37.547  -14.646  43.224 0.0000000000
65891  36.469  -14.771  42.716 0.0000000000
65914  41.551  -14.664  40.265 0.0000000000
65920  36.963  -15.252  41.549 0.0000000000
67040  46.230  -13.146  44.157 0.0000000000
67134  39.767  -14.590  37.936 0.0000000000
68265  41.301  -13.412  46.037 0.0000000000
71916  47.157  -8.875  34.649 0.0000000000
71963  46.091  -9.072  31.903 0.0000000000
73082  46.992  -8.538  34.528 0.0000000000
73098  44.836  -9.003  33.268 0.0000000000
73112  45.254  -9.027  32.975 0.0000000000
73122  47.714  -8.212  31.565 0.0000000000
74263  47.642  -8.081  32.070 0.0000000000
75355  45.882  -7.666  34.060 0.0000000000
75365  45.682  -7.844  33.665 0.0000000000
75376  46.534  -7.667  33.238 0.0000000000
75441  55.180  -5.827  24.189 0.0000000000
75460  55.246  -5.816  23.835 0.0000000000
75479  54.714  -6.103  22.737 0.0000000000
76488  53.188  -4.578  30.983 0.0000000000
76524  54.396  -5.140  26.128 0.0000000000
77552  53.090  -4.322  31.530 0.0000000000
77567  46.576  -5.307  28.446 0.0000000000
77578  53.364  -4.437  29.430 0.0000000000
78605  49.193  -3.891  34.650 0.0000000000
78611  54.557  -3.113  32.841 0.0000000000
78657  54.451  -3.273  29.072 0.0000000000
78667  54.449  -3.552  29.332 0.0000000000
79722  50.718  -3.258  35.189 0.0000000000
79723  50.570  -3.258  35.225 0.0000000000
79724  50.162  -3.240  35.290 0.0000000000
79729  50.489  -3.047  35.093 0.0000000000
79785  51.314  -3.303  27.885 0.0000000000
79814  56.864  -2.881  25.230 0.0000000000
