#!ascii label  , from subject sub.01.bl.01 vox2ras=TkReg
1522
70719  53.297  -10.149  36.816 0.0000000000
46152  40.574  -29.862  53.678 0.0000000000
44891  26.592  -30.998  58.060 0.0000000000
47330  21.800  -29.874  60.442 0.0000000000
41486  35.983  -34.290  61.191 0.0000000000
43811  30.506  -32.357  51.624 0.0000000000
65932  46.199  -14.768  39.450 0.0000000000
73108  50.818  -8.437  32.582 0.0000000000
64652  47.446  -15.930  47.449 0.0000000000
53820  40.296  -24.562  45.951 0.0000000000
50003  31.405  -27.752  43.736 0.0000000000
43614  28.133  -32.618  62.573 0.0000000000
43683  23.331  -31.574  59.723 0.0000000000
44773  24.787  -31.468  64.950 0.0000000000
43675  31.709  -32.460  59.695 0.0000000000
67023  50.465  -12.646  46.517 0.0000000000
47362  43.899  -29.905  57.547 0.0000000000
48603  45.817  -27.875  53.354 0.0000000000
54906  44.675  -23.502  50.890 0.0000000000
48660  41.361  -28.369  48.474 0.0000000000
49984  36.624  -27.268  44.223 0.0000000000
48665  36.424  -28.300  48.540 0.0000000000
47469  26.532  -29.485  49.448 0.0000000000
45074  26.711  -31.185  46.326 0.0000000000
73061  54.380  -8.722  35.973 0.0000000000
69567  53.885  -11.761  33.357 0.0000000000
47400  23.814  -29.537  53.292 0.0000000000
46146  20.526  -30.871  54.997 0.0000000000
42575  39.114  -33.218  57.013 0.0000000000
46157  34.972  -30.767  53.375 0.0000000000
42580  33.741  -33.481  56.807 0.0000000000
44947  29.163  -30.827  55.096 0.0000000000
68358  49.826  -11.995  37.779 0.0000000000
48379  22.958  -27.688  67.912 0.0000000000
48462  18.472  -28.821  63.419 0.0000000000
74165  52.831  -7.163  39.106 0.0000000000
70666  53.043  -10.570  40.824 0.0000000000
67085  50.268  -12.922  42.537 0.0000000000
65871  46.804  -14.895  43.650 0.0000000000
62353  43.619  -17.496  44.655 0.0000000000
61108  48.271  -18.395  51.450 0.0000000000
58655  43.879  -20.444  47.773 0.0000000000
58730  39.643  -20.595  43.283 0.0000000000
55089  36.522  -23.769  41.313 0.0000000000
46240  30.969  -30.070  47.910 0.0000000000
45998  28.985  -30.677  64.614 0.0000000000
43576  26.502  -32.058  64.182 0.0000000000
47242  26.590  -29.624  64.320 0.0000000000
43594  30.904  -32.567  63.645 0.0000000000
46109  42.588  -30.895  55.788 0.0000000000
47390  43.833  -29.468  53.495 0.0000000000
49907  43.967  -28.234  51.009 0.0000000000
48620  41.459  -28.745  51.025 0.0000000000
48663  38.588  -28.661  48.411 0.0000000000
48623  38.122  -28.771  51.278 0.0000000000
46217  23.442  -30.377  49.257 0.0000000000
45049  23.937  -30.757  48.006 0.0000000000
71883  54.858  -9.066  36.998 0.0000000000
71890  55.914  -9.653  35.413 0.0000000000
70731  55.026  -10.343  35.787 0.0000000000
46115  25.084  -30.226  55.755 0.0000000000
46144  22.412  -29.921  54.336 0.0000000000
46096  23.477  -30.368  56.521 0.0000000000
44824  22.269  -31.164  60.247 0.0000000000
44897  20.535  -31.207  57.513 0.0000000000
44870  19.737  -30.551  58.021 0.0000000000
46056  18.573  -29.972  59.431 0.0000000000
42523  40.640  -32.707  59.218 0.0000000000
41526  37.508  -34.305  58.767 0.0000000000
42578  35.994  -32.874  56.761 0.0000000000
41529  35.092  -34.055  59.155 0.0000000000
44836  29.393  -31.628  59.091 0.0000000000
44887  30.312  -31.344  57.117 0.0000000000
46092  27.604  -30.655  56.061 0.0000000000
46162  26.626  -30.042  53.851 0.0000000000
67128  47.553  -13.675  38.451 0.0000000000
67162  48.303  -13.669  36.614 0.0000000000
66000  47.056  -14.607  36.961 0.0000000000
48428  17.392  -28.271  65.342 0.0000000000
69447  51.667  -11.724  41.746 0.0000000000
69420  52.144  -11.580  43.830 0.0000000000
65832  49.325  -13.909  47.324 0.0000000000
65852  48.360  -14.189  45.005 0.0000000000
64672  46.828  -15.141  45.127 0.0000000000
63533  44.919  -16.283  44.306 0.0000000000
63500  45.604  -16.862  46.312 0.0000000000
53780  41.642  -24.808  48.105 0.0000000000
56112  43.927  -21.778  48.890 0.0000000000
56138  41.835  -22.880  47.194 0.0000000000
58699  41.718  -20.441  45.541 0.0000000000
56205  39.813  -22.626  44.685 0.0000000000
56238  38.329  -22.653  42.543 0.0000000000
53869  38.476  -24.109  43.469 0.0000000000
51255  34.325  -26.291  41.780 0.0000000000
46178  32.606  -31.483  52.155 0.0000000000
47453  32.640  -30.093  50.361 0.0000000000
45033  30.643  -31.647  49.455 0.0000000000
46290  25.982  -30.545  44.454 0.0000000000
73149  53.865  -8.407  29.909 0.0000000000
71972  51.713  -9.912  31.048 0.0000000000
43679  27.241  -31.946  60.139 0.0000000000
44865  24.362  -30.952  58.601 0.0000000000
43636  26.254  -32.341  61.765 0.0000000000
43618  24.023  -31.947  62.332 0.0000000000
47281  23.460  -30.396  63.063 0.0000000000
42490  34.879  -33.253  62.353 0.0000000000
41506  34.086  -34.078  60.845 0.0000000000
42493  32.391  -33.459  62.536 0.0000000000
43633  29.541  -32.660  61.761 0.0000000000
69395  51.743  -11.390  45.580 0.0000000000
65808  49.167  -14.677  49.169 0.0000000000
52447  45.205  -25.596  52.375 0.0000000000
51132  42.944  -26.599  49.706 0.0000000000
51166  40.931  -26.854  47.236 0.0000000000
51205  38.634  -26.325  44.551 0.0000000000
48695  39.397  -27.997  47.023 0.0000000000
48715  36.327  -27.778  45.977 0.0000000000
48701  33.836  -28.266  46.398 0.0000000000
46203  28.477  -31.011  50.043 0.0000000000
43839  28.568  -32.185  48.499 0.0000000000
46244  26.722  -30.782  47.335 0.0000000000
71913  51.788  -9.618  34.512 0.0000000000
70773  52.543  -10.850  33.183 0.0000000000
70751  53.457  -10.176  33.852 0.0000000000
44922  21.418  -31.147  56.780 0.0000000000
43721  42.069  -32.048  57.232 0.0000000000
44961  40.170  -31.159  55.260 0.0000000000
46155  37.286  -30.000  53.150 0.0000000000
44943  36.729  -31.651  55.260 0.0000000000
43763  34.414  -32.101  54.900 0.0000000000
42602  32.158  -33.048  54.073 0.0000000000
42569  32.799  -33.178  57.860 0.0000000000
43747  31.544  -32.602  55.543 0.0000000000
43799  30.183  -32.082  53.038 0.0000000000
46194  27.762  -29.843  51.537 0.0000000000
47442  24.832  -29.186  51.535 0.0000000000
69503  50.814  -11.530  37.689 0.0000000000
69534  52.768  -11.512  35.760 0.0000000000
68402  50.209  -12.701  35.966 0.0000000000
45971  24.011  -30.232  66.456 0.0000000000
47260  22.701  -29.246  64.160 0.0000000000
48425  20.864  -27.687  65.721 0.0000000000
48474  19.667  -28.728  62.274 0.0000000000
73064  50.589  -8.430  35.638 0.0000000000
73027  53.141  -7.787  37.653 0.0000000000
71869  54.221  -8.694  38.408 0.0000000000
70682  53.105  -9.929  39.701 0.0000000000
69478  51.499  -10.974  39.484 0.0000000000
68334  49.844  -12.367  39.898 0.0000000000
67088  48.104  -13.787  40.936 0.0000000000
67037  50.375  -12.830  44.577 0.0000000000
65869  48.318  -14.202  42.747 0.0000000000
65899  46.774  -14.891  41.653 0.0000000000
64723  44.776  -15.804  41.545 0.0000000000
63552  42.898  -16.542  42.213 0.0000000000
63463  47.476  -17.097  49.038 0.0000000000
57318  46.241  -21.116  51.044 0.0000000000
59862  45.938  -19.638  49.660 0.0000000000
62306  45.803  -17.829  48.016 0.0000000000
61156  43.536  -18.591  46.084 0.0000000000
61196  41.712  -18.796  44.292 0.0000000000
52638  36.458  -25.570  42.504 0.0000000000
47437  35.501  -29.261  51.346 0.0000000000
47479  33.663  -28.909  48.226 0.0000000000
48721  30.816  -28.583  45.698 0.0000000000
45072  28.333  -31.485  46.385 0.0000000000
47525  28.347  -29.930  45.570 0.0000000000
45999  27.961  -30.602  64.348 0.0000000000
48439  28.279  -28.736  64.482 0.0000000000
46131  41.440  -30.164  54.307 0.0000000000
47381  43.182  -29.742  54.213 0.0000000000
47392  41.967  -29.523  53.242 0.0000000000
47411  42.708  -29.294  52.383 0.0000000000
47413  40.579  -28.976  52.224 0.0000000000
48622  39.291  -28.690  51.226 0.0000000000
47414  39.514  -28.991  52.133 0.0000000000
71884  54.225  -9.531  36.975 0.0000000000
70717  54.699  -9.804  36.371 0.0000000000
70718  53.911  -10.173  36.431 0.0000000000
46094  25.714  -30.526  56.852 0.0000000000
46116  24.047  -30.133  55.679 0.0000000000
46077  24.759  -30.527  57.677 0.0000000000
46063  20.827  -30.574  58.687 0.0000000000
46054  20.581  -30.009  59.098 0.0000000000
46055  19.627  -29.809  59.011 0.0000000000
47348  20.166  -29.486  59.668 0.0000000000
43630  36.209  -32.932  61.774 0.0000000000
42506  37.359  -33.419  61.127 0.0000000000
42526  38.497  -33.581  60.297 0.0000000000
41502  37.186  -34.573  60.257 0.0000000000
41527  36.670  -34.400  58.916 0.0000000000
41518  35.731  -34.457  59.827 0.0000000000
44861  27.964  -31.273  58.512 0.0000000000
44889  28.258  -30.940  57.568 0.0000000000
44890  27.350  -30.996  57.829 0.0000000000
46093  26.765  -30.659  56.347 0.0000000000
65931  46.888  -14.175  38.942 0.0000000000
65956  46.945  -14.188  37.924 0.0000000000
65957  46.238  -14.829  38.277 0.0000000000
70619  52.744  -10.287  43.400 0.0000000000
69419  52.555  -11.022  43.218 0.0000000000
69406  52.419  -11.022  44.206 0.0000000000
64651  48.065  -15.330  47.101 0.0000000000
64662  47.884  -15.026  46.562 0.0000000000
64663  47.070  -15.499  46.384 0.0000000000
64664  46.305  -16.013  46.134 0.0000000000
63499  46.248  -16.381  46.612 0.0000000000
53801  41.231  -24.483  47.260 0.0000000000
54967  41.961  -23.186  47.527 0.0000000000
54987  41.114  -23.645  46.668 0.0000000000
56187  40.636  -22.615  45.639 0.0000000000
55008  40.170  -23.712  45.560 0.0000000000
55030  39.215  -23.612  44.242 0.0000000000
53842  39.260  -24.533  44.733 0.0000000000
43810  31.194  -32.253  51.363 0.0000000000
45022  31.421  -31.625  50.703 0.0000000000
43823  30.797  -32.103  50.263 0.0000000000
73119  51.964  -7.857  31.262 0.0000000000
71961  51.161  -9.402  31.930 0.0000000000
43635  27.379  -32.528  61.774 0.0000000000
43656  26.741  -32.202  60.884 0.0000000000
43615  27.011  -32.568  62.649 0.0000000000
43577  25.660  -31.826  64.483 0.0000000000
43599  25.691  -32.357  63.741 0.0000000000
44797  24.374  -31.833  63.605 0.0000000000
44798  23.848  -31.559  62.729 0.0000000000
44785  24.074  -31.356  63.860 0.0000000000
43591  33.665  -32.759  63.426 0.0000000000
42477  33.440  -33.445  63.013 0.0000000000
43592  32.777  -32.969  63.446 0.0000000000
43596  29.112  -32.455  63.260 0.0000000000
42496  30.417  -32.678  62.798 0.0000000000
43613  29.123  -32.619  62.484 0.0000000000
43654  28.810  -32.500  60.867 0.0000000000
48596  45.713  -28.265  54.268 0.0000000000
49871  46.308  -27.187  54.453 0.0000000000
51071  46.344  -26.300  53.758 0.0000000000
52445  46.274  -25.444  53.383 0.0000000000
51088  45.372  -26.569  52.398 0.0000000000
48630  42.632  -28.347  50.020 0.0000000000
49918  43.258  -27.158  50.006 0.0000000000
48658  42.202  -27.885  48.784 0.0000000000
51150  41.824  -26.673  48.425 0.0000000000
49938  41.182  -27.431  47.607 0.0000000000
49939  40.379  -27.449  47.049 0.0000000000
48678  40.017  -28.317  47.478 0.0000000000
48664  37.544  -28.381  48.497 0.0000000000
48681  37.042  -28.058  47.646 0.0000000000
48682  35.988  -28.206  47.584 0.0000000000
48717  34.486  -27.935  45.716 0.0000000000
48683  35.016  -28.329  47.420 0.0000000000
46204  27.689  -30.000  50.241 0.0000000000
46214  27.902  -30.859  49.014 0.0000000000
47482  26.649  -29.672  48.868 0.0000000000
71893  53.768  -9.184  35.286 0.0000000000
71912  53.023  -9.625  34.544 0.0000000000
71892  54.901  -8.907  35.130 0.0000000000
70748  56.715  -10.411  34.723 0.0000000000
47444  22.890  -29.431  51.506 0.0000000000
47424  22.478  -29.541  52.323 0.0000000000
44842  23.929  -31.336  59.589 0.0000000000
44894  23.443  -30.929  57.930 0.0000000000
43701  22.822  -31.593  58.948 0.0000000000
44924  19.748  -31.375  56.640 0.0000000000
44950  20.095  -31.474  55.933 0.0000000000
42554  40.310  -33.255  58.163 0.0000000000
43696  41.515  -32.411  58.206 0.0000000000
42573  40.477  -32.803  57.002 0.0000000000
44913  41.040  -32.205  56.414 0.0000000000
43741  39.129  -32.262  56.070 0.0000000000
44941  38.705  -31.657  55.523 0.0000000000
43742  38.191  -32.235  55.949 0.0000000000
42579  34.814  -33.219  57.116 0.0000000000
42585  35.439  -32.548  56.048 0.0000000000
42587  33.653  -33.028  55.611 0.0000000000
43765  32.853  -32.748  54.403 0.0000000000
42594  32.590  -33.003  54.675 0.0000000000
43650  32.652  -33.126  60.538 0.0000000000
42545  33.787  -33.751  59.983 0.0000000000
43697  32.386  -32.638  58.791 0.0000000000
44916  29.737  -31.100  56.167 0.0000000000
44914  31.473  -32.080  56.422 0.0000000000
43749  30.537  -31.950  54.958 0.0000000000
43785  30.145  -32.091  53.980 0.0000000000
44984  29.672  -31.581  53.395 0.0000000000
44985  29.157  -30.962  52.776 0.0000000000
46160  28.401  -30.423  53.254 0.0000000000
47399  24.894  -29.744  53.530 0.0000000000
47421  25.424  -29.441  52.501 0.0000000000
47422  24.346  -29.348  52.474 0.0000000000
68357  50.348  -11.764  37.373 0.0000000000
68373  50.514  -11.949  36.745 0.0000000000
68374  49.480  -12.627  36.614 0.0000000000
65997  49.571  -14.391  36.184 0.0000000000
47199  23.810  -28.835  67.054 0.0000000000
47227  23.519  -29.830  65.915 0.0000000000
48423  22.606  -28.625  66.034 0.0000000000
48408  19.244  -27.990  65.842 0.0000000000
48426  19.773  -28.019  65.327 0.0000000000
48460  20.306  -28.312  63.595 0.0000000000
48461  19.215  -28.645  63.218 0.0000000000
47285  18.454  -29.412  61.976 0.0000000000
47263  18.382  -29.096  62.862 0.0000000000
73028  51.974  -7.853  37.555 0.0000000000
74180  53.442  -7.540  38.554 0.0000000000
73026  54.203  -8.150  37.908 0.0000000000
74179  54.049  -7.697  38.887 0.0000000000
71818  54.029  -8.946  40.869 0.0000000000
71834  54.011  -9.156  39.953 0.0000000000
70695  52.207  -10.454  39.068 0.0000000000
70667  52.478  -10.865  40.625 0.0000000000
68303  50.732  -12.495  41.930 0.0000000000
68317  50.543  -12.391  41.158 0.0000000000
68304  50.201  -12.673  41.427 0.0000000000
67098  49.234  -13.192  40.888 0.0000000000
67087  48.712  -13.651  41.336 0.0000000000
68243  51.257  -11.730  46.447 0.0000000000
68270  51.504  -11.949  45.251 0.0000000000
68257  50.388  -12.726  45.189 0.0000000000
65862  47.357  -14.649  44.397 0.0000000000
65861  48.325  -14.220  43.813 0.0000000000
65870  47.510  -14.465  43.224 0.0000000000
65883  47.587  -14.554  42.191 0.0000000000
65884  46.833  -14.846  42.659 0.0000000000
64722  45.748  -15.385  41.621 0.0000000000
64695  46.148  -15.273  43.133 0.0000000000
63520  44.385  -16.800  44.599 0.0000000000
63550  44.257  -16.407  42.977 0.0000000000
63535  43.606  -16.811  43.418 0.0000000000
62372  42.736  -17.440  43.568 0.0000000000
62283  47.682  -17.820  50.329 0.0000000000
54905  45.375  -23.194  51.276 0.0000000000
57298  46.427  -21.572  51.533 0.0000000000
56083  45.345  -22.542  50.819 0.0000000000
57357  43.759  -21.246  48.312 0.0000000000
58621  45.179  -20.737  49.527 0.0000000000
58654  44.474  -20.111  48.229 0.0000000000
61127  45.731  -18.436  48.427 0.0000000000
59896  44.539  -19.374  47.768 0.0000000000
61141  44.638  -18.604  47.275 0.0000000000
59914  43.450  -19.365  46.701 0.0000000000
57463  40.297  -21.177  44.385 0.0000000000
59932  41.655  -19.792  44.994 0.0000000000
59952  40.571  -20.048  43.940 0.0000000000
59989  39.865  -19.139  42.678 0.0000000000
59971  39.621  -20.031  42.876 0.0000000000
58748  38.617  -20.898  41.918 0.0000000000
56254  37.469  -22.770  41.834 0.0000000000
57493  37.597  -21.946  41.321 0.0000000000
49982  38.255  -26.842  44.600 0.0000000000
51220  37.697  -26.181  43.816 0.0000000000
51221  36.886  -26.452  43.561 0.0000000000
52654  34.424  -25.396  41.143 0.0000000000
46156  36.066  -30.207  53.302 0.0000000000
46173  37.036  -29.655  52.544 0.0000000000
46175  35.310  -29.897  52.293 0.0000000000
46210  31.863  -30.202  49.282 0.0000000000
47467  33.424  -29.411  49.415 0.0000000000
47495  31.489  -29.622  47.729 0.0000000000
47507  32.347  -28.805  46.698 0.0000000000
47509  30.491  -29.470  46.607 0.0000000000
45060  27.392  -31.576  47.187 0.0000000000
43849  28.513  -32.343  47.647 0.0000000000
45073  27.691  -31.681  46.644 0.0000000000
46288  27.336  -30.226  45.220 0.0000000000
48742  28.261  -28.684  44.273 0.0000000000
69568  53.216  -11.459  33.099 0.0000000000
69578  52.883  -11.664  32.433 0.0000000000
68399  53.465  -12.295  35.414 0.0000000000
43574  28.572  -32.061  63.820 0.0000000000
43597  27.822  -32.441  63.315 0.0000000000
43575  27.484  -32.022  63.861 0.0000000000
44771  26.229  -31.296  64.476 0.0000000000
46001  26.015  -30.452  64.698 0.0000000000
44767  30.298  -31.401  64.411 0.0000000000
46089  43.567  -30.705  56.470 0.0000000000
47368  44.508  -29.403  56.313 0.0000000000
46128  43.990  -30.128  55.083 0.0000000000
47389  44.585  -29.394  53.759 0.0000000000
47408  45.126  -29.101  53.228 0.0000000000
49898  44.796  -28.249  52.087 0.0000000000
48611  43.603  -28.952  51.830 0.0000000000
48619  42.323  -28.712  50.846 0.0000000000
48645  41.144  -28.713  49.176 0.0000000000
48662  39.619  -28.713  48.346 0.0000000000
48633  39.767  -28.615  50.205 0.0000000000
48634  38.671  -28.578  50.288 0.0000000000
48635  37.593  -28.600  50.325 0.0000000000
47471  24.627  -29.175  49.648 0.0000000000
47484  24.992  -29.433  48.745 0.0000000000
46232  23.850  -30.369  48.676 0.0000000000
73047  54.734  -8.676  36.611 0.0000000000
73059  55.620  -9.104  35.640 0.0000000000
71882  55.436  -9.303  36.087 0.0000000000
70730  55.844  -10.401  35.424 0.0000000000
47383  24.678  -29.964  54.151 0.0000000000
47401  22.791  -29.554  53.261 0.0000000000
46143  23.600  -29.908  54.749 0.0000000000
46117  22.974  -30.110  55.598 0.0000000000
46118  21.934  -30.377  55.536 0.0000000000
44844  22.376  -31.469  59.453 0.0000000000
44867  22.341  -31.523  58.593 0.0000000000
44868  21.451  -31.134  58.624 0.0000000000
44869  20.358  -30.818  58.084 0.0000000000
44872  17.574  -31.526  58.514 0.0000000000
41514  39.155  -34.086  58.969 0.0000000000
41534  38.438  -33.847  57.982 0.0000000000
42577  37.282  -33.045  57.006 0.0000000000
41536  36.791  -33.954  58.297 0.0000000000
42567  35.419  -33.555  57.887 0.0000000000
41542  34.410  -33.525  57.430 0.0000000000
43676  30.435  -31.951  59.491 0.0000000000
43698  31.459  -32.040  58.297 0.0000000000
44859  29.948  -31.486  58.251 0.0000000000
44888  29.285  -31.096  57.311 0.0000000000
46112  27.983  -30.570  55.402 0.0000000000
46138  28.269  -30.509  54.322 0.0000000000
46113  27.003  -30.565  55.459 0.0000000000
46140  26.373  -30.253  54.768 0.0000000000
68348  48.897  -12.605  38.431 0.0000000000
68359  48.837  -12.739  37.409 0.0000000000
67143  48.210  -13.323  37.137 0.0000000000
65999  47.585  -14.272  36.699 0.0000000000
49691  18.367  -27.817  65.828 0.0000000000
48448  17.548  -28.784  64.501 0.0000000000
47264  17.781  -29.593  63.122 0.0000000000
47247  17.439  -29.393  63.949 0.0000000000
70648  53.489  -9.876  41.670 0.0000000000
69446  52.542  -11.106  41.348 0.0000000000
69431  52.591  -11.154  42.266 0.0000000000
69432  52.081  -11.656  42.859 0.0000000000
68291  50.892  -12.540  42.919 0.0000000000
67011  49.853  -13.258  46.824 0.0000000000
67024  50.072  -13.103  45.831 0.0000000000
65843  48.567  -14.377  46.418 0.0000000000
65853  47.614  -14.714  45.630 0.0000000000
64684  46.811  -15.027  44.502 0.0000000000
64685  46.300  -15.404  44.279 0.0000000000
64673  46.040  -15.844  45.462 0.0000000000
63519  45.005  -16.404  44.971 0.0000000000
62352  44.241  -17.292  45.101 0.0000000000
54924  43.471  -23.489  49.659 0.0000000000
56099  44.398  -22.346  49.642 0.0000000000
54942  43.018  -23.095  48.834 0.0000000000
56113  43.044  -22.247  48.254 0.0000000000
57378  42.720  -21.391  47.369 0.0000000000
58677  42.704  -20.523  46.853 0.0000000000
57429  41.710  -21.424  46.150 0.0000000000
57430  41.114  -21.729  45.666 0.0000000000
57464  39.712  -21.530  43.975 0.0000000000
56237  38.787  -22.060  42.927 0.0000000000
56221  39.060  -22.600  43.531 0.0000000000
55050  38.390  -23.642  43.102 0.0000000000
53884  37.606  -24.161  42.651 0.0000000000
50000  34.710  -27.426  43.500 0.0000000000
50017  35.542  -26.937  42.983 0.0000000000
50019  34.178  -27.321  42.730 0.0000000000
50037  33.770  -27.019  41.940 0.0000000000
51278  31.741  -25.957  40.554 0.0000000000
46158  33.897  -31.135  53.163 0.0000000000
46176  34.132  -30.488  52.414 0.0000000000
46192  32.527  -31.121  51.604 0.0000000000
46201  32.141  -30.699  50.480 0.0000000000
46227  30.618  -30.973  48.701 0.0000000000
45097  25.830  -30.848  44.827 0.0000000000
45098  24.734  -31.136  44.459 0.0000000000
74272  52.670  -7.423  30.973 0.0000000000
71970  53.125  -9.037  30.307 0.0000000000
70789  53.271  -10.291  30.301 0.0000000000
44839  26.766  -31.493  59.424 0.0000000000
46061  25.573  -30.879  58.287 0.0000000000
44840  25.952  -31.468  59.408 0.0000000000
43657  25.540  -31.761  60.656 0.0000000000
43658  24.395  -31.615  60.765 0.0000000000
43616  25.874  -32.464  62.748 0.0000000000
43637  25.091  -32.131  61.751 0.0000000000
43659  23.616  -31.581  60.532 0.0000000000
44810  23.386  -31.398  61.585 0.0000000000
46026  23.129  -30.719  61.869 0.0000000000
47304  22.501  -30.124  61.353 0.0000000000
42508  35.454  -33.796  61.703 0.0000000000
41505  34.759  -34.253  60.758 0.0000000000
41472  33.878  -33.851  61.936 0.0000000000
42509  33.260  -33.702  61.749 0.0000000000
42530  31.970  -33.206  61.442 0.0000000000
42480  31.176  -32.816  63.101 0.0000000000
42512  31.082  -32.995  62.094 0.0000000000
43652  31.117  -32.719  60.901 0.0000000000
43677  29.185  -32.060  59.958 0.0000000000
43678  28.185  -32.091  60.085 0.0000000000
64760  45.423  -15.303  39.591 0.0000000000
65958  45.871  -14.995  38.751 0.0000000000
64786  44.742  -15.870  38.423 0.0000000000
70596  51.956  -10.712  45.119 0.0000000000
67001  50.270  -12.497  48.050 0.0000000000
67002  49.850  -13.122  47.762 0.0000000000
65821  49.361  -13.930  48.494 0.0000000000
64638  48.100  -15.833  48.311 0.0000000000
53723  45.763  -24.260  52.432 0.0000000000
53741  44.664  -24.271  51.453 0.0000000000
51118  44.384  -27.223  51.219 0.0000000000
51106  44.194  -26.280  51.172 0.0000000000
53758  43.426  -24.673  50.318 0.0000000000
52504  42.516  -25.703  49.357 0.0000000000
52547  41.236  -25.608  47.571 0.0000000000
52568  40.399  -25.411  46.369 0.0000000000
52590  39.407  -25.380  45.188 0.0000000000
51179  39.923  -26.644  46.265 0.0000000000
49967  38.520  -27.175  45.174 0.0000000000
49968  37.255  -27.553  45.410 0.0000000000
48679  39.068  -28.417  47.577 0.0000000000
49955  37.516  -27.693  46.103 0.0000000000
49969  36.075  -27.780  45.108 0.0000000000
49970  35.449  -27.816  45.105 0.0000000000
48736  33.847  -27.685  44.784 0.0000000000
49971  32.689  -27.889  45.022 0.0000000000
45023  29.195  -31.926  50.522 0.0000000000
43832  29.456  -32.275  49.507 0.0000000000
45034  28.457  -31.762  49.015 0.0000000000
46228  27.431  -31.210  47.874 0.0000000000
45061  26.706  -31.072  46.826 0.0000000000
46246  24.831  -30.414  47.397 0.0000000000
46261  25.045  -30.681  46.857 0.0000000000
71936  50.722  -9.098  33.646 0.0000000000
71950  51.004  -9.727  33.031 0.0000000000
70774  51.640  -10.182  33.432 0.0000000000
70771  54.326  -11.112  33.561 0.0000000000
71910  55.414  -9.518  34.583 0.0000000000
70749  56.005  -10.293  34.344 0.0000000000
44893  24.079  -30.701  57.935 0.0000000000
46097  22.447  -30.591  56.558 0.0000000000
46119  21.088  -30.770  55.640 0.0000000000
44896  21.478  -31.321  57.629 0.0000000000
44949  20.773  -31.201  56.036 0.0000000000
44856  43.150  -31.221  57.678 0.0000000000
44911  42.436  -31.584  56.571 0.0000000000
46110  41.710  -30.865  55.383 0.0000000000
46132  40.111  -30.523  54.480 0.0000000000
46153  39.513  -29.992  53.642 0.0000000000
46133  38.910  -30.583  54.238 0.0000000000
44964  37.258  -31.067  54.753 0.0000000000
44965  36.293  -31.109  54.679 0.0000000000
43728  36.834  -32.561  56.422 0.0000000000
43762  35.261  -31.881  55.040 0.0000000000
44980  34.984  -31.287  53.961 0.0000000000
44982  33.515  -31.766  53.638 0.0000000000
43782  32.431  -32.580  53.604 0.0000000000
43797  31.354  -32.459  52.600 0.0000000000
41530  34.420  -33.939  59.423 0.0000000000
41539  34.369  -33.724  58.444 0.0000000000
42581  32.860  -33.363  56.728 0.0000000000
43713  32.214  -32.595  57.844 0.0000000000
42582  32.324  -32.920  56.785 0.0000000000
42589  32.057  -33.082  55.781 0.0000000000
42595  32.036  -33.170  54.837 0.0000000000
43798  30.730  -32.421  52.808 0.0000000000
43812  29.976  -32.220  51.945 0.0000000000
45010  29.486  -31.783  51.267 0.0000000000
46193  28.512  -30.583  51.049 0.0000000000
47454  27.253  -29.632  50.949 0.0000000000
46181  26.996  -29.848  53.214 0.0000000000
47441  25.931  -29.337  51.530 0.0000000000
47456  25.305  -29.132  50.558 0.0000000000
47457  24.221  -29.085  50.585 0.0000000000
69502  51.850  -10.980  37.410 0.0000000000
69513  53.072  -10.657  36.377 0.0000000000
69514  52.062  -11.262  36.476 0.0000000000
67161  49.177  -13.554  36.266 0.0000000000
66014  50.258  -13.949  35.772 0.0000000000
64804  46.220  -15.354  37.590 0.0000000000
49702  26.844  -27.856  64.163 0.0000000000
47243  25.767  -29.569  64.839 0.0000000000
45986  25.317  -30.284  66.038 0.0000000000
47210  25.035  -29.429  66.536 0.0000000000
44739  24.573  -30.698  66.311 0.0000000000
45987  23.962  -30.627  65.414 0.0000000000
47259  23.436  -30.148  63.729 0.0000000000
47283  22.036  -28.870  63.171 0.0000000000
49672  22.166  -27.759  66.864 0.0000000000
48444  21.518  -28.259  64.945 0.0000000000
48472  21.113  -28.470  62.873 0.0000000000
47306  20.519  -28.890  61.375 0.0000000000
47307  19.804  -29.017  61.071 0.0000000000
74237  50.810  -7.269  33.675 0.0000000000
73080  50.606  -8.314  34.287 0.0000000000
71895  51.428  -9.121  35.240 0.0000000000
73062  53.164  -8.825  36.106 0.0000000000
73050  51.307  -8.288  36.785 0.0000000000
73049  52.540  -8.326  36.866 0.0000000000
73048  53.770  -8.423  36.893 0.0000000000
71870  54.047  -9.320  37.961 0.0000000000
71850  54.171  -8.591  39.432 0.0000000000
71852  53.471  -9.503  38.793 0.0000000000
70694  52.766  -9.952  38.509 0.0000000000
70706  52.191  -10.505  38.150 0.0000000000
69491  50.784  -11.364  38.738 0.0000000000
69492  50.180  -11.769  38.816 0.0000000000
69463  51.872  -11.256  40.608 0.0000000000
69479  50.707  -11.761  39.784 0.0000000000
68347  49.579  -12.166  38.979 0.0000000000
68335  48.995  -12.680  39.510 0.0000000000
67114  47.640  -13.708  39.528 0.0000000000
65912  47.050  -14.175  40.047 0.0000000000
69407  52.001  -11.474  44.747 0.0000000000
68283  51.565  -12.024  44.320 0.0000000000
67072  50.339  -12.983  43.316 0.0000000000
67038  49.938  -13.124  44.746 0.0000000000
67056  49.785  -13.395  43.748 0.0000000000
67073  49.710  -13.400  42.804 0.0000000000
65882  48.249  -14.138  41.830 0.0000000000
65898  47.529  -14.257  41.154 0.0000000000
65913  46.596  -14.693  40.642 0.0000000000
64738  45.461  -15.350  40.749 0.0000000000
64739  44.638  -15.575  40.256 0.0000000000
64697  44.711  -16.217  43.233 0.0000000000
63564  44.255  -16.261  42.256 0.0000000000
64626  48.893  -15.513  49.495 0.0000000000
63474  47.355  -16.724  48.498 0.0000000000
59845  47.148  -19.798  50.777 0.0000000000
57338  45.166  -21.429  49.903 0.0000000000
58620  45.886  -20.432  50.261 0.0000000000
59861  46.654  -19.375  50.147 0.0000000000
61119  46.787  -18.499  49.547 0.0000000000
62305  46.487  -17.623  48.492 0.0000000000
63475  46.639  -16.948  48.027 0.0000000000
62327  45.186  -17.494  46.656 0.0000000000
62328  44.812  -17.607  46.261 0.0000000000
61173  43.097  -18.342  45.279 0.0000000000
59915  42.732  -19.768  46.239 0.0000000000
61174  42.409  -18.755  44.999 0.0000000000
61195  42.393  -18.253  44.365 0.0000000000
61216  41.512  -18.439  43.708 0.0000000000
57492  38.222  -21.578  41.730 0.0000000000
57505  37.920  -21.210  40.803 0.0000000000
52605  38.506  -25.504  44.084 0.0000000000
53871  37.409  -25.036  43.019 0.0000000000
53886  36.541  -24.714  41.884 0.0000000000
52639  35.617  -25.831  42.099 0.0000000000
52653  35.377  -25.265  41.494 0.0000000000
47416  37.577  -29.419  52.376 0.0000000000
48625  36.739  -28.870  50.923 0.0000000000
48637  35.825  -28.644  50.306 0.0000000000
47438  34.663  -29.426  51.026 0.0000000000
47466  34.517  -28.845  49.257 0.0000000000
47478  34.459  -28.699  48.485 0.0000000000
48685  33.382  -28.649  46.966 0.0000000000
48719  32.418  -28.185  45.572 0.0000000000
48753  31.065  -27.979  44.452 0.0000000000
43838  29.367  -32.172  48.394 0.0000000000
45059  29.566  -31.538  47.721 0.0000000000
46259  29.712  -30.631  47.122 0.0000000000
46275  27.257  -30.683  45.465 0.0000000000
47511  28.638  -30.415  46.062 0.0000000000
47510  29.177  -30.006  46.305 0.0000000000
47524  29.475  -29.127  45.563 0.0000000000
48740  29.760  -28.407  44.826 0.0000000000
70785  51.699  -10.410  31.619 0.0000000000
70784  52.203  -10.925  31.241 0.0000000000
69586  53.609  -11.759  30.664 0.0000000000
69533  54.056  -10.982  35.691 0.0000000000
46151  41.270  -29.720  53.576 0.0000000000
47382  42.428  -29.792  54.000 0.0000000000
47393  41.039  -29.388  52.986 0.0000000000
47394  40.040  -29.432  52.961 0.0000000000
70704  53.585  -9.747  37.234 0.0000000000
44920  26.119  -30.787  57.648 0.0000000000
46076  25.572  -30.705  57.836 0.0000000000
47347  21.008  -29.752  59.786 0.0000000000
47331  20.695  -29.236  60.572 0.0000000000
42507  36.383  -33.603  61.500 0.0000000000
41485  36.902  -34.277  61.015 0.0000000000
42527  37.729  -33.971  60.629 0.0000000000
41503  36.324  -34.548  60.456 0.0000000000
41517  36.529  -34.601  59.662 0.0000000000
44862  27.105  -31.224  58.666 0.0000000000
44919  26.685  -30.754  57.274 0.0000000000
70607  52.147  -10.646  44.583 0.0000000000
63498  46.825  -16.209  47.123 0.0000000000
53819  40.744  -24.550  46.575 0.0000000000
54988  40.633  -23.699  46.130 0.0000000000
53841  39.725  -24.532  45.416 0.0000000000
43824  30.288  -32.420  50.447 0.0000000000
73107  51.166  -7.941  32.262 0.0000000000
73121  51.051  -8.578  32.090 0.0000000000
71962  50.887  -8.879  32.327 0.0000000000
43578  25.203  -31.629  64.736 0.0000000000
43600  24.937  -32.013  64.173 0.0000000000
44784  24.505  -31.607  64.274 0.0000000000
43568  33.898  -32.026  63.609 0.0000000000
43569  33.184  -32.070  63.689 0.0000000000
43634  28.443  -32.619  61.744 0.0000000000
48595  45.929  -27.847  53.726 0.0000000000
51050  46.635  -25.963  54.402 0.0000000000
51087  45.892  -26.413  53.094 0.0000000000
49896  45.690  -27.033  52.791 0.0000000000
48644  41.941  -28.494  49.155 0.0000000000
48643  42.352  -28.024  49.108 0.0000000000
48659  41.966  -28.014  48.567 0.0000000000
48676  41.440  -27.896  48.090 0.0000000000
48677  40.878  -28.091  47.774 0.0000000000
48661  40.564  -28.569  48.375 0.0000000000
46205  26.992  -29.679  49.855 0.0000000000
46215  27.174  -29.882  49.233 0.0000000000
47483  26.031  -29.455  48.715 0.0000000000
47423  23.338  -29.371  52.397 0.0000000000
44843  23.315  -31.518  59.305 0.0000000000
44866  23.171  -31.419  58.713 0.0000000000
44951  19.213  -31.680  55.776 0.0000000000
42562  39.539  -33.516  57.683 0.0000000000
42561  40.594  -32.923  57.394 0.0000000000
42574  39.922  -32.970  57.092 0.0000000000
43724  40.292  -32.615  56.736 0.0000000000
43725  39.518  -32.710  56.619 0.0000000000
43726  38.666  -32.785  56.474 0.0000000000
42586  34.800  -32.693  56.124 0.0000000000
42588  32.787  -33.310  55.710 0.0000000000
43651  32.133  -32.949  60.642 0.0000000000
43674  32.546  -32.909  59.891 0.0000000000
44946  30.141  -31.527  55.191 0.0000000000
44969  29.753  -31.512  54.363 0.0000000000
44970  29.166  -30.876  53.881 0.0000000000
48391  23.414  -28.158  67.508 0.0000000000
47200  23.411  -28.429  67.248 0.0000000000
47212  23.358  -28.676  66.937 0.0000000000
48404  22.777  -28.383  66.815 0.0000000000
48427  18.758  -28.109  65.238 0.0000000000
48446  19.457  -28.262  64.350 0.0000000000
74213  50.148  -7.238  36.020 0.0000000000
74181  52.479  -7.464  38.323 0.0000000000
70665  53.675  -9.718  40.520 0.0000000000
70683  52.366  -10.657  40.079 0.0000000000
67086  49.707  -13.123  41.757 0.0000000000
68244  50.974  -11.963  46.769 0.0000000000
68256  50.870  -12.399  45.791 0.0000000000
64707  46.234  -15.227  42.189 0.0000000000
63521  43.831  -16.880  44.125 0.0000000000
62371  43.367  -17.260  43.997 0.0000000000
61109  47.803  -18.469  50.781 0.0000000000
56069  45.835  -22.572  51.436 0.0000000000
58637  44.262  -20.669  48.356 0.0000000000
59878  44.890  -19.639  48.422 0.0000000000
59897  43.881  -19.674  47.335 0.0000000000
58676  43.387  -20.133  47.264 0.0000000000
58729  40.188  -20.571  43.884 0.0000000000
58715  40.691  -20.538  44.398 0.0000000000
58747  39.119  -20.493  42.428 0.0000000000
55088  37.043  -23.297  41.677 0.0000000000
56255  36.904  -22.994  41.323 0.0000000000
49983  37.722  -27.121  44.564 0.0000000000
51207  37.406  -26.752  44.074 0.0000000000
49998  36.385  -26.940  43.593 0.0000000000
46226  31.250  -30.259  48.520 0.0000000000
47481  31.751  -29.873  48.390 0.0000000000
47496  30.731  -29.948  47.486 0.0000000000
69577  53.358  -11.992  32.831 0.0000000000
44768  29.231  -31.506  64.300 0.0000000000
44769  28.226  -31.456  64.225 0.0000000000
46000  26.893  -30.553  64.242 0.0000000000
44770  27.194  -31.393  64.188 0.0000000000
45985  29.655  -30.338  64.907 0.0000000000
45997  29.724  -30.897  64.653 0.0000000000
46108  43.450  -30.516  55.719 0.0000000000
46107  44.247  -30.045  55.769 0.0000000000
47380  43.959  -29.762  54.377 0.0000000000
47409  44.460  -29.205  52.867 0.0000000000
47410  43.601  -29.237  52.496 0.0000000000
47431  42.058  -28.880  51.368 0.0000000000
47430  42.587  -28.993  51.574 0.0000000000
48631  41.746  -28.673  50.021 0.0000000000
48632  40.808  -28.688  50.110 0.0000000000
46216  24.063  -29.712  48.943 0.0000000000
73046  55.467  -8.992  36.120 0.0000000000
70716  55.361  -9.668  35.990 0.0000000000
69532  55.388  -11.229  35.377 0.0000000000
46142  24.599  -30.030  54.788 0.0000000000
46095  24.500  -30.327  56.644 0.0000000000
44823  22.635  -31.413  60.462 0.0000000000
44845  22.024  -31.129  59.747 0.0000000000
46064  20.071  -30.297  58.452 0.0000000000
44898  19.353  -30.830  57.447 0.0000000000
44899  18.208  -31.072  57.425 0.0000000000
46080  18.529  -30.644  57.861 0.0000000000
46066  18.025  -30.628  58.502 0.0000000000
46067  17.667  -31.089  58.978 0.0000000000
46057  17.835  -30.775  59.481 0.0000000000
43649  39.298  -32.489  60.477 0.0000000000
41515  38.214  -34.330  59.247 0.0000000000
41500  38.814  -33.904  59.716 0.0000000000
41524  39.014  -33.952  58.225 0.0000000000
41525  38.331  -34.131  58.552 0.0000000000
41535  37.658  -33.896  58.166 0.0000000000
41528  35.857  -34.216  59.031 0.0000000000
41537  35.963  -33.871  58.390 0.0000000000
41538  35.015  -33.680  58.159 0.0000000000
44917  28.474  -30.718  56.319 0.0000000000
46091  27.998  -30.634  55.950 0.0000000000
46114  26.089  -30.362  55.684 0.0000000000
46141  25.494  -30.132  54.895 0.0000000000
46164  25.065  -30.057  54.270 0.0000000000
67127  48.179  -13.171  37.954 0.0000000000
65978  47.117  -14.279  37.231 0.0000000000
64816  47.991  -15.063  36.463 0.0000000000
64817  47.046  -15.242  36.779 0.0000000000
47229  17.135  -29.047  64.674 0.0000000000
70631  53.017  -10.471  42.538 0.0000000000
68302  51.423  -12.121  42.573 0.0000000000
68290  51.568  -12.093  43.394 0.0000000000
65842  49.304  -13.802  46.714 0.0000000000
65844  47.774  -14.879  46.273 0.0000000000
63506  45.928  -16.381  46.019 0.0000000000
64674  45.445  -16.185  45.205 0.0000000000
63507  45.304  -16.658  45.643 0.0000000000
63508  44.681  -16.901  45.234 0.0000000000
54925  42.700  -23.823  49.070 0.0000000000
56114  42.574  -22.676  47.952 0.0000000000
56137  42.322  -22.392  47.432 0.0000000000
56136  42.825  -21.840  47.726 0.0000000000
56163  41.997  -22.106  46.848 0.0000000000
57403  42.222  -21.545  46.810 0.0000000000
56204  40.334  -22.116  44.993 0.0000000000
57447  40.179  -21.784  44.614 0.0000000000
55049  38.732  -23.607  43.604 0.0000000000
55069  37.916  -23.657  42.675 0.0000000000
51257  32.220  -26.396  41.195 0.0000000000
46177  33.170  -31.161  52.467 0.0000000000
45032  30.969  -31.610  50.001 0.0000000000
46202  31.390  -31.222  50.194 0.0000000000
46211  31.088  -30.908  49.544 0.0000000000
46212  30.638  -31.301  49.155 0.0000000000
73135  51.695  -9.049  31.050 0.0000000000
73134  52.380  -8.222  30.813 0.0000000000
71971  52.345  -9.502  30.588 0.0000000000
70790  52.299  -10.405  30.741 0.0000000000
43680  26.331  -31.757  60.082 0.0000000000
44821  24.611  -31.459  60.184 0.0000000000
43598  26.714  -32.431  63.474 0.0000000000
43617  24.639  -32.256  62.875 0.0000000000
43638  24.004  -31.847  61.604 0.0000000000
43639  23.331  -31.559  60.833 0.0000000000
44809  23.784  -31.764  62.068 0.0000000000
46025  23.460  -30.779  62.618 0.0000000000
44799  23.454  -31.168  62.186 0.0000000000
42475  34.573  -32.759  62.875 0.0000000000
44796  35.170  -32.189  62.703 0.0000000000
43612  34.995  -32.658  62.694 0.0000000000
42489  35.687  -33.273  61.898 0.0000000000
41471  34.616  -33.867  61.888 0.0000000000
42491  34.001  -33.595  62.420 0.0000000000
42478  32.772  -33.545  62.944 0.0000000000
42492  33.217  -33.722  62.347 0.0000000000
42510  32.588  -33.543  61.948 0.0000000000
42511  31.849  -33.282  62.091 0.0000000000
43571  31.456  -32.226  64.072 0.0000000000
43593  31.789  -32.717  63.549 0.0000000000
42513  30.373  -32.760  62.249 0.0000000000
42495  30.942  -32.854  62.605 0.0000000000
43631  31.001  -32.880  61.600 0.0000000000
43632  30.480  -32.753  61.597 0.0000000000
43653  29.896  -32.500  60.779 0.0000000000
43655  27.777  -32.437  60.902 0.0000000000
44838  27.638  -31.595  59.369 0.0000000000
66992  49.917  -12.692  48.505 0.0000000000
65807  49.258  -14.094  49.579 0.0000000000
65822  48.912  -14.974  48.628 0.0000000000
48574  44.977  -28.681  56.003 0.0000000000
52446  45.722  -25.606  52.843 0.0000000000
53708  46.163  -24.553  52.951 0.0000000000
53709  45.558  -24.916  52.588 0.0000000000
53724  45.086  -24.576  52.072 0.0000000000
53725  44.483  -24.943  51.663 0.0000000000
48617  44.045  -28.404  51.345 0.0000000000
49905  44.940  -27.354  51.884 0.0000000000
49906  44.450  -27.802  51.485 0.0000000000
51131  43.483  -26.662  50.298 0.0000000000
52485  43.735  -25.808  50.788 0.0000000000
52503  43.127  -25.707  50.015 0.0000000000
51165  41.380  -26.615  47.724 0.0000000000
52526  41.476  -25.920  48.153 0.0000000000
51177  40.991  -26.214  47.241 0.0000000000
52567  40.859  -25.463  46.959 0.0000000000
51178  40.497  -26.411  46.706 0.0000000000
51191  40.054  -26.045  46.165 0.0000000000
49940  39.816  -27.821  46.941 0.0000000000
49953  39.399  -27.362  46.264 0.0000000000
49954  38.156  -27.615  46.087 0.0000000000
48698  36.600  -27.892  46.805 0.0000000000
48697  37.587  -27.884  46.756 0.0000000000
48714  37.054  -27.740  46.201 0.0000000000
48716  35.386  -27.872  45.742 0.0000000000
48700  34.736  -28.133  46.534 0.0000000000
48718  33.472  -27.878  45.456 0.0000000000
49987  33.234  -27.626  44.438 0.0000000000
43826  29.080  -32.115  50.204 0.0000000000
46213  28.440  -31.415  49.510 0.0000000000
46229  26.720  -30.172  48.202 0.0000000000
45035  27.931  -31.698  48.433 0.0000000000
46243  27.113  -31.185  47.257 0.0000000000
46231  24.327  -30.292  48.178 0.0000000000
46230  25.437  -29.823  47.941 0.0000000000
45063  24.124  -31.009  47.487 0.0000000000
46262  24.615  -30.846  47.082 0.0000000000
45076  24.505  -31.192  46.543 0.0000000000
45075  25.686  -30.839  46.364 0.0000000000
71935  51.168  -9.697  33.876 0.0000000000
70753  51.660  -9.975  33.966 0.0000000000
71911  54.278  -9.532  34.490 0.0000000000
70772  53.711  -10.912  33.437 0.0000000000
70750  54.777  -10.414  33.913 0.0000000000
71891  55.662  -9.167  35.246 0.0000000000
71909  56.190  -9.737  34.882 0.0000000000
46165  22.155  -29.788  53.479 0.0000000000
47402  22.070  -29.652  52.952 0.0000000000
46166  21.383  -30.125  53.319 0.0000000000
44864  25.491  -31.127  58.728 0.0000000000
46062  25.167  -30.778  58.274 0.0000000000
44895  22.388  -31.149  57.549 0.0000000000
46079  23.085  -30.710  57.220 0.0000000000
44921  21.917  -30.932  56.855 0.0000000000
46098  21.626  -30.797  56.296 0.0000000000
44948  21.201  -31.023  56.210 0.0000000000
44972  19.754  -31.696  55.120 0.0000000000
43647  40.653  -32.183  59.622 0.0000000000
43711  41.550  -32.473  57.513 0.0000000000
43710  42.056  -32.017  57.805 0.0000000000
44885  42.605  -31.648  57.398 0.0000000000
44884  43.245  -31.302  57.002 0.0000000000
44939  40.868  -31.651  55.943 0.0000000000
46111  40.861  -30.831  55.129 0.0000000000
44962  39.309  -31.125  54.995 0.0000000000
44942  37.717  -31.647  55.376 0.0000000000
44963  38.280  -31.113  54.820 0.0000000000
43745  35.003  -32.321  55.569 0.0000000000
44967  34.745  -31.642  54.416 0.0000000000
44981  34.342  -31.384  53.830 0.0000000000
44968  34.039  -31.813  54.319 0.0000000000
41519  34.994  -34.293  60.005 0.0000000000
41520  34.402  -34.162  60.208 0.0000000000
42557  33.127  -33.171  59.259 0.0000000000
42556  33.716  -33.572  58.744 0.0000000000
42568  33.621  -33.545  57.663 0.0000000000
44858  30.745  -31.553  57.862 0.0000000000
44886  31.194  -31.721  57.116 0.0000000000
43730  31.398  -32.194  55.836 0.0000000000
43729  31.794  -32.593  56.209 0.0000000000
43766  31.380  -32.696  54.801 0.0000000000
43784  30.766  -32.459  53.839 0.0000000000
44998  29.640  -31.654  52.334 0.0000000000
46179  28.449  -30.463  52.167 0.0000000000
46139  27.290  -30.366  54.583 0.0000000000
46161  27.546  -30.151  53.669 0.0000000000
47397  26.534  -29.811  53.233 0.0000000000
47420  26.580  -29.615  52.524 0.0000000000
69515  51.297  -11.476  36.909 0.0000000000
68372  51.368  -11.765  36.336 0.0000000000
68401  51.204  -12.412  35.841 0.0000000000
68375  48.746  -13.114  36.747 0.0000000000
65996  50.531  -14.599  36.137 0.0000000000
64785  45.484  -15.478  38.327 0.0000000000
64784  45.977  -15.227  38.052 0.0000000000
64805  45.862  -15.858  37.585 0.0000000000
48442  25.383  -28.721  65.011 0.0000000000
46002  25.589  -30.241  65.353 0.0000000000
47226  25.301  -29.506  65.660 0.0000000000
45958  24.719  -29.606  66.893 0.0000000000
45969  25.047  -30.252  66.682 0.0000000000
45970  24.571  -30.201  66.693 0.0000000000
47245  22.986  -29.255  65.441 0.0000000000
47244  23.538  -29.922  64.838 0.0000000000
47282  22.928  -29.809  62.648 0.0000000000
48406  20.469  -27.626  66.371 0.0000000000
49673  21.078  -27.541  66.766 0.0000000000
49656  21.680  -27.322  67.515 0.0000000000
49689  21.636  -27.760  66.310 0.0000000000
48424  21.952  -28.086  65.829 0.0000000000
48473  20.255  -28.490  62.691 0.0000000000
48459  21.377  -28.452  63.927 0.0000000000
48488  20.875  -28.554  62.282 0.0000000000
48489  20.475  -28.651  61.968 0.0000000000
48490  19.931  -28.807  61.664 0.0000000000
47308  18.871  -29.406  60.982 0.0000000000
46028  17.749  -30.203  62.725 0.0000000000
73063  51.838  -8.821  36.053 0.0000000000
73051  50.565  -7.720  36.708 0.0000000000
73029  50.960  -7.812  37.423 0.0000000000
72997  54.263  -8.168  39.805 0.0000000000
71835  53.680  -9.447  39.511 0.0000000000
68333  50.396  -12.252  40.506 0.0000000000
69480  50.063  -12.009  39.374 0.0000000000
67099  48.473  -13.338  40.260 0.0000000000
67100  47.734  -13.827  40.406 0.0000000000
70597  51.623  -10.821  45.684 0.0000000000
69394  52.182  -10.980  45.078 0.0000000000
68271  50.839  -12.535  44.746 0.0000000000
68284  50.942  -12.516  43.806 0.0000000000
67055  50.387  -12.927  44.147 0.0000000000
67025  49.244  -13.695  45.429 0.0000000000
67039  49.145  -13.789  44.318 0.0000000000
67057  49.093  -13.883  43.266 0.0000000000
67074  48.996  -13.798  42.277 0.0000000000
64759  46.003  -15.108  40.306 0.0000000000
64737  46.161  -15.128  41.110 0.0000000000
64724  43.999  -15.832  40.763 0.0000000000
64696  45.291  -15.894  43.559 0.0000000000
63551  43.624  -16.509  42.565 0.0000000000
63565  43.646  -16.207  41.604 0.0000000000
62292  47.949  -17.175  50.066 0.0000000000
63462  47.952  -16.597  49.239 0.0000000000
63473  47.816  -16.375  48.686 0.0000000000
57297  46.996  -21.056  51.816 0.0000000000
58577  46.924  -20.891  51.530 0.0000000000
58597  47.385  -20.078  51.142 0.0000000000
58598  46.744  -20.578  51.025 0.0000000000
57339  44.659  -21.312  49.216 0.0000000000
58635  45.444  -20.099  49.453 0.0000000000
59876  46.247  -19.057  49.451 0.0000000000
62316  46.167  -17.334  47.865 0.0000000000
62317  45.635  -17.549  47.378 0.0000000000
61155  44.352  -18.239  46.541 0.0000000000
61172  43.853  -18.026  45.826 0.0000000000
58698  42.228  -20.436  46.128 0.0000000000
59951  41.144  -19.519  44.221 0.0000000000
59950  41.915  -19.074  44.752 0.0000000000
57480  38.702  -21.525  42.445 0.0000000000
56253  37.906  -22.219  41.877 0.0000000000
57506  37.210  -21.807  40.394 0.0000000000
51204  39.215  -26.063  44.923 0.0000000000
52604  38.968  -25.413  44.556 0.0000000000
52623  36.821  -25.798  43.129 0.0000000000
52622  37.419  -25.559  43.356 0.0000000000
52637  37.074  -25.339  42.899 0.0000000000
53885  37.187  -24.684  42.519 0.0000000000
51238  35.013  -26.381  42.303 0.0000000000
51237  35.781  -26.519  42.782 0.0000000000
53906  34.497  -24.750  40.702 0.0000000000
53905  35.185  -24.510  40.858 0.0000000000
46154  38.447  -30.062  53.482 0.0000000000
47396  38.151  -29.620  52.867 0.0000000000
47418  36.102  -29.368  51.974 0.0000000000
47417  36.844  -29.437  52.054 0.0000000000
47436  36.518  -29.053  51.284 0.0000000000
48636  36.557  -28.658  50.483 0.0000000000
47449  35.899  -28.853  50.773 0.0000000000
46191  33.192  -30.247  51.414 0.0000000000
46190  34.377  -29.933  51.602 0.0000000000
47439  33.887  -29.663  50.983 0.0000000000
48667  34.478  -28.594  47.979 0.0000000000
47493  33.442  -28.797  47.433 0.0000000000
48704  31.333  -28.758  46.231 0.0000000000
48703  32.055  -28.567  46.253 0.0000000000
48720  31.665  -28.384  45.643 0.0000000000
48737  31.993  -28.183  45.131 0.0000000000
48738  31.387  -28.083  45.001 0.0000000000
43859  28.599  -31.834  46.929 0.0000000000
43848  28.921  -32.061  47.383 0.0000000000
45071  28.987  -31.470  46.969 0.0000000000
46242  30.007  -31.037  47.692 0.0000000000
45096  26.274  -30.684  44.956 0.0000000000
45085  26.739  -30.892  45.615 0.0000000000
47526  27.697  -30.063  45.290 0.0000000000
48756  28.671  -28.104  43.718 0.0000000000
48741  28.987  -28.459  44.476 0.0000000000
48754  30.446  -27.938  44.263 0.0000000000
70782  51.563  -10.387  32.544 0.0000000000
69581  52.828  -11.754  31.481 0.0000000000
69587  52.745  -11.110  30.754 0.0000000000
47239  29.319  -30.049  64.877 0.0000000000
47240  28.814  -29.621  64.691 0.0000000000
47241  27.642  -29.649  64.273 0.0000000000
46130  42.475  -30.309  54.784 0.0000000000
46129  43.293  -30.212  55.019 0.0000000000
47391  42.984  -29.478  53.303 0.0000000000
47412  41.710  -29.010  52.074 0.0000000000
48612  40.957  -28.785  51.657 0.0000000000
48621  40.368  -28.726  51.161 0.0000000000
47432  40.170  -28.857  51.772 0.0000000000
47433  39.840  -28.812  51.583 0.0000000000
48614  38.733  -28.844  51.792 0.0000000000
70732  54.458  -10.275  36.047 0.0000000000
46046  22.034  -30.783  60.197 0.0000000000
46053  21.435  -30.489  59.476 0.0000000000
46065  19.101  -30.222  58.275 0.0000000000
47349  19.264  -29.553  59.658 0.0000000000
42505  38.148  -33.073  60.681 0.0000000000
42504  38.842  -32.895  60.494 0.0000000000
41501  38.020  -34.310  59.992 0.0000000000
41516  37.365  -34.547  59.474 0.0000000000
44837  28.534  -31.665  59.244 0.0000000000
44860  28.892  -31.346  58.336 0.0000000000
44918  27.519  -30.724  56.901 0.0000000000
65979  46.696  -14.719  37.398 0.0000000000
48429  16.613  -28.887  65.783 0.0000000000
65833  48.760  -14.758  47.709 0.0000000000
54944  41.664  -23.826  47.701 0.0000000000
54968  41.542  -23.421  47.170 0.0000000000
56164  41.525  -22.555  46.602 0.0000000000
56165  40.956  -23.119  46.283 0.0000000000
56188  40.016  -23.143  45.272 0.0000000000
55009  39.644  -23.680  45.019 0.0000000000
53857  38.679  -24.554  43.971 0.0000000000
43809  31.640  -32.023  51.752 0.0000000000
45008  32.121  -31.745  51.862 0.0000000000
45009  31.637  -31.835  51.385 0.0000000000
43830  30.646  -31.955  49.779 0.0000000000
73120  51.536  -8.211  31.545 0.0000000000
46014  23.700  -30.869  63.388 0.0000000000
43567  34.385  -32.006  63.383 0.0000000000
42476  34.133  -33.085  62.928 0.0000000000
43595  30.085  -32.400  63.568 0.0000000000
42481  30.374  -32.577  63.251 0.0000000000
42482  29.836  -32.468  63.277 0.0000000000
42514  29.839  -32.625  62.466 0.0000000000
48584  45.562  -28.366  55.030 0.0000000000
49853  45.890  -27.593  55.262 0.0000000000
49852  46.209  -26.734  55.520 0.0000000000
52425  46.763  -25.253  53.971 0.0000000000
53707  46.805  -24.452  53.509 0.0000000000
48629  43.206  -28.212  50.417 0.0000000000
49912  43.631  -27.694  50.550 0.0000000000
49913  43.091  -27.993  50.126 0.0000000000
49919  42.801  -27.525  49.668 0.0000000000
51149  42.379  -26.659  49.080 0.0000000000
49927  42.217  -27.492  48.779 0.0000000000
49928  41.670  -27.383  48.186 0.0000000000
49952  40.081  -27.002  46.549 0.0000000000
48699  35.652  -27.967  46.681 0.0000000000
71894  52.482  -9.260  35.311 0.0000000000
71889  56.478  -9.969  35.158 0.0000000000
42543  40.076  -33.382  58.986 0.0000000000
42542  40.849  -32.812  58.586 0.0000000000
42560  41.131  -32.731  57.474 0.0000000000
43712  41.218  -32.646  57.209 0.0000000000
43722  41.672  -32.317  56.941 0.0000000000
43723  40.979  -32.561  56.793 0.0000000000
43740  40.028  -32.199  56.302 0.0000000000
44940  39.695  -31.662  55.714 0.0000000000
43743  37.193  -32.111  55.928 0.0000000000
43746  34.211  -32.517  55.370 0.0000000000
43764  33.446  -32.440  54.491 0.0000000000
42593  33.094  -32.844  54.803 0.0000000000
42528  33.508  -33.696  60.999 0.0000000000
42546  33.128  -33.281  60.346 0.0000000000
44915  30.827  -31.595  56.003 0.0000000000
44945  30.647  -31.801  55.315 0.0000000000
43748  31.040  -32.145  55.241 0.0000000000
43767  30.680  -32.237  54.561 0.0000000000
43768  30.236  -31.914  54.606 0.0000000000
46163  25.728  -30.011  54.107 0.0000000000
47398  25.959  -29.772  53.300 0.0000000000
47443  23.796  -29.207  51.519 0.0000000000
65998  48.572  -14.352  36.444 0.0000000000
64815  48.940  -15.184  36.598 0.0000000000
45960  23.960  -29.520  66.760 0.0000000000
47211  23.680  -29.368  66.599 0.0000000000
47228  23.183  -29.050  66.340 0.0000000000
48443  22.352  -28.636  65.137 0.0000000000
49675  19.010  -27.591  66.496 0.0000000000
48445  20.533  -28.129  64.633 0.0000000000
47284  19.246  -28.980  61.712 0.0000000000
47262  18.961  -28.915  62.400 0.0000000000
74226  50.312  -7.401  34.904 0.0000000000
73007  54.290  -8.111  39.020 0.0000000000
71817  54.087  -8.572  40.476 0.0000000000
71833  54.135  -8.574  40.182 0.0000000000
70681  53.686  -9.574  39.955 0.0000000000
69448  50.976  -12.136  41.432 0.0000000000
68318  49.877  -12.698  40.846 0.0000000000
68319  49.277  -12.854  40.289 0.0000000000
68255  51.396  -11.817  46.096 0.0000000000
64721  46.251  -15.173  41.645 0.0000000000
64708  45.506  -15.595  42.456 0.0000000000
63534  44.427  -16.455  43.749 0.0000000000
63536  43.045  -16.860  42.901 0.0000000000
62395  42.326  -16.996  42.740 0.0000000000
56068  46.346  -22.574  51.975 0.0000000000
57279  46.683  -22.051  52.115 0.0000000000
57299  45.803  -22.046  51.137 0.0000000000
57319  45.713  -21.507  50.733 0.0000000000
57356  44.305  -21.090  48.702 0.0000000000
58636  44.854  -20.393  48.832 0.0000000000
59877  45.551  -19.335  48.944 0.0000000000
59895  45.196  -19.048  48.243 0.0000000000
61140  45.242  -18.426  47.722 0.0000000000
61154  44.981  -18.028  47.138 0.0000000000
59913  44.159  -19.041  47.136 0.0000000000
57445  41.293  -21.106  45.460 0.0000000000
58714  41.222  -20.486  44.920 0.0000000000
59969  40.881  -18.992  43.620 0.0000000000
59970  40.199  -19.533  43.292 0.0000000000
59990  39.555  -19.519  42.467 0.0000000000
56269  37.094  -22.420  41.114 0.0000000000
51219  38.224  -26.055  44.050 0.0000000000
51206  38.013  -26.575  44.263 0.0000000000
51256  33.362  -26.092  41.186 0.0000000000
52655  33.708  -25.376  40.802 0.0000000000
46174  36.434  -29.723  52.584 0.0000000000
47468  32.566  -29.888  49.783 0.0000000000
47452  33.204  -29.766  50.434 0.0000000000
47480  32.416  -29.628  48.598 0.0000000000
47494  32.691  -29.057  47.328 0.0000000000
47508  31.734  -29.037  46.812 0.0000000000
43850  27.953  -32.269  47.584 0.0000000000
43861  28.112  -32.210  47.203 0.0000000000
43860  28.343  -32.052  47.007 0.0000000000
46306  26.134  -30.072  44.199 0.0000000000
46289  26.654  -30.305  44.895 0.0000000000
47542  27.408  -29.441  44.562 0.0000000000
47541  28.601  -29.055  44.908 0.0000000000
70781  52.189  -11.082  32.085 0.0000000000
68400  52.296  -12.428  35.556 0.0000000000
67180  52.822  -13.273  35.536 0.0000000000
44772  25.458  -31.145  65.314 0.0000000000
44766  31.196  -31.640  64.525 0.0000000000
43572  30.601  -32.145  64.045 0.0000000000
43573  29.648  -32.054  63.887 0.0000000000
46075  43.711  -30.410  57.363 0.0000000000
46088  44.115  -30.105  56.735 0.0000000000
47375  44.911  -29.210  55.430 0.0000000000
47379  44.643  -29.551  54.717 0.0000000000
47378  45.296  -28.952  54.749 0.0000000000
47388  45.227  -29.013  53.982 0.0000000000
48604  45.575  -28.353  53.302 0.0000000000
49897  45.375  -27.688  52.428 0.0000000000
48609  45.037  -28.660  52.562 0.0000000000
48610  44.190  -28.678  51.958 0.0000000000
48618  43.359  -28.600  51.105 0.0000000000
47429  43.206  -29.130  51.823 0.0000000000
48646  40.200  -28.767  49.219 0.0000000000
48647  39.163  -28.681  49.292 0.0000000000
48648  38.092  -28.565  49.374 0.0000000000
48649  36.999  -28.399  49.477 0.0000000000
47470  25.679  -29.208  49.575 0.0000000000
45050  23.670  -31.182  48.415 0.0000000000
73060  55.273  -8.791  35.779 0.0000000000
47385  23.356  -29.663  53.966 0.0000000000
46145  21.212  -30.367  54.645 0.0000000000
43660  22.982  -31.655  60.049 0.0000000000
43684  22.811  -31.609  59.302 0.0000000000
44925  18.488  -31.499  56.556 0.0000000000
46081  18.120  -30.829  57.921 0.0000000000
44871  17.854  -31.097  57.973 0.0000000000
42525  39.352  -33.146  60.155 0.0000000000
41499  39.517  -33.548  59.457 0.0000000000
41513  39.577  -33.713  59.104 0.0000000000
42555  39.613  -33.708  58.474 0.0000000000
41533  38.936  -33.794  57.837 0.0000000000
42563  38.711  -33.583  57.499 0.0000000000
42576  38.254  -33.167  57.006 0.0000000000
42564  37.899  -33.511  57.576 0.0000000000
42565  36.939  -33.464  57.635 0.0000000000
42566  35.976  -33.466  57.735 0.0000000000
43699  30.666  -31.675  58.495 0.0000000000
67144  47.552  -13.730  37.415 0.0000000000
67163  47.826  -13.667  36.880 0.0000000000
48447  18.258  -28.568  64.144 0.0000000000
47246  18.017  -29.027  63.470 0.0000000000
47248  16.912  -29.675  64.546 0.0000000000
70649  53.013  -10.652  41.755 0.0000000000
67012  49.406  -13.633  46.250 0.0000000000
65863  46.808  -14.984  44.206 0.0000000000
64686  45.475  -15.944  44.647 0.0000000000
54907  43.876  -23.814  50.502 0.0000000000
54923  44.244  -23.167  50.181 0.0000000000
56100  43.549  -22.568  49.067 0.0000000000
54943  42.365  -23.418  48.174 0.0000000000
57377  43.231  -21.322  47.820 0.0000000000
58656  43.166  -20.757  47.446 0.0000000000
57428  42.215  -20.992  46.482 0.0000000000
56186  41.250  -22.080  46.015 0.0000000000
57446  40.708  -21.438  45.025 0.0000000000
57479  39.150  -21.464  43.114 0.0000000000
56222  38.623  -23.128  43.210 0.0000000000
56239  37.741  -23.175  42.344 0.0000000000
55070  37.268  -23.693  42.176 0.0000000000
49999  35.737  -27.145  43.405 0.0000000000
50018  35.067  -26.981  42.843 0.0000000000
50036  34.468  -26.839  42.311 0.0000000000
45021  31.971  -31.428  51.200 0.0000000000
46241  30.496  -30.567  47.837 0.0000000000
45086  25.726  -30.949  45.496 0.0000000000
46291  25.401  -30.740  44.206 0.0000000000
46308  24.840  -30.725  43.583 0.0000000000
73133  53.146  -8.297  30.318 0.0000000000
68424  54.420  -12.608  33.443 0.0000000000
44892  25.958  -30.946  58.227 0.0000000000
44863  26.309  -31.211  58.750 0.0000000000
44841  25.093  -31.349  59.602 0.0000000000
43681  25.736  -31.582  59.941 0.0000000000
44822  24.162  -31.475  60.193 0.0000000000
43682  23.844  -31.521  60.170 0.0000000000
46036  22.665  -30.986  61.113 0.0000000000
47329  22.295  -30.610  60.714 0.0000000000
41504  35.511  -34.396  60.616 0.0000000000
41487  35.133  -34.177  61.300 0.0000000000
41488  34.368  -34.058  61.410 0.0000000000
41473  33.511  -33.818  61.946 0.0000000000
41489  33.764  -33.905  61.537 0.0000000000
42529  32.778  -33.353  61.164 0.0000000000
43570  32.331  -32.201  63.903 0.0000000000
42479  32.094  -33.199  63.066 0.0000000000
42494  31.614  -33.119  62.614 0.0000000000
42531  31.397  -33.042  61.663 0.0000000000
65933  45.687  -15.066  39.015 0.0000000000
63608  44.891  -15.978  38.078 0.0000000000
69383  51.311  -11.427  46.453 0.0000000000
68235  50.606  -12.054  47.733 0.0000000000
67010  50.391  -12.586  47.303 0.0000000000
54890  46.453  -23.189  52.377 0.0000000000
54891  45.776  -23.490  51.945 0.0000000000
54892  45.110  -23.792  51.519 0.0000000000
51104  45.147  -27.108  52.050 0.0000000000
51105  44.668  -26.689  51.645 0.0000000000
49911  44.191  -27.432  50.978 0.0000000000
51119  44.090  -26.851  50.896 0.0000000000
52466  44.269  -25.683  51.407 0.0000000000
53742  44.042  -24.632  51.098 0.0000000000
53759  42.838  -24.669  49.584 0.0000000000
53779  42.286  -24.696  48.840 0.0000000000
52525  41.951  -25.764  48.688 0.0000000000
52589  39.895  -25.381  45.798 0.0000000000
51192  39.551  -26.332  45.624 0.0000000000
49966  39.158  -26.921  45.506 0.0000000000
51193  39.060  -26.617  45.104 0.0000000000
48696  38.623  -27.951  46.875 0.0000000000
48680  38.079  -28.292  47.599 0.0000000000
49985  35.290  -27.621  44.458 0.0000000000
49986  34.214  -27.623  44.258 0.0000000000
48735  34.409  -27.756  44.975 0.0000000000
43825  29.582  -32.219  50.642 0.0000000000
43833  28.939  -32.141  49.658 0.0000000000
45047  28.132  -32.121  48.366 0.0000000000
46245  25.825  -30.424  47.221 0.0000000000
45062  26.260  -30.783  46.891 0.0000000000
45087  24.702  -31.345  45.554 0.0000000000
71951  50.763  -9.021  32.788 0.0000000000
70752  52.320  -10.120  33.941 0.0000000000
47425  21.779  -29.912  52.315 0.0000000000
46078  23.866  -30.524  57.357 0.0000000000
44923  20.687  -31.312  56.746 0.0000000000
46120  20.651  -31.048  55.530 0.0000000000
44986  20.047  -31.257  54.717 0.0000000000
43673  41.389  -32.164  58.966 0.0000000000
46059  43.145  -30.745  58.291 0.0000000000
44910  43.095  -31.226  56.547 0.0000000000
44912  41.507  -32.016  56.468 0.0000000000
44938  41.937  -31.435  56.071 0.0000000000
46134  37.820  -30.589  54.063 0.0000000000
46135  36.740  -30.540  54.059 0.0000000000
46136  35.779  -30.771  54.023 0.0000000000
43727  37.746  -32.653  56.485 0.0000000000
43744  36.035  -32.226  55.747 0.0000000000
44944  35.952  -31.670  55.032 0.0000000000
44966  35.463  -31.336  54.456 0.0000000000
46137  35.306  -31.052  53.945 0.0000000000
46159  33.436  -31.452  53.067 0.0000000000
44996  33.123  -31.653  53.052 0.0000000000
43781  33.061  -32.224  53.776 0.0000000000
44983  32.926  -32.023  53.361 0.0000000000
44997  32.585  -31.848  52.698 0.0000000000
43796  31.867  -32.216  52.308 0.0000000000
41543  34.225  -33.632  57.663 0.0000000000
43714  31.869  -32.388  57.108 0.0000000000
42570  32.337  -32.790  57.351 0.0000000000
42603  32.076  -33.113  54.339 0.0000000000
43783  31.596  -32.836  53.855 0.0000000000
45011  29.048  -31.362  50.692 0.0000000000
44999  29.136  -31.106  51.692 0.0000000000
47455  26.560  -29.392  50.466 0.0000000000
46180  27.653  -29.836  52.675 0.0000000000
47419  27.242  -29.660  52.081 0.0000000000
47440  26.898  -29.521  51.529 0.0000000000
47472  23.669  -29.435  49.739 0.0000000000
70705  52.730  -10.219  37.377 0.0000000000
69501  52.391  -10.765  36.885 0.0000000000
69535  51.882  -11.794  35.860 0.0000000000
68403  49.610  -13.075  35.979 0.0000000000
66015  49.685  -13.767  35.896 0.0000000000
67183  49.979  -13.360  35.714 0.0000000000
67182  50.740  -13.287  35.669 0.0000000000
63624  46.591  -16.262  37.120 0.0000000000
49701  27.892  -27.927  64.308 0.0000000000
48441  26.261  -28.704  64.449 0.0000000000
48421  24.816  -28.555  66.014 0.0000000000
44753  25.051  -30.815  66.218 0.0000000000
44754  24.762  -31.149  65.773 0.0000000000
44755  24.410  -31.110  65.391 0.0000000000
46003  23.857  -30.713  64.338 0.0000000000
47305  21.551  -29.024  61.772 0.0000000000
49671  22.654  -28.010  67.223 0.0000000000
48405  22.336  -28.161  66.405 0.0000000000
47261  22.088  -28.724  63.895 0.0000000000
47332  19.602  -29.271  60.301 0.0000000000
47333  18.870  -29.599  60.089 0.0000000000
46047  18.341  -30.100  60.497 0.0000000000
47286  17.982  -29.658  62.535 0.0000000000
46027  17.946  -30.199  62.130 0.0000000000
74247  50.857  -7.790  32.855 0.0000000000
74236  51.275  -6.955  33.305 0.0000000000
73096  50.664  -8.352  33.303 0.0000000000
71914  50.885  -9.143  34.562 0.0000000000
74164  53.621  -7.410  39.342 0.0000000000
71851  53.948  -9.070  39.028 0.0000000000
71871  53.293  -9.654  37.963 0.0000000000
69490  51.504  -10.909  38.411 0.0000000000
69504  50.390  -11.663  38.242 0.0000000000
69462  52.529  -10.962  40.867 0.0000000000
69464  51.008  -11.913  40.879 0.0000000000
67113  48.277  -13.200  39.018 0.0000000000
65897  48.142  -13.955  41.346 0.0000000000
64709  44.820  -16.060  42.665 0.0000000000
64639  47.498  -16.237  47.999 0.0000000000
59844  47.829  -19.425  51.215 0.0000000000
56084  44.756  -22.726  50.336 0.0000000000
56098  45.123  -22.145  50.225 0.0000000000
58599  46.124  -20.885  50.798 0.0000000000
58619  46.639  -20.044  50.554 0.0000000000
59860  47.344  -19.120  50.639 0.0000000000
61118  47.262  -18.481  50.172 0.0000000000
62293  47.382  -17.622  49.541 0.0000000000
61126  46.274  -18.475  48.997 0.0000000000
62294  46.825  -17.933  49.092 0.0000000000
62304  47.149  -17.425  48.902 0.0000000000
63486  47.018  -16.462  47.751 0.0000000000
63487  46.331  -16.830  47.374 0.0000000000
63488  45.799  -17.013  46.864 0.0000000000
62338  45.131  -17.249  46.100 0.0000000000
62339  44.551  -17.470  45.748 0.0000000000
62340  43.876  -17.717  45.320 0.0000000000
59930  43.028  -19.103  45.960 0.0000000000
59931  42.328  -19.450  45.506 0.0000000000
61194  43.042  -17.946  44.627 0.0000000000
62354  43.035  -17.681  44.240 0.0000000000
61215  42.119  -17.915  43.741 0.0000000000
61217  40.712  -18.513  43.185 0.0000000000
53858  38.321  -25.050  43.751 0.0000000000
52621  38.051  -25.506  43.709 0.0000000000
53870  37.960  -24.594  43.235 0.0000000000
55071  36.876  -24.212  41.988 0.0000000000
51222  36.247  -26.689  43.273 0.0000000000
51236  36.414  -26.202  43.081 0.0000000000
52640  34.938  -25.828  41.794 0.0000000000
52652  36.046  -25.263  41.801 0.0000000000
53904  35.987  -24.668  41.314 0.0000000000
47395  39.011  -29.494  52.945 0.0000000000
47415  38.455  -29.150  52.306 0.0000000000
48615  38.310  -28.937  51.841 0.0000000000
47435  37.362  -29.127  51.647 0.0000000000
48624  37.149  -28.873  50.987 0.0000000000
48650  35.787  -28.500  49.567 0.0000000000
46189  34.972  -29.646  51.564 0.0000000000
47451  34.138  -29.325  50.238 0.0000000000
47450  35.158  -28.898  50.287 0.0000000000
47465  35.142  -28.708  49.593 0.0000000000
48651  35.146  -28.615  49.230 0.0000000000
48666  35.220  -28.517  48.497 0.0000000000
48684  34.062  -28.507  47.282 0.0000000000
48702  32.877  -28.462  46.409 0.0000000000
49972  32.285  -28.052  45.061 0.0000000000
49988  32.129  -27.877  44.535 0.0000000000
49989  31.486  -27.924  44.411 0.0000000000
43831  30.216  -32.176  49.396 0.0000000000
43837  29.919  -32.004  48.764 0.0000000000
45045  30.311  -31.649  48.848 0.0000000000
45058  30.166  -31.292  48.176 0.0000000000
45084  27.689  -31.219  45.826 0.0000000000
46274  27.837  -30.659  45.556 0.0000000000
46260  28.823  -30.828  46.463 0.0000000000
46258  30.362  -30.168  47.244 0.0000000000
47523  30.223  -28.934  45.824 0.0000000000
48722  30.153  -28.620  45.395 0.0000000000
47540  29.201  -28.760  44.943 0.0000000000
48739  30.588  -28.189  44.966 0.0000000000
50004  30.265  -27.583  43.467 0.0000000000
68425  53.650  -12.626  32.983 0.0000000000
69512  53.673  -10.579  36.112 0.0000000000
42497  29.778  -32.562  62.946 0.0000000000
42544  39.592  -33.750  58.860 0.0000000000
42553  41.053  -32.848  57.887 0.0000000000
43589  34.716  -32.305  63.068 0.0000000000
43590  34.255  -32.509  63.282 0.0000000000
43695  41.905  -31.845  58.394 0.0000000000
43700  23.069  -31.611  59.176 0.0000000000
43739  40.684  -32.296  56.442 0.0000000000
43840  28.025  -32.368  48.111 0.0000000000
44738  24.808  -30.541  66.520 0.0000000000
44740  24.281  -30.908  65.956 0.0000000000
44774  24.302  -31.160  64.717 0.0000000000
44937  42.336  -31.338  56.163 0.0000000000
45024  28.716  -31.824  49.991 0.0000000000
45046  29.862  -31.780  48.377 0.0000000000
45048  27.797  -32.013  47.925 0.0000000000
45083  28.084  -31.157  45.821 0.0000000000
45959  24.268  -29.561  66.838 0.0000000000
46045  22.364  -31.073  60.555 0.0000000000
46074  44.053  -30.076  57.145 0.0000000000
46090  43.050  -31.042  56.213 0.0000000000
46200  32.762  -30.155  50.698 0.0000000000
46225  31.822  -29.971  48.699 0.0000000000
46273  28.342  -30.821  45.912 0.0000000000
47350  18.879  -29.681  59.712 0.0000000000
47353  43.695  -29.629  57.907 0.0000000000
47384  24.165  -29.815  54.076 0.0000000000
47434  37.952  -29.044  51.918 0.0000000000
48392  22.981  -28.159  67.469 0.0000000000
48458  22.053  -28.586  64.403 0.0000000000
48613  40.528  -28.824  51.713 0.0000000000
48734  35.020  -27.844  45.181 0.0000000000
49655  22.490  -27.661  67.519 0.0000000000
49688  22.056  -27.907  66.353 0.0000000000
49690  18.837  -27.934  65.870 0.0000000000
49872  45.888  -27.885  54.740 0.0000000000
49886  45.941  -27.316  53.319 0.0000000000
49887  45.737  -27.854  53.080 0.0000000000
51089  45.004  -26.148  52.087 0.0000000000
52465  44.740  -25.625  51.924 0.0000000000
54877  46.220  -23.788  52.557 0.0000000000
57404  41.872  -21.913  46.599 0.0000000000
61238  39.732  -19.012  42.398 0.0000000000
67184  49.596  -13.446  35.926 0.0000000000
68272  50.371  -12.777  44.803 0.0000000000
70791  51.915  -10.448  31.103 0.0000000000
71908  56.630  -9.959  34.973 0.0000000000
74163  54.120  -7.760  39.546 0.0000000000
