#!ascii label  , from subject sub.01.bl.01 vox2ras=TkReg
1110
57236  21.986  -19.831  54.405 0.0000000000
53583  33.745  -22.639  60.426 0.0000000000
74201  37.355  -6.816  36.929 0.0000000000
64658  31.688  -15.478  48.161 0.0000000000
59835  36.572  -18.869  52.983 0.0000000000
84005  46.897  1.254  29.563 0.0000000000
71809  38.313  -9.493  41.351 0.0000000000
70656  32.938  -9.934  41.424 0.0000000000
57239  16.816  -21.038  55.474 0.0000000000
54799  26.992  -21.505  57.741 0.0000000000
58505  30.636  -20.155  55.363 0.0000000000
57310  23.712  -20.760  51.161 0.0000000000
79738  42.065  -2.570  33.227 0.0000000000
62215  26.151  -17.430  59.187 0.0000000000
59744  20.752  -18.468  60.159 0.0000000000
77480  41.671  -4.840  37.118 0.0000000000
55916  16.182  -19.758  60.047 0.0000000000
54742  10.998  -22.895  60.330 0.0000000000
71737  33.591  -9.488  46.850 0.0000000000
64633  34.946  -16.250  50.659 0.0000000000
57363  34.884  -22.025  48.241 0.0000000000
54884  33.307  -21.847  52.260 0.0000000000
72971  37.659  -8.717  43.087 0.0000000000
71812  35.186  -9.525  40.929 0.0000000000
71755  35.645  -8.727  43.717 0.0000000000
74133  39.677  -7.340  42.551 0.0000000000
58567  19.569  -20.073  52.252 0.0000000000
57274  17.264  -21.156  53.389 0.0000000000
58510  19.581  -19.918  54.961 0.0000000000
55996  24.521  -20.512  55.331 0.0000000000
54869  25.672  -21.088  54.572 0.0000000000
58563  22.811  -20.960  52.932 0.0000000000
57331  21.689  -20.778  50.401 0.0000000000
75346  37.330  -5.715  35.497 0.0000000000
73034  40.051  -8.028  37.903 0.0000000000
75326  40.206  -6.309  36.669 0.0000000000
76446  39.344  -5.017  35.228 0.0000000000
59721  20.989  -18.598  62.277 0.0000000000
57160  18.931  -19.989  60.456 0.0000000000
58431  18.843  -18.908  62.423 0.0000000000
57092  12.032  -21.175  64.936 0.0000000000
57137  12.375  -20.915  62.514 0.0000000000
54722  10.253  -23.123  62.638 0.0000000000
52295  8.566  -24.720  62.979 0.0000000000
52267  8.630  -24.703  65.135 0.0000000000
66951  36.709  -14.145  52.539 0.0000000000
63457  35.965  -16.793  52.081 0.0000000000
59882  35.296  -19.416  49.732 0.0000000000
57322  35.832  -20.516  50.831 0.0000000000
59825  29.700  -18.879  52.699 0.0000000000
56040  32.469  -20.904  53.525 0.0000000000
58605  31.102  -20.176  50.705 0.0000000000
56108  31.899  -22.268  49.108 0.0000000000
68240  31.909  -12.405  47.958 0.0000000000
69403  31.230  -11.977  44.984 0.0000000000
65857  29.837  -14.550  45.634 0.0000000000
85156  48.902  2.297  26.721 0.0000000000
84019  47.644  1.174  26.907 0.0000000000
71874  38.015  -9.130  38.372 0.0000000000
71844  35.562  -9.342  39.636 0.0000000000
71824  40.755  -8.957  40.389 0.0000000000
55925  30.448  -21.499  59.622 0.0000000000
54793  32.525  -21.457  57.758 0.0000000000
54833  28.707  -21.132  56.782 0.0000000000
57269  27.218  -20.043  53.574 0.0000000000
59855  25.684  -19.241  49.844 0.0000000000
80761  44.154  -1.794  36.344 0.0000000000
80772  45.026  -1.285  34.047 0.0000000000
81847  44.528  -0.560  31.295 0.0000000000
81861  44.850  0.245  28.850 0.0000000000
59770  24.186  -18.825  57.037 0.0000000000
59772  21.110  -18.826  57.267 0.0000000000
62229  23.569  -16.958  58.713 0.0000000000
57173  26.564  -20.360  58.245 0.0000000000
78597  42.076  -3.798  35.399 0.0000000000
57200  19.116  -20.244  58.212 0.0000000000
55953  17.170  -20.228  58.311 0.0000000000
55981  14.095  -22.267  57.307 0.0000000000
57134  15.467  -19.616  62.037 0.0000000000
58458  13.498  -20.510  60.687 0.0000000000
49665  6.480  -26.982  67.045 0.0000000000
72920  35.942  -8.483  46.283 0.0000000000
68217  33.500  -12.756  50.139 0.0000000000
66970  34.892  -13.779  51.498 0.0000000000
65826  33.879  -15.216  49.799 0.0000000000
61134  34.496  -18.579  48.825 0.0000000000
58680  35.107  -20.342  46.816 0.0000000000
56168  33.158  -22.301  46.291 0.0000000000
53667  33.978  -22.109  56.046 0.0000000000
54864  34.546  -22.546  53.888 0.0000000000
56072  36.080  -22.005  52.169 0.0000000000
56089  34.483  -22.405  50.151 0.0000000000
56144  32.364  -22.690  47.539 0.0000000000
71759  32.697  -9.704  44.153 0.0000000000
69438  30.517  -11.738  42.048 0.0000000000
72956  38.156  -8.476  43.885 0.0000000000
71771  36.885  -8.795  42.904 0.0000000000
72942  37.272  -8.374  44.730 0.0000000000
74121  39.146  -7.428  43.749 0.0000000000
57255  20.756  -19.779  53.450 0.0000000000
58526  19.483  -19.957  53.902 0.0000000000
57237  20.856  -19.673  54.210 0.0000000000
57235  23.165  -20.236  54.512 0.0000000000
56028  23.616  -20.664  53.841 0.0000000000
57253  22.776  -20.562  53.793 0.0000000000
57291  21.611  -20.600  52.381 0.0000000000
75329  36.787  -6.099  36.190 0.0000000000
74189  38.927  -7.797  37.326 0.0000000000
74198  40.135  -7.161  37.079 0.0000000000
74200  38.509  -7.039  36.777 0.0000000000
75328  38.092  -6.220  36.041 0.0000000000
55856  11.223  -22.210  65.355 0.0000000000
55879  11.347  -21.931  63.774 0.0000000000
54711  10.214  -23.005  63.683 0.0000000000
53546  9.652  -23.519  63.058 0.0000000000
54712  9.559  -23.369  64.122 0.0000000000
52283  8.552  -24.706  64.094 0.0000000000
63450  37.017  -16.402  53.085 0.0000000000
61113  36.134  -18.213  52.197 0.0000000000
59866  35.703  -19.148  50.789 0.0000000000
58603  36.189  -19.766  51.651 0.0000000000
53597  34.525  -22.682  59.455 0.0000000000
59852  28.382  -18.852  50.778 0.0000000000
58584  30.295  -19.308  51.604 0.0000000000
58627  29.803  -19.762  49.663 0.0000000000
57348  30.267  -20.324  49.424 0.0000000000
67007  31.482  -13.759  48.127 0.0000000000
67019  30.640  -13.780  46.569 0.0000000000
82911  47.230  1.076  30.472 0.0000000000
84000  48.472  1.873  30.672 0.0000000000
85144  48.014  2.314  29.501 0.0000000000
84007  47.824  2.060  28.103 0.0000000000
84008  47.230  1.706  28.590 0.0000000000
71842  37.643  -9.659  39.655 0.0000000000
71860  36.262  -9.084  38.888 0.0000000000
71843  36.573  -9.588  39.584 0.0000000000
70655  34.185  -9.768  41.178 0.0000000000
70672  33.998  -9.722  40.246 0.0000000000
70673  33.008  -9.972  40.509 0.0000000000
71789  39.316  -8.904  41.574 0.0000000000
71826  38.976  -9.537  40.615 0.0000000000
71857  39.440  -9.342  39.132 0.0000000000
57257  16.792  -21.415  54.468 0.0000000000
57223  16.268  -21.266  55.834 0.0000000000
54772  28.504  -21.344  58.526 0.0000000000
54796  29.249  -21.042  57.986 0.0000000000
54818  27.914  -21.839  57.050 0.0000000000
56060  24.866  -20.506  53.285 0.0000000000
56058  26.415  -20.317  53.708 0.0000000000
57308  25.537  -20.093  52.269 0.0000000000
58585  26.735  -19.584  51.812 0.0000000000
57327  24.810  -20.154  50.660 0.0000000000
57329  23.206  -20.806  50.304 0.0000000000
61160  33.953  -19.234  46.459 0.0000000000
79732  43.351  -2.492  34.556 0.0000000000
80770  44.269  -1.651  34.497 0.0000000000
79741  43.283  -2.066  33.223 0.0000000000
80783  43.488  -1.080  31.416 0.0000000000
81848  43.843  -0.585  30.669 0.0000000000
81851  45.348  -0.035  30.736 0.0000000000
61050  24.980  -18.074  58.037 0.0000000000
61051  23.857  -17.660  58.036 0.0000000000
63391  24.919  -16.858  58.699 0.0000000000
59751  26.723  -19.152  58.756 0.0000000000
58477  25.539  -19.651  57.620 0.0000000000
78589  42.949  -3.318  35.914 0.0000000000
77500  41.987  -4.461  36.076 0.0000000000
77521  39.765  -3.914  34.267 0.0000000000
61053  21.362  -18.166  58.436 0.0000000000
59773  20.212  -19.383  57.817 0.0000000000
59763  20.059  -19.153  58.766 0.0000000000
55897  18.095  -20.112  60.181 0.0000000000
55932  17.744  -20.226  59.039 0.0000000000
55933  17.018  -20.076  58.979 0.0000000000
55980  15.290  -21.240  57.330 0.0000000000
55955  14.933  -20.952  58.521 0.0000000000
58418  15.427  -19.498  63.958 0.0000000000
55901  11.632  -21.927  61.238 0.0000000000
57151  12.864  -20.562  61.590 0.0000000000
55919  12.033  -21.850  60.388 0.0000000000
55958  12.423  -22.373  58.969 0.0000000000
70553  33.687  -10.825  49.955 0.0000000000
65812  35.746  -15.443  51.832 0.0000000000
66952  36.036  -13.880  52.345 0.0000000000
65797  35.151  -14.562  51.351 0.0000000000
65815  34.154  -14.423  50.210 0.0000000000
64634  34.620  -15.662  50.391 0.0000000000
63482  33.954  -17.120  49.407 0.0000000000
63480  34.865  -17.177  50.244 0.0000000000
58642  35.152  -20.255  49.225 0.0000000000
59883  34.896  -19.636  49.067 0.0000000000
57381  35.194  -21.053  47.299 0.0000000000
57408  34.550  -21.286  46.508 0.0000000000
57382  34.614  -21.854  47.531 0.0000000000
55992  31.126  -20.624  56.899 0.0000000000
54792  33.381  -21.875  57.507 0.0000000000
55991  32.113  -20.691  56.371 0.0000000000
56056  32.715  -21.229  52.788 0.0000000000
53698  33.681  -22.123  54.279 0.0000000000
54883  33.833  -22.415  52.673 0.0000000000
56038  35.407  -22.117  53.252 0.0000000000
54897  34.447  -22.713  52.007 0.0000000000
56088  35.236  -22.313  50.841 0.0000000000
54913  33.728  -22.338  50.440 0.0000000000
56122  30.965  -22.015  48.301 0.0000000000
56120  32.080  -22.856  48.569 0.0000000000
71736  34.516  -8.763  46.315 0.0000000000
71743  34.039  -8.808  45.132 0.0000000000
71744  33.453  -9.353  45.788 0.0000000000
67069  29.735  -13.263  43.877 0.0000000000
69425  31.167  -11.426  43.488 0.0000000000
85161  49.874  2.449  25.942 0.0000000000
71791  37.693  -9.144  42.233 0.0000000000
71810  37.231  -9.552  41.352 0.0000000000
71792  36.516  -9.163  42.116 0.0000000000
71793  35.315  -9.217  42.139 0.0000000000
71794  34.438  -9.222  42.613 0.0000000000
75277  39.651  -6.621  43.291 0.0000000000
72969  39.310  -8.445  42.155 0.0000000000
58568  18.588  -20.436  52.488 0.0000000000
58547  17.878  -20.362  53.739 0.0000000000
58511  18.226  -20.274  55.300 0.0000000000
54820  26.365  -21.289  56.765 0.0000000000
54836  26.558  -21.516  56.042 0.0000000000
54854  25.328  -21.053  54.897 0.0000000000
56044  24.358  -20.602  53.747 0.0000000000
56062  23.304  -20.865  52.466 0.0000000000
57311  23.015  -21.039  51.090 0.0000000000
57313  21.813  -20.747  51.550 0.0000000000
58589  20.599  -20.277  51.225 0.0000000000
79744  40.544  -2.505  32.364 0.0000000000
63363  26.240  -16.396  59.890 0.0000000000
74171  41.087  -7.591  38.473 0.0000000000
75317  40.898  -6.286  37.488 0.0000000000
76420  40.702  -5.674  36.552 0.0000000000
76432  41.030  -5.222  36.337 0.0000000000
76434  39.493  -5.582  36.076 0.0000000000
76436  37.848  -5.392  35.090 0.0000000000
59732  20.826  -18.443  61.200 0.0000000000
58456  19.677  -19.441  60.362 0.0000000000
59733  20.259  -18.944  61.399 0.0000000000
57144  19.031  -19.514  61.536 0.0000000000
57146  17.550  -19.737  60.983 0.0000000000
57090  13.625  -20.071  63.797 0.0000000000
57115  12.140  -21.155  63.764 0.0000000000
55890  11.236  -22.114  62.701 0.0000000000
53560  10.368  -23.255  61.667 0.0000000000
53576  10.020  -23.930  61.113 0.0000000000
64621  36.069  -15.946  52.153 0.0000000000
63458  35.633  -16.941  51.471 0.0000000000
62309  35.451  -17.967  50.261 0.0000000000
61123  35.633  -18.486  50.770 0.0000000000
58640  35.525  -19.835  50.283 0.0000000000
57345  35.286  -21.322  49.411 0.0000000000
59805  30.102  -19.334  54.339 0.0000000000
57248  31.791  -20.542  54.684 0.0000000000
58560  31.294  -19.702  53.019 0.0000000000
57306  31.627  -20.025  52.400 0.0000000000
57324  32.490  -21.094  51.283 0.0000000000
56091  32.661  -21.469  50.766 0.0000000000
58604  31.396  -20.638  50.202 0.0000000000
57365  30.623  -21.460  48.422 0.0000000000
70583  32.432  -10.857  47.679 0.0000000000
70602  32.266  -10.599  45.814 0.0000000000
68266  31.533  -12.114  46.104 0.0000000000
67033  30.324  -13.515  45.736 0.0000000000
85150  49.114  3.182  28.106 0.0000000000
85151  48.564  2.392  27.426 0.0000000000
73037  37.344  -8.252  38.025 0.0000000000
74191  36.585  -7.585  37.780 0.0000000000
73017  36.113  -8.133  38.464 0.0000000000
71830  34.879  -9.477  40.347 0.0000000000
71846  33.672  -9.420  39.401 0.0000000000
74132  40.852  -7.405  41.965 0.0000000000
74140  41.549  -7.853  41.414 0.0000000000
72978  41.978  -8.243  40.938 0.0000000000
73004  40.629  -8.963  39.425 0.0000000000
73014  39.135  -9.049  38.350 0.0000000000
53585  32.306  -22.117  60.597 0.0000000000
53599  33.179  -22.375  59.793 0.0000000000
54769  31.170  -21.405  58.930 0.0000000000
54815  29.784  -20.708  57.514 0.0000000000
57215  29.880  -20.397  56.430 0.0000000000
54852  26.867  -21.455  55.365 0.0000000000
56024  28.207  -20.817  55.506 0.0000000000
58523  29.303  -19.662  55.019 0.0000000000
58561  28.055  -19.326  52.699 0.0000000000
59839  27.739  -19.070  51.717 0.0000000000
59869  27.130  -18.947  49.603 0.0000000000
81837  45.793  -0.844  33.492 0.0000000000
80778  43.528  -1.590  32.509 0.0000000000
81842  44.856  -0.833  32.071 0.0000000000
81840  46.481  -0.448  32.847 0.0000000000
81850  45.989  -0.010  31.250 0.0000000000
82912  46.217  0.474  30.628 0.0000000000
82916  46.395  0.958  29.570 0.0000000000
82919  46.155  0.883  28.457 0.0000000000
58491  22.515  -19.275  55.588 0.0000000000
59793  21.121  -19.136  55.560 0.0000000000
61066  22.701  -18.385  56.785 0.0000000000
61060  22.000  -18.219  57.409 0.0000000000
62217  22.772  -17.160  59.758 0.0000000000
64539  24.751  -15.928  59.860 0.0000000000
61032  21.985  -17.440  61.287 0.0000000000
61019  22.130  -17.487  62.148 0.0000000000
53553  33.515  -22.295  61.807 0.0000000000
53571  31.779  -21.865  61.184 0.0000000000
54738  29.610  -21.048  59.914 0.0000000000
54752  27.901  -21.183  59.157 0.0000000000
55910  27.953  -20.686  59.464 0.0000000000
55948  26.820  -21.179  58.045 0.0000000000
57198  25.462  -20.134  56.916 0.0000000000
57217  24.353  -19.987  55.841 0.0000000000
79719  44.050  -2.302  37.141 0.0000000000
79726  43.443  -2.505  35.345 0.0000000000
78607  42.327  -3.019  34.356 0.0000000000
77508  40.861  -4.221  35.312 0.0000000000
78608  41.111  -3.687  34.620 0.0000000000
78620  41.554  -3.046  33.730 0.0000000000
58492  19.924  -19.737  56.111 0.0000000000
58493  18.758  -20.286  56.420 0.0000000000
57221  17.882  -20.513  56.812 0.0000000000
55930  18.678  -20.182  59.081 0.0000000000
55977  18.088  -20.517  58.035 0.0000000000
57204  16.531  -20.761  56.636 0.0000000000
55997  15.693  -21.336  56.419 0.0000000000
55999  14.246  -22.648  56.712 0.0000000000
57110  16.974  -19.514  62.726 0.0000000000
57148  16.168  -19.563  61.060 0.0000000000
58446  13.855  -20.075  61.425 0.0000000000
57163  14.866  -19.971  60.182 0.0000000000
57189  13.794  -21.490  58.962 0.0000000000
50896  7.599  -25.874  66.170 0.0000000000
72929  37.427  -8.299  45.739 0.0000000000
71732  33.619  -9.809  47.809 0.0000000000
70568  32.627  -10.981  48.434 0.0000000000
68232  32.339  -12.530  48.768 0.0000000000
65828  32.323  -13.996  49.109 0.0000000000
68216  33.800  -13.111  50.382 0.0000000000
65816  33.651  -13.863  49.932 0.0000000000
65836  32.622  -15.023  49.011 0.0000000000
64656  32.902  -16.318  48.839 0.0000000000
62321  33.609  -17.907  48.533 0.0000000000
59919  34.356  -19.398  47.073 0.0000000000
61133  34.778  -18.876  49.127 0.0000000000
59900  34.777  -19.713  47.907 0.0000000000
58702  35.216  -20.110  45.814 0.0000000000
57433  34.166  -21.121  45.689 0.0000000000
57434  33.611  -21.748  45.800 0.0000000000
58536  36.967  -19.650  53.807 0.0000000000
53615  33.974  -22.512  58.775 0.0000000000
53632  34.668  -22.577  57.663 0.0000000000
53665  34.736  -22.304  56.093 0.0000000000
54849  33.392  -21.656  54.749 0.0000000000
53680  34.187  -22.393  55.258 0.0000000000
54847  35.179  -22.228  55.059 0.0000000000
56037  35.731  -21.593  53.870 0.0000000000
57282  36.345  -20.937  53.242 0.0000000000
58581  36.400  -20.264  52.313 0.0000000000
57323  35.900  -21.211  50.973 0.0000000000
56103  35.535  -21.664  50.566 0.0000000000
56105  34.377  -22.413  49.237 0.0000000000
54914  32.800  -22.318  50.108 0.0000000000
56106  33.629  -22.895  49.061 0.0000000000
56118  34.189  -22.453  48.224 0.0000000000
56143  33.417  -22.454  47.310 0.0000000000
72944  35.319  -8.529  44.535 0.0000000000
71757  34.047  -8.966  44.146 0.0000000000
70623  33.138  -9.547  43.063 0.0000000000
70612  32.252  -10.126  44.705 0.0000000000
69424  31.743  -10.746  42.913 0.0000000000
69436  31.784  -10.913  41.933 0.0000000000
82929  46.600  0.363  26.968 0.0000000000
74114  38.654  -7.921  44.456 0.0000000000
72957  37.102  -8.521  43.740 0.0000000000
72941  38.034  -8.136  45.029 0.0000000000
57254  21.742  -20.205  53.620 0.0000000000
74202  36.193  -6.862  36.821 0.0000000000
74190  37.851  -7.702  37.436 0.0000000000
54688  10.864  -22.561  65.380 0.0000000000
54697  10.830  -22.568  64.295 0.0000000000
54698  10.217  -22.999  64.740 0.0000000000
53535  9.087  -24.014  64.619 0.0000000000
62272  37.101  -17.439  53.393 0.0000000000
62279  36.554  -17.272  52.892 0.0000000000
61105  36.591  -18.146  52.878 0.0000000000
59849  36.276  -18.988  52.222 0.0000000000
53567  34.316  -22.670  61.034 0.0000000000
53582  34.431  -22.689  60.277 0.0000000000
59868  28.172  -19.098  49.674 0.0000000000
59867  29.040  -19.081  49.972 0.0000000000
58628  29.048  -19.471  49.211 0.0000000000
65838  31.314  -14.497  47.857 0.0000000000
82915  47.003  1.191  29.850 0.0000000000
82910  47.840  1.400  30.717 0.0000000000
84001  47.729  1.505  30.432 0.0000000000
84004  47.484  1.655  29.734 0.0000000000
84009  46.745  1.328  29.015 0.0000000000
71827  37.967  -9.709  40.549 0.0000000000
71828  36.876  -9.746  40.463 0.0000000000
69451  32.427  -10.314  40.887 0.0000000000
69468  32.479  -10.269  40.484 0.0000000000
71808  39.145  -9.223  41.236 0.0000000000
71841  38.707  -9.705  39.788 0.0000000000
58512  17.351  -20.659  55.299 0.0000000000
57258  16.345  -21.939  54.445 0.0000000000
57240  16.284  -21.774  54.953 0.0000000000
54798  27.761  -21.680  57.788 0.0000000000
54797  28.493  -21.443  57.857 0.0000000000
54819  27.124  -21.649  56.945 0.0000000000
56076  24.746  -20.511  52.485 0.0000000000
56075  25.308  -20.333  52.895 0.0000000000
57309  24.755  -20.384  51.406 0.0000000000
58587  25.445  -20.011  51.533 0.0000000000
57328  24.168  -20.479  50.254 0.0000000000
79733  43.019  -2.652  34.168 0.0000000000
79736  43.496  -2.197  33.836 0.0000000000
79737  42.773  -2.536  33.623 0.0000000000
81853  43.711  -0.542  29.821 0.0000000000
61049  25.757  -18.216  58.666 0.0000000000
62227  25.338  -17.346  58.607 0.0000000000
61040  26.362  -18.322  58.996 0.0000000000
59760  26.010  -18.801  58.849 0.0000000000
76405  42.306  -5.111  38.138 0.0000000000
77479  42.364  -4.579  37.497 0.0000000000
78580  42.508  -4.208  36.903 0.0000000000
77493  42.082  -4.462  36.727 0.0000000000
59753  20.667  -18.547  59.140 0.0000000000
55915  16.996  -19.858  59.697 0.0000000000
55914  17.670  -20.089  59.648 0.0000000000
55934  16.094  -20.065  59.094 0.0000000000
55935  15.367  -20.228  59.528 0.0000000000
58402  14.959  -19.514  64.483 0.0000000000
54730  11.418  -22.357  60.643 0.0000000000
54741  11.596  -22.489  59.949 0.0000000000
65813  35.330  -15.361  51.292 0.0000000000
65814  34.782  -15.106  50.687 0.0000000000
64644  34.670  -16.613  50.249 0.0000000000
57362  35.167  -21.269  48.745 0.0000000000
58660  35.022  -20.404  48.137 0.0000000000
57213  31.321  -20.494  56.386 0.0000000000
57230  31.344  -20.336  55.672 0.0000000000
54898  33.870  -22.326  51.607 0.0000000000
54912  34.483  -22.538  51.099 0.0000000000
72970  38.431  -8.715  42.748 0.0000000000
72958  36.377  -8.673  43.527 0.0000000000
71772  35.968  -8.904  42.898 0.0000000000
70637  34.573  -9.448  41.943 0.0000000000
71773  35.073  -8.918  43.064 0.0000000000
76367  39.799  -5.756  43.620 0.0000000000
72955  38.968  -8.166  43.179 0.0000000000
71790  38.763  -9.149  41.954 0.0000000000
58546  18.612  -20.209  53.458 0.0000000000
58527  18.534  -20.161  54.336 0.0000000000
58528  17.574  -20.536  54.450 0.0000000000
55995  25.309  -20.709  56.190 0.0000000000
54837  25.709  -21.292  55.718 0.0000000000
56011  24.914  -20.841  55.160 0.0000000000
57270  22.967  -20.781  53.322 0.0000000000
56045  23.536  -20.764  53.210 0.0000000000
56063  22.916  -21.103  51.928 0.0000000000
57290  22.523  -21.080  52.429 0.0000000000
58566  20.736  -19.931  52.086 0.0000000000
58565  21.276  -20.267  51.640 0.0000000000
58590  19.726  -20.426  51.372 0.0000000000
73013  40.376  -8.521  38.654 0.0000000000
75318  40.420  -6.804  37.235 0.0000000000
75325  40.688  -5.902  36.906 0.0000000000
76433  40.423  -5.395  36.110 0.0000000000
75344  39.759  -5.989  36.414 0.0000000000
75345  37.985  -5.844  35.429 0.0000000000
76435  38.586  -5.542  35.556 0.0000000000
57130  18.641  -19.450  61.856 0.0000000000
57145  18.320  -19.974  60.942 0.0000000000
57131  17.999  -19.670  61.749 0.0000000000
57076  13.073  -20.355  65.361 0.0000000000
57091  12.862  -20.493  64.290 0.0000000000
54710  10.744  -22.562  63.220 0.0000000000
54721  10.692  -22.599  62.208 0.0000000000
53561  9.821  -23.740  62.048 0.0000000000
53562  9.172  -24.187  62.460 0.0000000000
52268  7.952  -25.440  64.688 0.0000000000
63451  36.423  -16.608  52.639 0.0000000000
64620  36.333  -16.227  52.457 0.0000000000
62298  35.523  -17.847  50.815 0.0000000000
62288  35.706  -17.657  51.440 0.0000000000
58624  35.791  -19.808  50.831 0.0000000000
57360  35.424  -20.248  49.976 0.0000000000
57343  35.533  -20.385  50.221 0.0000000000
59815  29.939  -18.946  53.569 0.0000000000
59814  30.655  -19.463  53.674 0.0000000000
59824  30.508  -19.234  52.793 0.0000000000
58606  30.287  -19.517  50.859 0.0000000000
58583  30.899  -19.629  51.845 0.0000000000
57326  31.526  -20.179  51.550 0.0000000000
57305  32.043  -20.416  52.047 0.0000000000
57325  31.923  -20.835  50.857 0.0000000000
57347  30.684  -20.678  49.286 0.0000000000
69381  32.060  -11.583  47.303 0.0000000000
69391  31.842  -11.442  46.380 0.0000000000
68251  31.560  -12.358  47.022 0.0000000000
67032  30.920  -13.176  46.291 0.0000000000
84012  47.976  1.747  27.339 0.0000000000
82927  48.060  0.776  26.343 0.0000000000
71875  37.557  -8.883  38.197 0.0000000000
73038  36.758  -8.127  38.234 0.0000000000
73016  36.852  -8.734  38.311 0.0000000000
71861  35.275  -8.753  39.003 0.0000000000
71862  34.207  -8.880  38.819 0.0000000000
71811  35.998  -9.463  41.262 0.0000000000
71829  35.847  -9.571  40.363 0.0000000000
70688  33.322  -9.798  39.886 0.0000000000
70687  33.888  -9.586  39.842 0.0000000000
71847  32.949  -9.692  39.341 0.0000000000
75289  40.483  -6.657  42.516 0.0000000000
76379  40.906  -5.845  42.602 0.0000000000
72993  40.622  -8.722  40.801 0.0000000000
74141  40.825  -8.045  41.471 0.0000000000
72979  41.161  -8.460  41.125 0.0000000000
71823  41.042  -8.893  40.334 0.0000000000
73003  41.321  -8.658  39.650 0.0000000000
71839  40.592  -9.292  39.963 0.0000000000
71858  38.402  -9.460  38.863 0.0000000000
73015  38.481  -9.141  38.307 0.0000000000
73036  38.341  -8.593  37.919 0.0000000000
53601  31.545  -21.964  60.078 0.0000000000
53618  31.505  -21.790  59.563 0.0000000000
54748  30.773  -21.578  59.557 0.0000000000
54817  28.590  -21.362  57.221 0.0000000000
54795  30.227  -20.824  57.977 0.0000000000
54816  29.285  -20.842  57.374 0.0000000000
55993  29.999  -20.586  57.096 0.0000000000
56008  29.306  -20.520  56.551 0.0000000000
54853  26.045  -21.472  55.200 0.0000000000
54868  26.298  -21.336  54.758 0.0000000000
56041  26.923  -20.650  54.247 0.0000000000
57251  27.556  -20.429  54.378 0.0000000000
57250  28.276  -20.260  54.969 0.0000000000
57268  27.925  -20.074  54.074 0.0000000000
58524  28.590  -19.635  54.207 0.0000000000
58541  27.520  -19.768  53.202 0.0000000000
58608  26.393  -19.481  51.128 0.0000000000
58607  26.768  -19.440  51.283 0.0000000000
59854  26.334  -19.183  50.274 0.0000000000
59853  27.193  -19.163  50.830 0.0000000000
57330  22.487  -20.949  50.401 0.0000000000
57352  21.941  -21.288  49.659 0.0000000000
80760  44.823  -1.078  36.735 0.0000000000
80773  44.253  -1.614  33.728 0.0000000000
80769  44.890  -1.224  34.872 0.0000000000
81833  45.734  -0.786  34.403 0.0000000000
80776  45.040  -1.217  33.319 0.0000000000
80779  42.636  -1.620  31.943 0.0000000000
80782  44.210  -1.115  32.011 0.0000000000
81841  45.523  -0.793  32.570 0.0000000000
81846  45.470  -0.445  31.625 0.0000000000
81845  46.368  -0.270  31.888 0.0000000000
81856  44.949  0.303  29.899 0.0000000000
82913  45.539  0.367  30.251 0.0000000000
82917  45.583  0.550  29.660 0.0000000000
58490  23.409  -19.319  55.959 0.0000000000
59781  22.520  -18.801  56.318 0.0000000000
59780  23.423  -18.733  56.547 0.0000000000
61052  22.523  -17.488  58.643 0.0000000000
62230  23.007  -17.082  59.125 0.0000000000
64538  25.219  -15.841  59.953 0.0000000000
63366  23.569  -16.321  60.912 0.0000000000
62205  22.544  -17.070  60.812 0.0000000000
62190  22.500  -17.106  61.871 0.0000000000
53570  32.307  -21.983  61.203 0.0000000000
54751  28.664  -21.074  59.117 0.0000000000
58455  27.403  -19.757  59.093 0.0000000000
57159  27.254  -20.435  59.005 0.0000000000
55928  27.066  -21.009  58.864 0.0000000000
55929  26.801  -20.717  58.460 0.0000000000
55975  26.298  -20.868  57.307 0.0000000000
57185  26.188  -20.248  57.661 0.0000000000
58478  24.816  -19.523  57.046 0.0000000000
57199  24.725  -19.908  56.556 0.0000000000
58489  24.166  -19.396  56.474 0.0000000000
57218  23.353  -19.791  55.254 0.0000000000
74192  35.520  -7.571  37.317 0.0000000000
78596  42.795  -2.903  35.030 0.0000000000
77502  40.514  -4.676  35.611 0.0000000000
77501  41.237  -4.592  35.820 0.0000000000
77509  40.102  -4.269  35.015 0.0000000000
77522  39.142  -4.007  33.791 0.0000000000
78609  40.287  -3.757  34.369 0.0000000000
78621  40.152  -3.267  33.473 0.0000000000
59782  21.459  -18.980  56.131 0.0000000000
59794  20.692  -19.255  55.919 0.0000000000
59783  20.439  -19.378  56.771 0.0000000000
58479  19.434  -20.039  57.369 0.0000000000
58480  18.817  -20.376  57.233 0.0000000000
57220  18.421  -20.464  57.199 0.0000000000
57174  19.059  -19.902  59.608 0.0000000000
55952  17.863  -20.374  58.473 0.0000000000
55978  17.502  -20.390  57.818 0.0000000000
57203  17.249  -20.467  57.112 0.0000000000
55979  16.488  -20.533  57.402 0.0000000000
57111  15.912  -19.411  63.247 0.0000000000
57133  16.440  -19.501  61.957 0.0000000000
57114  12.994  -20.382  63.290 0.0000000000
57113  13.866  -19.888  62.967 0.0000000000
57165  12.863  -21.012  60.521 0.0000000000
58435  13.461  -20.233  61.681 0.0000000000
58457  13.795  -20.230  60.877 0.0000000000
57150  14.302  -19.946  60.950 0.0000000000
57164  13.929  -20.498  60.296 0.0000000000
57175  14.511  -20.714  59.498 0.0000000000
57176  13.588  -21.229  59.517 0.0000000000
52252  8.236  -25.345  65.764 0.0000000000
52238  8.042  -25.414  66.574 0.0000000000
50889  6.949  -26.354  66.586 0.0000000000
71718  36.238  -8.736  47.809 0.0000000000
71720  34.243  -9.694  48.700 0.0000000000
71721  33.544  -10.104  48.412 0.0000000000
70567  33.292  -10.619  49.049 0.0000000000
69354  33.292  -11.731  49.848 0.0000000000
69367  32.714  -11.681  48.992 0.0000000000
68231  32.906  -12.613  49.484 0.0000000000
67006  31.908  -13.368  48.637 0.0000000000
66997  32.581  -13.427  49.255 0.0000000000
66953  35.420  -13.589  51.972 0.0000000000
68198  34.603  -13.237  51.250 0.0000000000
65827  33.053  -14.522  49.450 0.0000000000
64647  32.861  -15.285  49.140 0.0000000000
64646  33.324  -15.887  49.293 0.0000000000
63470  34.335  -17.532  49.374 0.0000000000
62312  34.301  -17.918  49.002 0.0000000000
61146  34.099  -18.885  47.953 0.0000000000
62310  35.160  -17.997  49.855 0.0000000000
61132  35.249  -18.751  49.717 0.0000000000
58681  34.983  -20.763  45.979 0.0000000000
57407  35.140  -20.874  46.575 0.0000000000
57409  33.833  -21.846  46.815 0.0000000000
54746  32.991  -22.178  59.217 0.0000000000
53616  33.477  -22.383  59.224 0.0000000000
54767  33.226  -22.075  58.514 0.0000000000
54813  33.692  -21.941  56.685 0.0000000000
54791  33.901  -22.158  57.337 0.0000000000
54812  33.966  -22.132  56.910 0.0000000000
53649  34.663  -22.298  56.817 0.0000000000
53666  34.390  -22.264  56.075 0.0000000000
56023  32.399  -20.853  54.277 0.0000000000
56007  32.302  -20.758  55.149 0.0000000000
54850  32.911  -21.182  54.500 0.0000000000
54865  33.938  -22.431  53.628 0.0000000000
53696  34.429  -22.523  54.678 0.0000000000
53679  34.645  -22.411  55.337 0.0000000000
54848  34.788  -22.449  54.569 0.0000000000
54862  35.488  -21.872  54.541 0.0000000000
54863  35.182  -22.265  54.016 0.0000000000
56055  35.532  -22.379  52.547 0.0000000000
56054  35.770  -21.756  52.926 0.0000000000
57283  36.199  -21.275  52.719 0.0000000000
58582  36.359  -20.797  52.622 0.0000000000
57303  36.221  -21.192  51.898 0.0000000000
57302  36.150  -20.607  51.490 0.0000000000
56104  35.067  -21.775  49.685 0.0000000000
56092  32.176  -21.775  49.956 0.0000000000
54915  32.252  -22.488  49.570 0.0000000000
54949  32.588  -23.048  48.862 0.0000000000
56119  33.035  -22.920  48.361 0.0000000000
72919  36.805  -8.428  46.434 0.0000000000
72930  36.581  -8.382  45.509 0.0000000000
72931  35.713  -8.443  45.348 0.0000000000
72945  34.599  -8.637  44.590 0.0000000000
71775  33.418  -9.339  43.447 0.0000000000
70624  32.598  -9.899  43.408 0.0000000000
69402  31.534  -11.353  45.278 0.0000000000
68296  30.576  -11.852  43.171 0.0000000000
69437  30.848  -11.329  42.427 0.0000000000
69453  30.946  -11.294  41.435 0.0000000000
85154  50.255  3.103  26.152 0.0000000000
85160  50.686  2.664  25.517 0.0000000000
86280  51.228  3.556  25.980 0.0000000000
82924  46.098  0.481  27.465 0.0000000000
74122  38.799  -8.096  43.848 0.0000000000
58544  20.258  -19.797  52.857 0.0000000000
58545  19.399  -19.989  53.086 0.0000000000
58525  20.009  -19.780  53.426 0.0000000000
57238  20.159  -19.792  54.069 0.0000000000
57234  23.962  -20.158  54.989 0.0000000000
56012  24.037  -20.486  54.533 0.0000000000
56013  23.384  -20.539  53.995 0.0000000000
56029  23.299  -20.739  53.906 0.0000000000
58543  22.597  -20.990  53.208 0.0000000000
57271  22.275  -20.811  53.129 0.0000000000
57272  21.473  -20.324  53.005 0.0000000000
73035  39.459  -8.350  37.868 0.0000000000
74188  39.808  -7.738  37.368 0.0000000000
74199  39.522  -7.190  36.754 0.0000000000
75327  39.203  -6.230  36.470 0.0000000000
59707  21.282  -18.860  63.469 0.0000000000
59722  20.361  -18.939  62.475 0.0000000000
59708  20.464  -19.185  63.588 0.0000000000
53547  9.015  -24.011  63.541 0.0000000000
62278  37.173  -16.813  53.343 0.0000000000
62287  36.009  -17.472  52.150 0.0000000000
61114  35.801  -18.348  51.450 0.0000000000
59850  35.956  -19.058  51.494 0.0000000000
59838  28.668  -18.681  51.664 0.0000000000
59836  30.229  -19.192  52.104 0.0000000000
59851  29.412  -18.926  50.733 0.0000000000
58626  30.525  -20.169  49.959 0.0000000000
58643  29.377  -20.164  48.529 0.0000000000
67017  31.494  -13.010  47.843 0.0000000000
67018  31.063  -13.409  47.215 0.0000000000
65847  30.658  -14.443  47.164 0.0000000000
82906  47.216  0.411  31.527 0.0000000000
82901  48.479  0.832  31.964 0.0000000000
82905  48.005  1.168  31.175 0.0000000000
85147  48.414  2.589  28.738 0.0000000000
85148  47.689  2.169  28.945 0.0000000000
84013  47.317  1.529  27.662 0.0000000000
71859  37.301  -9.406  38.721 0.0000000000
70654  35.027  -9.427  41.529 0.0000000000
70689  32.330  -10.309  39.662 0.0000000000
72968  40.100  -7.990  41.702 0.0000000000
71825  39.896  -9.025  40.689 0.0000000000
71840  39.728  -9.691  39.958 0.0000000000
56014  15.458  -22.534  55.239 0.0000000000
56015  14.954  -22.854  55.647 0.0000000000
54771  29.252  -21.105  58.633 0.0000000000
54770  30.112  -21.111  58.780 0.0000000000
54834  28.136  -21.504  56.370 0.0000000000
56043  25.250  -20.594  54.024 0.0000000000
56042  26.142  -20.891  54.149 0.0000000000
56059  25.678  -20.336  53.453 0.0000000000
57288  25.700  -20.141  52.901 0.0000000000
57287  26.311  -19.930  52.868 0.0000000000
58562  27.434  -19.558  52.696 0.0000000000
57307  26.092  -19.776  52.199 0.0000000000
58586  25.926  -19.746  51.660 0.0000000000
58609  25.465  -19.736  50.734 0.0000000000
58629  25.052  -19.557  49.722 0.0000000000
58610  24.783  -19.985  50.184 0.0000000000
57349  24.042  -20.486  49.505 0.0000000000
61147  33.292  -18.618  47.563 0.0000000000
79725  43.717  -2.142  35.130 0.0000000000
80766  44.064  -1.758  35.288 0.0000000000
79735  43.817  -2.026  34.283 0.0000000000
80784  42.469  -1.285  30.976 0.0000000000
80787  43.141  -0.946  30.375 0.0000000000
81852  44.425  -0.170  30.317 0.0000000000
81857  44.269  -0.178  29.336 0.0000000000
61058  24.244  -18.353  57.597 0.0000000000
62228  24.510  -17.210  58.375 0.0000000000
63392  24.399  -16.652  58.898 0.0000000000
58464  26.635  -19.895  58.494 0.0000000000
58471  26.153  -19.813  58.142 0.0000000000
59761  25.691  -19.116  58.374 0.0000000000
59769  24.899  -18.960  57.616 0.0000000000
78579  43.004  -3.720  37.141 0.0000000000
78590  42.495  -4.044  36.322 0.0000000000
77510  39.257  -4.517  34.482 0.0000000000
61061  21.282  -18.493  57.827 0.0000000000
59762  20.764  -18.789  58.218 0.0000000000
58472  19.526  -19.748  58.404 0.0000000000
57161  18.426  -20.094  60.319 0.0000000000
55913  18.272  -20.168  59.751 0.0000000000
55954  16.143  -20.376  58.230 0.0000000000
57089  16.399  -19.341  63.989 0.0000000000
57152  12.244  -21.272  61.481 0.0000000000
57166  12.177  -21.531  60.905 0.0000000000
57177  12.985  -21.417  59.801 0.0000000000
55938  12.209  -22.122  59.608 0.0000000000
70566  33.966  -10.214  49.525 0.0000000000
70552  34.176  -10.365  50.107 0.0000000000
69340  33.820  -11.486  50.555 0.0000000000
68200  33.654  -12.177  50.385 0.0000000000
65778  36.351  -14.488  52.357 0.0000000000
65796  35.732  -14.696  51.937 0.0000000000
66969  35.444  -14.115  51.851 0.0000000000
66971  34.393  -13.674  50.841 0.0000000000
65798  34.646  -14.322  50.931 0.0000000000
65825  34.380  -15.277  50.198 0.0000000000
64645  34.312  -16.102  49.997 0.0000000000
63481  34.497  -17.041  49.904 0.0000000000
62299  34.715  -17.610  49.591 0.0000000000
55972  31.787  -20.894  57.337 0.0000000000
55971  32.404  -21.046  57.070 0.0000000000
54814  32.975  -21.392  56.668 0.0000000000
54831  33.476  -21.742  55.759 0.0000000000
56039  32.818  -21.282  53.491 0.0000000000
54867  32.801  -21.197  53.904 0.0000000000
54866  33.250  -21.754  53.595 0.0000000000
54881  35.031  -22.517  53.115 0.0000000000
54882  34.466  -22.690  52.919 0.0000000000
54896  35.055  -22.742  52.278 0.0000000000
56073  35.616  -22.563  51.725 0.0000000000
54911  35.024  -22.802  51.542 0.0000000000
57364  31.345  -21.794  48.629 0.0000000000
56121  31.401  -22.325  48.328 0.0000000000
56145  31.499  -22.632  47.645 0.0000000000
56170  31.768  -22.786  46.780 0.0000000000
71735  35.309  -8.541  46.466 0.0000000000
72921  35.253  -8.432  45.972 0.0000000000
71758  33.205  -9.469  44.591 0.0000000000
68280  30.853  -12.253  44.733 0.0000000000
69413  31.199  -11.646  44.419 0.0000000000
68287  30.732  -12.056  43.943 0.0000000000
85155  49.574  2.917  26.594 0.0000000000
70636  34.965  -9.364  41.854 0.0000000000
70638  33.489  -9.554  42.428 0.0000000000
75276  40.185  -6.125  42.973 0.0000000000
57294  17.861  -21.250  52.422 0.0000000000
58569  17.915  -20.537  53.054 0.0000000000
58495  17.228  -20.660  55.822 0.0000000000
54870  25.018  -20.725  54.387 0.0000000000
56027  24.535  -20.660  54.416 0.0000000000
56061  24.100  -20.747  52.894 0.0000000000
56077  23.945  -20.717  52.048 0.0000000000
56079  22.929  -21.116  51.541 0.0000000000
57312  22.493  -21.009  51.355 0.0000000000
58588  21.254  -20.326  50.901 0.0000000000
79742  42.710  -2.139  32.807 0.0000000000
79743  41.714  -2.070  32.385 0.0000000000
62214  26.380  -17.047  59.634 0.0000000000
63362  27.036  -16.513  60.358 0.0000000000
73011  42.173  -7.651  38.978 0.0000000000
74170  41.838  -7.161  38.671 0.0000000000
74187  40.497  -7.392  37.789 0.0000000000
74186  41.214  -6.948  38.131 0.0000000000
75310  41.623  -6.237  38.331 0.0000000000
76406  41.660  -5.373  37.763 0.0000000000
76419  41.156  -5.445  36.929 0.0000000000
77494  41.515  -4.813  36.491 0.0000000000
76422  38.839  -5.763  36.222 0.0000000000
76447  38.504  -4.943  34.828 0.0000000000
61033  21.381  -17.906  60.723 0.0000000000
59745  20.316  -18.911  60.575 0.0000000000
58443  19.626  -19.344  61.462 0.0000000000
55898  17.652  -19.936  60.287 0.0000000000
55899  17.033  -19.671  60.385 0.0000000000
57075  13.558  -20.069  64.571 0.0000000000
55878  11.726  -21.547  62.983 0.0000000000
55889  11.701  -21.664  62.131 0.0000000000
54731  10.877  -22.609  61.234 0.0000000000
64612  36.558  -15.348  52.485 0.0000000000
65795  36.221  -15.093  52.269 0.0000000000
64632  35.481  -16.181  51.400 0.0000000000
63468  35.073  -17.033  50.600 0.0000000000
63467  35.331  -17.133  50.829 0.0000000000
61131  35.502  -18.618  50.215 0.0000000000
59881  35.509  -19.256  50.236 0.0000000000
58641  35.358  -19.970  49.859 0.0000000000
57361  35.374  -20.581  49.655 0.0000000000
58522  30.443  -19.852  54.808 0.0000000000
58521  31.186  -20.220  54.821 0.0000000000
58538  31.502  -20.405  54.340 0.0000000000
57266  31.862  -20.533  53.899 0.0000000000
57286  31.721  -20.052  52.969 0.0000000000
57285  32.065  -20.419  53.015 0.0000000000
57284  32.335  -20.739  52.587 0.0000000000
57304  32.421  -20.895  51.886 0.0000000000
56074  32.834  -21.381  51.690 0.0000000000
54899  33.333  -21.821  51.089 0.0000000000
57346  31.446  -21.186  49.483 0.0000000000
70592  32.869  -10.108  47.274 0.0000000000
70601  32.832  -9.988  46.325 0.0000000000
70593  32.346  -10.745  46.779 0.0000000000
68267  31.083  -12.509  45.563 0.0000000000
68252  31.268  -12.718  46.416 0.0000000000
68268  30.462  -12.765  45.079 0.0000000000
67051  29.949  -13.289  44.808 0.0000000000
84018  48.536  1.657  26.603 0.0000000000
74172  36.186  -7.765  38.147 0.0000000000
71845  34.509  -9.337  39.637 0.0000000000
71856  40.180  -9.237  39.393 0.0000000000
53584  33.040  -22.341  60.511 0.0000000000
53600  32.289  -22.097  59.806 0.0000000000
53617  31.810  -21.781  59.336 0.0000000000
54768  32.287  -21.786  58.927 0.0000000000
54794  31.491  -21.158  58.115 0.0000000000
55973  30.914  -20.784  57.523 0.0000000000
57214  30.651  -20.420  56.441 0.0000000000
57231  30.275  -20.253  55.930 0.0000000000
54835  27.340  -21.585  56.251 0.0000000000
56010  28.012  -21.189  55.742 0.0000000000
56026  26.774  -21.170  54.660 0.0000000000
56025  27.547  -21.014  55.019 0.0000000000
57233  28.614  -20.490  55.663 0.0000000000
57249  28.878  -20.082  55.538 0.0000000000
58506  29.870  -20.038  55.490 0.0000000000
59816  29.004  -19.133  53.449 0.0000000000
59826  28.702  -18.903  52.592 0.0000000000
59827  28.105  -19.074  52.284 0.0000000000
59885  27.037  -19.096  48.592 0.0000000000
57351  22.615  -21.083  49.553 0.0000000000
81836  46.706  -0.147  33.819 0.0000000000
80774  43.793  -1.731  33.249 0.0000000000
80777  44.478  -1.305  32.783 0.0000000000
81839  47.107  0.035  33.070 0.0000000000
81844  47.035  -0.085  32.346 0.0000000000
82907  46.454  0.166  31.335 0.0000000000
57219  22.559  -19.721  54.961 0.0000000000
58508  21.728  -19.325  55.239 0.0000000000
59771  21.861  -18.668  56.767 0.0000000000
61059  23.308  -18.082  57.302 0.0000000000
61042  21.366  -17.899  59.531 0.0000000000
63378  25.358  -16.437  59.267 0.0000000000
63379  24.318  -16.221  59.522 0.0000000000
64529  24.745  -15.653  60.570 0.0000000000
63365  24.131  -15.964  60.339 0.0000000000
62216  23.288  -16.819  59.507 0.0000000000
61041  22.034  -17.397  60.118 0.0000000000
61020  21.543  -17.940  61.976 0.0000000000
61006  21.644  -18.315  63.033 0.0000000000
61005  22.162  -17.702  62.912 0.0000000000
53552  34.175  -22.460  61.732 0.0000000000
53568  33.626  -22.524  61.137 0.0000000000
53569  32.986  -22.172  61.173 0.0000000000
53586  31.662  -21.925  60.696 0.0000000000
54736  30.890  -21.774  60.170 0.0000000000
54737  30.279  -21.443  60.052 0.0000000000
54750  29.397  -21.070  59.254 0.0000000000
54773  27.792  -21.496  58.528 0.0000000000
54774  27.269  -21.352  58.587 0.0000000000
54800  26.569  -21.266  57.376 0.0000000000
57216  24.929  -20.253  56.409 0.0000000000
80757  44.474  -1.708  37.336 0.0000000000
79720  43.554  -2.665  36.470 0.0000000000
80762  43.691  -2.122  35.741 0.0000000000
78606  42.906  -2.786  34.519 0.0000000000
78619  42.227  -2.843  33.722 0.0000000000
78598  41.342  -4.069  35.299 0.0000000000
79739  41.193  -2.590  33.103 0.0000000000
58509  20.785  -19.389  55.137 0.0000000000
58494  17.740  -20.470  56.043 0.0000000000
57222  17.057  -20.596  56.274 0.0000000000
59754  20.126  -19.027  59.726 0.0000000000
58465  19.500  -19.513  59.294 0.0000000000
57187  18.720  -20.345  58.428 0.0000000000
55931  18.272  -20.275  59.081 0.0000000000
55951  18.384  -20.381  58.582 0.0000000000
55976  18.444  -20.462  58.217 0.0000000000
57202  17.974  -20.538  57.497 0.0000000000
55998  14.689  -22.508  56.253 0.0000000000
57109  17.722  -19.515  62.523 0.0000000000
57132  17.171  -19.565  61.715 0.0000000000
58445  16.631  -19.509  61.172 0.0000000000
55900  16.594  -19.599  60.585 0.0000000000
58403  14.221  -19.769  64.196 0.0000000000
58420  14.280  -19.801  63.494 0.0000000000
57112  14.829  -19.807  62.906 0.0000000000
57136  13.360  -20.201  62.294 0.0000000000
57135  14.335  -19.875  61.965 0.0000000000
57149  15.106  -19.668  61.090 0.0000000000
57162  15.570  -19.723  60.444 0.0000000000
55917  15.497  -19.853  59.986 0.0000000000
57188  14.175  -21.256  58.989 0.0000000000
55956  13.817  -21.713  58.408 0.0000000000
55937  12.898  -21.810  59.310 0.0000000000
55957  13.059  -22.316  58.565 0.0000000000
55982  13.453  -22.507  57.948 0.0000000000
52251  8.736  -24.699  65.904 0.0000000000
50911  7.665  -25.918  65.441 0.0000000000
50897  7.150  -26.493  65.763 0.0000000000
71730  35.546  -8.659  47.163 0.0000000000
71731  34.477  -9.220  47.521 0.0000000000
70582  33.022  -10.368  48.111 0.0000000000
69368  32.327  -11.679  48.163 0.0000000000
65837  32.122  -14.553  48.647 0.0000000000
68199  34.149  -12.678  50.829 0.0000000000
66985  33.965  -13.537  50.378 0.0000000000
66986  33.630  -13.368  50.119 0.0000000000
66996  33.232  -13.444  49.727 0.0000000000
64657  32.519  -15.716  48.721 0.0000000000
63493  32.541  -16.806  48.524 0.0000000000
63492  33.186  -16.959  48.828 0.0000000000
62322  32.834  -17.765  48.212 0.0000000000
63479  35.242  -17.467  50.368 0.0000000000
61145  34.558  -19.147  48.289 0.0000000000
59901  34.523  -19.444  47.529 0.0000000000
59918  34.852  -19.584  46.516 0.0000000000
57451  33.450  -22.089  45.184 0.0000000000
59823  36.997  -18.918  53.664 0.0000000000
53598  33.897  -22.624  59.677 0.0000000000
53614  34.626  -22.689  58.570 0.0000000000
54766  33.781  -22.215  58.021 0.0000000000
53633  34.208  -22.446  57.896 0.0000000000
56006  35.623  -21.976  56.348 0.0000000000
54832  32.968  -21.122  55.506 0.0000000000
53681  33.776  -22.133  55.063 0.0000000000
53678  34.969  -22.301  55.718 0.0000000000
54829  35.880  -21.695  55.889 0.0000000000
56021  36.151  -21.295  55.258 0.0000000000
57265  36.073  -21.276  53.331 0.0000000000
57264  36.391  -20.839  53.970 0.0000000000
58558  36.566  -20.399  53.248 0.0000000000
58557  36.595  -19.589  53.081 0.0000000000
58580  36.398  -19.474  52.363 0.0000000000
56087  35.948  -21.949  51.284 0.0000000000
57344  35.487  -21.107  49.978 0.0000000000
56117  34.796  -22.001  48.769 0.0000000000
54929  33.189  -22.949  49.721 0.0000000000
54930  32.426  -22.926  49.356 0.0000000000
56090  33.853  -22.624  49.706 0.0000000000
56142  34.076  -22.228  47.585 0.0000000000
56169  32.556  -22.666  46.620 0.0000000000
72943  36.294  -8.545  44.445 0.0000000000
72932  34.863  -8.434  45.320 0.0000000000
71756  34.824  -8.763  43.877 0.0000000000
71774  34.278  -9.031  43.319 0.0000000000
70611  32.799  -9.911  45.447 0.0000000000
69412  31.711  -10.841  44.035 0.0000000000
70639  32.494  -10.262  42.247 0.0000000000
70657  32.302  -10.433  41.511 0.0000000000
84014  46.620  1.278  28.027 0.0000000000
82923  46.881  0.897  27.211 0.0000000000
53566  34.997  -22.562  60.875 0.0000000000
53650  34.231  -22.205  56.970 0.0000000000
53651  33.980  -22.125  56.647 0.0000000000
53664  35.017  -22.248  56.089 0.0000000000
53697  34.067  -22.434  54.446 0.0000000000
54726  31.131  -21.745  60.874 0.0000000000
54747  32.695  -22.144  59.467 0.0000000000
54749  30.081  -21.298  59.394 0.0000000000
54753  27.367  -21.258  58.959 0.0000000000
54828  36.070  -21.557  55.887 0.0000000000
54830  35.412  -22.034  56.095 0.0000000000
54845  35.997  -21.524  55.650 0.0000000000
54846  35.681  -21.726  55.280 0.0000000000
54851  27.568  -21.411  55.735 0.0000000000
54931  32.107  -22.717  49.335 0.0000000000
54948  32.951  -23.096  49.093 0.0000000000
55902  11.219  -22.205  61.900 0.0000000000
55907  30.579  -21.608  59.841 0.0000000000
55908  30.499  -21.586  60.019 0.0000000000
55911  27.414  -20.696  59.217 0.0000000000
55912  18.640  -20.143  59.585 0.0000000000
55918  12.601  -21.650  59.924 0.0000000000
55926  30.351  -21.494  59.820 0.0000000000
55927  27.501  -21.127  59.135 0.0000000000
55936  13.450  -21.707  58.941 0.0000000000
55949  26.640  -20.801  58.061 0.0000000000
55950  18.709  -20.269  58.759 0.0000000000
55974  26.667  -21.233  57.632 0.0000000000
55990  35.666  -21.970  56.593 0.0000000000
55994  29.087  -20.738  56.832 0.0000000000
56009  28.630  -20.885  56.181 0.0000000000
56022  35.784  -21.505  54.659 0.0000000000
56057  32.389  -20.840  53.021 0.0000000000
56078  23.288  -20.968  51.727 0.0000000000
56107  32.046  -22.822  49.134 0.0000000000
57108  18.377  -19.300  62.510 0.0000000000
57129  19.028  -19.057  61.995 0.0000000000
57147  16.894  -19.515  60.997 0.0000000000
57172  26.905  -20.450  58.656 0.0000000000
57186  19.048  -19.997  58.868 0.0000000000
57201  18.629  -20.449  57.795 0.0000000000
57232  29.293  -20.284  55.993 0.0000000000
57252  23.174  -20.706  53.711 0.0000000000
57256  20.111  -19.792  53.737 0.0000000000
57267  31.640  -20.187  53.397 0.0000000000
57273  21.018  -19.828  52.782 0.0000000000
57289  23.041  -20.832  52.882 0.0000000000
57292  21.296  -20.178  52.575 0.0000000000
57366  30.085  -20.605  48.783 0.0000000000
57383  33.973  -22.061  47.322 0.0000000000
58419  14.944  -19.672  63.698 0.0000000000
58432  16.767  -19.519  61.596 0.0000000000
58433  16.575  -19.510  61.412 0.0000000000
58434  13.769  -20.047  61.872 0.0000000000
58444  16.828  -19.522  61.353 0.0000000000
58447  13.379  -20.386  61.121 0.0000000000
58463  27.088  -19.947  58.743 0.0000000000
58507  29.308  -20.006  55.571 0.0000000000
58539  31.135  -20.095  54.009 0.0000000000
58540  28.053  -19.657  53.283 0.0000000000
58542  22.772  -20.972  53.209 0.0000000000
58559  36.397  -20.857  52.956 0.0000000000
58564  22.602  -21.013  52.978 0.0000000000
58602  36.276  -19.408  52.054 0.0000000000
58625  31.070  -20.491  49.869 0.0000000000
59752  26.268  -19.537  58.478 0.0000000000
59804  30.616  -19.690  54.232 0.0000000000
59806  29.350  -19.274  54.164 0.0000000000
59837  29.663  -18.929  51.732 0.0000000000
59870  26.290  -19.028  49.279 0.0000000000
61067  22.271  -18.533  56.804 0.0000000000
62203  26.629  -17.881  59.346 0.0000000000
62300  34.539  -17.666  49.426 0.0000000000
62311  34.698  -17.850  49.527 0.0000000000
63348  24.159  -15.915  61.349 0.0000000000
63364  25.630  -16.022  59.866 0.0000000000
63377  26.087  -16.801  59.434 0.0000000000
63380  23.625  -16.367  59.956 0.0000000000
63393  23.801  -16.563  59.264 0.0000000000
63469  34.487  -17.453  49.560 0.0000000000
68281  30.352  -12.691  44.314 0.0000000000
69454  30.659  -11.539  41.848 0.0000000000
70541  33.953  -10.784  50.395 0.0000000000
70674  32.472  -10.297  40.250 0.0000000000
71776  32.917  -9.512  43.892 0.0000000000
71795  33.888  -9.212  42.911 0.0000000000
71807  39.522  -8.936  41.184 0.0000000000
71838  41.032  -8.985  40.131 0.0000000000
72992  41.299  -8.708  40.460 0.0000000000
72994  40.162  -8.654  40.965 0.0000000000
75290  39.954  -6.659  42.793 0.0000000000
75343  40.006  -5.862  36.300 0.0000000000
76421  39.180  -5.798  36.363 0.0000000000
76445  39.995  -5.022  35.584 0.0000000000
79731  43.765  -2.113  34.825 0.0000000000
80767  43.694  -2.134  35.339 0.0000000000
84003  48.100  2.185  30.022 0.0000000000
84017  49.116  2.142  26.418 0.0000000000
