#!ascii label  , from subject sub.01.bl.01 vox2ras=TkReg
1076
109632  44.436  30.204  11.216 0.0000000000
113930  49.156  35.914  13.335 0.0000000000
105562  50.325  24.000  15.413 0.0000000000
107667  40.699  27.527  15.601 0.0000000000
104940  42.491  23.484  13.779 0.0000000000
114603  47.406  37.725  10.131 0.0000000000
115853  46.492  39.920  18.074 0.0000000000
116578  45.362  40.754  15.470 0.0000000000
104110  51.607  22.271  21.037 0.0000000000
104130  44.870  22.507  19.085 0.0000000000
111098  49.037  32.449  7.515 0.0000000000
106974  47.528  26.503  11.893 0.0000000000
109613  46.158  30.497  13.768 0.0000000000
108993  49.266  29.168  19.986 0.0000000000
118008  42.793  42.373  11.077 0.0000000000
116610  48.262  40.532  10.933 0.0000000000
102608  45.783  20.679  11.395 0.0000000000
108408  42.362  28.653  13.296 0.0000000000
106231  42.191  25.859  15.708 0.0000000000
106968  43.758  26.743  13.846 0.0000000000
111839  46.254  33.618  10.683 0.0000000000
111026  43.479  32.101  12.772 0.0000000000
117220  44.687  41.468  19.735 0.0000000000
104091  52.571  22.075  24.332 0.0000000000
103324  49.547  21.592  22.701 0.0000000000
102474  50.790  20.138  26.304 0.0000000000
118744  43.369  43.819  7.196 0.0000000000
112606  50.117  34.339  10.380 0.0000000000
110306  47.376  31.392  10.167 0.0000000000
111808  48.861  33.359  13.562 0.0000000000
111742  46.627  33.962  20.464 0.0000000000
110231  47.510  31.745  18.433 0.0000000000
109544  48.340  30.825  21.212 0.0000000000
107595  50.313  28.061  22.475 0.0000000000
116587  47.710  40.478  14.416 0.0000000000
117277  46.634  41.661  13.882 0.0000000000
115230  48.599  38.384  11.613 0.0000000000
114614  49.468  37.121  8.800 0.0000000000
106244  48.954  25.237  13.124 0.0000000000
104950  47.453  22.796  12.383 0.0000000000
103453  48.829  21.200  12.883 0.0000000000
104924  39.388  23.349  14.507 0.0000000000
104234  40.595  22.920  10.849 0.0000000000
117322  47.144  41.908  9.263 0.0000000000
115913  45.695  39.956  10.808 0.0000000000
115216  46.846  38.811  14.755 0.0000000000
113259  48.608  34.606  15.388 0.0000000000
117966  39.611  42.052  17.616 0.0000000000
115887  41.425  39.761  14.969 0.0000000000
117247  46.935  41.195  17.594 0.0000000000
104875  51.024  23.155  18.404 0.0000000000
104164  47.846  22.975  16.700 0.0000000000
104114  48.062  22.553  20.176 0.0000000000
103328  45.486  21.359  22.160 0.0000000000
110334  46.463  30.850  8.412 0.0000000000
107707  45.463  27.629  10.881 0.0000000000
108445  47.228  28.725  8.954 0.0000000000
108421  47.801  28.474  11.434 0.0000000000
107674  48.606  27.374  14.636 0.0000000000
110980  47.464  32.162  15.462 0.0000000000
108385  46.675  28.457  16.564 0.0000000000
106928  49.610  26.609  17.551 0.0000000000
106903  51.547  26.464  20.799 0.0000000000
105491  51.524  24.872  23.357 0.0000000000
118719  41.342  43.463  8.974 0.0000000000
119344  44.809  44.580  9.654 0.0000000000
118006  45.779  43.083  11.729 0.0000000000
118021  47.850  43.050  9.787 0.0000000000
115930  48.444  39.368  8.310 0.0000000000
112616  48.357  35.119  8.498 0.0000000000
105586  45.758  25.108  13.787 0.0000000000
104231  44.291  22.440  10.547 0.0000000000
102650  41.638  20.963  8.473 0.0000000000
103407  44.901  21.880  15.415 0.0000000000
109048  43.351  29.439  12.120 0.0000000000
107688  42.612  27.957  13.552 0.0000000000
107698  43.576  27.870  12.431 0.0000000000
110296  44.926  31.314  10.896 0.0000000000
111841  44.814  32.709  11.657 0.0000000000
110284  43.769  31.082  12.156 0.0000000000
109624  42.924  30.325  12.698 0.0000000000
104066  52.751  21.528  26.227 0.0000000000
102479  52.546  20.776  25.388 0.0000000000
102467  52.739  20.291  27.418 0.0000000000
104252  37.572  22.160  10.607 0.0000000000
113305  50.034  35.259  12.072 0.0000000000
111821  49.838  33.638  12.055 0.0000000000
112583  49.555  34.411  13.621 0.0000000000
110936  45.609  32.575  20.807 0.0000000000
110207  47.488  32.130  20.499 0.0000000000
115223  48.088  38.784  13.795 0.0000000000
115890  48.317  39.021  13.051 0.0000000000
114569  48.861  37.361  12.492 0.0000000000
114585  49.480  36.851  10.877 0.0000000000
106236  49.818  24.403  14.378 0.0000000000
104933  49.488  23.044  13.435 0.0000000000
104917  49.926  22.872  14.226 0.0000000000
107658  39.672  27.539  16.405 0.0000000000
106940  40.538  26.727  16.285 0.0000000000
105576  42.466  24.607  15.298 0.0000000000
104907  40.999  24.155  15.546 0.0000000000
104941  41.272  23.301  13.546 0.0000000000
104204  39.769  23.160  12.664 0.0000000000
104956  41.422  23.164  12.805 0.0000000000
115259  47.235  39.379  9.478 0.0000000000
116615  46.655  40.626  9.816 0.0000000000
115231  46.394  38.283  11.109 0.0000000000
109035  40.680  29.443  14.807 0.0000000000
108394  39.709  28.745  15.912 0.0000000000
115867  46.624  39.662  16.344 0.0000000000
114550  45.634  37.593  15.517 0.0000000000
115861  45.601  39.377  17.354 0.0000000000
117197  46.236  41.536  20.441 0.0000000000
117237  45.831  41.223  18.567 0.0000000000
116542  47.553  40.817  17.985 0.0000000000
115866  47.237  40.076  16.234 0.0000000000
104866  51.398  23.101  19.781 0.0000000000
104137  49.824  22.401  18.620 0.0000000000
104112  50.185  22.164  20.364 0.0000000000
103308  47.993  21.134  24.124 0.0000000000
103326  47.383  21.603  22.521 0.0000000000
102499  45.920  20.789  23.289 0.0000000000
110346  47.604  31.849  7.648 0.0000000000
109078  46.596  29.613  8.492 0.0000000000
109661  47.916  30.554  7.909 0.0000000000
109631  46.551  30.636  11.800 0.0000000000
109059  47.063  29.679  10.756 0.0000000000
109039  47.057  29.104  12.801 0.0000000000
108413  48.336  27.919  12.889 0.0000000000
108400  46.796  28.828  14.342 0.0000000000
112553  48.188  34.546  16.619 0.0000000000
111790  48.897  33.529  15.567 0.0000000000
110962  48.280  33.213  17.042 0.0000000000
108995  47.920  30.202  19.296 0.0000000000
109005  46.862  29.940  18.066 0.0000000000
108369  47.849  28.421  18.589 0.0000000000
107654  48.428  27.081  17.135 0.0000000000
107645  49.401  27.167  18.457 0.0000000000
106911  50.636  26.699  19.127 0.0000000000
107627  50.209  27.822  19.822 0.0000000000
106875  49.143  26.740  22.420 0.0000000000
106873  51.160  26.850  23.029 0.0000000000
118708  41.831  43.403  9.807 0.0000000000
118718  42.450  43.754  9.106 0.0000000000
118025  43.374  43.116  10.541 0.0000000000
116580  43.504  40.243  14.917 0.0000000000
116591  42.409  40.321  13.878 0.0000000000
116589  44.414  40.694  14.312 0.0000000000
116611  47.840  40.654  11.874 0.0000000000
117289  46.855  42.371  13.092 0.0000000000
117302  47.858  41.994  11.556 0.0000000000
118694  47.163  43.809  11.008 0.0000000000
118003  48.159  42.218  10.337 0.0000000000
117320  48.319  41.433  8.954 0.0000000000
116622  48.594  40.478  9.080 0.0000000000
112625  49.703  34.252  8.254 0.0000000000
113994  49.197  36.440  7.761 0.0000000000
111904  48.665  33.392  7.615 0.0000000000
111888  47.601  32.992  8.408 0.0000000000
106984  47.086  26.961  10.879 0.0000000000
106976  45.521  26.977  12.410 0.0000000000
106246  47.320  25.963  12.964 0.0000000000
104214  47.067  22.099  11.740 0.0000000000
104215  46.088  22.300  11.632 0.0000000000
104230  45.667  21.850  10.490 0.0000000000
104260  43.809  21.900  8.918 0.0000000000
102647  44.498  20.856  9.350 0.0000000000
104152  46.674  22.950  17.454 0.0000000000
104179  46.791  22.307  15.552 0.0000000000
104155  44.242  22.256  16.967 0.0000000000
108401  41.273  28.506  14.368 0.0000000000
106949  41.501  26.694  15.654 0.0000000000
106957  42.400  26.955  14.853 0.0000000000
106947  42.801  26.555  15.062 0.0000000000
105575  43.525  25.053  15.139 0.0000000000
113315  47.454  35.640  10.365 0.0000000000
109615  41.907  30.353  13.874 0.0000000000
104095  52.338  22.150  22.833 0.0000000000
104098  51.255  21.693  21.385 0.0000000000
103313  51.666  21.198  23.664 0.0000000000
102491  50.572  20.726  24.896 0.0000000000
111869  49.718  33.409  8.667 0.0000000000
111070  48.606  32.160  9.173 0.0000000000
111854  49.252  33.203  10.410 0.0000000000
111040  47.334  32.387  11.720 0.0000000000
111009  46.867  32.210  13.482 0.0000000000
112522  47.192  34.274  18.962 0.0000000000
111762  47.630  33.658  18.863 0.0000000000
110946  47.591  32.998  19.715 0.0000000000
110222  48.291  31.225  20.061 0.0000000000
108981  49.286  30.296  20.729 0.0000000000
108347  50.280  28.801  20.745 0.0000000000
108968  49.029  30.267  21.468 0.0000000000
107597  48.846  28.233  21.860 0.0000000000
106889  48.303  26.950  21.856 0.0000000000
117305  41.962  41.668  11.590 0.0000000000
117267  46.913  41.347  14.995 0.0000000000
117268  45.999  41.208  14.772 0.0000000000
117276  47.378  41.193  14.164 0.0000000000
115894  47.861  39.780  12.690 0.0000000000
115899  48.371  39.620  11.050 0.0000000000
115911  48.664  39.551  9.595 0.0000000000
114602  49.218  37.494  10.439 0.0000000000
113322  49.966  35.210  9.847 0.0000000000
106963  48.688  25.956  12.785 0.0000000000
105584  47.740  24.626  13.125 0.0000000000
105583  48.553  24.351  13.095 0.0000000000
104213  48.006  22.155  12.242 0.0000000000
103455  47.060  21.426  12.278 0.0000000000
103354  43.117  21.503  20.464 0.0000000000
103375  42.764  21.760  18.592 0.0000000000
104898  37.973  23.739  16.118 0.0000000000
105553  40.826  25.117  16.449 0.0000000000
104908  39.850  23.895  15.829 0.0000000000
104925  38.236  23.301  14.269 0.0000000000
104943  38.946  23.166  13.195 0.0000000000
104236  38.470  22.841  11.261 0.0000000000
104264  39.392  22.432  9.047 0.0000000000
118040  46.454  42.654  8.986 0.0000000000
117313  45.659  41.429  10.140 0.0000000000
113932  47.831  36.839  13.596 0.0000000000
113287  48.477  35.622  13.851 0.0000000000
113277  46.981  36.342  14.660 0.0000000000
113262  46.080  36.108  15.453 0.0000000000
113248  46.270  35.243  16.130 0.0000000000
112556  45.466  34.628  17.312 0.0000000000
112525  44.633  34.459  18.829 0.0000000000
116562  40.000  40.508  16.429 0.0000000000
116560  41.652  39.930  16.512 0.0000000000
116558  43.806  40.317  16.790 0.0000000000
116567  45.532  40.716  16.395 0.0000000000
117258  47.682  40.948  15.868 0.0000000000
115885  47.299  39.339  14.885 0.0000000000
105541  50.612  24.185  17.224 0.0000000000
104187  50.204  22.423  15.667 0.0000000000
104149  49.729  22.544  17.786 0.0000000000
104138  48.847  22.715  18.415 0.0000000000
104128  46.852  22.707  19.246 0.0000000000
104100  49.243  22.166  21.116 0.0000000000
104102  47.143  22.321  20.901 0.0000000000
103352  44.921  22.044  20.661 0.0000000000
109642  45.183  30.198  10.046 0.0000000000
108422  44.483  28.608  11.142 0.0000000000
109068  45.938  29.413  8.933 0.0000000000
107725  46.419  27.915  9.167 0.0000000000
106988  47.506  27.225  10.365 0.0000000000
109650  47.503  30.251  9.173 0.0000000000
108429  47.703  28.368  10.577 0.0000000000
107704  48.374  27.373  11.205 0.0000000000
107694  48.826  27.214  12.439 0.0000000000
106953  49.545  26.540  14.130 0.0000000000
106945  49.771  26.361  15.143 0.0000000000
111799  49.428  33.849  14.172 0.0000000000
110993  47.618  32.451  14.337 0.0000000000
110994  46.699  31.813  14.590 0.0000000000
110237  47.148  31.461  17.287 0.0000000000
110245  46.565  30.992  16.458 0.0000000000
109026  46.117  29.576  15.126 0.0000000000
107664  47.574  27.697  15.652 0.0000000000
106938  49.074  26.695  16.622 0.0000000000
106936  50.374  25.679  16.434 0.0000000000
106203  50.716  25.232  17.871 0.0000000000
105528  51.365  24.286  19.493 0.0000000000
105521  51.494  24.297  20.468 0.0000000000
108345  51.254  28.004  21.449 0.0000000000
106886  51.602  26.616  21.728 0.0000000000
105507  51.826  24.312  22.360 0.0000000000
104836  51.954  23.650  23.871 0.0000000000
118732  42.041  43.553  8.271 0.0000000000
119354  43.946  44.354  8.531 0.0000000000
119352  45.906  45.398  9.024 0.0000000000
117987  45.477  41.714  13.094 0.0000000000
118007  44.340  42.645  11.308 0.0000000000
118696  45.455  43.601  11.025 0.0000000000
119342  46.397  45.004  9.808 0.0000000000
119350  47.316  44.536  8.819 0.0000000000
118038  48.054  42.047  8.885 0.0000000000
116623  48.164  40.596  8.623 0.0000000000
115268  48.074  38.700  8.286 0.0000000000
115274  49.261  37.864  7.662 0.0000000000
114625  48.492  37.662  7.825 0.0000000000
113981  48.048  36.880  9.002 0.0000000000
111855  47.454  33.753  9.511 0.0000000000
111072  46.150  31.943  9.455 0.0000000000
107697  44.527  27.270  12.282 0.0000000000
106249  44.757  25.971  13.988 0.0000000000
104920  44.194  24.026  14.525 0.0000000000
105585  46.745  24.871  13.498 0.0000000000
104952  45.450  23.026  12.584 0.0000000000
104954  43.103  23.166  12.757 0.0000000000
104232  42.980  22.629  10.689 0.0000000000
104262  41.429  22.555  8.833 0.0000000000
104189  48.640  21.969  15.178 0.0000000000
103421  47.050  21.417  14.143 0.0000000000
103440  44.896  20.923  13.360 0.0000000000
103396  42.790  21.707  16.413 0.0000000000
102610  44.027  20.489  11.445 0.0000000000
101660  51.347  19.083  27.608 0.0000000000
101668  49.474  19.351  26.803 0.0000000000
108415  43.359  28.619  12.175 0.0000000000
109055  43.910  29.399  11.647 0.0000000000
110309  44.819  30.756  10.766 0.0000000000
110297  44.525  31.068  11.352 0.0000000000
109633  44.025  30.195  11.722 0.0000000000
109623  43.496  30.261  12.156 0.0000000000
103289  53.088  20.959  26.757 0.0000000000
113944  49.563  36.222  12.510 0.0000000000
112589  49.948  34.414  12.625 0.0000000000
113296  49.634  35.191  13.051 0.0000000000
114557  48.432  37.450  13.166 0.0000000000
115222  48.372  38.104  13.119 0.0000000000
113945  49.085  36.581  12.970 0.0000000000
106228  50.103  24.748  14.802 0.0000000000
105571  50.034  23.795  14.655 0.0000000000
104916  50.303  22.925  15.075 0.0000000000
107668  40.041  28.041  15.800 0.0000000000
107657  40.321  27.277  16.121 0.0000000000
104921  43.036  24.088  14.615 0.0000000000
104922  41.812  23.991  15.005 0.0000000000
115245  47.410  38.239  9.623 0.0000000000
115246  46.922  38.619  10.155 0.0000000000
108402  40.765  28.503  14.877 0.0000000000
109028  40.178  29.480  15.364 0.0000000000
108393  40.249  28.445  15.476 0.0000000000
115860  46.496  39.754  17.153 0.0000000000
115868  45.875  39.264  16.472 0.0000000000
116527  47.150  40.987  19.741 0.0000000000
117217  47.190  41.156  18.977 0.0000000000
116533  47.134  40.560  18.598 0.0000000000
116543  47.067  40.326  17.641 0.0000000000
104123  51.429  22.358  20.291 0.0000000000
104124  51.107  21.997  19.605 0.0000000000
104111  51.113  21.794  20.540 0.0000000000
102498  46.695  20.981  23.556 0.0000000000
110345  48.149  31.901  7.497 0.0000000000
109672  47.975  31.340  7.470 0.0000000000
109660  48.264  31.428  7.563 0.0000000000
109622  46.332  30.586  12.861 0.0000000000
109047  46.633  29.763  12.299 0.0000000000
109040  46.465  29.782  13.242 0.0000000000
108406  47.569  28.499  13.474 0.0000000000
108407  46.799  29.173  13.601 0.0000000000
112554  47.216  34.636  16.979 0.0000000000
112536  48.522  34.317  17.072 0.0000000000
112537  48.007  34.328  17.861 0.0000000000
108994  48.655  29.702  19.695 0.0000000000
109003  48.065  29.039  19.066 0.0000000000
108368  48.494  28.570  19.125 0.0000000000
107637  48.382  27.856  18.569 0.0000000000
107628  49.500  28.065  19.566 0.0000000000
107635  49.677  27.464  19.121 0.0000000000
108359  49.651  28.684  20.076 0.0000000000
106167  48.924  26.092  22.635 0.0000000000
118009  41.634  42.339  10.974 0.0000000000
118027  41.259  42.970  10.427 0.0000000000
118026  42.294  42.948  10.436 0.0000000000
118707  42.857  43.637  9.935 0.0000000000
116579  44.444  40.514  15.210 0.0000000000
116588  45.169  40.826  14.682 0.0000000000
117301  48.273  41.259  10.753 0.0000000000
117311  48.483  41.404  9.715 0.0000000000
116614  48.561  40.520  10.159 0.0000000000
111885  49.439  33.140  7.822 0.0000000000
112635  49.192  34.165  7.628 0.0000000000
111903  49.048  33.123  7.470 0.0000000000
111100  47.986  32.596  7.760 0.0000000000
106964  46.929  26.519  12.325 0.0000000000
103466  46.692  21.397  11.514 0.0000000000
104229  46.406  21.710  11.232 0.0000000000
103474  46.046  21.047  9.913 0.0000000000
103481  45.582  20.940  9.185 0.0000000000
102634  45.509  20.666  9.830 0.0000000000
104141  45.773  22.747  18.244 0.0000000000
104153  45.763  22.725  17.270 0.0000000000
104142  44.906  22.674  18.044 0.0000000000
108409  41.869  28.608  13.880 0.0000000000
107678  41.511  27.602  14.761 0.0000000000
107689  42.116  27.907  14.114 0.0000000000
107687  43.452  27.294  13.444 0.0000000000
107676  43.017  27.415  13.993 0.0000000000
106956  43.317  26.712  14.490 0.0000000000
106240  43.558  25.905  14.916 0.0000000000
112608  46.979  34.094  10.318 0.0000000000
112599  46.550  34.611  11.043 0.0000000000
111025  44.250  32.094  12.166 0.0000000000
112601  44.916  33.867  11.785 0.0000000000
109041  42.357  29.474  13.259 0.0000000000
109614  42.452  30.291  13.323 0.0000000000
109042  41.834  29.465  13.810 0.0000000000
104094  52.517  22.127  23.592 0.0000000000
103333  52.022  21.583  22.529 0.0000000000
103320  52.471  21.649  23.884 0.0000000000
102480  52.063  20.401  25.461 0.0000000000
102490  51.549  20.680  24.860 0.0000000000
102481  51.160  20.462  25.565 0.0000000000
102492  49.444  20.627  24.901 0.0000000000
102482  50.056  20.435  25.684 0.0000000000
118761  42.719  43.412  6.634 0.0000000000
118779  42.823  43.357  5.831 0.0000000000
111853  49.703  33.469  9.742 0.0000000000
111836  49.754  33.692  10.928 0.0000000000
111822  49.047  33.405  12.517 0.0000000000
111838  48.369  33.091  11.995 0.0000000000
111823  48.396  33.091  12.839 0.0000000000
111024  47.087  32.355  12.414 0.0000000000
111008  47.841  32.777  13.302 0.0000000000
112510  46.563  34.378  19.713 0.0000000000
111751  47.230  33.940  19.745 0.0000000000
111741  47.061  33.915  20.234 0.0000000000
109555  48.137  31.333  20.880 0.0000000000
109569  48.668  30.802  20.309 0.0000000000
109554  48.792  30.965  21.011 0.0000000000
108967  49.760  29.566  21.214 0.0000000000
108332  48.440  29.205  21.580 0.0000000000
107598  47.642  28.047  21.429 0.0000000000
117266  47.585  41.057  15.168 0.0000000000
115227  48.473  38.394  12.506 0.0000000000
115893  48.246  39.152  12.155 0.0000000000
115900  47.935  39.762  11.918 0.0000000000
115244  48.824  38.327  10.213 0.0000000000
114586  49.051  37.532  11.239 0.0000000000
113314  50.141  35.230  10.964 0.0000000000
113971  49.760  36.085  10.406 0.0000000000
112615  50.040  34.293  9.236 0.0000000000
104211  49.349  21.630  12.815 0.0000000000
104200  49.356  22.336  12.702 0.0000000000
104212  48.922  21.701  12.169 0.0000000000
103454  48.043  21.464  12.657 0.0000000000
105555  38.441  24.325  16.793 0.0000000000
104897  39.029  23.933  16.265 0.0000000000
106222  41.177  25.858  16.281 0.0000000000
105552  41.244  25.275  16.247 0.0000000000
104923  40.576  23.584  14.692 0.0000000000
104909  38.663  23.468  15.402 0.0000000000
104220  40.136  23.091  11.863 0.0000000000
104221  39.154  23.263  11.994 0.0000000000
104235  39.528  23.041  10.951 0.0000000000
104250  38.985  22.607  10.142 0.0000000000
104249  39.974  22.942  9.846 0.0000000000
118039  47.598  42.883  8.803 0.0000000000
116616  46.109  40.665  10.281 0.0000000000
116617  45.175  40.721  10.611 0.0000000000
115914  44.628  39.972  11.012 0.0000000000
114552  47.344  37.710  14.101 0.0000000000
113920  47.305  36.856  14.060 0.0000000000
113921  46.811  36.931  14.535 0.0000000000
113913  45.827  36.735  15.449 0.0000000000
113249  44.948  35.174  16.707 0.0000000000
112524  45.672  34.551  18.781 0.0000000000
117256  39.487  41.060  16.258 0.0000000000
117250  39.830  41.223  17.243 0.0000000000
116549  40.854  40.325  17.479 0.0000000000
116548  42.001  40.255  17.462 0.0000000000
116559  42.773  40.108  16.636 0.0000000000
116544  45.573  40.948  18.010 0.0000000000
116556  45.598  40.790  17.295 0.0000000000
117255  46.440  41.104  16.816 0.0000000000
117254  47.169  41.151  16.889 0.0000000000
115876  46.822  39.456  15.473 0.0000000000
115875  47.536  39.919  15.484 0.0000000000
115215  47.449  38.550  14.307 0.0000000000
104884  50.627  23.297  17.619 0.0000000000
104161  50.301  22.689  17.251 0.0000000000
104148  50.411  22.666  18.061 0.0000000000
104126  48.991  22.507  19.366 0.0000000000
104127  47.923  22.758  19.302 0.0000000000
104115  47.031  22.530  20.082 0.0000000000
103335  50.440  21.697  22.010 0.0000000000
103336  49.373  21.891  21.933 0.0000000000
103327  46.338  21.429  22.424 0.0000000000
103338  47.219  21.952  21.724 0.0000000000
103339  46.178  21.867  21.484 0.0000000000
103351  45.694  22.082  20.913 0.0000000000
103340  45.179  21.613  21.463 0.0000000000
103341  44.184  21.354  21.512 0.0000000000
103329  44.698  21.187  22.118 0.0000000000
109651  45.602  30.256  9.436 0.0000000000
109060  45.245  29.360  9.840 0.0000000000
109663  46.243  30.283  8.671 0.0000000000
109077  47.079  29.517  8.286 0.0000000000
108447  46.593  28.690  8.664 0.0000000000
107732  47.026  28.263  8.782 0.0000000000
107724  47.058  27.855  9.271 0.0000000000
107723  47.271  28.207  9.219 0.0000000000
111055  48.238  32.235  9.820 0.0000000000
110319  48.184  31.524  8.731 0.0000000000
109052  47.317  29.095  10.989 0.0000000000
108428  48.239  28.016  11.085 0.0000000000
107714  48.131  27.817  10.689 0.0000000000
108420  48.343  27.932  11.860 0.0000000000
108405  48.265  27.855  13.864 0.0000000000
107685  48.799  27.412  13.457 0.0000000000
107673  49.151  27.116  13.838 0.0000000000
106954  49.342  26.789  14.850 0.0000000000
113275  48.712  34.737  14.793 0.0000000000
113274  49.114  34.671  14.462 0.0000000000
112577  49.110  34.419  15.202 0.0000000000
110970  48.324  32.971  16.060 0.0000000000
110979  48.364  32.839  15.038 0.0000000000
110981  46.800  31.774  15.270 0.0000000000
110955  47.658  32.747  18.752 0.0000000000
110963  47.766  32.529  17.712 0.0000000000
109013  46.634  29.425  17.456 0.0000000000
109587  46.755  30.493  17.643 0.0000000000
109594  46.399  30.261  16.835 0.0000000000
109600  46.099  30.336  15.930 0.0000000000
109020  46.263  29.349  16.244 0.0000000000
108392  46.800  28.350  15.385 0.0000000000
107656  47.115  27.896  16.410 0.0000000000
106929  48.968  26.845  17.327 0.0000000000
106937  49.984  26.252  16.178 0.0000000000
106927  50.378  25.934  17.116 0.0000000000
106918  50.405  26.258  18.094 0.0000000000
106910  51.261  26.468  19.918 0.0000000000
106196  51.146  25.404  18.967 0.0000000000
106189  51.442  25.421  20.127 0.0000000000
108330  50.371  28.742  21.815 0.0000000000
108346  50.908  28.396  21.242 0.0000000000
108329  51.114  28.293  21.932 0.0000000000
106165  51.304  26.162  23.068 0.0000000000
106872  51.478  26.949  22.388 0.0000000000
106164  51.599  25.755  22.471 0.0000000000
104848  52.107  23.292  22.748 0.0000000000
118720  40.424  43.305  9.162 0.0000000000
118734  40.624  43.182  8.426 0.0000000000
118717  43.590  44.189  9.228 0.0000000000
118716  44.341  44.343  9.639 0.0000000000
119353  44.789  44.881  8.760 0.0000000000
119343  45.415  44.817  9.744 0.0000000000
117278  45.435  41.305  13.790 0.0000000000
117994  46.356  42.632  12.408 0.0000000000
117995  45.256  42.120  12.436 0.0000000000
118693  47.395  43.584  10.754 0.0000000000
118703  46.825  44.408  10.518 0.0000000000
118702  47.423  43.811  10.279 0.0000000000
119341  47.205  44.593  9.609 0.0000000000
118715  47.655  43.881  9.257 0.0000000000
116630  48.398  39.915  8.631 0.0000000000
116631  48.242  39.813  8.470 0.0000000000
115931  48.163  39.441  8.344 0.0000000000
115256  49.308  37.861  9.289 0.0000000000
115257  49.069  38.706  8.904 0.0000000000
115266  49.415  38.000  8.299 0.0000000000
113338  48.968  35.538  7.654 0.0000000000
114635  48.908  37.282  7.495 0.0000000000
113331  48.699  35.757  8.083 0.0000000000
113980  48.425  36.580  8.372 0.0000000000
113323  48.474  35.803  8.553 0.0000000000
113324  48.148  35.751  9.280 0.0000000000
112617  47.989  34.487  9.066 0.0000000000
110320  46.450  31.612  8.668 0.0000000000
111071  46.576  32.137  8.925 0.0000000000
110321  46.075  31.296  9.068 0.0000000000
107718  45.138  27.963  10.619 0.0000000000
107708  44.657  27.917  11.244 0.0000000000
107696  45.396  27.393  11.627 0.0000000000
106247  46.233  25.924  13.502 0.0000000000
106966  45.477  26.512  13.143 0.0000000000
106238  45.019  25.380  14.153 0.0000000000
105574  44.599  24.820  14.505 0.0000000000
104919  45.055  24.150  14.111 0.0000000000
104936  47.133  23.711  12.998 0.0000000000
104216  44.928  22.511  11.607 0.0000000000
104953  44.279  23.213  12.625 0.0000000000
104217  43.687  22.873  11.662 0.0000000000
104218  42.466  22.970  11.797 0.0000000000
103484  43.224  21.642  8.733 0.0000000000
104261  42.518  22.013  8.836 0.0000000000
103495  41.525  21.500  8.249 0.0000000000
103497  40.228  22.042  8.170 0.0000000000
102651  40.905  21.218  8.289 0.0000000000
104176  49.720  22.122  16.122 0.0000000000
104177  48.821  22.240  15.897 0.0000000000
104180  45.780  22.018  15.321 0.0000000000
104192  46.419  21.726  14.651 0.0000000000
103422  45.943  21.583  14.435 0.0000000000
103439  45.987  21.174  13.293 0.0000000000
103423  44.900  21.324  14.391 0.0000000000
103385  42.763  21.878  17.529 0.0000000000
103386  41.788  21.731  17.441 0.0000000000
109049  42.809  29.469  12.645 0.0000000000
108416  42.827  28.639  12.712 0.0000000000
107699  43.080  27.918  13.002 0.0000000000
111857  46.081  32.795  10.287 0.0000000000
111840  45.528  33.013  11.024 0.0000000000
111041  45.084  31.863  11.011 0.0000000000
111042  44.671  31.938  11.550 0.0000000000
110285  43.049  31.476  12.932 0.0000000000
104081  52.609  21.842  25.249 0.0000000000
103311  52.570  21.466  24.467 0.0000000000
103299  52.967  21.065  25.796 0.0000000000
102472  52.547  20.403  26.330 0.0000000000
101665  52.131  19.968  26.593 0.0000000000
112597  50.169  34.376  11.536 0.0000000000
111807  49.600  33.781  13.139 0.0000000000
111743  45.573  33.586  20.816 0.0000000000
110935  46.579  32.945  20.751 0.0000000000
110198  47.597  31.321  20.967 0.0000000000
115891  47.926  39.729  13.686 0.0000000000
114568  49.406  36.829  11.743 0.0000000000
113961  49.833  36.102  11.458 0.0000000000
106237  49.573  25.134  13.957 0.0000000000
105582  49.183  24.139  13.445 0.0000000000
105572  49.659  23.886  14.020 0.0000000000
103435  49.317  21.556  14.043 0.0000000000
105564  42.664  25.280  15.467 0.0000000000
105565  41.643  24.890  15.862 0.0000000000
105577  41.995  24.460  15.440 0.0000000000
104942  40.085  23.240  13.562 0.0000000000
104202  41.141  23.130  12.798 0.0000000000
104219  41.264  23.038  12.057 0.0000000000
116624  47.329  40.702  9.273 0.0000000000
115912  46.609  39.853  9.943 0.0000000000
115901  46.131  39.071  10.892 0.0000000000
109609  40.730  30.370  14.909 0.0000000000
108386  39.196  28.606  16.371 0.0000000000
107659  38.821  28.158  16.610 0.0000000000
115877  46.139  39.240  15.781 0.0000000000
115208  46.173  38.530  15.145 0.0000000000
115209  45.689  38.659  15.831 0.0000000000
117219  45.660  41.447  19.582 0.0000000000
117218  46.550  41.312  19.303 0.0000000000
117236  46.730  41.238  18.411 0.0000000000
117235  47.314  41.141  18.226 0.0000000000
117246  47.456  41.064  17.398 0.0000000000
116554  47.393  40.615  16.991 0.0000000000
116555  47.023  40.094  16.894 0.0000000000
104874  51.321  23.425  19.046 0.0000000000
104136  50.710  22.334  18.784 0.0000000000
104867  51.234  22.693  19.060 0.0000000000
104125  50.031  22.277  19.477 0.0000000000
104113  49.125  22.338  20.246 0.0000000000
103316  48.689  21.352  23.411 0.0000000000
103325  48.437  21.625  22.635 0.0000000000
103317  47.484  21.294  23.419 0.0000000000
103318  46.725  21.242  23.049 0.0000000000
102503  45.664  21.121  22.663 0.0000000000
110333  46.770  31.453  8.153 0.0000000000
109662  46.911  30.402  8.054 0.0000000000
109076  47.275  29.475  8.618 0.0000000000
110295  46.912  31.699  11.250 0.0000000000
109641  46.888  30.516  10.684 0.0000000000
109053  46.844  29.747  11.365 0.0000000000
108414  47.754  28.495  12.374 0.0000000000
108398  48.216  27.737  14.308 0.0000000000
112567  48.594  34.483  16.160 0.0000000000
112551  49.161  34.260  15.927 0.0000000000
112552  48.926  34.285  16.471 0.0000000000
111780  48.820  33.723  16.430 0.0000000000
109578  47.533  30.784  18.926 0.0000000000
109586  47.180  30.990  18.136 0.0000000000
109004  47.427  29.505  18.562 0.0000000000
108377  47.305  28.334  17.783 0.0000000000
108384  47.033  28.100  17.017 0.0000000000
107647  47.910  27.545  17.930 0.0000000000
107646  48.806  27.228  18.000 0.0000000000
106919  49.941  26.854  18.615 0.0000000000
107626  51.020  27.439  20.073 0.0000000000
106887  49.885  27.804  22.514 0.0000000000
107586  50.837  27.692  22.673 0.0000000000
106874  50.114  27.059  22.817 0.0000000000
106866  50.388  26.456  23.158 0.0000000000
118028  40.302  43.091  10.386 0.0000000000
118709  40.875  43.297  9.771 0.0000000000
118706  43.818  43.828  10.082 0.0000000000
115878  41.895  39.820  15.206 0.0000000000
115886  41.883  39.885  14.824 0.0000000000
116581  42.492  40.048  14.679 0.0000000000
116590  43.436  40.504  13.937 0.0000000000
117288  47.453  41.695  12.940 0.0000000000
117993  47.200  42.587  12.162 0.0000000000
118005  46.804  43.326  11.711 0.0000000000
118004  47.558  43.105  10.978 0.0000000000
118020  48.192  42.206  9.326 0.0000000000
115922  48.733  39.491  8.633 0.0000000000
113987  49.425  36.265  8.386 0.0000000000
113337  49.377  35.320  7.998 0.0000000000
112636  48.800  34.353  7.678 0.0000000000
112626  48.593  34.796  7.927 0.0000000000
111870  48.262  34.124  8.358 0.0000000000
111887  47.949  33.156  8.078 0.0000000000
111101  47.641  32.278  7.735 0.0000000000
107706  46.231  27.365  10.761 0.0000000000
106975  46.379  26.979  11.723 0.0000000000
106965  46.353  26.583  12.748 0.0000000000
104951  46.572  22.920  12.469 0.0000000000
104245  44.682  22.023  9.541 0.0000000000
104269  44.197  21.359  8.858 0.0000000000
102648  43.613  20.870  9.144 0.0000000000
104165  46.741  22.711  16.476 0.0000000000
104166  45.765  22.463  16.301 0.0000000000
103394  44.504  22.074  15.999 0.0000000000
107679  40.950  27.851  15.033 0.0000000000
106958  41.931  26.934  15.152 0.0000000000
106948  42.325  26.499  15.331 0.0000000000
107677  42.506  27.446  14.307 0.0000000000
113972  47.715  36.757  9.959 0.0000000000
113973  47.196  37.026  10.729 0.0000000000
113308  46.123  35.374  11.733 0.0000000000
112600  45.701  34.265  11.432 0.0000000000
110272  42.499  31.033  13.377 0.0000000000
109034  41.249  29.443  14.305 0.0000000000
117198  45.414  41.780  20.462 0.0000000000
104097  52.074  22.060  21.902 0.0000000000
103322  51.492  21.394  22.942 0.0000000000
103314  50.813  21.253  23.517 0.0000000000
103304  51.914  20.903  24.300 0.0000000000
103305  51.125  21.011  24.232 0.0000000000
103315  49.788  21.306  23.448 0.0000000000
103307  49.022  21.011  24.144 0.0000000000
102493  48.236  20.638  24.833 0.0000000000
111068  49.399  32.600  8.280 0.0000000000
111083  49.172  32.083  8.109 0.0000000000
111053  49.422  32.840  8.964 0.0000000000
111054  49.068  32.632  9.620 0.0000000000
111038  48.669  32.798  10.441 0.0000000000
111837  48.947  33.268  11.342 0.0000000000
111039  47.818  32.483  11.050 0.0000000000
110282  46.545  31.536  12.551 0.0000000000
110271  46.310  31.345  13.612 0.0000000000
111771  48.060  33.473  17.958 0.0000000000
110223  47.738  31.734  19.639 0.0000000000
110934  47.179  33.381  20.332 0.0000000000
109570  48.189  30.783  19.694 0.0000000000
108980  49.563  29.455  20.434 0.0000000000
108331  49.425  29.145  21.756 0.0000000000
107596  49.722  28.348  22.221 0.0000000000
106888  49.352  27.540  22.288 0.0000000000
106876  48.555  26.385  22.292 0.0000000000
117260  46.275  41.082  15.748 0.0000000000
116599  47.669  40.606  13.332 0.0000000000
114601  49.477  37.049  9.872 0.0000000000
113979  49.591  36.141  9.338 0.0000000000
113330  49.714  35.234  8.800 0.0000000000
106253  48.043  26.195  12.270 0.0000000000
106254  47.831  26.070  12.443 0.0000000000
106245  48.240  25.643  12.781 0.0000000000
104935  48.136  23.294  12.740 0.0000000000
104934  48.957  23.244  12.914 0.0000000000
104201  48.805  22.562  12.290 0.0000000000
103456  45.929  20.891  12.068 0.0000000000
103364  43.848  22.026  19.586 0.0000000000
103374  43.554  22.051  18.668 0.0000000000
103365  42.890  21.657  19.569 0.0000000000
106950  40.961  26.875  15.921 0.0000000000
106223  40.358  25.731  16.685 0.0000000000
105554  39.665  24.726  16.689 0.0000000000
105566  40.524  24.482  16.157 0.0000000000
104896  39.523  24.141  16.294 0.0000000000
104910  37.558  23.526  15.160 0.0000000000
117312  46.556  41.250  9.775 0.0000000000
118022  46.184  42.038  9.710 0.0000000000
114604  46.842  37.668  10.967 0.0000000000
113931  48.461  36.701  13.340 0.0000000000
113288  47.879  36.266  13.758 0.0000000000
113276  47.674  35.625  14.490 0.0000000000
113912  46.367  36.828  15.021 0.0000000000
113261  46.986  35.660  15.356 0.0000000000
113260  48.091  34.725  15.630 0.0000000000
113247  47.461  34.878  16.156 0.0000000000
112538  46.853  34.386  17.937 0.0000000000
112523  46.491  34.500  18.701 0.0000000000
112511  45.382  34.428  19.672 0.0000000000
115870  40.736  39.837  15.951 0.0000000000
117249  40.277  40.823  17.565 0.0000000000
116561  40.669  40.063  16.481 0.0000000000
116571  41.703  39.788  15.749 0.0000000000
116570  42.529  39.937  15.645 0.0000000000
116569  43.613  40.205  15.871 0.0000000000
116568  44.590  40.461  16.107 0.0000000000
117238  44.982  41.181  18.921 0.0000000000
116546  44.086  40.435  17.647 0.0000000000
116557  44.773  40.464  17.000 0.0000000000
117259  47.168  41.196  16.027 0.0000000000
116577  47.690  40.478  15.310 0.0000000000
116566  47.587  40.558  16.098 0.0000000000
115884  47.755  39.637  14.590 0.0000000000
114558  47.880  37.629  13.622 0.0000000000
105551  50.494  24.153  16.301 0.0000000000
104905  50.460  23.156  15.931 0.0000000000
104175  50.270  22.566  16.438 0.0000000000
104162  49.710  22.483  16.958 0.0000000000
104163  48.903  22.668  16.751 0.0000000000
104150  49.054  22.713  17.515 0.0000000000
104877  48.033  23.105  17.727 0.0000000000
104151  47.464  23.098  17.660 0.0000000000
104140  46.704  22.893  18.381 0.0000000000
104129  45.875  22.612  19.154 0.0000000000
104099  50.302  21.955  21.219 0.0000000000
103337  48.284  21.974  21.848 0.0000000000
104101  48.170  22.332  21.041 0.0000000000
104116  45.964  22.462  20.115 0.0000000000
103363  44.506  22.245  19.983 0.0000000000
103353  43.970  21.736  20.584 0.0000000000
109643  44.790  30.171  10.627 0.0000000000
109054  44.430  29.381  11.146 0.0000000000
109061  44.821  29.363  10.510 0.0000000000
108431  44.911  28.583  10.495 0.0000000000
108430  45.335  28.536  9.829 0.0000000000
108438  45.743  28.530  9.237 0.0000000000
107717  45.678  27.868  10.020 0.0000000000
107716  46.917  27.458  10.078 0.0000000000
106989  47.388  27.099  10.492 0.0000000000
106983  47.868  26.852  10.824 0.0000000000
110332  48.259  31.236  8.088 0.0000000000
109067  47.322  29.242  9.243 0.0000000000
109640  47.265  30.376  9.982 0.0000000000
109058  47.281  29.460  10.086 0.0000000000
108437  47.385  28.547  9.677 0.0000000000
107715  47.690  27.633  10.218 0.0000000000
107705  48.134  27.146  10.771 0.0000000000
106982  48.270  26.952  11.138 0.0000000000
106973  48.405  26.588  12.076 0.0000000000
106972  48.892  26.722  12.583 0.0000000000
106962  49.110  26.238  13.034 0.0000000000
107684  49.196  26.909  13.233 0.0000000000
106229  50.095  25.735  14.810 0.0000000000
106220  50.388  25.257  15.740 0.0000000000
113286  49.158  34.958  13.961 0.0000000000
111789  49.367  33.907  15.135 0.0000000000
111800  48.917  33.443  14.626 0.0000000000
110992  48.355  32.987  14.096 0.0000000000
110971  47.698  32.338  16.635 0.0000000000
110244  46.962  31.701  16.157 0.0000000000
110253  46.279  31.216  15.409 0.0000000000
109607  45.885  30.429  14.745 0.0000000000
109032  46.228  29.807  14.215 0.0000000000
108391  47.458  27.901  15.090 0.0000000000
107675  47.840  27.725  14.945 0.0000000000
107655  47.590  27.545  16.864 0.0000000000
107663  48.414  27.159  16.059 0.0000000000
106946  49.202  26.738  15.557 0.0000000000
106221  50.183  25.976  15.443 0.0000000000
106211  50.508  25.102  16.769 0.0000000000
105535  50.756  24.116  18.063 0.0000000000
106197  50.787  25.937  18.482 0.0000000000
106202  50.990  24.746  18.374 0.0000000000
105534  51.162  24.177  18.692 0.0000000000
104859  51.585  23.198  20.765 0.0000000000
107613  51.203  27.824  20.861 0.0000000000
107625  51.343  27.156  20.589 0.0000000000
107585  51.278  27.478  22.456 0.0000000000
106178  51.658  25.511  21.181 0.0000000000
105514  51.712  24.376  21.485 0.0000000000
104851  51.823  23.200  21.692 0.0000000000
104847  52.334  22.796  23.412 0.0000000000
104835  52.342  22.797  24.155 0.0000000000
104818  52.327  22.554  24.795 0.0000000000
118731  43.174  43.895  8.256 0.0000000000
119364  44.179  44.427  7.751 0.0000000000
119949  45.362  45.172  7.831 0.0000000000
119941  46.321  45.372  8.363 0.0000000000
117986  46.033  42.047  13.167 0.0000000000
117303  43.939  41.663  12.005 0.0000000000
118024  44.084  43.385  10.560 0.0000000000
118705  44.785  43.952  10.314 0.0000000000
118695  46.342  43.875  11.186 0.0000000000
118704  45.875  44.402  10.538 0.0000000000
119351  46.827  45.233  8.818 0.0000000000
119361  47.018  44.675  8.362 0.0000000000
118727  47.375  44.062  8.568 0.0000000000
117321  47.872  41.634  8.751 0.0000000000
115923  47.768  39.692  8.774 0.0000000000
115258  47.526  38.752  9.192 0.0000000000
114616  47.671  37.794  9.006 0.0000000000
115267  48.915  38.612  7.900 0.0000000000
114634  49.132  37.295  7.534 0.0000000000
115275  48.963  37.878  7.326 0.0000000000
114626  48.031  37.919  8.259 0.0000000000
114615  48.111  37.398  8.424 0.0000000000
112607  47.548  34.772  9.884 0.0000000000
111871  47.793  33.533  8.725 0.0000000000
111856  46.733  33.031  9.822 0.0000000000
111057  45.698  32.061  10.090 0.0000000000
110308  45.190  31.000  10.359 0.0000000000
108423  43.913  28.608  11.654 0.0000000000
107709  44.081  27.847  11.824 0.0000000000
107686  43.937  27.196  12.855 0.0000000000
106977  44.959  26.768  12.774 0.0000000000
106967  44.427  26.607  13.460 0.0000000000
106955  43.930  26.487  14.067 0.0000000000
106239  44.199  25.892  14.430 0.0000000000
104939  43.661  23.535  13.704 0.0000000000
104937  45.834  23.985  13.499 0.0000000000
104918  45.391  24.236  13.890 0.0000000000
104938  44.772  23.592  13.571 0.0000000000
104233  41.749  22.798  10.802 0.0000000000
104246  43.450  22.286  9.652 0.0000000000
104247  42.167  22.409  9.758 0.0000000000
104248  41.047  22.785  9.759 0.0000000000
104263  40.426  22.664  8.922 0.0000000000
103418  49.331  21.629  14.440 0.0000000000
103436  48.767  21.278  13.711 0.0000000000
103420  47.929  21.521  14.219 0.0000000000
103437  47.980  21.217  13.441 0.0000000000
103438  47.047  21.239  13.320 0.0000000000
102595  45.296  20.617  11.944 0.0000000000
103384  43.547  22.079  17.686 0.0000000000
103395  43.928  22.020  16.450 0.0000000000
103408  43.854  21.504  15.412 0.0000000000
103409  42.782  21.315  15.319 0.0000000000
103424  43.859  21.003  14.369 0.0000000000
103458  44.234  20.707  12.836 0.0000000000
102609  45.071  20.520  11.379 0.0000000000
102622  43.880  20.489  10.544 0.0000000000
102623  42.828  20.435  10.404 0.0000000000
101659  52.213  19.789  27.171 0.0000000000
101666  51.507  19.797  26.814 0.0000000000
101667  50.484  19.597  26.941 0.0000000000
101648  51.798  18.739  28.176 0.0000000000
102473  51.772  20.137  26.149 0.0000000000
102488  52.481  20.917  24.950 0.0000000000
102489  52.216  20.733  24.880 0.0000000000
102594  45.736  20.706  11.756 0.0000000000
102596  44.129  20.625  12.486 0.0000000000
102620  45.788  20.618  10.592 0.0000000000
102621  44.915  20.512  10.566 0.0000000000
102635  44.679  20.644  9.860 0.0000000000
102636  43.722  20.626  9.756 0.0000000000
102646  45.145  20.815  9.410 0.0000000000
102649  42.635  20.830  8.760 0.0000000000
103290  52.758  21.309  27.143 0.0000000000
103302  52.669  21.150  25.040 0.0000000000
103303  52.392  21.030  24.565 0.0000000000
103306  50.116  20.972  24.166 0.0000000000
103312  52.214  21.277  23.991 0.0000000000
103321  52.206  21.513  23.268 0.0000000000
103323  50.599  21.478  22.776 0.0000000000
103334  51.383  21.547  22.186 0.0000000000
103406  45.520  21.844  15.051 0.0000000000
103419  48.851  21.573  14.489 0.0000000000
103452  49.305  21.396  13.344 0.0000000000
103457  44.743  20.699  12.675 0.0000000000
103467  46.219  21.127  10.922 0.0000000000
103482  45.099  21.125  8.942 0.0000000000
103483  43.670  21.613  8.772 0.0000000000
103491  45.036  20.946  9.097 0.0000000000
103492  44.432  21.118  8.980 0.0000000000
103493  43.549  21.318  8.800 0.0000000000
103494  42.473  21.410  8.446 0.0000000000
103496  40.651  21.728  8.063 0.0000000000
104051  52.820  21.374  26.725 0.0000000000
104103  46.375  22.283  20.719 0.0000000000
104117  45.187  22.485  19.834 0.0000000000
104131  44.246  22.335  18.657 0.0000000000
104139  47.747  22.969  18.404 0.0000000000
104143  44.203  22.333  17.859 0.0000000000
104154  44.899  22.541  17.092 0.0000000000
104167  44.789  22.238  16.168 0.0000000000
104168  44.290  22.189  16.529 0.0000000000
104178  47.808  22.501  15.702 0.0000000000
104181  45.130  22.077  15.623 0.0000000000
104188  49.653  21.926  14.870 0.0000000000
104190  47.853  22.072  14.895 0.0000000000
104191  46.957  21.841  14.781 0.0000000000
104199  49.668  22.014  13.559 0.0000000000
104203  40.604  23.112  12.752 0.0000000000
104244  45.418  21.397  9.456 0.0000000000
104258  45.275  21.192  9.097 0.0000000000
104259  44.670  21.440  9.051 0.0000000000
104270  43.997  21.532  8.866 0.0000000000
104271  41.968  21.675  8.505 0.0000000000
104272  41.466  22.001  8.381 0.0000000000
104273  40.704  22.304  8.325 0.0000000000
104274  40.063  22.265  8.463 0.0000000000
104876  48.452  22.929  17.892 0.0000000000
104885  48.473  22.947  17.346 0.0000000000
104886  48.005  23.143  17.227 0.0000000000
104893  50.532  23.278  16.776 0.0000000000
104894  48.279  23.027  16.962 0.0000000000
104895  48.020  23.132  16.927 0.0000000000
104906  41.506  24.309  15.520 0.0000000000
104955  42.004  23.206  12.795 0.0000000000
105563  43.071  25.406  15.323 0.0000000000
105567  40.025  24.326  16.267 0.0000000000
105573  45.305  24.585  14.057 0.0000000000
106150  51.395  25.767  23.161 0.0000000000
106151  50.890  26.062  23.394 0.0000000000
106230  43.014  25.935  15.327 0.0000000000
106232  41.693  25.830  15.996 0.0000000000
106248  45.306  25.950  13.741 0.0000000000
106865  50.663  26.631  23.124 0.0000000000
106912  50.113  27.214  19.172 0.0000000000
106939  41.072  26.549  16.080 0.0000000000
107584  51.407  27.303  22.317 0.0000000000
107593  51.458  27.395  22.059 0.0000000000
107594  51.295  27.846  22.157 0.0000000000
107612  51.455  27.378  21.334 0.0000000000
107614  50.764  28.112  20.560 0.0000000000
107636  49.014  27.807  18.969 0.0000000000
107665  46.929  27.980  15.980 0.0000000000
107666  41.246  27.288  15.353 0.0000000000
107693  49.081  26.778  12.780 0.0000000000
107695  45.868  27.384  11.238 0.0000000000
107731  47.140  28.471  8.831 0.0000000000
107733  46.786  28.093  8.839 0.0000000000
108321  51.116  27.989  22.371 0.0000000000
108322  50.799  28.255  22.334 0.0000000000
108328  51.360  27.836  21.812 0.0000000000
108360  49.076  28.661  19.625 0.0000000000
108378  46.837  28.615  17.369 0.0000000000
108399  47.707  28.022  14.486 0.0000000000
108446  47.082  28.797  8.604 0.0000000000
109012  46.940  28.935  17.867 0.0000000000
109027  45.860  30.074  14.969 0.0000000000
109033  45.955  29.948  14.744 0.0000000000
109046  47.206  29.069  11.862 0.0000000000
109543  48.734  30.743  21.294 0.0000000000
109579  47.106  30.352  18.300 0.0000000000
109601  45.912  30.411  15.256 0.0000000000
109606  45.999  30.439  14.284 0.0000000000
109671  48.251  31.586  7.413 0.0000000000
109673  47.415  31.049  7.648 0.0000000000
110206  48.208  31.357  20.458 0.0000000000
110238  46.677  30.826  17.070 0.0000000000
110252  46.853  31.752  15.585 0.0000000000
110254  45.896  30.760  15.137 0.0000000000
110260  46.001  31.034  14.467 0.0000000000
110261  45.874  30.922  14.953 0.0000000000
110283  44.202  31.404  11.919 0.0000000000
110294  47.314  31.911  10.788 0.0000000000
110298  44.123  30.779  11.767 0.0000000000
110307  46.963  31.223  10.653 0.0000000000
110318  48.616  31.783  8.385 0.0000000000
110330  49.047  31.991  7.779 0.0000000000
110331  48.646  31.719  7.918 0.0000000000
110343  49.008  31.988  7.565 0.0000000000
110344  48.589  31.922  7.511 0.0000000000
111007  48.384  33.042  13.592 0.0000000000
111023  47.777  32.747  12.224 0.0000000000
111056  46.248  32.356  9.728 0.0000000000
111069  48.922  32.160  8.612 0.0000000000
111082  49.167  32.223  7.788 0.0000000000
111084  47.754  32.723  7.932 0.0000000000
111085  47.398  32.465  8.061 0.0000000000
111099  48.639  32.535  7.521 0.0000000000
111752  46.945  34.129  20.112 0.0000000000
111770  48.667  33.948  17.288 0.0000000000
111779  49.334  34.005  15.937 0.0000000000
111809  48.392  33.061  13.340 0.0000000000
111872  47.343  32.881  8.947 0.0000000000
111886  48.468  33.822  7.883 0.0000000000
111905  48.308  33.216  7.818 0.0000000000
112500  46.428  34.241  20.215 0.0000000000
112501  45.970  34.226  20.309 0.0000000000
112509  47.057  34.249  19.518 0.0000000000
112539  45.936  34.535  17.936 0.0000000000
112565  49.242  34.239  15.476 0.0000000000
112566  48.911  34.480  15.688 0.0000000000
112576  49.276  34.387  14.656 0.0000000000
112598  47.169  34.975  10.634 0.0000000000
113237  44.601  34.928  17.191 0.0000000000
113246  47.930  34.661  16.171 0.0000000000
113306  47.183  35.384  10.704 0.0000000000
113988  48.790  36.630  7.739 0.0000000000
113995  49.013  36.689  7.524 0.0000000000
114549  46.214  37.676  15.040 0.0000000000
114553  46.767  37.750  14.555 0.0000000000
114624  49.411  37.229  7.937 0.0000000000
115243  49.204  37.686  9.942 0.0000000000
115869  41.134  39.731  15.961 0.0000000000
115879  41.337  39.722  15.428 0.0000000000
115880  40.864  39.755  15.523 0.0000000000
115888  41.060  39.706  15.174 0.0000000000
115924  47.271  39.919  9.358 0.0000000000
116526  47.266  40.935  19.142 0.0000000000
116532  47.484  41.025  18.855 0.0000000000
116550  40.256  40.547  17.071 0.0000000000
116572  40.407  40.017  15.802 0.0000000000
116582  41.726  39.976  14.477 0.0000000000
117243  39.924  41.594  17.844 0.0000000000
117248  46.205  41.132  17.776 0.0000000000
117253  47.592  41.026  16.580 0.0000000000
119360  47.244  44.448  8.571 0.0000000000
119940  46.574  45.292  8.433 0.0000000000
119942  45.713  45.326  8.289 0.0000000000
