#!ascii label  , from subject sub.01.bl.01 vox2ras=TkReg
1060
53845  33.434  -24.246  45.753 0.0000000000
76494  40.925  -5.554  30.591 0.0000000000
65967  33.076  -14.880  37.917 0.0000000000
52383  13.813  -24.708  56.736 0.0000000000
59884  27.747  -19.164  48.868 0.0000000000
71876  33.067  -9.516  37.555 0.0000000000
56080  19.242  -22.616  50.806 0.0000000000
52419  17.468  -26.548  54.200 0.0000000000
54955  23.028  -23.917  47.738 0.0000000000
75416  45.262  -6.713  29.642 0.0000000000
61159  34.622  -19.321  45.750 0.0000000000
62380  32.583  -18.090  43.452 0.0000000000
56189  37.077  -22.317  45.247 0.0000000000
80794  43.120  -1.138  29.386 0.0000000000
78694  45.978  -3.228  26.726 0.0000000000
76457  37.277  -5.081  33.543 0.0000000000
71941  40.838  -9.601  33.184 0.0000000000
71925  35.800  -9.328  34.296 0.0000000000
67169  37.427  -14.165  36.470 0.0000000000
51153  31.765  -26.080  48.998 0.0000000000
49776  12.122  -27.981  59.038 0.0000000000
49759  7.568  -27.442  60.648 0.0000000000
49694  6.816  -27.323  65.342 0.0000000000
56171  30.943  -22.818  46.894 0.0000000000
54933  27.415  -24.341  48.908 0.0000000000
67083  28.921  -14.319  42.621 0.0000000000
65893  35.343  -14.875  43.004 0.0000000000
81876  48.587  -0.515  25.562 0.0000000000
76492  42.924  -5.733  29.925 0.0000000000
73128  42.653  -8.570  31.207 0.0000000000
57450  33.661  -21.532  44.829 0.0000000000
57466  34.882  -21.516  43.343 0.0000000000
55012  35.574  -23.651  45.309 0.0000000000
79748  40.296  -2.795  31.337 0.0000000000
80784  42.469  -1.285  30.976 0.0000000000
78663  41.946  -4.012  29.732 0.0000000000
78661  43.031  -3.781  28.768 0.0000000000
43607  6.982  -32.166  64.230 0.0000000000
74242  36.599  -7.279  33.245 0.0000000000
74218  35.002  -7.148  35.594 0.0000000000
69507  31.961  -11.657  37.272 0.0000000000
69521  34.285  -12.028  35.839 0.0000000000
66003  35.427  -14.384  36.664 0.0000000000
64788  36.275  -15.627  39.282 0.0000000000
52400  15.672  -25.434  55.513 0.0000000000
49847  17.536  -27.615  56.621 0.0000000000
49828  15.102  -26.941  57.575 0.0000000000
49774  14.161  -27.617  59.323 0.0000000000
51007  12.808  -26.120  57.339 0.0000000000
53589  9.588  -24.516  60.445 0.0000000000
49717  6.743  -27.475  62.918 0.0000000000
57385  29.671  -21.209  47.495 0.0000000000
54996  28.664  -23.725  46.649 0.0000000000
57387  26.973  -21.727  46.760 0.0000000000
52480  22.767  -25.715  51.697 0.0000000000
52478  24.737  -26.368  51.403 0.0000000000
62376  36.612  -17.679  43.335 0.0000000000
64700  33.592  -16.175  43.165 0.0000000000
73039  34.881  -7.891  37.305 0.0000000000
71847  32.949  -9.692  39.341 0.0000000000
68352  30.839  -12.334  38.950 0.0000000000
53717  20.299  -25.095  52.209 0.0000000000
52416  20.724  -25.751  54.357 0.0000000000
53719  17.799  -24.439  52.380 0.0000000000
54872  16.239  -23.443  53.832 0.0000000000
56015  14.954  -22.854  55.647 0.0000000000
58686  24.687  -21.149  46.832 0.0000000000
57369  22.677  -21.453  48.644 0.0000000000
53771  20.950  -23.863  49.548 0.0000000000
62322  32.834  -17.765  48.212 0.0000000000
61164  30.369  -17.425  46.205 0.0000000000
59956  33.219  -19.376  44.186 0.0000000000
59973  36.008  -19.718  43.070 0.0000000000
81872  45.654  -0.475  26.924 0.0000000000
79788  43.862  -2.461  27.771 0.0000000000
77584  45.102  -4.536  28.172 0.0000000000
76483  38.611  -5.371  31.684 0.0000000000
73130  40.639  -7.796  31.859 0.0000000000
74254  38.282  -7.157  31.921 0.0000000000
71923  37.988  -9.670  33.796 0.0000000000
69558  38.843  -11.244  34.779 0.0000000000
71902  34.245  -9.577  35.194 0.0000000000
69546  37.070  -11.707  35.034 0.0000000000
52570  32.654  -25.352  46.856 0.0000000000
52549  35.151  -25.262  47.857 0.0000000000
78621  40.152  -3.267  33.473 0.0000000000
53619  12.266  -24.089  57.883 0.0000000000
50989  10.410  -26.213  58.520 0.0000000000
48539  9.751  -27.932  59.537 0.0000000000
47309  9.430  -29.145  61.369 0.0000000000
47311  7.706  -29.590  61.783 0.0000000000
47269  6.419  -29.705  63.097 0.0000000000
47233  5.989  -29.691  64.973 0.0000000000
47206  5.660  -28.843  66.592 0.0000000000
55016  31.959  -23.835  45.874 0.0000000000
52572  30.753  -25.165  46.772 0.0000000000
52512  29.728  -25.805  49.601 0.0000000000
54935  26.154  -24.301  48.453 0.0000000000
65923  30.853  -14.711  39.676 0.0000000000
63543  29.779  -17.202  42.957 0.0000000000
64730  31.395  -16.488  40.863 0.0000000000
65921  33.641  -15.857  39.545 0.0000000000
53782  37.389  -24.009  47.962 0.0000000000
79816  50.039  -2.361  24.420 0.0000000000
80825  47.131  -1.687  25.823 0.0000000000
78716  48.882  -3.346  24.928 0.0000000000
76493  42.024  -5.643  30.367 0.0000000000
74280  43.072  -7.247  30.484 0.0000000000
74282  41.840  -7.157  31.155 0.0000000000
55014  33.678  -23.423  45.185 0.0000000000
55034  34.111  -23.114  44.592 0.0000000000
53844  34.384  -24.154  45.616 0.0000000000
77544  40.125  -4.769  30.732 0.0000000000
79754  40.540  -3.339  30.677 0.0000000000
77555  40.870  -4.561  30.443 0.0000000000
77553  42.355  -5.009  29.903 0.0000000000
43587  6.110  -32.402  64.850 0.0000000000
75347  36.243  -5.843  35.145 0.0000000000
75330  35.754  -6.314  36.055 0.0000000000
67152  32.884  -13.673  37.073 0.0000000000
67173  33.445  -13.447  36.625 0.0000000000
65986  33.763  -14.623  37.114 0.0000000000
65984  35.837  -14.986  37.469 0.0000000000
65966  34.175  -15.373  37.875 0.0000000000
52381  15.193  -25.502  56.013 0.0000000000
51026  15.553  -26.279  56.318 0.0000000000
51005  14.420  -26.309  57.085 0.0000000000
50985  14.088  -26.835  57.705 0.0000000000
52364  13.473  -25.415  57.040 0.0000000000
58661  28.931  -20.370  47.755 0.0000000000
57411  28.513  -21.391  46.744 0.0000000000
58663  26.921  -20.648  46.801 0.0000000000
52460  22.749  -25.608  52.685 0.0000000000
65847  30.658  -14.443  47.164 0.0000000000
63523  37.007  -16.442  44.396 0.0000000000
70702  31.603  -10.755  39.192 0.0000000000
69469  31.959  -10.572  40.298 0.0000000000
53737  19.970  -24.264  51.183 0.0000000000
53718  19.002  -24.643  51.800 0.0000000000
54885  18.897  -23.855  51.468 0.0000000000
56046  16.630  -22.418  53.450 0.0000000000
57258  16.345  -21.939  54.445 0.0000000000
56014  15.458  -22.534  55.239 0.0000000000
58630  24.475  -20.137  49.427 0.0000000000
57333  19.982  -21.332  50.477 0.0000000000
56110  20.818  -22.124  49.538 0.0000000000
54919  20.157  -23.147  50.273 0.0000000000
53754  20.854  -24.176  50.358 0.0000000000
61161  32.798  -18.846  46.473 0.0000000000
61178  33.975  -19.511  45.469 0.0000000000
56223  36.025  -21.888  43.643 0.0000000000
58733  35.179  -20.677  42.947 0.0000000000
57448  36.824  -21.359  44.158 0.0000000000
58701  37.738  -20.316  44.726 0.0000000000
57406  37.766  -21.643  45.621 0.0000000000
80788  42.388  -1.455  29.990 0.0000000000
81862  44.234  -0.733  28.337 0.0000000000
80805  43.593  -1.551  28.395 0.0000000000
76507  44.640  -5.687  29.214 0.0000000000
77585  44.292  -4.385  28.443 0.0000000000
76506  45.706  -5.749  28.933 0.0000000000
76469  37.967  -5.343  32.213 0.0000000000
75390  38.566  -6.364  31.707 0.0000000000
75377  37.842  -6.132  32.152 0.0000000000
73087  36.134  -8.209  33.877 0.0000000000
71944  37.578  -8.898  33.264 0.0000000000
71924  36.831  -9.354  33.793 0.0000000000
70758  38.467  -10.445  34.352 0.0000000000
70759  37.415  -10.246  34.304 0.0000000000
73041  33.495  -8.922  37.244 0.0000000000
73054  34.000  -8.255  35.946 0.0000000000
71903  33.726  -9.626  35.741 0.0000000000
68385  35.861  -13.037  35.586 0.0000000000
68411  35.503  -12.507  35.388 0.0000000000
68410  36.591  -12.793  35.501 0.0000000000
68409  37.796  -12.599  35.508 0.0000000000
52552  32.225  -25.614  47.587 0.0000000000
52531  33.794  -26.002  48.861 0.0000000000
77511  38.446  -4.528  34.070 0.0000000000
77523  38.365  -4.277  33.276 0.0000000000
78642  38.662  -3.863  32.133 0.0000000000
52418  18.773  -26.706  54.008 0.0000000000
51043  19.068  -26.971  55.554 0.0000000000
49775  13.123  -27.738  59.278 0.0000000000
49736  14.063  -27.685  61.313 0.0000000000
49754  12.499  -28.146  60.104 0.0000000000
49738  11.924  -28.475  60.655 0.0000000000
54777  11.556  -23.371  58.892 0.0000000000
52349  11.275  -25.220  58.137 0.0000000000
53603  10.387  -24.365  59.398 0.0000000000
50959  8.044  -26.521  60.395 0.0000000000
50973  8.717  -26.293  59.604 0.0000000000
49757  8.667  -27.879  59.977 0.0000000000
48494  9.750  -28.799  60.759 0.0000000000
48495  8.863  -28.869  60.784 0.0000000000
47310  8.689  -29.478  61.547 0.0000000000
48496  7.846  -28.835  61.011 0.0000000000
49707  6.747  -27.700  64.149 0.0000000000
49718  6.566  -28.298  63.229 0.0000000000
49708  6.511  -28.444  63.826 0.0000000000
47252  6.160  -29.782  63.953 0.0000000000
48451  6.597  -28.129  65.101 0.0000000000
56145  31.499  -22.632  47.645 0.0000000000
56170  31.768  -22.786  46.780 0.0000000000
54993  31.430  -23.410  46.361 0.0000000000
53826  31.328  -24.366  46.307 0.0000000000
54994  30.540  -23.506  46.509 0.0000000000
54950  27.754  -23.815  48.014 0.0000000000
53806  28.785  -24.785  47.438 0.0000000000
53764  28.070  -24.913  49.308 0.0000000000
56153  23.899  -22.493  47.068 0.0000000000
54974  25.145  -23.153  47.163 0.0000000000
53786  24.640  -24.737  48.072 0.0000000000
52477  26.110  -26.058  51.223 0.0000000000
71958  40.498  -8.970  32.569 0.0000000000
71968  41.533  -9.048  31.947 0.0000000000
71940  41.948  -9.719  33.245 0.0000000000
68297  30.227  -12.237  42.391 0.0000000000
68325  30.414  -12.595  40.729 0.0000000000
65908  29.956  -14.370  40.608 0.0000000000
61201  31.432  -18.461  44.219 0.0000000000
62360  29.749  -17.546  44.955 0.0000000000
62381  31.843  -17.921  43.272 0.0000000000
64699  34.852  -15.688  43.500 0.0000000000
64713  32.817  -16.227  42.381 0.0000000000
64728  33.637  -16.036  41.432 0.0000000000
64745  33.220  -16.260  40.192 0.0000000000
64727  34.723  -15.569  41.707 0.0000000000
64743  35.524  -15.656  40.918 0.0000000000
52528  36.591  -24.812  48.289 0.0000000000
80822  49.490  -1.215  25.131 0.0000000000
79798  45.792  -2.355  26.466 0.0000000000
81871  46.195  -0.265  26.762 0.0000000000
79797  46.528  -2.477  26.006 0.0000000000
77614  47.806  -4.378  25.741 0.0000000000
76540  48.739  -4.949  25.580 0.0000000000
57315  18.982  -21.129  50.969 0.0000000000
56064  18.160  -22.178  51.764 0.0000000000
75418  43.688  -6.092  29.650 0.0000000000
74278  44.994  -7.512  30.112 0.0000000000
74279  43.975  -7.446  30.231 0.0000000000
58703  34.259  -20.506  45.362 0.0000000000
58718  33.851  -20.653  44.368 0.0000000000
57467  34.147  -21.539  43.851 0.0000000000
55052  35.339  -22.745  43.891 0.0000000000
55011  36.539  -23.017  45.232 0.0000000000
79742  42.710  -2.139  32.807 0.0000000000
79747  41.105  -2.087  31.427 0.0000000000
80785  41.687  -1.759  30.634 0.0000000000
80796  42.078  -2.471  29.378 0.0000000000
79776  42.723  -2.885  28.573 0.0000000000
78662  42.542  -3.605  29.117 0.0000000000
76509  42.891  -5.054  29.493 0.0000000000
44778  7.681  -31.956  64.310 0.0000000000
76449  36.757  -5.469  34.216 0.0000000000
75366  36.561  -6.350  33.164 0.0000000000
75357  36.179  -6.436  34.038 0.0000000000
74232  35.998  -7.299  33.917 0.0000000000
73088  35.206  -8.542  34.519 0.0000000000
70723  32.688  -10.836  36.821 0.0000000000
70722  33.309  -10.637  36.301 0.0000000000
69522  33.791  -11.771  36.060 0.0000000000
67171  34.915  -13.598  36.137 0.0000000000
66002  36.495  -14.598  36.842 0.0000000000
65983  36.871  -15.138  37.686 0.0000000000
65963  37.397  -15.566  38.859 0.0000000000
51125  31.296  -26.711  50.457 0.0000000000
52398  16.796  -26.467  54.883 0.0000000000
51045  17.243  -27.045  55.351 0.0000000000
51025  16.211  -26.516  55.955 0.0000000000
51003  15.991  -26.798  56.770 0.0000000000
49800  15.939  -27.360  58.393 0.0000000000
49802  13.682  -27.338  58.433 0.0000000000
49803  12.703  -27.346  58.431 0.0000000000
53588  10.199  -24.073  60.236 0.0000000000
52307  8.665  -24.897  61.853 0.0000000000
52309  7.628  -26.185  61.406 0.0000000000
49727  6.900  -27.508  61.920 0.0000000000
52285  7.438  -25.914  62.942 0.0000000000
52269  7.488  -25.893  63.913 0.0000000000
50912  7.274  -26.481  64.714 0.0000000000
56147  30.085  -21.948  47.430 0.0000000000
54995  29.514  -23.516  46.427 0.0000000000
57410  29.222  -21.865  46.722 0.0000000000
56148  27.990  -22.675  46.708 0.0000000000
54951  27.135  -23.195  48.226 0.0000000000
53769  23.071  -25.387  49.378 0.0000000000
52515  24.249  -25.917  49.613 0.0000000000
52479  23.666  -26.141  51.480 0.0000000000
70756  40.770  -10.332  34.562 0.0000000000
67052  29.421  -13.947  44.426 0.0000000000
62378  34.572  -17.660  43.023 0.0000000000
63541  33.106  -16.989  43.232 0.0000000000
63539  35.100  -16.687  43.598 0.0000000000
64689  35.251  -16.071  43.975 0.0000000000
82927  48.060  0.776  26.343 0.0000000000
44745  5.038  -32.001  65.735 0.0000000000
73018  34.991  -8.237  37.993 0.0000000000
71862  34.207  -8.880  38.819 0.0000000000
70700  32.511  -10.016  37.961 0.0000000000
70701  31.895  -10.590  38.483 0.0000000000
69508  31.524  -11.932  37.666 0.0000000000
67154  31.473  -13.436  38.048 0.0000000000
52437  21.822  -25.199  53.657 0.0000000000
52415  21.496  -25.439  54.435 0.0000000000
53700  20.601  -25.506  53.230 0.0000000000
53701  19.654  -25.600  52.664 0.0000000000
52441  18.150  -26.198  53.298 0.0000000000
54887  17.232  -23.419  52.626 0.0000000000
53720  17.146  -24.206  52.828 0.0000000000
53684  16.873  -25.674  54.055 0.0000000000
53668  15.808  -25.051  55.102 0.0000000000
53669  15.266  -24.741  55.464 0.0000000000
54821  14.447  -23.625  56.103 0.0000000000
59904  26.059  -19.703  47.249 0.0000000000
59887  25.140  -19.464  47.948 0.0000000000
57367  23.980  -20.970  47.554 0.0000000000
56154  22.985  -22.527  47.579 0.0000000000
57352  21.941  -21.288  49.659 0.0000000000
54957  21.600  -22.668  48.682 0.0000000000
53789  21.925  -23.928  48.611 0.0000000000
53753  22.173  -25.237  50.632 0.0000000000
53736  21.341  -24.958  51.731 0.0000000000
63494  31.819  -16.506  48.330 0.0000000000
62332  30.886  -17.039  47.320 0.0000000000
61162  31.769  -18.312  46.718 0.0000000000
61180  32.043  -18.789  45.407 0.0000000000
61222  32.617  -18.677  43.754 0.0000000000
59955  33.685  -19.867  44.048 0.0000000000
59975  33.900  -19.495  43.120 0.0000000000
62400  34.605  -18.479  42.658 0.0000000000
61219  36.453  -18.804  43.069 0.0000000000
59953  37.966  -19.066  44.670 0.0000000000
81867  45.138  -0.214  27.460 0.0000000000
80814  45.060  -1.616  27.000 0.0000000000
79787  44.662  -2.386  27.253 0.0000000000
78674  43.513  -3.551  28.334 0.0000000000
78673  44.465  -3.799  28.007 0.0000000000
76482  39.562  -5.462  31.063 0.0000000000
75387  40.899  -6.660  31.191 0.0000000000
74267  39.660  -6.907  31.496 0.0000000000
74253  39.232  -7.433  31.900 0.0000000000
73101  39.137  -8.654  32.751 0.0000000000
74255  37.278  -7.098  32.554 0.0000000000
73102  38.179  -8.429  32.796 0.0000000000
71942  39.720  -9.308  33.156 0.0000000000
70757  39.655  -10.618  34.582 0.0000000000
70741  39.925  -11.061  35.042 0.0000000000
74204  34.553  -7.627  36.174 0.0000000000
74234  34.726  -8.232  34.857 0.0000000000
71926  34.803  -9.492  34.733 0.0000000000
70744  34.327  -10.400  35.175 0.0000000000
70743  35.206  -10.930  34.892 0.0000000000
70742  36.165  -10.962  34.730 0.0000000000
69545  38.285  -11.856  35.206 0.0000000000
53824  33.097  -24.825  46.357 0.0000000000
53823  34.263  -24.870  46.550 0.0000000000
52550  34.229  -25.464  47.674 0.0000000000
52530  34.921  -25.676  48.737 0.0000000000
78631  39.897  -2.857  32.604 0.0000000000
78641  39.109  -3.727  31.627 0.0000000000
54801  13.721  -23.066  57.041 0.0000000000
54775  13.015  -22.991  58.076 0.0000000000
53635  12.816  -24.079  57.548 0.0000000000
52365  12.356  -25.073  57.451 0.0000000000
50988  11.458  -26.346  57.997 0.0000000000
49805  10.819  -27.047  58.434 0.0000000000
52351  9.777  -25.442  59.111 0.0000000000
50971  10.099  -26.758  58.760 0.0000000000
49756  10.620  -27.973  59.397 0.0000000000
48515  10.336  -28.367  60.032 0.0000000000
48477  10.808  -29.119  61.950 0.0000000000
46029  7.662  -30.596  62.802 0.0000000000
48497  6.856  -28.976  61.703 0.0000000000
47291  6.770  -29.718  62.429 0.0000000000
46018  7.237  -31.076  63.226 0.0000000000
46019  6.485  -30.580  63.394 0.0000000000
46009  5.986  -30.929  64.551 0.0000000000
45992  5.727  -30.342  65.365 0.0000000000
48432  6.601  -27.985  65.931 0.0000000000
47217  5.853  -29.528  65.969 0.0000000000
45976  5.489  -30.396  65.911 0.0000000000
56191  33.117  -22.560  45.428 0.0000000000
56192  32.634  -22.730  45.914 0.0000000000
55015  32.731  -23.462  45.611 0.0000000000
53825  32.213  -24.774  46.306 0.0000000000
52571  31.726  -25.252  46.779 0.0000000000
52534  30.941  -25.767  48.376 0.0000000000
53828  29.204  -24.477  46.655 0.0000000000
52555  29.517  -25.268  47.648 0.0000000000
52511  30.743  -26.080  49.333 0.0000000000
57388  26.072  -21.605  46.643 0.0000000000
56124  26.510  -23.028  47.606 0.0000000000
54934  26.782  -24.238  48.838 0.0000000000
52514  25.149  -25.754  49.416 0.0000000000
53734  26.410  -25.485  50.237 0.0000000000
53749  27.509  -24.988  49.987 0.0000000000
73129  41.509  -8.409  31.691 0.0000000000
68324  30.656  -11.767  40.892 0.0000000000
67119  30.620  -13.285  39.423 0.0000000000
65969  31.599  -14.304  38.601 0.0000000000
63504  30.117  -16.186  46.427 0.0000000000
63513  29.287  -16.223  44.931 0.0000000000
64702  29.088  -15.745  42.772 0.0000000000
63555  31.778  -17.079  42.501 0.0000000000
63568  31.194  -16.895  41.668 0.0000000000
64731  30.326  -15.629  40.787 0.0000000000
64747  31.184  -15.607  39.973 0.0000000000
64768  31.941  -15.697  39.318 0.0000000000
65940  33.808  -15.480  38.785 0.0000000000
64765  35.315  -15.830  39.710 0.0000000000
53822  35.339  -24.307  46.164 0.0000000000
54990  36.449  -23.691  46.282 0.0000000000
54970  37.494  -23.416  47.168 0.0000000000
54946  38.274  -23.333  48.084 0.0000000000
56167  37.855  -22.367  46.468 0.0000000000
80834  50.784  -1.641  24.086 0.0000000000
82928  47.274  0.268  26.567 0.0000000000
81877  47.728  -0.248  25.883 0.0000000000
78703  46.796  -2.934  25.791 0.0000000000
79804  47.991  -2.423  25.464 0.0000000000
80823  48.959  -1.586  25.233 0.0000000000
79817  49.337  -2.322  24.885 0.0000000000
78714  50.235  -3.080  24.276 0.0000000000
75402  41.622  -6.491  30.944 0.0000000000
44780  5.735  -31.768  64.953 0.0000000000
67135  32.308  -14.208  37.741 0.0000000000
52382  14.355  -25.358  56.605 0.0000000000
52363  14.027  -25.821  57.099 0.0000000000
58644  28.512  -19.615  48.431 0.0000000000
58662  28.073  -20.271  47.331 0.0000000000
59902  27.725  -19.463  48.119 0.0000000000
52436  22.589  -25.409  53.548 0.0000000000
52435  23.307  -25.864  53.436 0.0000000000
64659  30.975  -15.365  47.534 0.0000000000
54901  19.228  -23.278  51.053 0.0000000000
53738  19.269  -24.012  51.372 0.0000000000
54902  18.565  -22.760  51.384 0.0000000000
56094  19.525  -22.184  50.567 0.0000000000
56093  20.238  -22.125  50.049 0.0000000000
54920  19.530  -22.809  50.679 0.0000000000
54900  19.876  -23.634  50.777 0.0000000000
61160  33.953  -19.234  46.459 0.0000000000
61177  34.445  -19.585  45.422 0.0000000000
56207  36.372  -22.207  44.262 0.0000000000
57449  36.291  -21.437  43.673 0.0000000000
56206  36.938  -21.801  44.614 0.0000000000
57432  37.437  -21.289  44.782 0.0000000000
80787  43.141  -0.946  30.375 0.0000000000
81858  43.706  -0.752  28.911 0.0000000000
80806  43.014  -2.225  28.549 0.0000000000
46016  8.980  -30.893  63.807 0.0000000000
77535  37.760  -4.883  32.736 0.0000000000
76470  37.413  -5.363  32.731 0.0000000000
70760  36.430  -10.180  34.347 0.0000000000
73055  33.629  -8.845  36.373 0.0000000000
71886  33.250  -9.593  36.689 0.0000000000
67187  36.934  -13.554  35.879 0.0000000000
52533  31.797  -25.830  48.420 0.0000000000
52532  32.697  -25.932  48.446 0.0000000000
51152  32.238  -26.161  49.055 0.0000000000
77512  37.843  -4.652  33.653 0.0000000000
77524  37.725  -4.725  33.034 0.0000000000
77534  38.204  -4.592  32.480 0.0000000000
51065  19.246  -26.810  54.794 0.0000000000
51066  18.476  -27.100  54.812 0.0000000000
49753  13.519  -27.777  60.333 0.0000000000
49755  11.391  -28.199  59.816 0.0000000000
53602  11.084  -23.871  59.149 0.0000000000
49780  8.422  -26.922  59.847 0.0000000000
49758  8.138  -27.460  60.146 0.0000000000
48517  8.357  -28.304  60.312 0.0000000000
48518  7.707  -28.055  60.522 0.0000000000
48452  6.348  -28.781  64.434 0.0000000000
56146  30.641  -22.252  47.731 0.0000000000
56121  31.401  -22.325  48.328 0.0000000000
54932  27.824  -24.387  48.625 0.0000000000
53785  28.242  -24.523  48.233 0.0000000000
53765  27.561  -24.790  49.398 0.0000000000
54976  23.524  -23.282  47.340 0.0000000000
54954  24.110  -24.060  47.563 0.0000000000
53787  23.570  -24.794  48.193 0.0000000000
71957  41.508  -9.374  32.435 0.0000000000
67069  29.735  -13.263  43.877 0.0000000000
68288  30.174  -12.543  43.423 0.0000000000
67082  29.473  -13.347  42.680 0.0000000000
67092  29.887  -13.177  41.375 0.0000000000
65894  29.409  -14.700  41.644 0.0000000000
62359  32.099  -18.290  43.786 0.0000000000
65878  35.113  -15.062  43.233 0.0000000000
64712  34.019  -15.646  42.560 0.0000000000
64711  34.999  -15.182  42.695 0.0000000000
64726  35.803  -15.174  42.027 0.0000000000
82932  49.186  0.396  25.676 0.0000000000
81875  49.702  -0.623  25.259 0.0000000000
58590  19.726  -20.426  51.372 0.0000000000
58591  18.961  -20.555  51.689 0.0000000000
58567  19.569  -20.073  52.252 0.0000000000
58613  20.053  -20.670  50.844 0.0000000000
75400  43.553  -6.504  30.020 0.0000000000
73142  42.683  -7.776  30.856 0.0000000000
73141  43.403  -8.092  30.647 0.0000000000
55033  34.867  -23.225  44.204 0.0000000000
55032  35.841  -22.889  44.403 0.0000000000
78649  41.194  -3.749  30.238 0.0000000000
79753  41.133  -2.641  30.478 0.0000000000
79765  41.816  -3.039  29.661 0.0000000000
80789  41.793  -2.133  29.772 0.0000000000
79764  42.291  -2.793  29.116 0.0000000000
76491  43.421  -5.982  29.722 0.0000000000
43606  7.242  -31.983  64.109 0.0000000000
76437  37.118  -5.413  34.872 0.0000000000
75348  35.484  -6.574  35.324 0.0000000000
75358  35.710  -6.467  34.761 0.0000000000
74233  35.284  -7.338  34.601 0.0000000000
69523  32.669  -11.692  36.663 0.0000000000
66004  34.409  -14.222  36.596 0.0000000000
67172  34.006  -13.434  36.362 0.0000000000
65964  36.198  -15.459  38.333 0.0000000000
65938  37.570  -15.479  40.097 0.0000000000
76448  37.619  -4.946  34.361 0.0000000000
52399  16.172  -25.917  55.145 0.0000000000
51046  16.611  -26.627  55.419 0.0000000000
51004  15.180  -26.699  56.991 0.0000000000
49827  15.645  -27.032  57.558 0.0000000000
49801  14.825  -27.257  58.204 0.0000000000
50986  13.211  -26.796  57.821 0.0000000000
50987  12.320  -26.714  57.829 0.0000000000
52308  7.928  -25.775  61.149 0.0000000000
52296  7.911  -25.301  62.371 0.0000000000
52297  7.532  -26.065  61.896 0.0000000000
52268  7.952  -25.440  64.688 0.0000000000
57366  30.085  -20.605  48.783 0.0000000000
57384  30.191  -21.796  47.803 0.0000000000
57412  27.622  -21.699  46.634 0.0000000000
56174  28.017  -22.187  46.609 0.0000000000
56149  27.369  -22.605  47.065 0.0000000000
56123  26.893  -22.788  47.520 0.0000000000
52497  23.044  -25.816  50.913 0.0000000000
53752  22.989  -25.670  50.332 0.0000000000
67034  29.653  -13.918  45.198 0.0000000000
65858  29.464  -14.685  44.871 0.0000000000
62377  35.587  -17.525  43.135 0.0000000000
63538  35.926  -16.889  43.714 0.0000000000
63524  36.162  -16.376  44.220 0.0000000000
64687  36.345  -16.011  44.547 0.0000000000
44746  4.696  -31.835  65.900 0.0000000000
71864  32.526  -9.960  38.832 0.0000000000
69485  31.251  -11.135  39.611 0.0000000000
69497  31.307  -11.489  38.508 0.0000000000
68367  31.333  -12.694  37.995 0.0000000000
53716  21.210  -25.166  52.912 0.0000000000
53702  18.416  -25.563  52.545 0.0000000000
57294  17.861  -21.250  52.422 0.0000000000
56065  17.420  -22.283  52.475 0.0000000000
56047  16.338  -23.040  53.662 0.0000000000
54871  16.638  -23.715  53.276 0.0000000000
53703  17.132  -25.149  53.287 0.0000000000
53704  16.390  -24.221  53.780 0.0000000000
53685  16.262  -25.003  54.349 0.0000000000
54855  15.968  -23.659  54.370 0.0000000000
54838  15.511  -24.119  54.918 0.0000000000
54839  14.902  -23.560  55.556 0.0000000000
53652  14.710  -24.537  55.989 0.0000000000
59871  25.508  -19.290  49.008 0.0000000000
57350  23.449  -20.732  49.279 0.0000000000
58647  23.818  -20.636  48.710 0.0000000000
57368  23.453  -20.983  48.219 0.0000000000
57392  22.899  -21.668  47.870 0.0000000000
56126  22.421  -22.158  48.058 0.0000000000
54937  20.948  -23.171  49.073 0.0000000000
56109  21.472  -22.031  49.078 0.0000000000
54956  22.136  -23.205  48.241 0.0000000000
54936  21.606  -23.694  48.728 0.0000000000
53770  21.604  -24.360  49.220 0.0000000000
52461  21.999  -25.184  52.787 0.0000000000
62323  32.010  -17.549  47.855 0.0000000000
61179  33.111  -19.125  45.139 0.0000000000
61199  32.753  -19.085  44.092 0.0000000000
58734  34.296  -20.502  43.348 0.0000000000
59974  35.606  -20.209  42.987 0.0000000000
58749  34.686  -20.155  42.768 0.0000000000
59992  35.303  -19.765  42.690 0.0000000000
61241  34.359  -19.028  42.670 0.0000000000
61240  34.963  -19.031  42.472 0.0000000000
61239  35.698  -19.039  42.665 0.0000000000
58700  38.105  -20.080  45.223 0.0000000000
59954  37.560  -19.466  44.192 0.0000000000
80779  42.636  -1.620  31.943 0.0000000000
82920  45.586  0.577  28.660 0.0000000000
81861  44.850  0.245  28.850 0.0000000000
80815  44.291  -1.401  27.746 0.0000000000
81868  44.525  -0.759  27.823 0.0000000000
78675  42.907  -3.483  28.652 0.0000000000
79775  43.263  -2.516  28.230 0.0000000000
78672  45.245  -3.902  27.690 0.0000000000
75389  39.234  -6.220  31.367 0.0000000000
74268  38.960  -6.859  31.582 0.0000000000
73116  38.759  -7.931  32.371 0.0000000000
73115  39.849  -8.162  32.322 0.0000000000
74256  36.786  -6.635  32.835 0.0000000000
74241  36.985  -7.474  32.860 0.0000000000
71943  38.606  -9.142  33.272 0.0000000000
71922  39.101  -9.821  33.875 0.0000000000
69557  39.549  -11.256  35.032 0.0000000000
74203  35.288  -7.107  36.381 0.0000000000
74193  34.865  -7.654  36.840 0.0000000000
73072  33.838  -8.857  35.800 0.0000000000
73071  34.289  -8.817  35.285 0.0000000000
73089  34.711  -8.756  34.812 0.0000000000
69549  33.923  -11.006  35.688 0.0000000000
69548  34.652  -11.747  35.451 0.0000000000
69547  35.845  -11.815  35.057 0.0000000000
69560  36.976  -10.839  34.625 0.0000000000
52569  33.496  -25.337  46.952 0.0000000000
78632  39.292  -3.310  32.408 0.0000000000
77546  38.684  -4.376  31.778 0.0000000000
77545  39.270  -4.551  31.253 0.0000000000
53682  21.097  -25.516  54.090 0.0000000000
52395  21.193  -25.768  55.342 0.0000000000
49866  17.395  -27.394  55.958 0.0000000000
49752  14.583  -27.635  60.319 0.0000000000
55999  14.246  -22.648  56.712 0.0000000000
54776  12.279  -23.150  58.411 0.0000000000
55957  13.059  -22.316  58.565 0.0000000000
54803  12.762  -23.535  57.880 0.0000000000
53604  9.860  -24.608  59.763 0.0000000000
52333  9.335  -25.364  59.507 0.0000000000
49779  9.017  -27.376  59.527 0.0000000000
50972  9.585  -26.460  59.026 0.0000000000
49778  10.137  -27.390  59.001 0.0000000000
48538  10.197  -27.953  59.443 0.0000000000
48478  10.070  -29.014  61.513 0.0000000000
47289  8.506  -30.180  62.610 0.0000000000
47290  7.433  -30.053  62.338 0.0000000000
49740  6.851  -28.167  61.753 0.0000000000
49728  6.681  -28.229  62.345 0.0000000000
48479  6.564  -28.991  62.688 0.0000000000
46031  6.586  -30.123  62.860 0.0000000000
46030  6.959  -30.425  62.738 0.0000000000
48413  6.362  -27.670  66.657 0.0000000000
48414  6.129  -28.448  66.342 0.0000000000
45965  5.331  -29.838  66.409 0.0000000000
56169  32.556  -22.666  46.620 0.0000000000
54992  32.134  -23.112  46.113 0.0000000000
53846  32.552  -24.286  45.890 0.0000000000
53847  31.980  -24.357  45.979 0.0000000000
52553  31.298  -25.541  47.542 0.0000000000
52554  30.377  -25.487  47.571 0.0000000000
53784  29.006  -25.211  48.691 0.0000000000
52535  30.020  -25.695  48.518 0.0000000000
52492  30.425  -26.341  50.367 0.0000000000
59905  25.280  -19.999  47.163 0.0000000000
58664  25.816  -20.572  46.701 0.0000000000
58684  25.411  -20.882  46.628 0.0000000000
54953  25.430  -23.873  47.687 0.0000000000
56151  25.766  -22.787  47.097 0.0000000000
56125  26.097  -23.371  47.582 0.0000000000
54952  26.364  -23.652  48.083 0.0000000000
52495  24.971  -26.014  50.362 0.0000000000
52476  27.360  -25.722  51.513 0.0000000000
53733  27.043  -25.436  50.655 0.0000000000
53750  26.809  -24.995  49.655 0.0000000000
74266  40.440  -7.067  31.478 0.0000000000
74265  41.293  -7.322  31.396 0.0000000000
69453  30.946  -11.294  41.435 0.0000000000
68309  30.675  -11.652  41.269 0.0000000000
67105  30.226  -13.470  40.432 0.0000000000
68340  30.430  -13.011  40.108 0.0000000000
65944  30.652  -14.028  39.610 0.0000000000
65943  31.116  -14.295  39.118 0.0000000000
62333  30.374  -16.987  46.665 0.0000000000
63503  30.621  -16.198  47.149 0.0000000000
62382  29.841  -17.560  43.600 0.0000000000
62361  29.463  -16.929  44.438 0.0000000000
62383  29.457  -16.897  43.810 0.0000000000
64690  29.107  -15.675  43.629 0.0000000000
63544  29.425  -16.676  43.142 0.0000000000
63540  34.084  -16.769  43.401 0.0000000000
64701  33.018  -16.487  42.973 0.0000000000
64714  31.936  -16.584  41.732 0.0000000000
63569  30.578  -16.524  41.385 0.0000000000
64767  32.661  -16.015  39.549 0.0000000000
65922  33.108  -15.937  39.524 0.0000000000
65941  32.791  -15.494  38.928 0.0000000000
64766  34.377  -15.823  39.460 0.0000000000
64764  36.261  -15.607  40.245 0.0000000000
53805  34.740  -25.148  47.273 0.0000000000
53804  35.277  -24.855  47.108 0.0000000000
53783  36.894  -24.373  47.821 0.0000000000
53803  36.286  -24.427  47.099 0.0000000000
53802  36.973  -24.038  47.420 0.0000000000
54971  36.803  -23.905  47.002 0.0000000000
54969  38.072  -22.992  47.510 0.0000000000
56166  38.370  -21.875  46.821 0.0000000000
81887  50.016  -0.907  24.993 0.0000000000
81886  50.498  -0.612  24.747 0.0000000000
79815  50.575  -2.559  24.064 0.0000000000
82925  45.666  0.537  27.970 0.0000000000
80819  46.672  -1.464  26.075 0.0000000000
81870  47.131  -0.729  26.219 0.0000000000
80824  47.610  -1.345  25.763 0.0000000000
78701  48.214  -3.208  25.245 0.0000000000
79803  48.671  -2.570  25.144 0.0000000000
75401  42.592  -6.451  30.458 0.0000000000
74281  42.323  -7.132  30.889 0.0000000000
56210  33.588  -22.545  44.808 0.0000000000
55013  34.594  -23.604  45.044 0.0000000000
53843  34.978  -23.962  45.505 0.0000000000
78640  39.858  -3.719  31.048 0.0000000000
78650  40.504  -4.018  30.607 0.0000000000
77554  41.640  -4.714  30.175 0.0000000000
44779  6.212  -31.891  64.484 0.0000000000
75329  36.787  -6.099  36.190 0.0000000000
75331  35.339  -6.748  35.838 0.0000000000
68366  32.100  -12.586  37.116 0.0000000000
68389  32.658  -12.482  36.707 0.0000000000
66005  33.666  -13.916  36.690 0.0000000000
65985  34.801  -14.930  37.217 0.0000000000
65965  35.216  -15.495  38.011 0.0000000000
64789  35.550  -15.656  38.816 0.0000000000
52380  15.767  -25.942  55.776 0.0000000000
51027  14.905  -26.108  56.512 0.0000000000
50984  14.726  -26.836  57.501 0.0000000000
51006  13.673  -26.250  57.315 0.0000000000
52295  8.566  -24.720  62.979 0.0000000000
57386  28.846  -20.751  47.227 0.0000000000
58682  27.702  -21.026  46.774 0.0000000000
58683  27.304  -21.271  46.729 0.0000000000
52459  23.640  -26.214  52.496 0.0000000000
65848  30.307  -14.490  46.346 0.0000000000
62375  37.414  -17.844  43.768 0.0000000000
62357  37.137  -17.201  43.891 0.0000000000
62356  37.828  -17.420  44.402 0.0000000000
70689  32.330  -10.309  39.662 0.0000000000
70674  32.472  -10.297  40.250 0.0000000000
69484  31.824  -10.660  39.835 0.0000000000
54886  18.212  -23.387  51.788 0.0000000000
56030  16.392  -22.049  54.122 0.0000000000
56031  16.141  -22.592  54.229 0.0000000000
57332  20.736  -21.226  50.014 0.0000000000
57353  21.295  -21.427  49.626 0.0000000000
54938  20.548  -22.660  49.747 0.0000000000
54918  20.694  -23.599  49.793 0.0000000000
53755  20.208  -23.804  50.644 0.0000000000
61148  32.547  -18.286  47.399 0.0000000000
59937  33.562  -19.578  44.796 0.0000000000
57465  35.651  -21.426  43.387 0.0000000000
58732  35.993  -20.668  43.300 0.0000000000
58731  36.552  -20.265  43.508 0.0000000000
58716  37.169  -20.478  44.012 0.0000000000
57431  38.051  -20.848  45.373 0.0000000000
81848  43.843  -0.585  30.669 0.0000000000
81863  43.822  -0.982  28.521 0.0000000000
80804  44.040  -1.227  28.157 0.0000000000
80816  43.904  -1.804  27.957 0.0000000000
77569  44.064  -4.926  28.858 0.0000000000
77586  43.770  -4.328  28.652 0.0000000000
77568  44.904  -5.069  28.677 0.0000000000
76514  45.629  -5.053  28.490 0.0000000000
73104  36.684  -8.012  33.347 0.0000000000
71945  36.844  -8.526  33.379 0.0000000000
69559  37.841  -11.012  34.799 0.0000000000
73040  34.239  -8.223  36.985 0.0000000000
68412  34.916  -12.492  35.550 0.0000000000
52551  33.187  -25.682  47.684 0.0000000000
51151  32.952  -26.215  49.171 0.0000000000
77510  39.257  -4.517  34.482 0.0000000000
77522  39.142  -4.007  33.791 0.0000000000
78622  38.963  -3.712  33.085 0.0000000000
78633  38.692  -3.874  32.580 0.0000000000
78623  38.515  -4.079  32.844 0.0000000000
52417  19.798  -26.268  54.387 0.0000000000
52396  20.412  -26.085  55.329 0.0000000000
52397  19.742  -26.517  55.397 0.0000000000
49737  12.787  -28.198  61.499 0.0000000000
54754  11.807  -22.701  59.166 0.0000000000
53620  11.558  -24.097  58.383 0.0000000000
53621  10.854  -24.512  58.716 0.0000000000
52319  8.507  -25.727  60.103 0.0000000000
52334  8.798  -25.771  59.677 0.0000000000
48516  9.215  -28.310  60.027 0.0000000000
50924  7.077  -26.658  63.522 0.0000000000
48466  6.420  -29.005  63.520 0.0000000000
48433  6.225  -28.750  65.496 0.0000000000
47207  5.199  -29.047  66.695 0.0000000000
53827  30.173  -24.385  46.489 0.0000000000
53807  28.337  -24.043  47.365 0.0000000000
53829  28.668  -24.307  46.919 0.0000000000
53763  28.949  -25.299  50.028 0.0000000000
57390  24.388  -21.594  46.931 0.0000000000
57415  24.917  -21.408  46.678 0.0000000000
54975  24.492  -23.286  47.152 0.0000000000
51114  25.451  -26.427  51.654 0.0000000000
52457  26.359  -26.443  51.959 0.0000000000
73114  40.729  -8.444  32.140 0.0000000000
73113  41.157  -8.867  32.161 0.0000000000
68296  30.576  -11.852  43.171 0.0000000000
68310  30.444  -11.966  41.487 0.0000000000
65924  30.420  -14.189  40.033 0.0000000000
61181  31.048  -18.436  45.587 0.0000000000
61182  30.349  -17.804  45.666 0.0000000000
61202  30.414  -18.187  44.624 0.0000000000
61224  30.651  -18.244  43.612 0.0000000000
62402  30.557  -18.012  42.947 0.0000000000
64729  32.584  -16.565  41.093 0.0000000000
64744  34.372  -15.924  40.447 0.0000000000
52529  35.842  -25.336  48.629 0.0000000000
52548  35.844  -24.970  47.785 0.0000000000
52527  37.184  -24.461  48.338 0.0000000000
80835  49.796  -1.442  24.863 0.0000000000
80820  45.692  -1.030  26.680 0.0000000000
77613  48.353  -4.147  25.362 0.0000000000
77624  48.864  -4.031  24.982 0.0000000000
77612  49.044  -4.554  25.143 0.0000000000
56095  19.121  -21.739  50.760 0.0000000000
56081  18.773  -22.152  50.991 0.0000000000
57293  18.409  -21.221  51.640 0.0000000000
58611  21.066  -20.666  50.408 0.0000000000
58612  20.583  -20.665  50.593 0.0000000000
57334  19.411  -21.483  50.711 0.0000000000
75417  44.206  -6.258  29.609 0.0000000000
75398  44.917  -7.046  29.888 0.0000000000
75399  44.493  -6.904  29.934 0.0000000000
73140  44.388  -8.263  30.563 0.0000000000
59935  34.780  -19.713  45.500 0.0000000000
56209  34.113  -22.431  44.232 0.0000000000
56225  34.742  -22.384  43.670 0.0000000000
55051  35.652  -22.617  43.978 0.0000000000
55031  36.351  -22.701  44.670 0.0000000000
55010  36.921  -22.794  45.476 0.0000000000
79743  41.714  -2.070  32.385 0.0000000000
80780  41.869  -1.653  31.481 0.0000000000
80795  42.557  -2.029  29.085 0.0000000000
77570  43.220  -4.420  28.974 0.0000000000
77571  42.497  -4.440  29.496 0.0000000000
76508  43.607  -5.551  29.364 0.0000000000
44789  8.093  -31.645  64.018 0.0000000000
76458  36.692  -5.678  33.381 0.0000000000
70709  32.744  -10.199  37.069 0.0000000000
68388  33.306  -12.751  36.488 0.0000000000
68387  34.382  -12.602  35.935 0.0000000000
68386  35.252  -13.031  35.684 0.0000000000
67170  36.109  -13.665  36.067 0.0000000000
65982  37.970  -15.184  37.654 0.0000000000
65962  38.675  -15.194  38.659 0.0000000000
51137  31.637  -26.417  49.581 0.0000000000
51136  32.610  -26.503  49.749 0.0000000000
51124  32.223  -26.832  50.469 0.0000000000
51067  17.831  -27.212  54.957 0.0000000000
49867  17.093  -27.183  55.881 0.0000000000
49848  16.984  -27.299  56.328 0.0000000000
51002  16.527  -27.022  56.428 0.0000000000
49826  16.628  -27.406  57.262 0.0000000000
52318  8.818  -24.997  60.700 0.0000000000
50946  7.768  -26.316  60.878 0.0000000000
50947  7.425  -26.708  61.181 0.0000000000
50935  7.114  -26.684  62.384 0.0000000000
52284  7.922  -25.231  63.523 0.0000000000
56172  29.937  -22.410  46.769 0.0000000000
56173  28.714  -22.620  46.524 0.0000000000
54972  27.996  -23.247  47.053 0.0000000000
54973  27.524  -23.214  47.571 0.0000000000
52496  23.778  -26.082  50.451 0.0000000000
52458  24.156  -26.398  51.933 0.0000000000
51115  25.158  -26.571  51.899 0.0000000000
71920  41.284  -9.892  33.954 0.0000000000
67070  29.107  -14.021  43.505 0.0000000000
62379  33.523  -17.759  43.187 0.0000000000
63537  36.568  -16.890  43.901 0.0000000000
63525  35.597  -16.330  44.038 0.0000000000
64698  35.421  -15.251  43.967 0.0000000000
82933  48.325  0.322  25.831 0.0000000000
78681  46.311  -3.971  27.145 0.0000000000
44760  5.269  -31.906  65.538 0.0000000000
74173  35.852  -7.740  38.032 0.0000000000
73019  33.802  -8.616  37.965 0.0000000000
73020  33.376  -9.096  37.831 0.0000000000
71863  33.211  -9.354  38.501 0.0000000000
70710  32.188  -10.851  37.373 0.0000000000
69496  31.681  -11.275  37.830 0.0000000000
67153  31.848  -13.498  37.550 0.0000000000
52414  22.391  -25.377  54.423 0.0000000000
53699  21.194  -25.380  53.710 0.0000000000
52438  20.625  -25.712  53.753 0.0000000000
52439  20.130  -25.834  53.608 0.0000000000
52440  19.215  -26.188  53.298 0.0000000000
52420  16.661  -25.960  54.471 0.0000000000
53653  14.168  -24.272  56.405 0.0000000000
59903  27.052  -19.549  47.592 0.0000000000
59886  26.169  -19.193  48.242 0.0000000000
59888  24.799  -20.068  47.507 0.0000000000
58645  24.867  -19.694  48.889 0.0000000000
58646  24.322  -20.302  48.279 0.0000000000
57391  23.533  -21.658  47.446 0.0000000000
54977  22.880  -23.248  47.667 0.0000000000
57351  22.615  -21.083  49.553 0.0000000000
57370  22.130  -21.600  49.078 0.0000000000
56127  21.992  -22.151  48.534 0.0000000000
53788  22.476  -24.359  48.453 0.0000000000
53735  22.087  -25.359  51.544 0.0000000000
52481  22.148  -25.429  52.100 0.0000000000
63495  31.240  -16.262  47.756 0.0000000000
62324  31.422  -17.037  47.815 0.0000000000
62331  31.400  -17.574  47.273 0.0000000000
61163  30.818  -17.766  46.562 0.0000000000
61200  32.287  -18.725  44.166 0.0000000000
59936  33.918  -19.947  45.104 0.0000000000
58750  34.320  -19.965  42.894 0.0000000000
59976  33.459  -19.406  43.677 0.0000000000
61221  33.164  -18.821  43.472 0.0000000000
61220  33.942  -18.515  42.905 0.0000000000
62399  35.258  -18.267  42.609 0.0000000000
62398  36.003  -18.199  42.750 0.0000000000
61218  37.210  -18.636  43.570 0.0000000000
59972  36.896  -19.576  43.492 0.0000000000
61198  37.745  -18.475  44.210 0.0000000000
79786  45.193  -2.387  26.917 0.0000000000
78682  45.407  -3.189  27.096 0.0000000000
78684  44.054  -3.278  27.845 0.0000000000
78683  44.568  -3.195  27.538 0.0000000000
76481  40.182  -5.528  30.788 0.0000000000
75403  40.910  -6.246  30.932 0.0000000000
75388  40.204  -6.247  31.026 0.0000000000
73131  39.963  -7.464  31.838 0.0000000000
71959  39.786  -8.799  32.687 0.0000000000
75378  37.040  -6.216  32.556 0.0000000000
73117  37.902  -7.764  32.437 0.0000000000
73103  37.203  -7.978  32.910 0.0000000000
71921  40.216  -9.852  33.950 0.0000000000
70740  40.458  -10.885  35.082 0.0000000000
74219  34.561  -7.856  35.375 0.0000000000
70745  33.781  -10.416  35.691 0.0000000000
70762  34.917  -10.271  34.771 0.0000000000
70761  35.519  -10.213  34.556 0.0000000000
69544  39.274  -11.832  35.324 0.0000000000
79744  40.544  -2.505  32.364 0.0000000000
79745  39.846  -2.792  32.056 0.0000000000
79749  39.626  -3.196  31.668 0.0000000000
54822  14.034  -23.230  56.619 0.0000000000
53654  13.754  -24.038  56.695 0.0000000000
54802  13.321  -23.293  57.460 0.0000000000
53634  13.301  -24.336  57.088 0.0000000000
52348  11.849  -24.623  57.914 0.0000000000
52366  11.783  -25.681  57.744 0.0000000000
51008  12.115  -26.020  57.578 0.0000000000
49804  11.738  -27.296  58.317 0.0000000000
49777  11.105  -27.755  58.906 0.0000000000
52350  10.171  -25.186  58.874 0.0000000000
50990  9.816  -25.730  58.949 0.0000000000
49806  10.348  -26.875  58.639 0.0000000000
48514  11.172  -28.507  60.586 0.0000000000
48493  10.633  -28.813  61.022 0.0000000000
48476  11.720  -29.131  62.170 0.0000000000
47268  8.853  -30.635  63.330 0.0000000000
46017  8.225  -31.088  63.382 0.0000000000
49739  7.153  -27.967  61.136 0.0000000000
47312  7.151  -29.604  62.016 0.0000000000
44790  7.539  -31.624  63.762 0.0000000000
44791  6.723  -31.693  63.902 0.0000000000
46010  5.782  -31.289  64.959 0.0000000000
45993  5.581  -31.124  65.367 0.0000000000
45977  5.181  -31.099  66.212 0.0000000000
57451  33.450  -22.089  45.184 0.0000000000
52510  31.381  -26.020  48.940 0.0000000000
52573  29.839  -25.074  46.905 0.0000000000
52574  29.256  -25.023  47.050 0.0000000000
51138  31.041  -26.319  49.949 0.0000000000
57389  25.221  -21.934  46.677 0.0000000000
56150  26.603  -22.467  47.069 0.0000000000
54917  27.092  -24.651  49.354 0.0000000000
53768  24.374  -25.456  48.763 0.0000000000
53767  25.584  -25.088  48.657 0.0000000000
52494  25.770  -25.684  50.046 0.0000000000
53751  26.145  -25.259  49.514 0.0000000000
53766  26.362  -24.796  48.999 0.0000000000
54916  27.316  -24.760  49.414 0.0000000000
74264  42.068  -7.722  31.243 0.0000000000
71967  42.100  -9.263  31.736 0.0000000000
71919  42.259  -9.873  34.044 0.0000000000
69452  31.727  -10.686  41.102 0.0000000000
69470  31.139  -11.185  40.539 0.0000000000
68339  30.573  -12.120  39.997 0.0000000000
67137  31.190  -13.495  38.590 0.0000000000
67136  31.718  -13.986  38.118 0.0000000000
65968  32.212  -14.663  38.354 0.0000000000
64668  30.404  -15.336  46.823 0.0000000000
64669  29.951  -15.356  46.076 0.0000000000
62345  29.556  -16.817  45.213 0.0000000000
63512  29.648  -16.183  45.704 0.0000000000
64679  29.541  -15.416  45.312 0.0000000000
64680  29.271  -15.518  44.495 0.0000000000
65866  29.191  -14.790  44.034 0.0000000000
65895  29.007  -15.065  42.421 0.0000000000
63542  32.411  -17.323  43.085 0.0000000000
62401  31.138  -18.001  42.594 0.0000000000
63556  30.233  -17.247  42.261 0.0000000000
63557  29.470  -16.337  42.303 0.0000000000
64716  29.275  -15.619  42.084 0.0000000000
64748  30.499  -14.944  40.148 0.0000000000
64746  32.142  -16.340  40.034 0.0000000000
64769  31.383  -15.053  39.379 0.0000000000
65942  31.837  -14.931  38.912 0.0000000000
65939  34.733  -15.684  38.775 0.0000000000
64787  36.901  -15.567  39.795 0.0000000000
54991  35.823  -23.942  46.046 0.0000000000
53821  35.984  -24.123  46.388 0.0000000000
54989  37.141  -23.020  45.927 0.0000000000
53762  37.690  -24.304  48.605 0.0000000000
53781  37.878  -23.876  48.296 0.0000000000
56141  37.990  -22.799  47.184 0.0000000000
57405  38.305  -21.311  46.240 0.0000000000
82934  47.818  0.312  26.101 0.0000000000
78693  46.478  -3.382  26.297 0.0000000000
79805  47.119  -2.260  25.692 0.0000000000
78702  47.353  -3.563  25.622 0.0000000000
80836  49.379  -1.792  25.018 0.0000000000
78715  49.654  -3.177  24.578 0.0000000000
50960  7.727  -27.022  60.530 0.0000000000
51024  16.780  -26.972  55.890 0.0000000000
51099  25.779  -26.620  52.186 0.0000000000
52332  9.936  -24.886  59.364 0.0000000000
52513  25.712  -25.491  49.394 0.0000000000
53683  20.888  -25.591  53.830 0.0000000000
54823  13.603  -23.596  56.949 0.0000000000
54947  37.731  -23.636  47.914 0.0000000000
56152  24.811  -22.574  46.887 0.0000000000
56190  36.596  -22.579  44.848 0.0000000000
56208  35.872  -22.514  44.048 0.0000000000
56224  35.578  -22.223  43.678 0.0000000000
57314  19.574  -20.974  50.810 0.0000000000
57413  25.697  -21.103  46.565 0.0000000000
57414  25.391  -21.332  46.596 0.0000000000
58588  21.254  -20.326  50.901 0.0000000000
58631  24.018  -20.470  49.044 0.0000000000
58665  25.143  -20.509  46.841 0.0000000000
58666  24.576  -20.664  47.158 0.0000000000
58685  24.975  -20.964  46.665 0.0000000000
58717  36.606  -20.863  43.690 0.0000000000
59906  24.921  -20.261  47.131 0.0000000000
59991  35.668  -19.497  42.773 0.0000000000
59993  34.573  -19.592  42.693 0.0000000000
61223  31.154  -18.345  43.227 0.0000000000
61242  30.894  -18.260  42.889 0.0000000000
61243  30.797  -18.283  43.127 0.0000000000
62344  29.972  -17.031  45.876 0.0000000000
62358  32.339  -18.426  43.715 0.0000000000
63526  29.286  -16.330  44.079 0.0000000000
63554  32.616  -16.758  42.885 0.0000000000
64715  29.769  -16.105  41.593 0.0000000000
65879  28.904  -14.926  43.180 0.0000000000
67120  30.473  -13.599  39.934 0.0000000000
68365  32.689  -12.909  36.770 0.0000000000
70690  31.733  -10.678  39.612 0.0000000000
74295  45.613  -7.370  29.951 0.0000000000
75379  36.731  -6.266  32.834 0.0000000000
76471  36.757  -5.919  32.852 0.0000000000
77572  42.116  -4.533  29.845 0.0000000000
80818  47.150  -1.184  26.026 0.0000000000
81866  45.772  0.056  27.161 0.0000000000
