#!ascii label  , from subject sub.01.bl.01 vox2ras=TkReg
660
49700  28.848  -28.057  64.709 0.0000000000
68247  44.007  -12.427  47.119 0.0000000000
71754  51.960  -10.045  44.109 0.0000000000
58516  47.614  -20.777  54.525 0.0000000000
48508  35.888  -29.891  60.109 0.0000000000
44764  32.763  -31.476  64.269 0.0000000000
69385  48.177  -11.499  46.149 0.0000000000
68192  48.502  -12.385  50.629 0.0000000000
55944  45.048  -22.976  57.465 0.0000000000
46043  40.014  -30.810  60.001 0.0000000000
75323  50.120  -6.248  36.306 0.0000000000
71822  50.484  -9.384  40.099 0.0000000000
59832  44.520  -19.100  51.982 0.0000000000
65755  46.598  -14.563  52.609 0.0000000000
47256  32.957  -30.020  63.697 0.0000000000
47223  30.881  -29.706  65.348 0.0000000000
69401  46.118  -12.016  46.419 0.0000000000
70563  48.064  -11.158  48.503 0.0000000000
69350  46.546  -11.636  49.595 0.0000000000
48585  45.254  -28.678  55.445 0.0000000000
44794  36.853  -31.491  61.497 0.0000000000
48481  38.060  -29.961  60.313 0.0000000000
43627  38.764  -32.263  60.764 0.0000000000
76403  49.600  -5.910  36.858 0.0000000000
73029  50.960  -7.812  37.423 0.0000000000
74168  50.218  -7.701  38.201 0.0000000000
69421  49.433  -11.302  42.835 0.0000000000
70670  48.525  -10.875  40.454 0.0000000000
70650  51.638  -9.798  42.306 0.0000000000
72975  53.129  -8.769  41.847 0.0000000000
70618  53.202  -9.968  43.113 0.0000000000
57206  46.808  -21.998  56.051 0.0000000000
58518  44.791  -20.996  54.718 0.0000000000
59801  45.844  -19.374  54.802 0.0000000000
62276  45.951  -16.993  52.163 0.0000000000
63432  47.073  -16.806  54.377 0.0000000000
63438  48.562  -16.505  53.331 0.0000000000
59819  48.342  -19.429  53.281 0.0000000000
47254  34.536  -30.698  62.700 0.0000000000
69423  47.846  -12.024  43.802 0.0000000000
69396  50.217  -11.020  44.918 0.0000000000
70576  50.642  -11.147  47.550 0.0000000000
68210  50.166  -12.123  48.743 0.0000000000
50964  42.585  -26.848  58.749 0.0000000000
52337  44.509  -25.403  57.922 0.0000000000
52371  46.269  -24.919  56.425 0.0000000000
53690  47.289  -24.289  54.103 0.0000000000
56051  46.853  -22.561  52.470 0.0000000000
48544  41.546  -28.354  58.191 0.0000000000
46040  42.227  -30.473  58.954 0.0000000000
74226  50.312  -7.401  34.904 0.0000000000
73009  49.705  -8.185  38.288 0.0000000000
72998  51.607  -7.791  39.632 0.0000000000
72984  54.100  -8.309  40.361 0.0000000000
68195  44.322  -12.578  50.326 0.0000000000
68164  47.204  -13.067  52.398 0.0000000000
65790  48.793  -14.498  51.104 0.0000000000
47240  28.814  -29.621  64.691 0.0000000000
48418  30.434  -28.734  65.174 0.0000000000
45984  30.400  -30.496  65.019 0.0000000000
68246  45.096  -12.390  46.681 0.0000000000
70581  45.955  -11.361  47.772 0.0000000000
69379  44.878  -11.853  47.852 0.0000000000
43609  37.417  -31.955  61.452 0.0000000000
75316  48.972  -6.245  37.001 0.0000000000
74184  49.644  -7.287  37.568 0.0000000000
74185  49.044  -7.009  37.422 0.0000000000
70621  51.053  -10.531  43.586 0.0000000000
70633  50.992  -10.537  42.595 0.0000000000
70632  51.645  -10.035  43.221 0.0000000000
71788  52.242  -9.553  42.935 0.0000000000
58483  46.917  -21.136  55.545 0.0000000000
59776  46.117  -20.329  55.874 0.0000000000
61072  47.222  -19.414  55.443 0.0000000000
61082  46.790  -18.548  54.759 0.0000000000
61080  47.954  -19.029  54.545 0.0000000000
61089  48.362  -18.692  53.895 0.0000000000
58533  48.010  -20.142  53.529 0.0000000000
47255  33.930  -30.423  63.191 0.0000000000
45995  34.005  -30.945  63.505 0.0000000000
44783  34.783  -31.597  62.998 0.0000000000
68273  47.153  -12.473  45.090 0.0000000000
68292  47.223  -12.531  43.324 0.0000000000
69411  47.780  -12.122  44.742 0.0000000000
69410  48.651  -11.804  44.365 0.0000000000
70600  48.926  -11.354  45.771 0.0000000000
70587  50.746  -10.808  46.750 0.0000000000
70589  48.994  -11.173  46.551 0.0000000000
70538  48.699  -11.455  49.826 0.0000000000
70547  49.618  -11.361  49.020 0.0000000000
69333  49.314  -11.912  49.727 0.0000000000
66981  49.495  -13.126  49.251 0.0000000000
66963  49.217  -13.382  49.978 0.0000000000
48520  43.208  -28.207  58.533 0.0000000000
50962  43.620  -26.945  58.439 0.0000000000
48542  44.165  -28.338  57.370 0.0000000000
49832  45.629  -27.053  56.092 0.0000000000
52388  47.189  -24.537  55.135 0.0000000000
47293  38.878  -30.510  60.166 0.0000000000
47338  39.273  -30.129  59.193 0.0000000000
48523  40.871  -29.669  58.917 0.0000000000
48502  41.755  -29.092  58.816 0.0000000000
46042  40.986  -30.770  59.481 0.0000000000
77490  50.137  -5.029  35.944 0.0000000000
75340  50.345  -6.375  35.374 0.0000000000
74182  51.448  -7.606  38.135 0.0000000000
70669  49.754  -10.011  40.189 0.0000000000
70685  48.791  -10.447  39.294 0.0000000000
70684  49.457  -9.682  39.128 0.0000000000
71854  49.180  -9.127  38.197 0.0000000000
71837  50.121  -9.084  39.487 0.0000000000
72999  50.781  -8.166  39.347 0.0000000000
72988  51.162  -8.570  39.989 0.0000000000
71803  53.627  -9.257  41.589 0.0000000000
72985  53.762  -8.303  40.814 0.0000000000
54762  44.168  -24.167  57.563 0.0000000000
54809  44.374  -23.369  56.320 0.0000000000
59812  44.437  -20.147  53.258 0.0000000000
58555  43.825  -20.869  53.073 0.0000000000
64603  46.252  -15.334  52.192 0.0000000000
64616  45.220  -15.778  50.530 0.0000000000
65774  45.041  -14.220  51.178 0.0000000000
66966  43.857  -13.289  50.356 0.0000000000
66948  45.806  -13.496  51.597 0.0000000000
68178  46.544  -12.717  51.760 0.0000000000
66932  46.979  -13.830  52.807 0.0000000000
62275  48.643  -17.456  51.839 0.0000000000
64601  48.556  -15.507  52.796 0.0000000000
63448  48.699  -16.479  51.319 0.0000000000
63454  48.506  -16.468  50.283 0.0000000000
48436  32.080  -29.651  64.617 0.0000000000
44750  32.420  -31.011  64.739 0.0000000000
44765  31.983  -31.622  64.469 0.0000000000
44752  31.028  -31.010  64.826 0.0000000000
69386  47.241  -11.520  46.636 0.0000000000
69375  48.094  -11.327  47.002 0.0000000000
70590  47.127  -11.235  47.239 0.0000000000
70550  47.316  -11.263  49.152 0.0000000000
69349  47.369  -11.492  49.881 0.0000000000
47273  36.172  -30.749  61.262 0.0000000000
48483  37.235  -30.074  60.327 0.0000000000
46021  37.385  -30.891  61.224 0.0000000000
46035  38.120  -30.863  60.951 0.0000000000
46033  39.441  -31.199  60.372 0.0000000000
44820  40.426  -31.502  59.884 0.0000000000
42525  39.352  -33.146  60.155 0.0000000000
76416  49.898  -5.593  36.483 0.0000000000
74196  50.209  -7.067  36.922 0.0000000000
75314  49.839  -6.392  37.072 0.0000000000
74183  50.386  -7.508  37.672 0.0000000000
74166  51.917  -7.394  38.872 0.0000000000
69434  48.566  -11.367  42.206 0.0000000000
70635  49.120  -10.892  41.902 0.0000000000
70651  50.721  -10.138  41.326 0.0000000000
71806  51.672  -9.451  41.488 0.0000000000
71820  52.221  -8.878  41.165 0.0000000000
71805  52.343  -9.141  42.115 0.0000000000
71786  53.336  -9.417  42.173 0.0000000000
57193  45.633  -22.769  57.125 0.0000000000
55986  44.832  -22.244  56.534 0.0000000000
58486  45.510  -21.217  56.168 0.0000000000
59790  45.606  -20.240  55.265 0.0000000000
61091  45.527  -18.967  53.382 0.0000000000
61103  45.101  -18.249  51.604 0.0000000000
61090  46.174  -18.442  53.757 0.0000000000
63439  46.623  -16.499  53.773 0.0000000000
64594  46.836  -15.481  53.878 0.0000000000
65737  47.128  -14.653  53.722 0.0000000000
63431  47.778  -16.688  54.156 0.0000000000
61095  48.658  -18.510  53.070 0.0000000000
59843  48.264  -19.059  51.803 0.0000000000
47300  33.173  -29.959  61.771 0.0000000000
47299  34.166  -30.239  61.612 0.0000000000
47274  35.202  -30.771  61.846 0.0000000000
46023  35.407  -31.031  62.047 0.0000000000
43611  35.594  -32.634  62.241 0.0000000000
69422  48.714  -11.742  43.312 0.0000000000
69408  50.371  -10.928  44.361 0.0000000000
70609  50.896  -10.494  44.473 0.0000000000
70597  51.623  -10.821  45.684 0.0000000000
70586  51.144  -11.020  46.849 0.0000000000
69374  50.784  -11.559  47.378 0.0000000000
70577  49.967  -10.853  47.694 0.0000000000
69362  50.425  -11.572  48.195 0.0000000000
52340  41.804  -26.337  57.946 0.0000000000
53594  43.148  -25.779  58.578 0.0000000000
53592  44.126  -25.061  58.358 0.0000000000
53608  45.016  -24.513  57.555 0.0000000000
49809  45.112  -27.048  56.870 0.0000000000
50975  45.416  -25.295  57.068 0.0000000000
53606  45.921  -23.863  57.173 0.0000000000
54808  46.455  -23.535  56.464 0.0000000000
56002  47.329  -22.644  55.440 0.0000000000
56019  47.638  -22.273  54.536 0.0000000000
56034  47.668  -22.280  53.631 0.0000000000
54875  47.526  -23.107  53.397 0.0000000000
49764  41.855  -27.644  58.545 0.0000000000
48501  42.346  -28.881  58.868 0.0000000000
47336  43.045  -29.770  58.579 0.0000000000
44819  41.271  -31.462  59.348 0.0000000000
43695  41.905  -31.845  58.394 0.0000000000
75362  51.039  -6.559  33.993 0.0000000000
73031  49.301  -7.628  37.628 0.0000000000
74156  51.506  -7.621  39.250 0.0000000000
74155  52.227  -7.450  39.655 0.0000000000
72986  52.969  -8.244  41.116 0.0000000000
74146  53.455  -7.787  40.427 0.0000000000
74153  53.820  -7.592  39.975 0.0000000000
56003  44.416  -22.419  55.060 0.0000000000
68228  43.044  -13.234  48.526 0.0000000000
69366  44.115  -12.209  48.779 0.0000000000
69337  45.544  -11.996  50.211 0.0000000000
69325  47.060  -12.140  51.122 0.0000000000
68193  47.983  -12.372  51.042 0.0000000000
66914  47.791  -14.234  53.308 0.0000000000
66946  48.274  -13.740  51.743 0.0000000000
66964  48.725  -13.318  50.715 0.0000000000
64614  49.224  -14.759  50.168 0.0000000000
57277  47.546  -21.075  52.840 0.0000000000
58576  47.484  -20.407  51.789 0.0000000000
48420  28.993  -28.718  64.969 0.0000000000
48439  28.279  -28.736  64.482 0.0000000000
48419  29.571  -28.746  65.130 0.0000000000
47225  29.294  -29.122  65.066 0.0000000000
69390  44.481  -12.092  47.594 0.0000000000
69389  44.937  -12.111  47.335 0.0000000000
70620  51.621  -10.192  43.982 0.0000000000
71770  52.103  -9.850  43.664 0.0000000000
71753  52.256  -10.152  43.973 0.0000000000
58499  47.314  -20.661  55.028 0.0000000000
58500  46.862  -20.449  55.466 0.0000000000
59786  47.537  -19.943  54.883 0.0000000000
61081  47.299  -18.860  54.936 0.0000000000
59799  47.800  -19.742  54.536 0.0000000000
59810  48.145  -19.563  54.028 0.0000000000
58515  47.857  -20.396  54.147 0.0000000000
44748  33.145  -31.034  64.414 0.0000000000
45996  33.520  -30.626  63.971 0.0000000000
44763  33.455  -31.213  64.029 0.0000000000
43569  33.184  -32.070  63.689 0.0000000000
69399  47.404  -12.012  45.625 0.0000000000
69398  48.401  -11.771  45.299 0.0000000000
69334  49.000  -11.737  49.988 0.0000000000
70537  49.005  -11.449  49.690 0.0000000000
68191  49.260  -12.441  49.867 0.0000000000
48521  43.469  -28.754  58.309 0.0000000000
49784  43.654  -28.250  57.894 0.0000000000
47352  43.945  -29.048  57.601 0.0000000000
46044  39.410  -30.507  60.027 0.0000000000
47319  38.981  -30.230  59.757 0.0000000000
47318  40.210  -30.177  59.456 0.0000000000
47337  40.174  -29.996  59.085 0.0000000000
47317  40.951  -30.078  59.314 0.0000000000
76430  50.529  -5.210  35.483 0.0000000000
70668  50.544  -9.695  40.530 0.0000000000
71836  50.755  -8.865  39.879 0.0000000000
70648  53.489  -9.876  41.670 0.0000000000
54761  44.626  -23.816  57.454 0.0000000000
54787  44.497  -23.635  57.092 0.0000000000
55968  44.614  -22.837  56.677 0.0000000000
59820  44.785  -19.453  52.905 0.0000000000
59833  43.729  -19.371  51.281 0.0000000000
64602  46.634  -15.331  53.134 0.0000000000
65773  45.952  -14.446  51.808 0.0000000000
66933  46.451  -13.906  52.202 0.0000000000
66947  46.599  -13.373  52.175 0.0000000000
62282  48.231  -17.458  50.885 0.0000000000
48417  31.435  -29.328  65.067 0.0000000000
48437  31.203  -28.724  64.561 0.0000000000
48416  31.867  -29.754  64.849 0.0000000000
47221  32.299  -30.081  64.748 0.0000000000
45982  31.982  -30.523  64.969 0.0000000000
44751  31.699  -31.040  64.844 0.0000000000
45983  31.331  -30.442  65.124 0.0000000000
68260  45.787  -12.417  46.016 0.0000000000
68275  45.289  -13.083  45.173 0.0000000000
69400  46.600  -11.973  46.137 0.0000000000
69387  46.393  -11.688  46.716 0.0000000000
70591  46.682  -11.338  47.077 0.0000000000
70565  46.194  -11.307  48.314 0.0000000000
70551  46.543  -11.335  48.909 0.0000000000
46022  36.419  -31.047  61.438 0.0000000000
47272  37.091  -30.545  61.035 0.0000000000
43628  37.854  -32.493  61.119 0.0000000000
44808  38.345  -31.573  61.060 0.0000000000
46034  38.937  -30.934  60.428 0.0000000000
44807  39.117  -31.551  60.594 0.0000000000
43626  39.418  -31.999  60.568 0.0000000000
76404  49.329  -5.887  36.861 0.0000000000
76417  49.555  -5.506  36.509 0.0000000000
76402  49.820  -5.958  36.909 0.0000000000
74167  50.957  -7.639  38.633 0.0000000000
69433  49.218  -11.038  42.311 0.0000000000
71768  53.146  -9.744  42.958 0.0000000000
71787  52.931  -9.278  42.544 0.0000000000
70630  53.305  -9.945  42.724 0.0000000000
57207  45.993  -21.864  56.639 0.0000000000
57208  45.492  -21.700  56.482 0.0000000000
59789  46.021  -19.946  55.435 0.0000000000
59802  45.660  -19.747  54.696 0.0000000000
59811  45.103  -19.740  53.862 0.0000000000
61084  45.785  -19.158  54.040 0.0000000000
61083  46.367  -18.794  54.416 0.0000000000
62256  47.239  -17.727  54.544 0.0000000000
62257  46.853  -17.678  54.320 0.0000000000
63433  46.844  -16.855  54.166 0.0000000000
64582  46.890  -16.290  54.152 0.0000000000
64581  47.219  -15.996  54.204 0.0000000000
62263  48.457  -17.639  53.673 0.0000000000
61101  48.549  -18.380  52.222 0.0000000000
59830  48.295  -19.321  52.414 0.0000000000
47257  32.003  -29.434  63.474 0.0000000000
47301  32.089  -29.938  61.797 0.0000000000
47277  32.567  -29.866  62.746 0.0000000000
47235  34.087  -30.680  63.265 0.0000000000
47276  33.601  -30.168  62.638 0.0000000000
47275  34.466  -30.490  62.307 0.0000000000
46024  34.905  -30.837  62.378 0.0000000000
69435  47.827  -11.960  42.804 0.0000000000
69397  49.360  -11.540  45.064 0.0000000000
69409  49.712  -11.299  43.993 0.0000000000
70598  50.753  -10.585  45.635 0.0000000000
70575  50.949  -11.058  47.193 0.0000000000
69373  51.004  -11.258  47.072 0.0000000000
70579  47.628  -11.176  47.678 0.0000000000
70578  48.884  -11.108  47.587 0.0000000000
70562  49.110  -11.065  48.558 0.0000000000
69346  50.185  -11.879  48.791 0.0000000000
70561  49.994  -11.201  48.566 0.0000000000
68235  50.606  -12.054  47.733 0.0000000000
68225  50.318  -12.183  48.434 0.0000000000
50965  42.097  -26.809  58.772 0.0000000000
52339  42.399  -25.962  58.160 0.0000000000
52324  42.638  -26.156  58.610 0.0000000000
50977  44.308  -26.370  58.061 0.0000000000
52322  43.968  -25.846  58.516 0.0000000000
52321  44.284  -25.279  58.286 0.0000000000
53591  44.424  -24.915  58.018 0.0000000000
48561  44.571  -28.620  56.714 0.0000000000
48560  45.097  -27.902  56.423 0.0000000000
49831  45.956  -26.451  55.953 0.0000000000
51013  45.804  -26.242  56.278 0.0000000000
50993  45.713  -25.600  56.674 0.0000000000
52353  45.756  -24.828  56.960 0.0000000000
54785  46.090  -23.515  56.893 0.0000000000
53643  46.605  -24.197  56.145 0.0000000000
53673  47.334  -24.321  54.604 0.0000000000
53672  47.377  -24.042  54.987 0.0000000000
53689  47.505  -23.851  54.496 0.0000000000
54843  47.555  -23.291  54.849 0.0000000000
54858  47.686  -23.307  54.053 0.0000000000
54859  47.337  -23.755  53.575 0.0000000000
47295  37.630  -30.204  60.553 0.0000000000
48506  37.364  -29.759  59.890 0.0000000000
48545  41.053  -29.335  58.465 0.0000000000
48563  41.058  -28.738  57.704 0.0000000000
48562  41.401  -28.053  57.784 0.0000000000
49785  41.525  -27.465  58.064 0.0000000000
47316  41.815  -29.953  59.219 0.0000000000
47315  42.509  -29.725  58.873 0.0000000000
46050  42.534  -30.345  58.796 0.0000000000
43647  40.653  -32.183  59.622 0.0000000000
44857  42.552  -31.459  58.100 0.0000000000
75351  50.676  -6.535  34.491 0.0000000000
74237  50.810  -7.269  33.675 0.0000000000
73030  50.507  -7.486  37.241 0.0000000000
70671  47.714  -11.229  40.189 0.0000000000
71872  48.768  -9.002  37.749 0.0000000000
73010  49.131  -8.633  37.842 0.0000000000
73032  48.811  -8.198  37.318 0.0000000000
71819  52.753  -8.758  41.713 0.0000000000
74145  53.980  -7.963  40.341 0.0000000000
74152  54.168  -7.912  40.081 0.0000000000
57227  45.084  -21.319  55.596 0.0000000000
57228  44.708  -21.791  55.429 0.0000000000
57246  44.539  -21.538  54.628 0.0000000000
62277  45.548  -17.477  51.669 0.0000000000
64617  44.547  -15.329  50.058 0.0000000000
66965  44.295  -13.086  50.685 0.0000000000
68196  43.546  -13.104  49.978 0.0000000000
68213  43.898  -12.601  49.702 0.0000000000
68227  43.686  -12.738  48.994 0.0000000000
69353  44.018  -12.349  49.297 0.0000000000
69352  44.492  -12.098  49.621 0.0000000000
69338  44.762  -12.157  50.216 0.0000000000
69326  46.235  -12.205  50.963 0.0000000000
69324  47.458  -12.196  51.050 0.0000000000
68177  47.484  -12.532  51.476 0.0000000000
64592  47.986  -15.426  53.671 0.0000000000
66915  47.311  -14.201  53.340 0.0000000000
65735  48.155  -14.857  53.504 0.0000000000
64607  48.864  -15.510  51.784 0.0000000000
65772  48.469  -14.617  52.251 0.0000000000
65789  49.086  -14.005  50.329 0.0000000000
56050  47.383  -22.487  52.953 0.0000000000
57262  47.557  -21.728  53.054 0.0000000000
57278  47.136  -21.512  52.372 0.0000000000
47224  29.786  -29.579  65.171 0.0000000000
47239  29.319  -30.049  64.877 0.0000000000
69388  45.701  -12.028  46.842 0.0000000000
69377  46.123  -11.477  47.260 0.0000000000
69378  45.508  -11.690  47.552 0.0000000000
69364  45.467  -11.557  48.157 0.0000000000
69351  45.624  -11.634  49.053 0.0000000000
43610  36.450  -32.240  61.761 0.0000000000
43629  36.976  -32.797  61.511 0.0000000000
75315  49.350  -6.395  37.137 0.0000000000
70622  50.306  -10.971  43.175 0.0000000000
71769  52.625  -9.785  43.287 0.0000000000
58484  46.442  -20.891  55.975 0.0000000000
59788  46.594  -19.972  55.528 0.0000000000
61073  46.687  -19.327  55.135 0.0000000000
62255  47.887  -18.069  54.373 0.0000000000
47236  33.674  -30.295  63.760 0.0000000000
46013  34.690  -30.961  62.843 0.0000000000
44762  34.086  -31.540  63.502 0.0000000000
68274  46.390  -12.890  44.832 0.0000000000
68285  47.202  -12.547  44.270 0.0000000000
70599  49.754  -11.100  45.825 0.0000000000
70588  49.931  -10.854  46.745 0.0000000000
70549  48.262  -11.261  49.448 0.0000000000
70548  49.209  -11.347  49.254 0.0000000000
69347  49.604  -11.680  49.267 0.0000000000
68211  49.837  -12.288  49.015 0.0000000000
65807  49.258  -14.094  49.579 0.0000000000
50950  43.107  -27.316  58.647 0.0000000000
50963  43.209  -26.661  58.643 0.0000000000
50949  43.290  -27.411  58.506 0.0000000000
49783  43.826  -27.631  57.910 0.0000000000
49782  44.601  -27.202  57.515 0.0000000000
48573  45.404  -28.065  55.695 0.0000000000
51031  46.600  -25.967  55.132 0.0000000000
52389  46.827  -24.903  55.642 0.0000000000
52405  47.049  -24.982  54.719 0.0000000000
47294  38.318  -30.358  60.398 0.0000000000
48505  38.200  -29.750  59.898 0.0000000000
47320  38.332  -30.020  60.133 0.0000000000
47354  40.306  -29.740  58.429 0.0000000000
48522  41.600  -28.891  58.565 0.0000000000
48503  41.093  -29.629  58.979 0.0000000000
46041  41.627  -30.767  59.185 0.0000000000
76441  50.786  -5.683  34.815 0.0000000000
70697  48.888  -9.882  38.524 0.0000000000
70696  49.329  -9.444  38.629 0.0000000000
71853  49.654  -9.001  38.783 0.0000000000
73000  50.065  -8.589  38.969 0.0000000000
72987  51.864  -8.167  40.248 0.0000000000
72974  53.548  -8.817  41.567 0.0000000000
71818  54.029  -8.946  40.869 0.0000000000
53628  43.828  -24.602  57.276 0.0000000000
58535  44.619  -20.675  54.106 0.0000000000
57263  44.180  -21.530  53.719 0.0000000000
58556  43.118  -20.728  52.200 0.0000000000
63449  45.992  -16.169  51.745 0.0000000000
63455  45.561  -16.300  50.920 0.0000000000
64608  45.441  -15.257  51.146 0.0000000000
65791  44.563  -14.412  50.594 0.0000000000
65792  43.855  -14.106  50.215 0.0000000000
65775  44.463  -13.875  50.741 0.0000000000
66949  44.741  -13.351  50.994 0.0000000000
68180  44.597  -12.878  50.784 0.0000000000
68179  45.294  -12.628  50.955 0.0000000000
68165  46.848  -13.167  52.379 0.0000000000
63443  48.852  -16.488  52.337 0.0000000000
64615  48.976  -15.557  50.703 0.0000000000
48455  32.035  -29.433  64.162 0.0000000000
48454  32.574  -29.886  64.432 0.0000000000
47238  32.596  -29.926  64.450 0.0000000000
45981  32.678  -30.559  64.694 0.0000000000
43570  32.331  -32.201  63.903 0.0000000000
44766  31.196  -31.640  64.525 0.0000000000
68259  46.740  -12.347  45.512 0.0000000000
68258  47.099  -12.283  45.404 0.0000000000
69376  47.515  -11.265  47.145 0.0000000000
70580  46.653  -11.198  47.667 0.0000000000
70564  47.059  -11.139  48.392 0.0000000000
69335  47.888  -11.791  50.604 0.0000000000
47361  44.123  -29.542  57.224 0.0000000000
47297  35.961  -30.475  60.888 0.0000000000
48484  36.599  -30.166  60.407 0.0000000000
47296  36.854  -30.361  60.756 0.0000000000
47271  37.746  -30.513  60.843 0.0000000000
44793  37.689  -31.303  61.295 0.0000000000
44806  39.735  -31.536  60.350 0.0000000000
43648  39.913  -32.263  60.218 0.0000000000
42524  40.100  -32.931  59.710 0.0000000000
69449  48.084  -11.376  41.192 0.0000000000
70653  48.704  -10.971  41.420 0.0000000000
70652  49.441  -10.630  41.244 0.0000000000
70634  49.901  -10.839  42.179 0.0000000000
71821  51.211  -9.169  40.556 0.0000000000
71804  52.853  -8.924  42.122 0.0000000000
72966  53.254  -9.043  42.083 0.0000000000
57182  45.311  -22.754  57.327 0.0000000000
55967  44.891  -22.772  57.164 0.0000000000
57194  45.340  -22.379  57.028 0.0000000000
57209  45.222  -21.625  56.198 0.0000000000
58501  45.813  -20.419  55.848 0.0000000000
58502  45.519  -20.734  55.759 0.0000000000
58517  45.170  -20.630  54.981 0.0000000000
58534  45.143  -20.184  54.425 0.0000000000
61104  44.412  -18.736  51.204 0.0000000000
61097  45.285  -18.664  52.546 0.0000000000
61096  45.952  -18.138  53.079 0.0000000000
62270  46.128  -17.243  52.928 0.0000000000
62258  46.599  -17.926  54.024 0.0000000000
62265  46.407  -17.454  53.590 0.0000000000
63440  46.376  -16.848  53.345 0.0000000000
63445  46.371  -16.280  52.877 0.0000000000
63444  46.627  -15.864  53.488 0.0000000000
65754  46.908  -14.621  53.355 0.0000000000
64593  47.357  -15.284  53.932 0.0000000000
62269  48.800  -17.498  52.775 0.0000000000
48509  35.312  -29.880  60.180 0.0000000000
47298  35.044  -30.462  61.329 0.0000000000
47321  35.450  -30.192  60.614 0.0000000000
44795  35.641  -31.663  62.186 0.0000000000
44782  35.181  -31.523  62.624 0.0000000000
70610  50.506  -10.870  43.928 0.0000000000
70608  51.669  -10.445  44.614 0.0000000000
70607  52.147  -10.646  44.583 0.0000000000
70560  50.360  -11.276  48.092 0.0000000000
52354  42.130  -25.936  57.652 0.0000000000
53611  43.094  -25.589  58.319 0.0000000000
52323  43.197  -26.058  58.690 0.0000000000
53593  43.577  -25.470  58.481 0.0000000000
53610  43.839  -24.776  57.996 0.0000000000
53609  44.481  -24.526  57.746 0.0000000000
54760  44.955  -23.798  57.495 0.0000000000
48541  44.688  -27.808  56.981 0.0000000000
50976  44.989  -25.975  57.251 0.0000000000
52336  45.216  -24.989  57.348 0.0000000000
53607  45.630  -24.214  57.216 0.0000000000
55943  45.437  -23.191  57.394 0.0000000000
55965  45.857  -23.307  57.154 0.0000000000
55985  46.274  -22.857  56.697 0.0000000000
55984  46.907  -22.996  56.046 0.0000000000
53659  46.870  -24.328  55.769 0.0000000000
57226  47.290  -21.689  55.238 0.0000000000
56018  47.650  -21.673  54.335 0.0000000000
57243  47.722  -21.195  54.194 0.0000000000
54876  46.942  -23.519  52.937 0.0000000000
53707  46.805  -24.452  53.509 0.0000000000
48507  36.658  -29.848  59.877 0.0000000000
48526  37.383  -29.511  59.219 0.0000000000
50979  41.463  -26.820  57.861 0.0000000000
50978  41.757  -26.850  58.360 0.0000000000
49763  42.125  -27.418  58.864 0.0000000000
49745  41.812  -28.100  58.894 0.0000000000
49744  42.288  -27.908  58.781 0.0000000000
49743  42.758  -27.977  58.752 0.0000000000
48500  43.145  -28.803  58.688 0.0000000000
47353  43.695  -29.629  57.907 0.0000000000
44818  41.868  -31.112  58.956 0.0000000000
43672  41.770  -31.710  58.707 0.0000000000
44817  42.178  -30.958  58.785 0.0000000000
46052  42.632  -31.004  58.559 0.0000000000
49701  27.892  -27.927  64.308 0.0000000000
75361  51.519  -6.444  33.539 0.0000000000
73008  50.402  -7.908  38.648 0.0000000000
74165  52.831  -7.163  39.106 0.0000000000
74147  52.749  -7.653  40.319 0.0000000000
74154  53.161  -7.230  39.891 0.0000000000
74163  54.120  -7.760  39.546 0.0000000000
68248  42.856  -13.021  46.768 0.0000000000
55987  44.536  -22.489  55.992 0.0000000000
66982  42.887  -13.595  49.656 0.0000000000
68236  43.689  -12.595  48.162 0.0000000000
69380  44.266  -12.045  47.982 0.0000000000
69365  44.778  -11.882  48.558 0.0000000000
69336  46.779  -11.861  50.425 0.0000000000
66916  46.815  -14.110  53.390 0.0000000000
66931  47.527  -13.713  52.859 0.0000000000
65753  48.180  -14.685  53.105 0.0000000000
66930  48.108  -13.901  52.725 0.0000000000
68163  47.783  -13.250  52.176 0.0000000000
68176  48.118  -12.891  51.344 0.0000000000
64625  49.226  -14.784  49.610 0.0000000000
64626  48.893  -15.513  49.495 0.0000000000
57261  47.731  -21.111  53.510 0.0000000000
58553  47.900  -20.271  52.721 0.0000000000
58554  47.485  -20.788  52.431 0.0000000000
58575  47.997  -19.915  52.150 0.0000000000
59831  48.044  -19.645  51.841 0.0000000000
44749  32.958  -31.038  64.584 0.0000000000
44833  42.400  -31.067  58.645 0.0000000000
44834  42.170  -31.312  58.583 0.0000000000
44835  41.695  -31.564  58.914 0.0000000000
45980  33.161  -30.686  64.387 0.0000000000
46012  35.114  -31.298  62.560 0.0000000000
46039  42.440  -30.123  58.914 0.0000000000
46051  42.607  -30.577  58.678 0.0000000000
46060  42.644  -31.184  58.390 0.0000000000
47220  32.840  -30.278  64.475 0.0000000000
47222  31.685  -29.931  65.066 0.0000000000
47314  42.545  -29.904  58.857 0.0000000000
47335  42.659  -30.100  58.761 0.0000000000
47374  45.287  -28.849  55.148 0.0000000000
48435  32.615  -29.679  64.534 0.0000000000
48482  37.768  -29.906  60.283 0.0000000000
48499  43.042  -28.279  58.873 0.0000000000
48543  43.770  -28.611  57.818 0.0000000000
49684  29.615  -28.267  64.939 0.0000000000
49685  29.272  -28.394  64.980 0.0000000000
49742  43.091  -27.908  58.645 0.0000000000
49761  43.404  -27.659  58.374 0.0000000000
49762  43.495  -28.082  58.195 0.0000000000
49810  41.312  -27.782  57.652 0.0000000000
50951  42.788  -27.301  58.761 0.0000000000
50994  45.448  -26.358  56.651 0.0000000000
51012  46.225  -25.832  55.968 0.0000000000
52325  42.112  -26.405  58.431 0.0000000000
52338  44.281  -25.829  58.227 0.0000000000
52404  47.294  -24.477  54.842 0.0000000000
53626  46.024  -23.771  56.981 0.0000000000
53627  46.072  -24.069  56.776 0.0000000000
53642  46.896  -23.985  55.780 0.0000000000
53658  47.081  -24.224  55.481 0.0000000000
54758  45.819  -23.733  57.376 0.0000000000
54759  45.494  -23.795  57.314 0.0000000000
54784  45.982  -23.586  57.098 0.0000000000
54786  44.768  -23.299  57.336 0.0000000000
54807  46.838  -23.630  55.958 0.0000000000
54826  47.183  -23.549  55.543 0.0000000000
55942  45.722  -23.510  57.319 0.0000000000
55945  44.932  -23.185  57.425 0.0000000000
55964  45.851  -23.501  57.332 0.0000000000
55966  45.131  -22.748  57.312 0.0000000000
56033  47.740  -21.736  54.032 0.0000000000
57181  45.376  -22.936  57.368 0.0000000000
57195  45.111  -22.123  56.734 0.0000000000
57210  44.862  -21.882  55.999 0.0000000000
57244  47.536  -21.390  54.640 0.0000000000
57245  44.854  -21.234  55.092 0.0000000000
58485  45.814  -20.847  56.179 0.0000000000
58498  47.639  -20.279  54.640 0.0000000000
59777  45.964  -20.317  55.877 0.0000000000
59787  47.202  -19.773  55.211 0.0000000000
59800  47.578  -19.438  54.850 0.0000000000
61074  46.438  -19.231  54.892 0.0000000000
61102  45.684  -17.812  52.332 0.0000000000
62264  46.699  -17.232  54.034 0.0000000000
64580  47.582  -15.793  54.086 0.0000000000
64609  44.904  -14.769  50.754 0.0000000000
65736  47.561  -14.706  53.616 0.0000000000
66950  44.201  -13.493  50.645 0.0000000000
66967  43.215  -13.613  49.923 0.0000000000
66991  50.197  -12.424  48.350 0.0000000000
68194  44.930  -12.293  50.449 0.0000000000
68197  43.157  -13.399  49.793 0.0000000000
68212  44.157  -12.314  49.947 0.0000000000
68214  43.143  -13.314  49.400 0.0000000000
68226  50.105  -12.275  48.684 0.0000000000
68245  45.529  -12.291  46.518 0.0000000000
69348  49.189  -11.522  49.540 0.0000000000
69363  50.094  -11.567  48.718 0.0000000000
69384  51.055  -11.532  46.937 0.0000000000
72967  53.091  -8.979  42.190 0.0000000000
74144  54.182  -8.080  40.269 0.0000000000
74236  51.275  -6.955  33.305 0.0000000000
