#!ascii label  , from subject sub.01.bl.01 vox2ras=TkReg
932
96354  41.227  13.551  31.790 0.0000000000
97401  45.392  14.710  19.874 0.0000000000
100917  40.701  17.909  20.568 0.0000000000
92725  46.703  9.979  11.073 0.0000000000
96384  39.245  13.330  24.055 0.0000000000
102485  46.913  19.893  25.239 0.0000000000
96484  47.559  14.005  13.651 0.0000000000
98364  36.044  15.618  13.458 0.0000000000
98244  49.665  15.385  26.268 0.0000000000
98262  43.938  15.598  25.410 0.0000000000
94609  41.901  11.481  19.843 0.0000000000
103400  38.636  21.075  15.968 0.0000000000
99253  39.577  15.885  14.817 0.0000000000
100101  47.069  17.315  19.732 0.0000000000
99291  45.372  16.488  12.470 0.0000000000
100177  36.777  18.066  11.758 0.0000000000
100014  45.248  16.799  29.432 0.0000000000
99121  42.480  15.854  28.793 0.0000000000
95506  41.080  12.322  22.408 0.0000000000
102526  41.426  20.872  20.798 0.0000000000
103386  41.788  21.731  17.441 0.0000000000
101710  38.945  19.658  19.927 0.0000000000
100137  37.851  17.556  17.159 0.0000000000
100134  40.324  17.205  17.662 0.0000000000
97366  47.478  14.901  22.930 0.0000000000
99165  48.802  16.142  23.118 0.0000000000
98310  47.358  16.121  19.179 0.0000000000
96514  49.640  12.830  11.210 0.0000000000
98359  47.416  15.694  13.205 0.0000000000
97508  46.905  14.408  10.836 0.0000000000
98384  44.446  15.313  10.953 0.0000000000
94696  45.541  11.513  11.634 0.0000000000
90530  42.517  7.736  13.766 0.0000000000
95465  38.870  12.510  30.068 0.0000000000
97319  39.965  15.137  27.854 0.0000000000
100899  42.910  18.763  23.260 0.0000000000
95570  44.275  12.349  16.784 0.0000000000
97434  46.213  15.073  17.079 0.0000000000
94670  46.219  11.766  14.259 0.0000000000
93720  49.282  11.251  12.191 0.0000000000
100026  52.236  17.443  29.103 0.0000000000
99094  49.015  16.674  29.771 0.0000000000
98248  46.203  15.606  26.022 0.0000000000
97356  44.708  14.328  23.381 0.0000000000
98276  41.239  15.311  24.796 0.0000000000
96389  42.807  13.883  22.714 0.0000000000
96437  43.436  13.194  19.282 0.0000000000
93674  43.375  10.404  17.149 0.0000000000
96358  36.469  13.120  30.674 0.0000000000
102585  42.144  20.639  13.205 0.0000000000
102600  38.997  20.624  11.685 0.0000000000
100955  36.579  18.153  14.650 0.0000000000
98341  37.968  15.460  15.093 0.0000000000
96522  39.891  13.874  12.746 0.0000000000
100049  48.993  17.426  26.504 0.0000000000
99168  45.440  16.995  23.422 0.0000000000
100092  44.099  17.116  20.894 0.0000000000
98332  47.066  16.035  16.297 0.0000000000
99220  45.500  17.108  17.375 0.0000000000
99222  43.140  16.807  17.220 0.0000000000
99266  42.514  16.466  13.922 0.0000000000
97502  41.308  14.897  11.118 0.0000000000
100975  36.183  19.023  11.957 0.0000000000
101773  37.272  20.275  11.035 0.0000000000
98203  43.760  15.037  30.918 0.0000000000
97310  42.298  14.574  30.105 0.0000000000
101695  40.989  19.421  21.794 0.0000000000
102528  39.948  20.240  20.549 0.0000000000
100918  39.992  18.136  20.280 0.0000000000
100926  38.919  18.396  19.371 0.0000000000
100107  40.496  17.615  19.420 0.0000000000
98295  46.588  14.939  21.251 0.0000000000
98293  48.184  15.747  21.277 0.0000000000
98311  46.844  15.553  19.467 0.0000000000
94703  48.695  11.737  10.537 0.0000000000
96534  48.659  13.264  10.726 0.0000000000
94704  47.466  11.753  10.670 0.0000000000
95609  46.435  12.625  11.088 0.0000000000
93730  45.601  10.644  11.274 0.0000000000
91679  44.098  9.123  11.849 0.0000000000
90563  44.652  8.377  11.906 0.0000000000
96372  38.352  13.157  28.731 0.0000000000
102501  43.933  20.131  23.346 0.0000000000
102496  44.947  19.848  24.079 0.0000000000
93696  44.754  10.783  15.565 0.0000000000
95579  45.304  12.408  15.316 0.0000000000
92698  45.619  10.227  14.547 0.0000000000
92706  48.306  10.304  12.763 0.0000000000
92713  50.684  9.808  11.913 0.0000000000
92723  49.478  10.086  11.120 0.0000000000
99135  44.842  16.807  27.572 0.0000000000
99134  46.054  16.787  27.749 0.0000000000
98249  45.180  15.795  25.880 0.0000000000
97343  46.034  14.780  24.469 0.0000000000
98273  44.392  15.058  24.757 0.0000000000
97326  39.008  15.145  25.914 0.0000000000
98252  40.592  15.912  26.688 0.0000000000
98277  40.246  15.170  24.753 0.0000000000
95533  41.570  11.588  20.999 0.0000000000
95505  41.735  12.784  22.279 0.0000000000
96418  42.617  13.044  21.470 0.0000000000
96417  43.291  13.488  21.155 0.0000000000
95543  42.806  12.644  19.794 0.0000000000
95553  42.894  12.261  18.624 0.0000000000
94635  42.543  11.054  18.272 0.0000000000
91581  44.466  7.897  17.567 0.0000000000
103388  39.748  21.503  17.264 0.0000000000
103410  41.713  21.114  15.277 0.0000000000
103427  40.512  20.908  14.223 0.0000000000
103444  40.477  20.775  13.161 0.0000000000
103429  38.711  20.910  13.625 0.0000000000
102588  37.632  19.993  12.941 0.0000000000
102566  37.138  20.182  15.300 0.0000000000
99239  38.983  16.436  16.042 0.0000000000
100150  37.399  17.227  16.486 0.0000000000
98340  38.710  15.430  14.824 0.0000000000
98363  38.761  14.647  13.774 0.0000000000
99283  39.967  15.101  12.897 0.0000000000
98229  50.868  15.910  27.955 0.0000000000
100881  50.673  18.133  27.819 0.0000000000
99140  50.053  16.282  26.311 0.0000000000
99185  47.609  16.821  21.474 0.0000000000
99166  47.910  16.517  23.350 0.0000000000
99186  46.723  16.808  21.667 0.0000000000
99188  44.592  17.025  21.774 0.0000000000
100091  45.435  17.332  20.509 0.0000000000
97461  46.480  14.450  15.004 0.0000000000
98333  46.697  15.574  16.639 0.0000000000
98349  47.057  15.190  14.972 0.0000000000
99290  46.300  16.436  12.823 0.0000000000
99262  46.532  16.448  14.874 0.0000000000
99263  45.731  16.553  14.617 0.0000000000
99221  44.296  16.963  17.504 0.0000000000
99249  43.816  16.440  15.314 0.0000000000
99250  42.665  16.463  15.131 0.0000000000
99279  43.443  16.472  12.984 0.0000000000
97487  44.768  14.319  12.285 0.0000000000
98386  42.707  15.610  11.171 0.0000000000
97474  43.166  14.546  12.653 0.0000000000
96504  42.346  14.352  12.960 0.0000000000
102483  48.784  20.025  25.750 0.0000000000
100179  35.770  17.523  12.368 0.0000000000
99297  36.117  16.551  12.938 0.0000000000
99065  46.231  15.687  31.956 0.0000000000
99079  45.226  15.885  31.048 0.0000000000
99098  44.364  16.250  29.785 0.0000000000
99148  43.215  16.465  26.803 0.0000000000
95492  40.336  12.365  23.041 0.0000000000
103366  41.980  21.538  19.529 0.0000000000
103369  39.426  21.183  19.063 0.0000000000
102542  38.013  20.430  18.173 0.0000000000
101723  37.211  19.174  17.314 0.0000000000
100934  38.028  18.368  18.205 0.0000000000
100135  39.427  17.307  17.531 0.0000000000
99238  39.962  16.526  15.819 0.0000000000
97352  48.768  15.026  24.193 0.0000000000
98268  49.283  15.523  24.645 0.0000000000
98281  48.751  15.533  23.545 0.0000000000
99183  48.484  16.171  21.400 0.0000000000
100100  47.798  17.072  19.999 0.0000000000
96500  48.134  13.616  12.939 0.0000000000
97471  47.711  14.679  13.487 0.0000000000
97485  48.216  14.378  12.343 0.0000000000
98372  47.570  15.361  11.950 0.0000000000
99303  46.117  16.278  11.875 0.0000000000
99304  45.249  16.427  11.424 0.0000000000
97509  46.055  14.637  10.935 0.0000000000
96529  45.837  13.523  11.623 0.0000000000
94688  44.800  11.378  12.785 0.0000000000
90553  43.245  8.098  12.717 0.0000000000
96355  40.457  13.353  31.213 0.0000000000
97312  40.564  13.857  29.640 0.0000000000
96371  39.365  13.438  29.094 0.0000000000
97321  38.070  14.148  27.447 0.0000000000
96380  38.110  13.889  25.287 0.0000000000
102514  43.540  20.983  21.807 0.0000000000
102507  42.084  19.960  22.436 0.0000000000
100902  41.532  18.584  22.021 0.0000000000
97413  44.768  14.377  18.396 0.0000000000
97423  45.679  14.878  17.866 0.0000000000
97436  44.808  13.793  16.887 0.0000000000
96471  45.570  13.308  15.240 0.0000000000
95586  46.542  12.661  14.130 0.0000000000
92707  47.207  10.436  13.478 0.0000000000
93711  47.517  11.112  13.265 0.0000000000
95594  47.971  12.719  12.924 0.0000000000
94686  49.567  11.913  12.155 0.0000000000
93727  49.329  10.869  10.821 0.0000000000
92724  48.162  9.967  10.811 0.0000000000
91664  46.170  8.609  11.941 0.0000000000
100008  50.827  16.774  30.428 0.0000000000
99131  49.756  15.692  27.744 0.0000000000
100011  47.383  16.817  29.686 0.0000000000
99133  47.308  16.395  27.639 0.0000000000
98246  48.193  15.323  26.288 0.0000000000
97342  47.119  14.864  24.691 0.0000000000
97367  46.553  14.633  22.822 0.0000000000
97382  45.441  14.432  21.677 0.0000000000
98239  41.375  15.648  28.215 0.0000000000
98251  41.329  16.133  27.268 0.0000000000
98275  42.379  15.419  24.731 0.0000000000
97359  41.425  14.027  23.462 0.0000000000
97358  42.429  14.244  23.368 0.0000000000
97346  42.960  14.759  24.017 0.0000000000
97370  43.481  13.997  22.579 0.0000000000
96416  43.946  13.887  20.735 0.0000000000
97393  44.674  14.346  20.305 0.0000000000
96445  43.645  13.107  18.297 0.0000000000
95571  43.884  11.838  17.057 0.0000000000
92679  44.249  9.876  16.213 0.0000000000
92666  42.917  9.453  17.799 0.0000000000
91613  44.428  8.828  16.394 0.0000000000
97290  39.029  13.724  31.297 0.0000000000
95455  38.123  12.580  30.841 0.0000000000
95457  35.988  12.315  30.251 0.0000000000
103424  43.859  21.003  14.369 0.0000000000
102612  41.904  20.603  11.269 0.0000000000
101758  37.471  19.534  11.932 0.0000000000
100967  37.058  18.079  12.909 0.0000000000
100164  36.548  17.310  14.141 0.0000000000
100948  36.847  18.162  16.375 0.0000000000
100159  36.602  17.295  15.150 0.0000000000
98353  36.736  15.524  14.330 0.0000000000
101670  47.692  18.752  26.160 0.0000000000
99153  48.495  16.797  25.418 0.0000000000
100056  47.364  17.368  25.249 0.0000000000
100890  46.015  18.723  25.061 0.0000000000
100064  43.998  17.848  23.562 0.0000000000
100069  42.912  17.797  22.691 0.0000000000
100093  42.705  17.324  20.660 0.0000000000
98327  46.366  15.435  18.058 0.0000000000
99219  47.194  16.221  17.979 0.0000000000
100127  47.332  17.170  18.237 0.0000000000
99261  47.031  16.205  15.136 0.0000000000
99231  46.879  16.937  16.501 0.0000000000
100115  45.794  17.363  18.396 0.0000000000
99211  44.899  17.086  18.037 0.0000000000
100117  43.348  17.291  18.873 0.0000000000
100118  42.369  17.240  18.801 0.0000000000
99223  42.107  16.740  17.081 0.0000000000
99236  41.609  16.681  16.227 0.0000000000
99267  41.483  16.448  13.708 0.0000000000
99293  43.323  16.329  11.874 0.0000000000
99294  42.214  16.281  11.658 0.0000000000
99282  40.489  15.501  12.430 0.0000000000
96521  40.579  14.053  12.476 0.0000000000
92699  42.301  9.067  14.235 0.0000000000
101772  37.716  20.441  10.491 0.0000000000
97287  41.916  14.099  32.327 0.0000000000
97298  42.726  14.412  30.783 0.0000000000
97299  41.856  13.976  31.369 0.0000000000
100910  40.719  18.403  21.199 0.0000000000
100911  39.887  18.882  20.863 0.0000000000
100095  40.794  17.676  20.093 0.0000000000
98305  45.880  14.915  20.196 0.0000000000
98304  46.509  15.139  20.524 0.0000000000
98312  46.064  15.094  19.634 0.0000000000
93737  47.793  10.965  10.643 0.0000000000
95617  48.099  12.584  10.565 0.0000000000
94705  46.517  11.760  10.951 0.0000000000
93729  46.076  10.305  11.177 0.0000000000
92726  45.481  9.773  11.313 0.0000000000
91677  45.672  9.071  11.660 0.0000000000
102494  46.801  20.516  24.413 0.0000000000
102495  45.592  20.118  24.062 0.0000000000
101677  46.008  19.832  24.472 0.0000000000
92688  45.136  9.935  15.169 0.0000000000
93695  45.282  10.844  14.965 0.0000000000
91673  50.639  9.204  11.243 0.0000000000
97478  36.749  14.508  14.070 0.0000000000
99147  44.313  16.325  26.465 0.0000000000
98250  44.449  15.838  25.751 0.0000000000
98261  44.818  15.444  25.270 0.0000000000
97350  38.831  14.030  24.526 0.0000000000
98278  39.787  15.116  24.761 0.0000000000
96383  40.002  13.929  23.863 0.0000000000
95532  42.148  12.243  20.659 0.0000000000
95531  42.777  12.799  20.402 0.0000000000
95544  42.349  11.954  19.475 0.0000000000
95554  42.446  11.648  18.862 0.0000000000
94622  42.153  11.192  19.138 0.0000000000
103399  39.638  21.306  16.164 0.0000000000
103412  39.580  21.015  15.081 0.0000000000
103428  39.542  20.956  13.984 0.0000000000
103413  38.558  20.907  14.777 0.0000000000
102565  37.743  20.581  14.821 0.0000000000
102557  37.782  20.637  15.721 0.0000000000
98350  39.076  15.196  14.042 0.0000000000
99269  39.847  15.418  13.486 0.0000000000
98236  50.157  15.632  27.233 0.0000000000
99129  50.595  16.339  27.323 0.0000000000
98255  49.936  15.780  26.072 0.0000000000
100089  47.352  17.053  20.626 0.0000000000
100078  47.102  16.934  21.161 0.0000000000
100079  46.540  17.072  21.023 0.0000000000
100080  45.910  17.230  20.896 0.0000000000
100090  46.433  17.312  20.383 0.0000000000
96485  46.957  13.636  14.062 0.0000000000
97460  47.257  14.608  14.290 0.0000000000
99277  45.563  16.526  13.552 0.0000000000
99248  44.914  16.618  15.474 0.0000000000
99264  44.706  16.476  14.403 0.0000000000
99265  43.610  16.430  14.168 0.0000000000
99278  44.521  16.458  13.270 0.0000000000
97472  44.561  13.894  12.868 0.0000000000
97473  44.029  14.290  12.824 0.0000000000
96502  44.388  13.483  13.395 0.0000000000
96503  43.555  14.137  13.391 0.0000000000
100982  36.535  18.566  11.697 0.0000000000
100983  36.095  18.162  11.910 0.0000000000
100186  36.137  17.724  12.003 0.0000000000
100178  36.271  17.497  12.351 0.0000000000
98189  45.217  15.396  32.134 0.0000000000
98190  44.385  15.193  31.808 0.0000000000
99100  42.704  15.488  29.397 0.0000000000
98218  43.557  15.433  30.226 0.0000000000
99120  43.435  16.401  28.683 0.0000000000
99137  42.821  16.422  27.800 0.0000000000
103355  42.119  21.270  20.544 0.0000000000
103356  41.389  21.170  20.250 0.0000000000
102535  39.661  20.578  19.960 0.0000000000
102536  38.737  20.578  19.199 0.0000000000
103379  38.928  21.366  18.270 0.0000000000
101716  37.758  19.392  18.525 0.0000000000
101711  38.271  19.580  19.137 0.0000000000
100121  39.433  17.576  18.461 0.0000000000
100122  38.753  17.677  18.107 0.0000000000
100148  39.259  16.949  16.744 0.0000000000
100147  40.346  16.901  16.682 0.0000000000
97353  48.002  14.920  23.805 0.0000000000
98282  48.165  15.321  22.944 0.0000000000
98303  47.737  15.739  20.255 0.0000000000
98302  48.287  15.981  20.719 0.0000000000
99195  48.215  16.497  20.608 0.0000000000
99204  47.768  16.559  19.602 0.0000000000
96516  48.847  13.362  12.195 0.0000000000
97484  48.800  13.671  11.928 0.0000000000
97507  47.746  14.241  10.929 0.0000000000
97497  48.073  14.508  11.477 0.0000000000
98382  47.263  15.035  11.192 0.0000000000
98383  46.707  15.742  11.489 0.0000000000
98393  47.065  14.801  10.875 0.0000000000
98394  46.277  15.332  10.905 0.0000000000
95610  45.970  12.545  11.429 0.0000000000
96528  46.211  13.262  11.217 0.0000000000
95602  45.667  12.490  11.996 0.0000000000
96517  45.481  13.410  12.309 0.0000000000
94687  45.279  11.732  12.226 0.0000000000
92716  44.363  10.036  11.937 0.0000000000
90564  44.029  8.528  11.880 0.0000000000
91665  43.510  8.616  12.450 0.0000000000
96356  39.636  13.032  30.677 0.0000000000
96370  40.029  13.612  29.556 0.0000000000
96367  39.488  13.083  29.968 0.0000000000
97317  38.317  13.720  28.149 0.0000000000
97328  37.719  14.019  26.402 0.0000000000
97337  38.010  14.152  25.712 0.0000000000
96381  37.651  13.442  25.516 0.0000000000
101683  43.446  19.570  23.415 0.0000000000
101686  43.053  20.027  22.911 0.0000000000
101687  42.572  19.508  22.902 0.0000000000
101688  41.747  19.438  22.359 0.0000000000
100901  42.213  18.653  22.670 0.0000000000
96451  44.351  13.344  17.164 0.0000000000
97424  44.821  14.125  17.457 0.0000000000
96460  44.800  13.281  16.390 0.0000000000
94661  45.536  11.679  14.808 0.0000000000
95587  45.840  12.549  14.696 0.0000000000
96486  46.162  13.445  14.633 0.0000000000
91652  47.336  9.782  13.523 0.0000000000
92715  48.923  10.812  12.349 0.0000000000
93710  48.375  11.212  12.657 0.0000000000
94678  47.742  11.920  13.076 0.0000000000
94677  48.606  11.948  12.507 0.0000000000
91675  48.417  9.182  11.015 0.0000000000
90561  47.581  8.517  11.334 0.0000000000
99994  50.132  16.928  31.296 0.0000000000
99993  51.068  17.481  31.236 0.0000000000
100009  49.787  16.697  30.483 0.0000000000
99093  50.160  16.400  29.515 0.0000000000
99115  49.352  16.218  28.595 0.0000000000
99078  46.479  16.404  30.749 0.0000000000
100012  46.627  16.868  29.809 0.0000000000
99145  46.675  16.093  26.797 0.0000000000
99144  47.701  15.771  26.854 0.0000000000
98247  47.241  15.465  26.132 0.0000000000
98258  47.859  15.028  25.557 0.0000000000
98259  46.902  15.100  25.298 0.0000000000
97355  45.781  14.564  23.543 0.0000000000
97368  45.543  14.418  22.620 0.0000000000
97315  40.238  14.400  28.728 0.0000000000
97314  41.122  14.654  29.065 0.0000000000
98240  40.618  15.444  27.841 0.0000000000
98265  40.525  15.644  25.569 0.0000000000
98264  41.718  16.057  25.870 0.0000000000
95491  40.808  12.611  22.823 0.0000000000
96391  40.985  13.121  23.018 0.0000000000
96404  42.290  13.201  22.285 0.0000000000
96390  41.952  13.552  22.938 0.0000000000
97357  43.543  14.201  23.253 0.0000000000
96427  43.301  13.277  20.298 0.0000000000
96402  43.878  13.902  21.511 0.0000000000
96426  43.979  13.887  19.812 0.0000000000
96436  44.069  13.844  18.843 0.0000000000
94634  43.066  11.614  17.795 0.0000000000
94645  43.539  11.308  17.185 0.0000000000
93688  43.854  10.564  16.657 0.0000000000
91597  42.945  8.897  18.045 0.0000000000
91595  44.278  8.198  17.179 0.0000000000
90501  44.716  8.224  16.758 0.0000000000
97301  39.141  14.447  31.170 0.0000000000
96357  37.457  13.113  31.069 0.0000000000
96348  38.253  13.135  31.268 0.0000000000
95456  37.045  12.236  30.452 0.0000000000
103426  41.643  20.841  14.215 0.0000000000
103409  42.782  21.315  15.319 0.0000000000
102574  42.500  20.692  13.746 0.0000000000
102583  43.695  20.667  13.058 0.0000000000
102597  43.077  20.476  12.362 0.0000000000
102611  42.963  20.381  11.380 0.0000000000
102598  42.092  20.567  12.224 0.0000000000
103459  40.123  20.761  12.205 0.0000000000
102615  38.651  20.358  10.648 0.0000000000
101757  38.027  19.879  11.192 0.0000000000
102601  38.431  20.303  11.977 0.0000000000
101744  36.840  19.048  14.144 0.0000000000
101743  37.274  19.443  13.424 0.0000000000
100960  36.800  18.106  13.685 0.0000000000
101730  36.839  18.964  16.690 0.0000000000
99255  37.548  16.282  15.683 0.0000000000
100158  36.960  16.939  15.753 0.0000000000
99256  36.885  16.454  15.205 0.0000000000
98343  36.840  16.062  14.776 0.0000000000
98342  37.234  15.798  14.955 0.0000000000
97465  37.323  14.645  14.201 0.0000000000
98352  37.577  15.107  14.501 0.0000000000
97475  39.445  14.089  12.805 0.0000000000
100868  51.890  18.182  28.579 0.0000000000
100043  49.585  17.635  26.974 0.0000000000
101661  50.135  18.877  27.332 0.0000000000
101662  49.249  18.705  26.990 0.0000000000
101669  48.393  19.089  26.478 0.0000000000
100886  47.916  18.251  26.348 0.0000000000
99159  49.139  15.911  24.094 0.0000000000
99152  49.426  16.131  25.174 0.0000000000
99160  48.657  16.365  24.239 0.0000000000
99167  46.631  16.862  23.678 0.0000000000
99162  46.788  17.145  24.409 0.0000000000
100061  46.306  17.284  24.409 0.0000000000
100892  46.107  18.193  25.004 0.0000000000
100058  45.890  17.766  24.664 0.0000000000
100059  45.270  17.910  24.429 0.0000000000
100063  44.730  17.572  23.932 0.0000000000
100081  43.710  17.147  22.074 0.0000000000
100082  42.834  17.385  21.697 0.0000000000
97422  46.262  15.276  17.641 0.0000000000
98325  47.128  16.172  17.162 0.0000000000
99218  47.334  16.707  17.710 0.0000000000
99230  47.179  16.708  16.882 0.0000000000
98348  47.333  15.533  14.409 0.0000000000
99275  47.126  16.164  14.283 0.0000000000
99247  45.906  16.725  15.625 0.0000000000
99246  46.606  16.598  15.803 0.0000000000
99232  46.230  17.015  16.546 0.0000000000
100129  46.419  17.259  17.334 0.0000000000
99234  44.052  16.645  16.387 0.0000000000
100130  43.930  17.214  18.247 0.0000000000
100131  43.224  17.059  18.108 0.0000000000
100132  42.248  16.915  17.965 0.0000000000
99251  41.611  16.564  14.893 0.0000000000
99315  44.296  15.922  10.718 0.0000000000
99305  44.297  16.280  11.167 0.0000000000
99316  43.833  15.810  10.816 0.0000000000
97501  42.069  15.065  11.288 0.0000000000
99307  42.008  15.835  11.060 0.0000000000
98387  41.671  15.335  11.071 0.0000000000
99295  41.289  15.858  11.576 0.0000000000
99309  40.956  15.216  11.045 0.0000000000
98374  40.403  14.835  11.935 0.0000000000
97491  40.836  14.584  11.653 0.0000000000
96489  42.326  13.965  14.234 0.0000000000
96505  41.244  14.170  13.142 0.0000000000
92709  43.060  9.276  13.518 0.0000000000
91640  42.172  8.252  13.971 0.0000000000
101759  36.293  19.855  12.033 0.0000000000
101766  36.754  19.614  11.551 0.0000000000
100981  36.880  18.738  11.542 0.0000000000
97284  43.924  14.959  31.695 0.0000000000
97285  43.503  14.704  31.493 0.0000000000
98219  42.819  15.007  29.914 0.0000000000
98231  42.348  15.291  29.394 0.0000000000
102517  40.790  20.048  21.413 0.0000000000
102527  40.602  20.564  20.652 0.0000000000
101696  40.229  19.552  21.124 0.0000000000
101697  39.848  19.334  20.842 0.0000000000
100919  39.427  18.966  20.373 0.0000000000
100925  39.737  17.905  19.602 0.0000000000
100108  39.754  17.690  19.121 0.0000000000
100120  40.448  17.420  18.507 0.0000000000
97380  47.135  14.904  22.228 0.0000000000
98285  47.812  15.354  22.175 0.0000000000
98294  47.242  15.200  21.363 0.0000000000
95615  49.495  12.389  10.710 0.0000000000
96527  49.127  13.324  11.174 0.0000000000
95616  48.977  12.494  10.546 0.0000000000
96535  47.545  13.490  10.748 0.0000000000
96536  46.623  13.600  10.944 0.0000000000
95618  47.112  12.643  10.793 0.0000000000
94706  45.941  11.386  11.189 0.0000000000
93731  44.791  10.576  11.739 0.0000000000
92727  44.581  9.747  11.631 0.0000000000
91678  44.677  9.070  11.617 0.0000000000
95471  38.285  12.565  29.486 0.0000000000
96368  38.933  12.831  29.444 0.0000000000
102504  45.016  20.867  22.724 0.0000000000
102500  44.665  20.249  23.505 0.0000000000
101680  43.810  19.133  23.880 0.0000000000
94653  44.517  11.527  16.088 0.0000000000
95580  44.790  12.366  15.933 0.0000000000
94662  44.994  11.599  15.432 0.0000000000
93704  45.847  10.922  14.310 0.0000000000
92705  49.603  9.694  12.574 0.0000000000
92714  49.792  10.445  12.029 0.0000000000
92722  50.379  9.996  11.170 0.0000000000
91674  49.635  9.233  10.940 0.0000000000
99995  49.233  16.773  31.149 0.0000000000
100045  44.776  17.004  28.248 0.0000000000
100030  45.693  17.103  28.738 0.0000000000
100044  45.241  17.055  28.194 0.0000000000
99146  45.541  16.278  26.696 0.0000000000
98260  45.818  15.204  25.251 0.0000000000
98272  45.202  15.063  24.759 0.0000000000
97320  39.237  14.880  27.310 0.0000000000
98241  39.944  15.567  27.281 0.0000000000
98253  39.758  15.564  26.333 0.0000000000
97348  40.707  14.532  24.106 0.0000000000
95521  41.471  11.901  21.521 0.0000000000
95520  41.910  12.579  21.794 0.0000000000
96403  43.228  13.701  22.009 0.0000000000
96428  42.813  13.000  20.806 0.0000000000
93675  42.873  10.255  17.639 0.0000000000
91582  43.964  8.029  17.911 0.0000000000
90484  45.789  7.927  17.330 0.0000000000
103387  40.789  21.564  17.359 0.0000000000
103397  41.745  21.488  16.353 0.0000000000
103398  40.699  21.304  16.297 0.0000000000
103411  40.624  21.094  15.224 0.0000000000
103443  41.231  20.769  13.556 0.0000000000
102586  41.404  20.677  12.882 0.0000000000
103445  39.467  20.855  12.953 0.0000000000
103446  38.761  20.731  12.662 0.0000000000
102587  38.110  20.546  13.231 0.0000000000
102576  37.364  20.100  14.102 0.0000000000
102577  36.805  19.632  14.881 0.0000000000
100149  38.333  16.990  16.755 0.0000000000
99240  38.140  16.494  16.212 0.0000000000
99254  38.509  15.911  15.554 0.0000000000
98351  38.342  14.954  14.315 0.0000000000
98362  39.462  14.689  13.192 0.0000000000
99112  51.857  16.915  28.710 0.0000000000
100027  51.644  17.259  28.464 0.0000000000
100041  50.870  17.121  27.835 0.0000000000
100047  50.317  16.776  27.131 0.0000000000
100048  49.810  17.036  26.690 0.0000000000
99172  48.157  16.515  22.261 0.0000000000
99173  47.238  16.663  22.463 0.0000000000
99174  46.091  16.810  22.562 0.0000000000
99175  44.863  16.971  22.657 0.0000000000
99187  45.648  17.003  21.568 0.0000000000
99198  45.047  17.209  21.161 0.0000000000
100103  44.929  17.305  19.627 0.0000000000
97448  46.241  14.826  16.107 0.0000000000
98339  46.765  15.380  15.709 0.0000000000
98360  46.893  16.246  13.028 0.0000000000
99276  46.595  16.425  13.766 0.0000000000
99233  45.176  16.834  16.487 0.0000000000
99235  42.897  16.575  16.239 0.0000000000
97499  44.106  14.925  11.405 0.0000000000
98385  43.661  15.497  11.030 0.0000000000
97500  43.059  15.258  11.528 0.0000000000
97489  42.459  14.772  11.996 0.0000000000
96519  41.854  14.541  12.143 0.0000000000
96488  43.252  13.871  14.108 0.0000000000
102484  47.606  20.078  25.395 0.0000000000
100976  35.773  18.471  12.382 0.0000000000
98376  35.813  16.196  13.007 0.0000000000
98202  44.408  15.423  31.199 0.0000000000
99119  44.289  16.802  28.466 0.0000000000
99136  43.775  16.707  27.603 0.0000000000
99156  43.523  16.126  25.987 0.0000000000
96392  40.065  13.147  23.571 0.0000000000
95507  40.480  11.933  22.662 0.0000000000
94580  40.963  11.507  21.911 0.0000000000
94596  41.169  11.044  21.329 0.0000000000
94610  41.519  11.068  20.465 0.0000000000
94623  41.800  10.649  19.635 0.0000000000
93653  42.203  10.170  18.878 0.0000000000
103375  42.764  21.760  18.592 0.0000000000
103376  41.849  21.724  18.531 0.0000000000
102534  40.347  20.926  19.852 0.0000000000
103368  40.183  21.263  19.230 0.0000000000
103377  40.902  21.628  18.425 0.0000000000
103378  39.958  21.538  18.302 0.0000000000
103389  38.693  21.248  17.137 0.0000000000
102549  37.864  20.631  16.863 0.0000000000
102550  37.461  19.906  17.519 0.0000000000
101717  37.484  19.224  17.959 0.0000000000
100935  37.498  18.746  17.709 0.0000000000
100933  38.719  17.965  18.593 0.0000000000
100136  38.472  17.509  17.484 0.0000000000
97325  49.256  14.970  25.971 0.0000000000
98256  49.538  15.516  25.460 0.0000000000
97340  49.176  14.975  24.749 0.0000000000
98280  49.073  15.654  24.039 0.0000000000
98284  48.538  15.789  22.311 0.0000000000
99171  48.494  16.242  22.058 0.0000000000
99184  48.231  16.548  21.429 0.0000000000
100088  47.944  16.993  20.521 0.0000000000
97496  48.683  13.786  11.616 0.0000000000
98373  46.905  16.039  12.363 0.0000000000
99314  45.229  16.103  10.662 0.0000000000
98395  45.086  15.439  10.763 0.0000000000
96537  46.017  13.964  11.149 0.0000000000
97498  45.297  14.672  11.399 0.0000000000
97486  45.465  14.073  11.933 0.0000000000
96518  44.965  13.357  12.876 0.0000000000
93712  44.334  10.732  13.101 0.0000000000
92708  43.426  9.211  12.856 0.0000000000
92717  43.993  9.516  12.165 0.0000000000
91666  43.263  8.375  12.783 0.0000000000
91654  42.979  8.467  13.207 0.0000000000
96365  41.138  13.540  31.000 0.0000000000
96366  40.399  13.493  30.339 0.0000000000
97316  38.953  13.930  28.240 0.0000000000
97327  38.340  14.607  26.333 0.0000000000
97336  38.571  14.446  25.208 0.0000000000
103342  43.364  21.260  21.254 0.0000000000
103343  42.609  21.097  21.190 0.0000000000
102505  43.777  20.565  22.592 0.0000000000
102515  42.914  20.765  21.838 0.0000000000
102516  41.708  20.454  21.650 0.0000000000
100083  41.832  17.791  21.433 0.0000000000
97412  45.483  14.793  18.980 0.0000000000
97435  45.426  14.257  16.642 0.0000000000
96472  45.140  12.994  15.751 0.0000000000
96459  45.285  13.623  15.894 0.0000000000
97449  45.738  14.132  15.602 0.0000000000
97462  45.893  13.899  15.034 0.0000000000
92697  46.342  10.064  13.932 0.0000000000
93703  46.622  11.014  13.781 0.0000000000
94669  46.922  11.863  13.629 0.0000000000
95595  47.266  12.698  13.540 0.0000000000
96501  47.589  13.351  13.437 0.0000000000
95601  48.785  12.695  12.396 0.0000000000
95600  49.596  12.617  11.984 0.0000000000
93719  50.081  11.088  11.596 0.0000000000
93718  50.265  11.557  11.377 0.0000000000
94684  50.323  11.899  11.126 0.0000000000
94694  49.180  11.327  10.644 0.0000000000
93728  48.347  10.613  10.684 0.0000000000
92733  47.618  10.373  10.725 0.0000000000
91676  47.045  9.068  11.330 0.0000000000
91663  46.782  8.331  11.677 0.0000000000
100007  52.047  17.357  30.200 0.0000000000
99092  51.220  16.493  29.339 0.0000000000
99114  50.524  15.942  28.375 0.0000000000
99064  47.365  16.343  31.692 0.0000000000
99077  47.653  16.536  30.730 0.0000000000
99095  48.017  16.704  29.965 0.0000000000
99117  46.837  16.868  28.428 0.0000000000
99116  47.952  16.639  28.805 0.0000000000
99132  48.555  15.857  27.515 0.0000000000
98238  48.683  15.375  26.775 0.0000000000
98245  48.988  14.963  26.272 0.0000000000
98257  48.503  14.952  25.801 0.0000000000
97341  48.274  14.820  24.864 0.0000000000
97334  46.526  14.936  24.955 0.0000000000
97354  46.851  14.686  23.711 0.0000000000
97381  46.401  14.702  21.884 0.0000000000
97391  46.110  14.761  21.220 0.0000000000
97392  45.528  14.650  20.727 0.0000000000
97311  41.454  14.204  29.984 0.0000000000
98232  41.686  15.189  29.068 0.0000000000
99122  41.854  15.749  28.512 0.0000000000
99138  41.941  16.222  27.968 0.0000000000
99149  42.241  16.450  26.958 0.0000000000
99157  42.723  16.241  26.186 0.0000000000
98263  42.961  15.794  25.459 0.0000000000
97360  40.626  13.778  23.554 0.0000000000
96405  41.618  13.003  22.586 0.0000000000
97347  41.860  14.757  24.036 0.0000000000
98274  43.449  15.192  24.739 0.0000000000
97345  44.003  14.510  24.166 0.0000000000
97369  44.325  14.094  22.311 0.0000000000
97383  44.627  14.237  21.231 0.0000000000
97402  44.694  14.390  19.370 0.0000000000
96444  44.233  13.683  17.952 0.0000000000
95562  44.054  12.774  17.294 0.0000000000
95563  43.637  12.309  17.570 0.0000000000
94654  44.086  11.375  16.677 0.0000000000
93687  44.309  10.706  16.144 0.0000000000
91628  44.736  9.475  15.728 0.0000000000
93663  42.563  10.045  18.167 0.0000000000
92665  43.338  9.613  17.273 0.0000000000
91596  43.520  8.760  17.485 0.0000000000
91614  43.679  9.179  16.900 0.0000000000
92680  43.766  9.719  16.721 0.0000000000
96344  41.183  13.804  32.131 0.0000000000
96345  40.610  13.649  31.796 0.0000000000
96346  39.580  13.266  31.244 0.0000000000
95446  39.208  12.760  30.851 0.0000000000
97291  38.550  13.480  31.322 0.0000000000
95448  38.522  12.833  31.161 0.0000000000
95454  38.694  12.533  30.573 0.0000000000
95466  37.871  11.994  30.035 0.0000000000
94523  36.452  11.985  30.147 0.0000000000
94532  36.651  11.826  29.813 0.0000000000
102637  42.718  20.536  9.480 0.0000000000
102599  41.110  20.704  12.173 0.0000000000
102624  41.747  20.672  10.216 0.0000000000
102638  41.657  20.580  9.175 0.0000000000
101764  38.042  20.195  10.484 0.0000000000
101765  37.394  19.757  11.362 0.0000000000
100974  37.115  18.692  11.803 0.0000000000
102602  37.673  19.829  12.349 0.0000000000
100966  37.173  18.673  12.428 0.0000000000
100169  36.961  17.924  12.284 0.0000000000
100170  36.500  17.430  13.109 0.0000000000
99284  36.288  16.470  13.741 0.0000000000
102558  37.092  19.897  16.470 0.0000000000
102567  36.744  19.531  15.696 0.0000000000
101737  36.557  18.936  15.164 0.0000000000
100151  36.803  17.556  15.917 0.0000000000
99270  36.606  16.503  14.563 0.0000000000
97464  38.004  14.473  14.126 0.0000000000
100880  51.428  18.397  28.136 0.0000000000
102476  49.063  19.627  26.373 0.0000000000
101672  47.985  19.619  25.862 0.0000000000
99151  49.863  16.002  25.710 0.0000000000
99141  49.310  16.718  26.033 0.0000000000
99142  48.840  17.012  26.018 0.0000000000
99161  47.545  16.889  24.583 0.0000000000
99154  47.785  17.098  25.293 0.0000000000
100053  47.790  17.525  25.834 0.0000000000
100888  47.354  18.354  25.882 0.0000000000
100889  46.600  18.473  25.427 0.0000000000
101674  46.282  19.419  25.031 0.0000000000
101678  45.359  19.367  24.501 0.0000000000
100895  44.080  18.810  24.073 0.0000000000
100898  43.628  18.621  23.710 0.0000000000
100067  44.425  17.351  23.299 0.0000000000
100068  43.894  17.402  22.885 0.0000000000
100070  42.167  17.968  22.190 0.0000000000
100094  41.495  17.608  20.488 0.0000000000
98319  46.247  15.280  18.746 0.0000000000
98318  46.974  15.820  18.494 0.0000000000
98326  46.710  15.687  17.568 0.0000000000
98317  47.303  16.197  18.659 0.0000000000
99209  47.436  16.576  18.597 0.0000000000
100113  47.526  17.152  19.123 0.0000000000
100114  46.892  17.528  18.791 0.0000000000
98338  47.131  15.827  15.426 0.0000000000
99245  46.909  16.366  16.032 0.0000000000
100144  47.014  17.234  17.105 0.0000000000
100128  46.884  17.415  17.861 0.0000000000
100102  46.122  17.479  19.564 0.0000000000
99212  44.385  17.150  18.119 0.0000000000
100116  44.422  17.269  18.713 0.0000000000
100104  43.663  17.362  19.737 0.0000000000
100105  42.505  17.347  19.680 0.0000000000
100106  41.499  17.438  19.530 0.0000000000
100119  41.393  17.302  18.654 0.0000000000
100133  41.286  17.044  17.714 0.0000000000
100146  41.009  16.947  17.062 0.0000000000
99237  40.829  16.658  15.670 0.0000000000
99252  40.644  16.474  14.732 0.0000000000
99268  40.525  16.102  13.582 0.0000000000
99292  44.374  16.426  12.122 0.0000000000
99280  42.372  16.399  12.733 0.0000000000
99306  43.280  15.970  11.072 0.0000000000
99281  41.363  16.185  12.546 0.0000000000
98375  39.923  14.496  12.550 0.0000000000
97492  40.190  14.334  12.403 0.0000000000
96520  41.336  14.339  12.240 0.0000000000
90551  44.820  7.686  12.206 0.0000000000
90540  43.083  7.440  13.152 0.0000000000
90562  45.385  8.348  12.041 0.0000000000
91641  41.690  8.400  14.652 0.0000000000
91653  43.303  8.736  12.816 0.0000000000
92689  44.594  10.130  15.742 0.0000000000
92728  44.208  9.419  11.855 0.0000000000
92734  47.153  10.518  10.764 0.0000000000
93726  50.091  11.409  11.114 0.0000000000
93736  48.709  11.078  10.643 0.0000000000
93738  46.620  10.864  10.833 0.0000000000
93739  46.135  11.149  11.043 0.0000000000
94646  42.981  10.958  17.523 0.0000000000
94685  50.098  11.894  11.597 0.0000000000
94693  49.666  11.741  10.733 0.0000000000
94695  46.079  11.947  11.244 0.0000000000
94697  44.920  11.090  12.124 0.0000000000
94702  49.289  12.085  10.578 0.0000000000
95447  38.853  12.744  31.051 0.0000000000
95453  39.143  12.690  30.534 0.0000000000
95464  39.280  12.791  30.347 0.0000000000
95599  49.936  12.459  11.414 0.0000000000
95603  45.263  12.425  12.630 0.0000000000
95608  49.916  12.381  10.962 0.0000000000
96347  38.803  13.138  31.273 0.0000000000
96375  37.888  13.558  28.070 0.0000000000
96385  38.249  13.456  24.786 0.0000000000
96393  39.620  13.007  23.749 0.0000000000
96452  43.938  13.076  17.632 0.0000000000
96515  49.329  13.174  11.644 0.0000000000
96526  49.425  12.839  10.879 0.0000000000
96533  49.206  12.765  10.698 0.0000000000
97277  43.897  14.952  31.909 0.0000000000
97297  43.353  14.670  30.934 0.0000000000
97322  37.574  13.781  26.966 0.0000000000
97324  49.412  15.117  25.667 0.0000000000
97330  49.369  15.083  25.246 0.0000000000
97331  48.998  14.808  25.494 0.0000000000
97332  48.430  14.867  25.429 0.0000000000
97333  46.836  14.941  24.990 0.0000000000
97335  39.138  14.976  25.150 0.0000000000
97339  49.377  15.270  24.934 0.0000000000
97344  45.009  14.693  24.190 0.0000000000
97349  39.540  14.598  24.533 0.0000000000
97463  38.409  14.505  13.903 0.0000000000
97488  43.584  14.787  12.108 0.0000000000
97490  41.582  14.665  11.639 0.0000000000
97503  40.967  14.874  11.098 0.0000000000
97506  48.512  13.861  11.141 0.0000000000
98188  45.747  15.703  32.522 0.0000000000
98191  43.974  15.040  31.472 0.0000000000
98201  44.969  15.431  31.638 0.0000000000
98204  43.264  14.857  30.552 0.0000000000
98217  44.121  15.574  30.557 0.0000000000
98220  42.139  14.816  29.691 0.0000000000
98230  50.579  15.768  27.741 0.0000000000
98233  41.024  15.025  28.562 0.0000000000
98235  50.704  15.924  27.521 0.0000000000
98237  49.341  15.390  26.973 0.0000000000
98243  50.305  15.839  26.742 0.0000000000
98266  39.677  15.302  25.234 0.0000000000
98269  49.065  15.337  24.225 0.0000000000
98270  47.460  14.904  25.095 0.0000000000
98271  47.153  14.937  25.034 0.0000000000
98361  39.993  14.934  12.554 0.0000000000
98377  35.641  16.044  13.098 0.0000000000
98388  41.130  15.097  10.925 0.0000000000
98389  40.782  14.973  11.204 0.0000000000
98396  44.129  15.677  10.759 0.0000000000
98397  43.543  15.748  10.909 0.0000000000
99066  45.418  15.530  31.744 0.0000000000
99076  48.589  16.680  30.643 0.0000000000
99080  44.533  15.765  30.648 0.0000000000
99091  51.891  16.783  29.126 0.0000000000
99096  46.114  16.745  30.114 0.0000000000
99097  45.536  16.530  30.145 0.0000000000
99099  43.198  15.774  29.482 0.0000000000
99113  51.216  16.456  28.272 0.0000000000
99118  46.243  17.018  28.448 0.0000000000
99130  50.327  15.693  27.753 0.0000000000
99143  48.285  15.560  26.846 0.0000000000
99155  44.047  15.987  25.871 0.0000000000
99164  49.009  15.837  23.707 0.0000000000
99169  44.826  17.154  23.351 0.0000000000
99176  44.245  17.074  22.351 0.0000000000
99194  48.435  16.081  20.959 0.0000000000
99196  47.980  16.910  20.919 0.0000000000
99197  45.503  17.226  21.029 0.0000000000
99210  47.280  16.213  18.409 0.0000000000
99224  41.493  16.826  17.029 0.0000000000
99296  40.804  15.328  11.416 0.0000000000
99308  41.272  15.431  11.097 0.0000000000
99313  45.938  16.053  11.153 0.0000000000
99996  47.537  16.689  30.161 0.0000000000
99997  47.127  16.691  30.247 0.0000000000
100010  49.171  16.696  30.536 0.0000000000
100013  45.908  16.938  29.568 0.0000000000
100028  47.046  16.950  29.133 0.0000000000
100029  46.395  17.112  29.015 0.0000000000
100031  44.886  16.969  28.844 0.0000000000
100042  50.190  17.453  27.322 0.0000000000
100050  48.302  17.703  26.337 0.0000000000
100052  48.472  17.261  26.054 0.0000000000
100054  47.121  17.846  25.501 0.0000000000
100057  46.657  17.554  24.981 0.0000000000
100062  45.665  17.301  24.169 0.0000000000
100065  43.392  18.029  23.311 0.0000000000
100143  47.252  17.118  17.528 0.0000000000
100145  46.696  17.163  16.854 0.0000000000
100184  36.670  18.268  11.607 0.0000000000
100185  36.428  17.985  11.786 0.0000000000
100869  51.307  17.797  28.245 0.0000000000
100882  49.790  18.152  27.313 0.0000000000
100883  49.123  18.105  26.927 0.0000000000
100885  48.534  18.176  26.647 0.0000000000
100893  45.564  18.500  24.713 0.0000000000
100894  44.727  18.549  24.337 0.0000000000
100897  44.195  18.270  23.964 0.0000000000
100912  39.681  19.215  20.698 0.0000000000
100927  38.143  18.903  18.896 0.0000000000
100942  37.910  17.929  17.545 0.0000000000
100943  37.424  18.267  17.210 0.0000000000
100949  36.613  18.172  15.567 0.0000000000
101663  48.803  18.529  26.777 0.0000000000
101673  47.268  19.259  25.791 0.0000000000
101675  45.737  19.016  24.902 0.0000000000
101679  44.333  19.468  24.016 0.0000000000
101682  44.059  19.886  23.618 0.0000000000
101684  42.935  19.286  23.237 0.0000000000
101703  40.037  20.048  20.818 0.0000000000
101704  39.670  19.700  20.592 0.0000000000
101731  36.606  18.872  15.991 0.0000000000
101750  37.390  19.345  12.696 0.0000000000
101751  37.131  18.749  13.205 0.0000000000
102475  49.743  19.931  26.361 0.0000000000
102506  42.638  20.251  22.442 0.0000000000
102543  37.604  19.779  18.090 0.0000000000
102559  36.748  19.355  16.246 0.0000000000
102573  42.810  20.688  13.753 0.0000000000
102575  38.065  20.685  14.123 0.0000000000
102584  43.136  20.614  13.321 0.0000000000
103367  40.996  21.363  19.547 0.0000000000
103425  42.831  20.820  14.130 0.0000000000
103441  43.856  20.744  13.330 0.0000000000
103442  43.263  20.684  13.618 0.0000000000
103460  39.241  20.715  12.003 0.0000000000
103461  38.784  20.624  12.199 0.0000000000
103468  39.796  20.722  11.638 0.0000000000
