#!ascii label  , from subject sub.01.bl.01 vox2ras=TkReg
717
71443  14.974  -10.118  -14.160 0.0000000000
79302  21.690  -3.416  -20.187 0.0000000000
89869  18.244  6.246  -22.234 0.0000000000
85742  14.270  2.145  -18.843 0.0000000000
66672  16.779  -14.704  -12.579 0.0000000000
69069  20.176  -12.637  -14.404 0.0000000000
73880  18.543  -7.207  -16.986 0.0000000000
81428  15.098  -2.492  -21.790 0.0000000000
84623  20.022  1.471  -21.175 0.0000000000
92037  21.604  8.463  -18.134 0.0000000000
93178  17.473  9.817  -24.644 0.0000000000
67947  15.760  -12.563  -13.276 0.0000000000
67944  18.353  -14.014  -13.669 0.0000000000
70262  17.738  -11.626  -15.039 0.0000000000
79262  15.116  -3.443  -17.278 0.0000000000
80360  14.955  -1.774  -17.885 0.0000000000
87855  17.032  3.813  -21.374 0.0000000000
130641  17.894  1.238  -21.757 0.0000000000
86847  19.018  3.837  -22.128 0.0000000000
87831  20.283  4.499  -19.481 0.0000000000
90970  20.217  7.129  -20.481 0.0000000000
95102  18.135  11.889  -20.984 0.0000000000
94141  16.993  10.368  -20.574 0.0000000000
96942  18.432  12.983  -24.319 0.0000000000
77146  20.117  -5.344  -18.727 0.0000000000
74953  21.096  -7.668  -17.736 0.0000000000
76065  23.347  -6.443  -19.090 0.0000000000
88839  15.225  5.932  -20.624 0.0000000000
81396  22.718  -1.586  -19.551 0.0000000000
74916  14.245  -7.627  -14.813 0.0000000000
73826  16.557  -8.834  -15.804 0.0000000000
76031  16.135  -6.042  -17.119 0.0000000000
77170  17.083  -4.543  -18.980 0.0000000000
79304  19.707  -2.808  -20.171 0.0000000000
82473  17.063  -0.436  -20.422 0.0000000000
79360  20.177  -2.736  -23.984 0.0000000000
81407  21.014  -1.106  -21.035 0.0000000000
84588  21.524  1.517  -18.528 0.0000000000
92113  16.040  8.027  -20.756 0.0000000000
91045  18.494  8.051  -23.761 0.0000000000
96950  18.745  13.344  -25.954 0.0000000000
95133  19.720  11.657  -24.578 0.0000000000
93170  20.736  9.478  -22.559 0.0000000000
94139  21.581  10.770  -20.117 0.0000000000
72655  19.152  -9.823  -16.445 0.0000000000
72607  13.860  -9.294  -13.725 0.0000000000
72585  14.054  -9.960  -13.038 0.0000000000
70246  15.825  -11.353  -13.884 0.0000000000
69088  16.915  -12.018  -14.091 0.0000000000
71441  16.325  -10.510  -14.786 0.0000000000
87868  17.226  4.826  -21.724 0.0000000000
86848  18.367  3.819  -22.025 0.0000000000
87854  18.718  5.052  -22.024 0.0000000000
88835  19.436  5.643  -21.018 0.0000000000
89867  19.460  6.539  -21.431 0.0000000000
130710  18.441  13.236  -22.280 0.0000000000
94153  18.475  12.084  -22.405 0.0000000000
97874  18.187  14.101  -24.307 0.0000000000
77168  21.000  -4.785  -19.468 0.0000000000
76066  21.620  -5.562  -18.619 0.0000000000
77166  22.663  -4.743  -19.419 0.0000000000
87846  14.263  5.329  -19.702 0.0000000000
89839  14.204  6.313  -19.493 0.0000000000
67913  15.380  -13.920  -11.981 0.0000000000
65466  15.997  -15.805  -11.292 0.0000000000
64332  17.477  -16.393  -11.657 0.0000000000
65485  17.720  -15.402  -12.423 0.0000000000
67957  18.971  -13.595  -14.139 0.0000000000
67928  19.099  -13.721  -12.573 0.0000000000
74942  15.070  -6.923  -16.063 0.0000000000
77102  14.573  -5.537  -16.093 0.0000000000
79289  14.497  -3.345  -19.911 0.0000000000
77150  16.190  -3.624  -19.004 0.0000000000
78242  15.528  -4.245  -21.050 0.0000000000
79306  17.798  -3.564  -19.839 0.0000000000
79335  16.854  -3.169  -21.925 0.0000000000
82462  14.458  -0.446  -18.626 0.0000000000
83542  15.701  0.920  -19.607 0.0000000000
85771  19.455  1.629  -22.107 0.0000000000
130634  18.617  -0.351  -23.540 0.0000000000
82488  19.376  -0.552  -22.537 0.0000000000
81417  19.738  -1.491  -21.522 0.0000000000
82471  19.877  -0.364  -21.067 0.0000000000
83526  21.023  0.454  -20.073 0.0000000000
83527  20.669  1.040  -20.283 0.0000000000
89820  20.933  6.658  -18.465 0.0000000000
87812  20.976  4.455  -17.815 0.0000000000
93162  17.530  9.799  -22.211 0.0000000000
92091  17.159  8.754  -20.606 0.0000000000
92125  17.216  9.005  -23.136 0.0000000000
91031  17.060  7.766  -22.202 0.0000000000
93186  18.119  9.190  -24.791 0.0000000000
94165  20.588  10.360  -23.320 0.0000000000
95121  21.271  11.346  -22.245 0.0000000000
94152  21.586  10.631  -20.991 0.0000000000
73857  17.460  -7.598  -16.566 0.0000000000
72656  18.379  -9.533  -16.421 0.0000000000
73855  19.061  -8.270  -16.838 0.0000000000
73851  22.471  -8.333  -17.514 0.0000000000
72653  21.262  -9.568  -16.662 0.0000000000
67932  14.746  -12.588  -12.446 0.0000000000
67930  16.369  -13.800  -12.806 0.0000000000
66689  17.564  -14.329  -13.246 0.0000000000
67945  17.534  -13.473  -13.734 0.0000000000
67959  17.741  -12.829  -14.330 0.0000000000
69101  18.861  -12.439  -15.302 0.0000000000
79247  14.467  -3.173  -16.730 0.0000000000
80346  15.273  -2.360  -17.961 0.0000000000
80374  15.920  -2.498  -19.738 0.0000000000
85764  15.708  2.588  -20.196 0.0000000000
84616  15.713  1.857  -19.882 0.0000000000
130644  17.066  2.589  -21.066 0.0000000000
85763  18.509  2.314  -21.761 0.0000000000
85761  19.640  2.307  -21.375 0.0000000000
85750  19.889  2.793  -20.622 0.0000000000
87841  19.895  4.534  -20.422 0.0000000000
88809  20.312  5.480  -19.770 0.0000000000
89834  20.434  7.072  -19.183 0.0000000000
96014  15.962  11.669  -19.560 0.0000000000
95116  18.092  11.097  -21.448 0.0000000000
94154  18.247  10.915  -22.447 0.0000000000
130707  17.689  11.335  -25.064 0.0000000000
76046  19.442  -6.411  -18.114 0.0000000000
74955  19.553  -7.630  -17.216 0.0000000000
74971  20.670  -6.971  -18.116 0.0000000000
74969  22.720  -7.096  -18.288 0.0000000000
86815  13.596  3.429  -18.600 0.0000000000
86813  14.281  4.014  -19.313 0.0000000000
88820  15.609  4.786  -20.424 0.0000000000
88852  17.085  5.843  -22.094 0.0000000000
66670  18.273  -14.862  -12.538 0.0000000000
80383  22.909  -2.585  -20.163 0.0000000000
78218  24.147  -4.370  -20.290 0.0000000000
73811  14.847  -8.683  -14.946 0.0000000000
72643  15.993  -9.608  -15.269 0.0000000000
73828  14.953  -8.032  -15.427 0.0000000000
74940  16.673  -7.390  -16.458 0.0000000000
74957  17.020  -6.681  -16.872 0.0000000000
77113  15.820  -5.185  -17.423 0.0000000000
77130  17.001  -5.326  -17.897 0.0000000000
76047  17.549  -5.662  -17.717 0.0000000000
78203  18.456  -4.440  -18.739 0.0000000000
79286  19.644  -3.642  -19.341 0.0000000000
79303  20.829  -3.300  -19.941 0.0000000000
81387  15.874  -1.178  -18.846 0.0000000000
81418  16.144  -1.411  -21.395 0.0000000000
130624  17.732  -0.035  -21.796 0.0000000000
82497  17.301  -1.108  -22.881 0.0000000000
80418  17.227  -2.142  -22.750 0.0000000000
79333  18.689  -3.030  -22.085 0.0000000000
80398  19.983  -2.177  -21.120 0.0000000000
80396  21.357  -2.134  -20.815 0.0000000000
81397  22.079  -1.247  -20.003 0.0000000000
82449  21.873  -0.229  -19.149 0.0000000000
85741  20.698  2.589  -19.051 0.0000000000
89872  14.855  6.927  -20.466 0.0000000000
89888  17.024  6.767  -22.202 0.0000000000
91029  18.712  7.373  -23.226 0.0000000000
96951  18.459  13.024  -25.526 0.0000000000
96072  18.513  12.116  -25.584 0.0000000000
96061  19.500  12.358  -24.999 0.0000000000
94182  18.748  10.562  -25.642 0.0000000000
93177  19.457  9.387  -24.217 0.0000000000
92123  19.862  8.391  -23.195 0.0000000000
91010  19.620  7.290  -22.434 0.0000000000
92090  20.554  8.210  -21.223 0.0000000000
92069  20.957  9.196  -19.954 0.0000000000
93135  21.320  10.177  -19.468 0.0000000000
71458  17.444  -10.156  -15.623 0.0000000000
70293  18.748  -10.843  -15.994 0.0000000000
70279  19.568  -11.940  -16.012 0.0000000000
72670  20.408  -9.017  -16.933 0.0000000000
71468  20.498  -10.626  -16.413 0.0000000000
72625  14.508  -9.530  -14.284 0.0000000000
72606  14.130  -9.879  -13.441 0.0000000000
71427  14.618  -10.311  -13.714 0.0000000000
71426  15.290  -10.613  -13.995 0.0000000000
70264  15.931  -10.762  -14.321 0.0000000000
71442  15.554  -10.039  -14.594 0.0000000000
88851  17.814  5.643  -22.249 0.0000000000
87867  18.128  4.763  -22.289 0.0000000000
88837  18.349  5.668  -21.955 0.0000000000
88836  18.787  5.703  -21.439 0.0000000000
89868  18.765  6.511  -21.977 0.0000000000
130709  18.434  13.228  -23.293 0.0000000000
78221  21.334  -4.151  -19.769 0.0000000000
77167  21.654  -4.721  -19.350 0.0000000000
78220  22.179  -4.129  -19.839 0.0000000000
66673  16.013  -14.055  -12.327 0.0000000000
66654  15.874  -14.709  -11.773 0.0000000000
66653  16.424  -15.256  -11.957 0.0000000000
65465  16.969  -15.796  -12.192 0.0000000000
65464  17.817  -15.911  -12.009 0.0000000000
65486  17.286  -15.221  -12.520 0.0000000000
69070  19.575  -13.184  -13.905 0.0000000000
69053  20.101  -12.533  -13.409 0.0000000000
76007  14.431  -6.319  -15.644 0.0000000000
77091  14.214  -5.666  -15.612 0.0000000000
80390  14.300  -2.888  -20.798 0.0000000000
79323  13.629  -3.673  -21.097 0.0000000000
79321  15.026  -3.421  -21.312 0.0000000000
79319  16.617  -3.663  -21.302 0.0000000000
79336  16.006  -3.330  -21.904 0.0000000000
84590  14.327  0.898  -18.576 0.0000000000
84605  15.218  1.246  -19.386 0.0000000000
84624  19.847  1.322  -21.848 0.0000000000
83555  19.427  0.331  -22.757 0.0000000000
83551  19.729  0.395  -21.899 0.0000000000
83539  19.765  -0.018  -21.328 0.0000000000
83550  20.018  0.943  -21.514 0.0000000000
83538  20.155  0.488  -20.839 0.0000000000
84614  20.390  1.556  -20.472 0.0000000000
88799  21.047  5.863  -18.056 0.0000000000
93171  17.503  10.297  -23.666 0.0000000000
92126  17.156  9.580  -23.944 0.0000000000
92144  17.449  9.135  -24.467 0.0000000000
93187  17.770  9.327  -24.811 0.0000000000
96048  20.881  11.813  -22.500 0.0000000000
96041  20.924  12.368  -21.863 0.0000000000
95114  21.514  11.482  -21.385 0.0000000000
73870  18.108  -7.531  -16.800 0.0000000000
73856  18.030  -8.432  -16.679 0.0000000000
73869  18.658  -7.710  -16.898 0.0000000000
73837  22.476  -8.771  -16.655 0.0000000000
69074  14.985  -11.879  -13.170 0.0000000000
69056  14.638  -11.914  -12.762 0.0000000000
69055  15.126  -12.392  -13.019 0.0000000000
67931  15.510  -13.253  -12.668 0.0000000000
67946  16.505  -13.105  -13.347 0.0000000000
69087  17.425  -12.148  -14.455 0.0000000000
69086  18.263  -12.421  -14.955 0.0000000000
70261  18.200  -11.932  -15.230 0.0000000000
80361  14.240  -1.849  -17.480 0.0000000000
80348  14.135  -2.335  -17.094 0.0000000000
80359  15.740  -2.068  -18.695 0.0000000000
86839  15.478  3.626  -20.101 0.0000000000
86838  16.508  3.054  -20.949 0.0000000000
86836  18.704  3.128  -21.703 0.0000000000
85762  19.072  2.299  -21.985 0.0000000000
86835  19.279  3.434  -21.567 0.0000000000
86824  19.722  3.482  -20.916 0.0000000000
87842  19.661  4.206  -21.200 0.0000000000
89852  19.979  6.481  -20.787 0.0000000000
88819  19.947  5.596  -20.507 0.0000000000
89835  20.209  6.570  -19.973 0.0000000000
90969  20.604  7.921  -20.021 0.0000000000
96029  18.016  12.042  -20.076 0.0000000000
96012  17.258  12.137  -19.646 0.0000000000
95086  16.707  11.689  -20.051 0.0000000000
95104  16.250  11.179  -20.404 0.0000000000
95103  17.617  11.497  -20.670 0.0000000000
94160  18.299  11.822  -23.377 0.0000000000
130705  17.925  11.102  -23.473 0.0000000000
96064  17.789  11.462  -24.316 0.0000000000
77127  19.685  -5.823  -18.447 0.0000000000
76045  20.288  -6.168  -18.584 0.0000000000
77125  22.500  -5.837  -18.625 0.0000000000
76043  22.098  -6.123  -18.278 0.0000000000
74952  22.702  -7.892  -18.059 0.0000000000
86804  13.176  3.807  -17.941 0.0000000000
86803  13.545  4.147  -18.529 0.0000000000
86814  13.873  4.020  -18.965 0.0000000000
88822  14.552  5.702  -19.984 0.0000000000
88821  15.170  5.182  -20.256 0.0000000000
88838  15.908  5.477  -20.750 0.0000000000
87869  16.574  5.344  -21.359 0.0000000000
88853  16.401  6.093  -21.582 0.0000000000
66688  18.122  -14.550  -13.112 0.0000000000
67929  18.647  -14.265  -12.984 0.0000000000
67911  19.006  -13.819  -11.561 0.0000000000
80372  23.381  -2.263  -19.764 0.0000000000
74917  13.650  -7.447  -14.102 0.0000000000
74941  15.839  -6.930  -16.480 0.0000000000
74958  16.423  -6.773  -16.728 0.0000000000
76030  16.784  -6.126  -17.244 0.0000000000
78178  15.045  -4.122  -16.864 0.0000000000
77114  15.308  -5.265  -16.822 0.0000000000
78177  15.592  -4.303  -17.579 0.0000000000
77171  16.486  -4.132  -19.341 0.0000000000
77131  16.289  -4.886  -17.975 0.0000000000
77149  16.755  -4.661  -18.601 0.0000000000
77129  17.343  -5.534  -17.788 0.0000000000
77148  17.569  -5.154  -18.243 0.0000000000
77147  18.469  -5.496  -18.102 0.0000000000
78204  17.567  -4.512  -18.866 0.0000000000
79305  18.566  -3.352  -19.619 0.0000000000
79285  20.289  -3.560  -19.519 0.0000000000
82460  16.290  -0.528  -19.425 0.0000000000
82461  15.464  -0.521  -18.967 0.0000000000
81408  16.598  -1.546  -20.450 0.0000000000
82484  16.935  -1.256  -21.509 0.0000000000
83541  16.491  0.845  -20.207 0.0000000000
130639  17.745  0.806  -21.754 0.0000000000
81452  19.404  -1.488  -24.477 0.0000000000
130622  18.214  -0.813  -23.878 0.0000000000
80439  18.827  -2.210  -24.420 0.0000000000
81436  17.098  -1.695  -22.779 0.0000000000
80416  18.428  -2.747  -23.219 0.0000000000
79350  18.298  -3.005  -22.563 0.0000000000
79332  19.245  -2.832  -22.489 0.0000000000
81416  20.435  -1.471  -21.145 0.0000000000
80397  20.804  -2.210  -21.048 0.0000000000
81415  21.092  -1.690  -21.055 0.0000000000
81406  21.607  -1.441  -20.590 0.0000000000
84603  21.328  1.047  -19.435 0.0000000000
82459  21.657  -0.468  -19.924 0.0000000000
83517  21.589  0.475  -19.306 0.0000000000
83516  21.998  0.452  -18.556 0.0000000000
86823  19.922  3.542  -20.055 0.0000000000
85749  20.291  2.517  -19.966 0.0000000000
86812  20.410  3.505  -19.238 0.0000000000
94142  15.834  10.166  -20.247 0.0000000000
92112  16.696  8.183  -20.976 0.0000000000
93151  14.882  9.136  -20.249 0.0000000000
92094  14.484  8.283  -20.015 0.0000000000
90993  14.893  7.743  -20.360 0.0000000000
91014  15.521  7.432  -20.747 0.0000000000
91046  17.989  7.986  -23.542 0.0000000000
91030  17.744  7.481  -22.746 0.0000000000
96961  18.381  13.843  -26.193 0.0000000000
96055  20.083  12.403  -24.160 0.0000000000
96940  19.785  13.349  -24.616 0.0000000000
95134  19.217  11.293  -25.272 0.0000000000
95128  19.629  10.935  -24.545 0.0000000000
94173  19.167  10.184  -24.880 0.0000000000
93176  20.140  9.405  -23.624 0.0000000000
92110  20.441  8.482  -21.883 0.0000000000
93161  20.766  9.183  -21.892 0.0000000000
93147  21.234  9.878  -20.502 0.0000000000
71459  16.632  -10.059  -15.245 0.0000000000
72642  16.812  -9.282  -15.650 0.0000000000
71471  18.567  -10.219  -16.217 0.0000000000
71470  19.112  -10.510  -16.185 0.0000000000
70292  19.306  -11.164  -16.085 0.0000000000
71469  19.704  -10.579  -16.380 0.0000000000
74954  20.292  -7.626  -17.519 0.0000000000
73854  19.946  -8.286  -16.966 0.0000000000
73853  20.704  -8.341  -17.307 0.0000000000
72640  21.721  -10.084  -15.576 0.0000000000
71456  21.205  -10.767  -15.984 0.0000000000
70290  20.665  -11.336  -16.086 0.0000000000
70247  14.852  -11.230  -13.340 0.0000000000
69072  16.335  -12.042  -13.745 0.0000000000
70245  16.282  -11.581  -13.987 0.0000000000
70263  16.666  -11.405  -14.369 0.0000000000
71440  17.132  -10.768  -15.068 0.0000000000
86849  17.686  3.992  -21.866 0.0000000000
87866  18.762  4.415  -22.182 0.0000000000
87853  19.250  4.653  -21.676 0.0000000000
87852  19.684  4.915  -21.000 0.0000000000
90992  20.300  7.464  -21.183 0.0000000000
96028  18.384  12.535  -20.855 0.0000000000
96043  18.436  12.378  -21.738 0.0000000000
95115  18.262  11.733  -21.489 0.0000000000
130708  18.425  12.654  -23.135 0.0000000000
76090  20.821  -5.072  -19.204 0.0000000000
76067  21.002  -5.619  -18.847 0.0000000000
76088  21.430  -5.188  -18.981 0.0000000000
77145  22.089  -5.036  -18.826 0.0000000000
77143  23.554  -5.889  -19.453 0.0000000000
88811  14.142  5.720  -19.466 0.0000000000
88810  14.363  6.044  -19.700 0.0000000000
67914  14.540  -13.282  -11.718 0.0000000000
67892  14.392  -13.983  -11.011 0.0000000000
66655  14.975  -14.311  -11.442 0.0000000000
65467  15.242  -15.108  -11.198 0.0000000000
64320  17.273  -17.060  -11.282 0.0000000000
64331  17.948  -16.228  -11.614 0.0000000000
67943  19.092  -13.743  -13.424 0.0000000000
75995  14.183  -6.814  -15.095 0.0000000000
74931  14.691  -7.254  -15.518 0.0000000000
76020  15.129  -6.258  -16.497 0.0000000000
76032  15.552  -6.021  -16.852 0.0000000000
78205  15.737  -3.660  -19.454 0.0000000000
78190  15.859  -3.876  -18.572 0.0000000000
77172  15.491  -4.220  -19.839 0.0000000000
78226  16.079  -4.334  -20.240 0.0000000000
78225  17.234  -4.105  -19.775 0.0000000000
78240  16.954  -3.838  -20.672 0.0000000000
79318  17.496  -3.294  -20.686 0.0000000000
79317  18.526  -2.737  -20.928 0.0000000000
83529  15.096  0.395  -19.090 0.0000000000
83528  16.059  0.161  -19.542 0.0000000000
85772  18.838  1.107  -22.553 0.0000000000
130629  18.332  0.398  -22.827 0.0000000000
83561  19.084  0.229  -23.157 0.0000000000
82496  19.212  -0.456  -23.205 0.0000000000
81435  19.389  -1.521  -23.361 0.0000000000
80415  19.545  -2.351  -23.019 0.0000000000
81424  19.367  -1.482  -22.320 0.0000000000
82481  19.949  -0.942  -21.186 0.0000000000
82470  20.428  -0.594  -20.877 0.0000000000
82469  21.085  -0.536  -20.538 0.0000000000
83537  20.591  -0.095  -20.457 0.0000000000
84604  20.838  1.577  -19.586 0.0000000000
88800  20.693  5.474  -18.841 0.0000000000
87821  20.655  4.429  -18.629 0.0000000000
88788  21.236  5.453  -17.371 0.0000000000
93148  17.381  9.546  -21.013 0.0000000000
93149  16.675  9.441  -20.369 0.0000000000
92111  17.290  8.628  -21.619 0.0000000000
91012  16.751  7.862  -21.522 0.0000000000
92136  17.520  8.642  -23.908 0.0000000000
92135  18.201  8.469  -24.062 0.0000000000
95127  20.248  11.320  -23.841 0.0000000000
95122  20.917  11.292  -22.978 0.0000000000
94159  21.193  10.492  -22.598 0.0000000000
93169  21.290  10.008  -22.199 0.0000000000
94158  21.503  10.582  -21.877 0.0000000000
73840  17.061  -8.472  -16.082 0.0000000000
72658  17.339  -9.051  -15.911 0.0000000000
73839  17.652  -8.659  -16.312 0.0000000000
72672  18.702  -9.055  -16.664 0.0000000000
73852  21.568  -8.455  -17.461 0.0000000000
72669  20.972  -8.905  -17.183 0.0000000000
73838  21.951  -8.907  -17.037 0.0000000000
72652  21.974  -9.208  -16.659 0.0000000000
66690  16.951  -13.916  -13.175 0.0000000000
69071  17.139  -12.570  -13.879 0.0000000000
67958  18.352  -13.313  -14.365 0.0000000000
69085  19.238  -13.001  -14.860 0.0000000000
69084  20.035  -12.589  -15.302 0.0000000000
80329  14.329  -2.613  -16.985 0.0000000000
79261  15.456  -3.123  -18.088 0.0000000000
79273  16.068  -3.018  -18.971 0.0000000000
80375  15.113  -2.772  -20.198 0.0000000000
80388  15.380  -2.126  -20.475 0.0000000000
85752  15.156  2.583  -19.660 0.0000000000
84626  16.014  2.151  -20.248 0.0000000000
84615  16.704  1.957  -20.717 0.0000000000
130643  17.985  1.693  -21.614 0.0000000000
86837  17.708  2.838  -21.426 0.0000000000
130648  18.145  2.204  -21.587 0.0000000000
130646  18.504  1.779  -21.977 0.0000000000
85760  20.072  2.129  -20.756 0.0000000000
89821  20.539  6.240  -19.252 0.0000000000
90953  21.022  7.799  -18.743 0.0000000000
94140  17.663  10.521  -21.383 0.0000000000
130706  17.563  10.766  -24.861 0.0000000000
76069  18.801  -6.237  -17.711 0.0000000000
74973  19.062  -7.082  -17.385 0.0000000000
74972  19.814  -7.081  -17.986 0.0000000000
76044  21.171  -6.209  -18.417 0.0000000000
74970  21.588  -6.918  -18.022 0.0000000000
73868  21.861  -7.646  -17.878 0.0000000000
73867  22.257  -7.972  -17.959 0.0000000000
85754  13.826  2.772  -18.816 0.0000000000
86827  13.919  3.267  -19.083 0.0000000000
86840  15.157  3.499  -19.725 0.0000000000
86825  15.222  3.876  -19.788 0.0000000000
87845  14.559  4.772  -19.785 0.0000000000
87844  15.352  4.337  -20.074 0.0000000000
87856  16.087  4.388  -20.731 0.0000000000
66671  17.636  -14.887  -12.775 0.0000000000
65484  18.216  -15.419  -12.107 0.0000000000
67912  18.697  -14.298  -12.297 0.0000000000
79301  22.571  -3.430  -20.169 0.0000000000
78219  23.125  -4.286  -20.095 0.0000000000
79300  23.519  -3.547  -20.197 0.0000000000
72626  13.993  -9.179  -14.127 0.0000000000
72624  15.336  -9.250  -14.983 0.0000000000
73827  15.793  -8.723  -15.655 0.0000000000
74930  15.431  -7.633  -15.879 0.0000000000
73841  16.173  -7.839  -16.105 0.0000000000
73871  17.734  -7.026  -16.790 0.0000000000
73882  17.929  -6.719  -16.898 0.0000000000
76049  16.709  -5.695  -17.531 0.0000000000
76048  17.307  -5.978  -17.396 0.0000000000
76070  18.021  -5.977  -17.535 0.0000000000
78189  18.893  -5.216  -18.258 0.0000000000
78188  19.419  -5.168  -18.416 0.0000000000
78224  18.019  -3.865  -19.511 0.0000000000
79287  19.146  -3.851  -18.959 0.0000000000
78202  19.784  -4.498  -18.947 0.0000000000
78222  20.652  -4.254  -19.560 0.0000000000
81389  14.312  -1.102  -18.026 0.0000000000
81388  15.153  -1.298  -18.411 0.0000000000
80373  16.236  -1.820  -19.572 0.0000000000
81409  15.695  -1.621  -20.875 0.0000000000
81419  15.496  -1.662  -21.642 0.0000000000
82472  17.530  -0.158  -21.188 0.0000000000
130626  17.940  0.185  -22.384 0.0000000000
82483  17.551  -0.465  -22.060 0.0000000000
82490  16.742  -1.320  -22.089 0.0000000000
81426  16.388  -1.642  -22.348 0.0000000000
80407  16.119  -2.678  -22.405 0.0000000000
79334  17.812  -3.119  -22.085 0.0000000000
80404  19.456  -2.144  -21.980 0.0000000000
79316  19.215  -2.522  -21.440 0.0000000000
80386  20.528  -2.605  -20.547 0.0000000000
80385  21.211  -2.714  -20.542 0.0000000000
80384  21.984  -2.527  -20.501 0.0000000000
81405  22.352  -1.830  -20.335 0.0000000000
82458  22.105  -0.850  -19.455 0.0000000000
86802  20.851  3.477  -18.346 0.0000000000
85727  21.456  2.465  -17.765 0.0000000000
93150  15.716  9.252  -20.422 0.0000000000
89853  14.477  6.496  -19.920 0.0000000000
88840  14.835  6.334  -20.438 0.0000000000
91032  16.278  7.417  -21.619 0.0000000000
89889  16.109  6.866  -21.771 0.0000000000
89870  15.882  6.260  -21.034 0.0000000000
89887  17.873  6.596  -22.466 0.0000000000
89886  18.496  6.752  -22.476 0.0000000000
96943  18.123  13.935  -24.727 0.0000000000
96952  18.003  13.902  -25.251 0.0000000000
96962  17.862  14.073  -26.078 0.0000000000
96063  17.990  11.929  -25.190 0.0000000000
95135  17.908  11.577  -25.756 0.0000000000
94183  18.235  10.620  -25.934 0.0000000000
96941  19.329  13.279  -25.497 0.0000000000
96062  18.974  12.254  -25.606 0.0000000000
95143  18.670  11.249  -25.954 0.0000000000
94174  18.254  9.822  -25.168 0.0000000000
93184  18.812  9.327  -24.607 0.0000000000
92134  19.022  8.435  -24.100 0.0000000000
94166  19.845  10.262  -24.058 0.0000000000
92133  19.728  8.822  -23.903 0.0000000000
92124  19.323  7.884  -23.525 0.0000000000
91028  19.437  7.668  -23.164 0.0000000000
91011  18.944  6.889  -22.606 0.0000000000
90991  20.592  8.092  -20.849 0.0000000000
93160  21.188  9.660  -21.583 0.0000000000
92089  20.768  8.825  -20.938 0.0000000000
92052  21.301  9.031  -18.962 0.0000000000
95085  21.909  11.255  -19.891 0.0000000000
94110  21.781  10.755  -19.017 0.0000000000
93120  21.835  10.153  -18.638 0.0000000000
92051  22.328  9.337  -18.098 0.0000000000
71460  16.099  -10.063  -15.012 0.0000000000
70281  17.788  -11.008  -15.512 0.0000000000
72641  17.498  -9.481  -15.892 0.0000000000
71457  18.158  -10.656  -15.906 0.0000000000
70280  18.597  -11.672  -15.595 0.0000000000
72671  19.544  -9.051  -16.719 0.0000000000
72654  20.094  -9.803  -16.597 0.0000000000
70291  20.024  -11.386  -16.341 0.0000000000
70278  20.367  -12.040  -15.836 0.0000000000
70260  20.747  -12.136  -14.947 0.0000000000
77165  23.714  -5.254  -19.864 0.0000000000
69073  15.462  -11.918  -13.425 0.0000000000
69099  19.858  -12.341  -15.754 0.0000000000
69100  19.377  -12.375  -15.506 0.0000000000
70277  21.037  -11.528  -15.479 0.0000000000
71472  17.916  -9.896  -16.170 0.0000000000
72657  17.786  -9.073  -16.248 0.0000000000
72673  18.210  -9.049  -16.551 0.0000000000
73810  15.323  -8.903  -15.197 0.0000000000
73881  18.193  -6.963  -16.904 0.0000000000
74956  19.092  -7.661  -17.011 0.0000000000
74974  17.608  -6.527  -16.984 0.0000000000
74984  18.482  -6.677  -17.259 0.0000000000
74985  18.091  -6.518  -17.108 0.0000000000
74986  17.871  -6.499  -17.004 0.0000000000
76019  15.679  -6.337  -16.748 0.0000000000
76042  22.725  -6.219  -18.672 0.0000000000
76050  13.725  -5.249  -19.847 0.0000000000
76051  13.566  -5.265  -20.033 0.0000000000
76052  13.478  -5.124  -20.166 0.0000000000
76068  20.661  -5.366  -18.923 0.0000000000
76071  17.783  -6.291  -17.189 0.0000000000
76072  14.032  -5.162  -19.875 0.0000000000
76073  13.908  -5.093  -20.076 0.0000000000
76074  13.700  -4.986  -20.252 0.0000000000
76089  21.065  -5.156  -19.192 0.0000000000
76091  14.097  -4.982  -20.151 0.0000000000
76092  13.963  -4.759  -20.252 0.0000000000
77126  22.250  -5.555  -18.597 0.0000000000
77128  19.150  -5.752  -18.124 0.0000000000
77132  13.913  -5.023  -19.655 0.0000000000
77133  13.240  -5.253  -19.912 0.0000000000
77134  13.165  -5.169  -20.152 0.0000000000
77144  22.943  -5.544  -18.956 0.0000000000
77151  14.639  -4.489  -19.744 0.0000000000
77152  14.315  -4.785  -20.190 0.0000000000
77153  13.219  -4.964  -20.351 0.0000000000
77169  20.531  -4.870  -19.161 0.0000000000
77173  14.714  -4.567  -20.233 0.0000000000
77174  14.193  -4.613  -20.462 0.0000000000
77175  13.606  -4.483  -20.468 0.0000000000
77185  14.028  -4.348  -20.925 0.0000000000
77186  13.604  -4.159  -20.969 0.0000000000
78191  13.791  -4.597  -19.643 0.0000000000
78192  12.987  -4.907  -20.194 0.0000000000
78193  12.832  -4.980  -20.132 0.0000000000
78201  20.152  -4.143  -19.383 0.0000000000
78206  14.621  -3.869  -19.669 0.0000000000
78207  13.674  -3.981  -19.712 0.0000000000
78208  13.246  -4.277  -20.254 0.0000000000
78223  20.322  -4.502  -19.289 0.0000000000
78227  15.154  -4.394  -20.540 0.0000000000
78228  14.503  -4.423  -20.708 0.0000000000
78229  14.228  -4.402  -20.816 0.0000000000
78230  13.162  -3.983  -20.848 0.0000000000
78241  16.399  -4.161  -20.819 0.0000000000
78243  14.718  -4.151  -21.146 0.0000000000
78244  14.068  -4.084  -21.173 0.0000000000
78245  13.638  -3.932  -21.102 0.0000000000
79263  13.966  -2.110  -17.166 0.0000000000
79274  14.032  -1.829  -17.319 0.0000000000
79275  13.908  -1.843  -17.255 0.0000000000
79288  15.527  -3.174  -19.762 0.0000000000
79290  13.822  -3.442  -20.254 0.0000000000
79291  13.338  -3.813  -20.441 0.0000000000
79307  13.882  -3.231  -20.877 0.0000000000
79308  13.526  -3.626  -20.657 0.0000000000
79320  15.835  -3.754  -21.405 0.0000000000
79322  14.216  -3.597  -21.202 0.0000000000
79337  15.538  -3.326  -21.623 0.0000000000
79347  19.926  -2.825  -23.599 0.0000000000
79348  19.469  -3.043  -23.300 0.0000000000
79349  18.738  -3.167  -23.031 0.0000000000
79361  19.765  -3.030  -23.991 0.0000000000
79362  19.179  -3.084  -23.711 0.0000000000
80347  14.715  -2.564  -17.424 0.0000000000
80358  16.129  -1.533  -19.101 0.0000000000
80376  14.465  -2.946  -20.348 0.0000000000
80387  16.057  -1.973  -20.230 0.0000000000
80389  14.812  -2.442  -20.828 0.0000000000
80399  14.748  -2.734  -21.406 0.0000000000
80400  14.267  -3.077  -21.302 0.0000000000
80405  17.605  -2.677  -22.512 0.0000000000
80406  17.127  -2.408  -22.408 0.0000000000
80408  15.310  -2.948  -21.975 0.0000000000
80414  19.946  -2.308  -23.740 0.0000000000
80417  17.884  -2.482  -22.925 0.0000000000
80425  19.865  -1.846  -24.539 0.0000000000
80426  19.942  -2.274  -24.334 0.0000000000
80427  19.305  -2.666  -24.259 0.0000000000
80428  18.573  -2.557  -23.696 0.0000000000
80429  18.055  -2.079  -23.577 0.0000000000
80437  19.649  -1.875  -24.600 0.0000000000
80438  19.367  -2.148  -24.734 0.0000000000
80444  19.272  -1.663  -24.777 0.0000000000
80445  18.868  -1.764  -24.650 0.0000000000
81386  16.184  -1.281  -19.097 0.0000000000
81398  16.381  -1.154  -19.457 0.0000000000
81399  16.081  -0.829  -19.099 0.0000000000
81410  15.132  -1.872  -21.079 0.0000000000
81420  15.066  -2.200  -21.512 0.0000000000
81425  16.817  -1.533  -22.485 0.0000000000
81427  15.436  -2.204  -22.127 0.0000000000
81434  19.907  -1.899  -23.914 0.0000000000
81437  16.885  -1.980  -22.686 0.0000000000
81443  19.685  -1.674  -24.350 0.0000000000
81444  19.489  -1.518  -24.087 0.0000000000
81445  19.223  -0.973  -23.572 0.0000000000
81446  18.338  -1.488  -24.037 0.0000000000
81447  17.686  -1.609  -23.339 0.0000000000
81456  18.881  -1.232  -24.372 0.0000000000
82450  15.303  -0.946  -18.648 0.0000000000
82482  19.607  -0.644  -21.655 0.0000000000
82489  16.999  -1.297  -22.313 0.0000000000
82502  17.774  -0.840  -23.452 0.0000000000
83540  17.492  0.519  -21.381 0.0000000000
84606  14.734  1.164  -18.904 0.0000000000
84617  14.918  1.852  -19.384 0.0000000000
84618  14.608  1.814  -19.017 0.0000000000
84625  18.772  1.913  -22.123 0.0000000000
84631  19.639  1.037  -22.460 0.0000000000
85751  15.509  2.361  -19.882 0.0000000000
85753  14.388  2.458  -19.122 0.0000000000
85755  13.643  2.927  -18.678 0.0000000000
85765  15.235  3.192  -19.791 0.0000000000
86826  14.727  3.671  -19.540 0.0000000000
86828  13.659  3.151  -18.787 0.0000000000
86829  13.447  3.021  -18.752 0.0000000000
87832  14.268  4.291  -19.393 0.0000000000
87843  15.655  4.504  -20.398 0.0000000000
87857  15.615  4.108  -20.280 0.0000000000
88789  20.854  5.149  -18.114 0.0000000000
88823  14.332  5.579  -19.709 0.0000000000
89840  13.723  6.452  -19.067 0.0000000000
89871  15.470  6.700  -20.892 0.0000000000
89890  15.851  7.130  -21.299 0.0000000000
90994  14.447  7.371  -19.966 0.0000000000
91013  16.193  7.677  -21.180 0.0000000000
91015  14.880  7.344  -20.414 0.0000000000
91033  15.954  7.348  -21.245 0.0000000000
91047  17.491  8.189  -23.132 0.0000000000
92092  16.320  8.662  -20.563 0.0000000000
92093  15.384  8.360  -20.474 0.0000000000
92109  20.741  9.069  -21.561 0.0000000000
92137  17.221  9.213  -24.076 0.0000000000
92141  18.650  8.959  -24.472 0.0000000000
92142  18.375  8.845  -24.466 0.0000000000
92143  17.863  8.881  -24.485 0.0000000000
93185  18.422  9.227  -24.716 0.0000000000
94124  22.150  11.147  -19.149 0.0000000000
94125  21.813  10.983  -19.516 0.0000000000
94143  15.321  9.625  -20.200 0.0000000000
94184  17.761  10.550  -25.515 0.0000000000
95084  22.439  11.633  -19.566 0.0000000000
95087  16.146  11.581  -19.862 0.0000000000
95144  17.997  11.320  -26.064 0.0000000000
95145  17.721  11.233  -25.539 0.0000000000
96073  18.233  11.870  -25.619 0.0000000000
96960  18.580  13.824  -26.243 0.0000000000
130621  18.427  -0.870  -23.960 0.0000000000
130623  18.609  -1.007  -24.040 0.0000000000
130625  17.802  1.033  -21.971 0.0000000000
130627  17.820  0.536  -21.914 0.0000000000
130628  18.713  0.513  -22.970 0.0000000000
130630  17.721  0.059  -21.544 0.0000000000
130631  19.133  -1.124  -24.198 0.0000000000
130632  18.601  0.812  -22.723 0.0000000000
130633  18.397  0.656  -22.736 0.0000000000
130635  17.714  0.318  -21.683 0.0000000000
130636  17.813  0.204  -21.918 0.0000000000
130637  18.525  0.964  -22.558 0.0000000000
130638  18.916  0.754  -22.850 0.0000000000
130640  18.209  0.857  -22.307 0.0000000000
130642  18.455  1.544  -22.074 0.0000000000
130645  17.078  2.829  -21.130 0.0000000000
130647  18.307  1.995  -21.708 0.0000000000
130649  17.718  2.259  -21.367 0.0000000000
130650  17.429  2.264  -21.203 0.0000000000
