#!ascii label  , from subject sub.01.bl.01 vox2ras=TkReg
1036
78154  14.166  -5.122  -15.621 0.2500000000
77102  14.573  -5.537  -16.093 0.2500000000
79263  13.966  -2.110  -17.166 0.2500000000
79248  13.865  -2.497  -16.663 0.1250000000
80348  14.135  -2.335  -17.094 0.3750000000
79247  14.467  -3.173  -16.730 0.2500000000
78166  14.407  -4.455  -16.253 0.2500000000
77114  15.308  -5.265  -16.822 0.7500000000
76032  15.552  -6.021  -16.852 0.8750000000
76031  16.135  -6.042  -17.119 0.8750000000
80329  14.329  -2.613  -16.985 0.3750000000
79262  15.116  -3.443  -17.278 0.3750000000
78178  15.045  -4.122  -16.864 0.7500000000
77131  16.289  -4.886  -17.975 1.0000000000
78177  15.592  -4.303  -17.579 0.8750000000
76049  16.709  -5.695  -17.531 1.0000000000
77113  15.820  -5.185  -17.423 0.8750000000
76030  16.784  -6.126  -17.244 1.0000000000
80361  14.240  -1.849  -17.480 0.2500000000
80346  15.273  -2.360  -17.961 0.7500000000
79273  16.068  -3.018  -18.971 0.8750000000
78205  15.737  -3.660  -19.454 0.8750000000
79261  15.456  -3.123  -18.088 0.7500000000
77171  16.486  -4.132  -19.341 1.0000000000
77150  16.190  -3.624  -19.004 1.0000000000
77148  17.569  -5.154  -18.243 1.0000000000
77149  16.755  -4.661  -18.601 1.0000000000
77129  17.343  -5.534  -17.788 1.0000000000
77130  17.001  -5.326  -17.897 1.0000000000
79264  13.684  -1.790  -17.053 0.1250000000
80360  14.955  -1.774  -17.885 0.6250000000
80375  15.113  -2.772  -20.198 1.0000000000
79289  14.497  -3.345  -19.911 1.0000000000
78225  17.234  -4.105  -19.775 1.0000000000
78226  16.079  -4.334  -20.240 1.0000000000
77172  15.491  -4.220  -19.839 1.0000000000
79323  13.629  -3.673  -21.097 1.0000000000
78204  17.567  -4.512  -18.866 1.0000000000
77170  17.083  -4.543  -18.980 1.0000000000
78188  19.419  -5.168  -18.416 1.0000000000
77147  18.469  -5.496  -18.102 1.0000000000
84594  12.836  1.355  -17.350 0.2500000000
80362  13.845  -1.446  -17.477 0.2500000000
81389  14.312  -1.102  -18.026 0.3750000000
80373  16.236  -1.820  -19.572 1.0000000000
81388  15.153  -1.298  -18.411 0.6250000000
80374  15.920  -2.498  -19.738 1.0000000000
81428  15.098  -2.492  -21.790 1.0000000000
80388  15.380  -2.126  -20.475 1.0000000000
79306  17.798  -3.564  -19.839 1.0000000000
78240  16.954  -3.838  -20.672 1.0000000000
79336  16.006  -3.330  -21.904 1.0000000000
79305  18.566  -3.352  -19.619 1.0000000000
79287  19.146  -3.851  -18.959 1.0000000000
79286  19.644  -3.642  -19.341 1.0000000000
84592  13.646  1.129  -18.130 0.5000000000
83520  13.430  0.461  -17.906 0.3750000000
82476  13.905  0.105  -18.511 0.3750000000
82463  13.918  -0.882  -18.446 0.5000000000
82462  14.458  -0.446  -18.626 0.5000000000
82460  16.290  -0.528  -19.425 0.8750000000
81408  16.598  -1.546  -20.450 1.0000000000
82473  17.063  -0.436  -20.422 1.0000000000
80407  16.119  -2.678  -22.405 1.0000000000
81418  16.144  -1.411  -21.395 1.0000000000
79334  17.812  -3.119  -22.085 1.0000000000
79304  19.707  -2.808  -20.171 1.0000000000
79285  20.289  -3.560  -19.519 0.8750000000
84609  13.571  1.679  -18.151 0.5000000000
83530  14.286  0.208  -18.688 0.5000000000
84590  14.327  0.898  -18.576 0.6250000000
83542  15.701  0.920  -19.607 0.6250000000
83528  16.059  0.161  -19.542 1.0000000000
80415  19.545  -2.351  -23.019 1.0000000000
79360  20.177  -2.736  -23.984 1.0000000000
80416  18.428  -2.747  -23.219 1.0000000000
81436  17.098  -1.695  -22.779 1.0000000000
80404  19.456  -2.144  -21.980 1.0000000000
79333  18.689  -3.030  -22.085 1.0000000000
79350  18.298  -3.005  -22.563 1.0000000000
80398  19.983  -2.177  -21.120 0.8750000000
79316  19.215  -2.522  -21.440 1.0000000000
80386  20.528  -2.605  -20.547 0.8750000000
84607  14.319  1.698  -18.711 0.5000000000
84605  15.218  1.246  -19.386 0.8750000000
130639  17.745  0.806  -21.754 1.0000000000
130624  17.732  -0.035  -21.796 1.0000000000
81435  19.389  -1.521  -23.361 1.0000000000
130634  18.617  -0.351  -23.540 1.0000000000
82497  17.301  -1.108  -22.881 1.0000000000
83555  19.427  0.331  -22.757 1.0000000000
81416  20.435  -1.471  -21.145 1.0000000000
81417  19.738  -1.491  -21.522 1.0000000000
82488  19.376  -0.552  -22.537 1.0000000000
82481  19.949  -0.942  -21.186 1.0000000000
85744  13.557  2.412  -18.326 0.5000000000
85742  14.270  2.145  -18.843 0.8750000000
84616  15.713  1.857  -19.882 1.0000000000
130644  17.066  2.589  -21.066 1.0000000000
130641  17.894  1.238  -21.757 1.0000000000
85762  19.072  2.299  -21.985 1.0000000000
85761  19.640  2.307  -21.375 1.0000000000
85771  19.455  1.629  -22.107 1.0000000000
83550  20.018  0.943  -21.514 1.0000000000
84624  19.847  1.322  -21.848 1.0000000000
82471  19.877  -0.364  -21.067 0.8750000000
88810  14.363  6.044  -19.700 1.0000000000
89825  13.255  6.295  -18.523 0.3750000000
88822  14.552  5.702  -19.984 0.8750000000
87855  17.032  3.813  -21.374 1.0000000000
86836  18.704  3.128  -21.703 1.0000000000
89872  14.855  6.927  -20.466 0.8750000000
88840  14.835  6.334  -20.438 1.0000000000
88839  15.225  5.932  -20.624 1.0000000000
88838  15.908  5.477  -20.750 1.0000000000
88853  16.401  6.093  -21.582 1.0000000000
87868  17.226  4.826  -21.724 1.0000000000
86847  19.018  3.837  -22.128 1.0000000000
87866  18.762  4.415  -22.182 1.0000000000
90993  14.893  7.743  -20.360 0.7500000000
89870  15.882  6.260  -21.034 1.0000000000
88852  17.085  5.843  -22.094 1.0000000000
88837  18.349  5.668  -21.955 1.0000000000
88851  17.814  5.643  -22.249 1.0000000000
87867  18.128  4.763  -22.289 1.0000000000
89889  16.109  6.866  -21.771 1.0000000000
89888  17.024  6.767  -22.202 1.0000000000
96011  18.284  12.614  -19.439 0.1250000000
96043  18.436  12.378  -21.738 0.2500000000
96028  18.384  12.535  -20.855 0.1250000000
130711  18.845  14.026  -21.227 0.2500000000
130708  18.425  12.654  -23.135 0.5000000000
130709  18.434  13.228  -23.293 0.2500000000
97874  18.187  14.101  -24.307 0.3750000000
97865  18.326  14.049  -23.417 0.2500000000
130713  18.625  14.976  -22.270 0.2500000000
98758  18.396  15.653  -23.106 0.2500000000
97866  18.149  14.804  -24.049 0.2500000000
97875  17.631  14.697  -24.795 0.3750000000
98750  18.318  15.104  -23.404 0.2500000000
97883  17.461  14.657  -25.692 0.3750000000
98760  17.308  15.503  -24.952 0.2500000000
78155  13.636  -4.369  -15.433 0.1250000000
78167  13.936  -3.484  -16.174 0.2500000000
79234  13.450  -3.049  -15.991 0.1250000000
83541  16.491  0.845  -20.207 0.8750000000
85772  18.838  1.107  -22.553 1.0000000000
78142  13.352  -5.221  -14.718 0.1250000000
76020  15.129  -6.258  -16.497 0.6250000000
74941  15.839  -6.930  -16.480 0.7500000000
74940  16.673  -7.390  -16.458 1.0000000000
74957  17.020  -6.681  -16.872 1.0000000000
76070  18.021  -5.977  -17.535 1.0000000000
76046  19.442  -6.411  -18.114 1.0000000000
81378  13.636  -0.835  -17.431 0.3750000000
82453  13.551  -0.177  -17.942 0.2500000000
78222  20.652  -4.254  -19.560 0.8750000000
80397  20.804  -2.210  -21.048 0.8750000000
79303  20.829  -3.300  -19.941 0.8750000000
81407  21.014  -1.106  -21.035 0.8750000000
88802  12.981  5.776  -18.221 0.1250000000
86805  13.368  3.069  -18.217 0.3750000000
86827  13.919  3.267  -19.083 0.6250000000
84623  20.022  1.471  -21.175 1.0000000000
82470  20.428  -0.594  -20.877 0.8750000000
89839  14.204  6.313  -19.493 0.5000000000
89853  14.477  6.496  -19.920 0.8750000000
88801  13.543  5.522  -18.790 0.3750000000
87845  14.559  4.772  -19.785 0.8750000000
86835  19.279  3.434  -21.567 1.0000000000
87842  19.661  4.206  -21.200 1.0000000000
87852  19.684  4.915  -21.000 1.0000000000
87854  18.718  5.052  -22.024 1.0000000000
92113  16.040  8.027  -20.756 0.8750000000
91031  17.060  7.766  -22.202 1.0000000000
89869  18.244  6.246  -22.234 1.0000000000
95997  18.335  12.804  -18.272 0.1250000000
96012  17.258  12.137  -19.646 0.1250000000
94154  18.247  10.915  -22.447 0.6250000000
94153  18.475  12.084  -22.405 0.6250000000
96942  18.432  12.983  -24.319 0.5000000000
96952  18.003  13.902  -25.251 0.5000000000
130712  18.994  15.031  -21.246 0.2500000000
96943  18.123  13.935  -24.727 0.5000000000
130714  18.395  16.432  -22.571 0.1250000000
98759  18.071  16.130  -24.093 0.2500000000
99658  17.218  16.458  -25.469 0.2500000000
97892  17.534  15.075  -26.370 0.3750000000
98776  17.217  16.005  -25.964 0.2500000000
130715  18.004  17.032  -23.192 0.1250000000
77091  14.214  -5.666  -15.612 0.3750000000
76007  14.431  -6.319  -15.644 0.5000000000
74958  16.423  -6.773  -16.728 1.0000000000
78190  15.859  -3.876  -18.572 1.0000000000
76048  17.307  -5.978  -17.396 1.0000000000
76047  17.549  -5.662  -17.717 1.0000000000
80359  15.740  -2.068  -18.695 0.8750000000
80390  14.300  -2.888  -20.798 1.0000000000
78224  18.019  -3.865  -19.511 1.0000000000
78242  15.528  -4.245  -21.050 1.0000000000
79321  15.026  -3.421  -21.312 1.0000000000
78203  18.456  -4.440  -18.739 1.0000000000
78189  18.893  -5.216  -18.258 1.0000000000
81400  13.719  -1.008  -18.480 0.3750000000
82451  14.960  -1.141  -18.431 0.5000000000
81387  15.874  -1.178  -18.846 0.8750000000
81409  15.695  -1.621  -20.875 1.0000000000
81419  15.496  -1.662  -21.642 1.0000000000
79318  17.496  -3.294  -20.686 1.0000000000
79319  16.617  -3.663  -21.302 1.0000000000
79335  16.854  -3.169  -21.925 1.0000000000
79317  18.526  -2.737  -20.928 1.0000000000
82461  15.464  -0.521  -18.967 0.6250000000
83529  15.096  0.395  -19.090 0.6250000000
82484  16.935  -1.256  -21.509 1.0000000000
82472  17.530  -0.158  -21.188 1.0000000000
80418  17.227  -2.142  -22.750 1.0000000000
81426  16.388  -1.642  -22.348 1.0000000000
82490  16.742  -1.320  -22.089 1.0000000000
78221  21.334  -4.151  -19.769 0.8750000000
82483  17.551  -0.465  -22.060 1.0000000000
81424  19.367  -1.482  -22.320 1.0000000000
79332  19.245  -2.832  -22.489 1.0000000000
80439  18.827  -2.210  -24.420 1.0000000000
81452  19.404  -1.488  -24.477 1.0000000000
130629  18.332  0.398  -22.827 1.0000000000
130626  17.940  0.185  -22.384 1.0000000000
82496  19.212  -0.456  -23.205 1.0000000000
130622  18.214  -0.813  -23.878 1.0000000000
83561  19.084  0.229  -23.157 1.0000000000
83551  19.729  0.395  -21.899 1.0000000000
83539  19.765  -0.018  -21.328 1.0000000000
85754  13.826  2.772  -18.816 0.6250000000
85752  15.156  2.583  -19.660 0.7500000000
84626  16.014  2.151  -20.248 1.0000000000
84615  16.704  1.957  -20.717 1.0000000000
85764  15.708  2.588  -20.196 1.0000000000
130643  17.985  1.693  -21.614 1.0000000000
86838  16.508  3.054  -20.949 1.0000000000
86837  17.708  2.838  -21.426 1.0000000000
130648  18.145  2.204  -21.587 1.0000000000
85763  18.509  2.314  -21.761 1.0000000000
130646  18.504  1.779  -21.977 1.0000000000
88811  14.142  5.720  -19.466 0.7500000000
88821  15.170  5.182  -20.256 1.0000000000
87846  14.263  5.329  -19.702 0.7500000000
86839  15.478  3.626  -20.101 1.0000000000
86825  15.222  3.876  -19.788 1.0000000000
87856  16.087  4.388  -20.731 1.0000000000
86848  18.367  3.819  -22.025 1.0000000000
91014  15.521  7.432  -20.747 0.8750000000
88820  15.609  4.786  -20.424 1.0000000000
87869  16.574  5.344  -21.359 1.0000000000
86849  17.686  3.992  -21.866 1.0000000000
87853  19.250  4.653  -21.676 1.0000000000
89887  17.873  6.596  -22.466 1.0000000000
91030  17.744  7.481  -22.746 1.0000000000
91032  16.278  7.417  -21.619 1.0000000000
96029  18.016  12.042  -20.076 0.1250000000
96906  19.074  13.718  -19.994 0.2500000000
130710  18.441  13.236  -22.280 0.2500000000
95102  18.135  11.889  -20.984 0.3750000000
95115  18.262  11.733  -21.489 0.5000000000
94160  18.299  11.822  -23.377 0.7500000000
99649  17.319  16.167  -24.976 0.2500000000
77092  13.762  -5.679  -15.169 0.2500000000
77080  12.928  -5.816  -14.184 0.1250000000
77079  13.314  -5.817  -14.653 0.1250000000
74942  15.070  -6.923  -16.063 0.7500000000
87823  13.065  4.955  -18.119 0.5000000000
86815  13.596  3.429  -18.600 0.6250000000
86813  14.281  4.014  -19.313 0.7500000000
86840  15.157  3.499  -19.725 0.8750000000
87833  13.927  4.878  -19.363 0.7500000000
86814  13.873  4.020  -18.965 0.8750000000
87844  15.352  4.337  -20.074 1.0000000000
91012  16.751  7.862  -21.522 1.0000000000
91046  17.989  7.986  -23.542 1.0000000000
91029  18.712  7.373  -23.226 1.0000000000
95086  16.707  11.689  -20.051 0.3750000000
95116  18.092  11.097  -21.448 0.5000000000
98775  17.529  16.160  -26.546 0.2500000000
70263  16.666  -11.405  -14.369 0.7500000000
70261  18.200  -11.932  -15.230 0.7500000000
70264  15.931  -10.762  -14.321 0.7500000000
71442  15.554  -10.039  -14.594 0.7500000000
70281  17.788  -11.008  -15.512 0.7500000000
71440  17.132  -10.768  -15.068 0.7500000000
71459  16.632  -10.059  -15.245 0.7500000000
71460  16.099  -10.063  -15.012 0.7500000000
70293  18.748  -10.843  -15.994 0.7500000000
71457  18.158  -10.656  -15.906 0.7500000000
71458  17.444  -10.156  -15.623 0.7500000000
73828  14.953  -8.032  -15.427 0.7500000000
74930  15.431  -7.633  -15.879 0.6250000000
72642  16.812  -9.282  -15.650 0.7500000000
73826  16.557  -8.834  -15.804 0.8750000000
73827  15.793  -8.723  -15.655 0.8750000000
71470  19.112  -10.510  -16.185 0.7500000000
71471  18.567  -10.219  -16.217 0.7500000000
72656  18.379  -9.533  -16.421 0.7500000000
73840  17.061  -8.472  -16.082 0.8750000000
73857  17.460  -7.598  -16.566 0.8750000000
72672  18.702  -9.055  -16.664 0.7500000000
73856  18.030  -8.432  -16.679 0.8750000000
73871  17.734  -7.026  -16.790 0.8750000000
74955  19.553  -7.630  -17.216 0.7500000000
73869  18.658  -7.710  -16.898 0.8750000000
73880  18.543  -7.207  -16.986 0.8750000000
74972  19.814  -7.081  -17.986 0.8750000000
76045  20.288  -6.168  -18.584 0.8750000000
77127  19.685  -5.823  -18.447 0.8750000000
77125  22.500  -5.837  -18.625 0.3750000000
76066  21.620  -5.562  -18.619 0.6250000000
76067  21.002  -5.619  -18.847 0.7500000000
77146  20.117  -5.344  -18.727 0.7500000000
77143  23.554  -5.889  -19.453 0.5000000000
77145  22.089  -5.036  -18.826 0.5000000000
77167  21.654  -4.721  -19.350 0.7500000000
77168  21.000  -4.785  -19.468 0.7500000000
77164  24.698  -5.129  -20.275 0.1250000000
78219  23.125  -4.286  -20.095 0.3750000000
78220  22.179  -4.129  -19.839 0.6250000000
79302  21.690  -3.416  -20.187 0.6250000000
78217  25.200  -4.363  -20.573 0.1250000000
79300  23.519  -3.547  -20.197 0.1250000000
80382  23.780  -2.897  -20.053 0.1250000000
80384  21.984  -2.527  -20.501 0.6250000000
81406  21.607  -1.441  -20.590 0.6250000000
81415  21.092  -1.690  -21.055 0.7500000000
80381  24.314  -3.014  -19.825 0.1250000000
81395  23.459  -1.905  -19.213 0.1250000000
81396  22.718  -1.586  -19.551 0.1250000000
81397  22.079  -1.247  -20.003 0.5000000000
82469  21.085  -0.536  -20.538 0.7500000000
79283  25.455  -3.624  -20.127 0.1250000000
82458  22.105  -0.850  -19.455 0.5000000000
82459  21.657  -0.468  -19.924 0.5000000000
83526  21.023  0.454  -20.073 0.6250000000
83537  20.591  -0.095  -20.457 0.7500000000
92094  14.484  8.283  -20.015 0.6250000000
93150  15.716  9.252  -20.422 0.5000000000
92112  16.696  8.183  -20.976 0.7500000000
84604  20.838  1.577  -19.586 0.6250000000
85749  20.291  2.517  -19.966 0.6250000000
85760  20.072  2.129  -20.756 0.8750000000
84589  20.874  1.971  -18.818 0.5000000000
85741  20.698  2.589  -19.051 0.6250000000
85750  19.889  2.793  -20.622 0.7500000000
92091  17.159  8.754  -20.606 0.7500000000
88835  19.436  5.643  -21.018 0.8750000000
88836  18.787  5.703  -21.439 0.8750000000
86823  19.922  3.542  -20.055 0.7500000000
89867  19.460  6.539  -21.431 0.8750000000
85728  20.999  2.485  -18.330 0.3750000000
86812  20.410  3.505  -19.238 0.5000000000
87831  20.283  4.499  -19.481 0.6250000000
86789  21.178  3.766  -17.618 0.2500000000
86802  20.851  3.477  -18.346 0.3750000000
93149  16.675  9.441  -20.369 0.6250000000
93148  17.381  9.546  -21.013 0.7500000000
92111  17.290  8.628  -21.619 0.7500000000
89886  18.496  6.752  -22.476 0.8750000000
91028  19.437  7.668  -23.164 0.7500000000
91010  19.620  7.290  -22.434 0.8750000000
88809  20.312  5.480  -19.770 0.6250000000
88819  19.947  5.596  -20.507 0.7500000000
87821  20.655  4.429  -18.629 0.3750000000
88800  20.693  5.474  -18.841 0.5000000000
90970  20.217  7.129  -20.481 0.7500000000
87812  20.976  4.455  -17.815 0.2500000000
94141  16.993  10.368  -20.574 0.6250000000
92125  17.216  9.005  -23.136 0.8750000000
92136  17.520  8.642  -23.908 0.8750000000
91045  18.494  8.051  -23.761 0.8750000000
93186  18.119  9.190  -24.791 0.7500000000
92124  19.323  7.884  -23.525 0.8750000000
92110  20.441  8.482  -21.883 0.7500000000
89835  20.209  6.570  -19.973 0.5000000000
89820  20.933  6.658  -18.465 0.2500000000
89834  20.434  7.072  -19.183 0.5000000000
89821  20.539  6.240  -19.252 0.5000000000
88788  21.236  5.453  -17.371 0.2500000000
94140  17.663  10.521  -21.383 0.5000000000
93171  17.503  10.297  -23.666 0.6250000000
93187  17.770  9.327  -24.811 0.7500000000
93178  17.473  9.817  -24.644 0.7500000000
94174  18.254  9.822  -25.168 0.7500000000
93177  19.457  9.387  -24.217 0.7500000000
93184  18.812  9.327  -24.607 0.7500000000
94183  18.235  10.620  -25.934 0.7500000000
92133  19.728  8.822  -23.903 0.7500000000
93170  20.736  9.478  -22.559 0.7500000000
93176  20.140  9.405  -23.624 0.7500000000
92089  20.768  8.825  -20.938 0.5000000000
93160  21.188  9.660  -21.583 0.3750000000
93161  20.766  9.183  -21.892 0.6250000000
90953  21.022  7.799  -18.743 0.2500000000
90969  20.604  7.921  -20.021 0.3750000000
92069  20.957  9.196  -19.954 0.3750000000
130705  17.925  11.102  -23.473 0.6250000000
94182  18.748  10.562  -25.642 0.7500000000
95128  19.629  10.935  -24.545 0.7500000000
94165  20.588  10.360  -23.320 0.6250000000
94152  21.586  10.631  -20.991 0.3750000000
94159  21.193  10.492  -22.598 0.3750000000
92052  21.301  9.031  -18.962 0.1250000000
93135  21.320  10.177  -19.468 0.1250000000
93147  21.234  9.878  -20.502 0.2500000000
130707  17.689  11.335  -25.064 0.6250000000
95135  17.908  11.577  -25.756 0.7500000000
95143  18.670  11.249  -25.954 0.6250000000
95122  20.917  11.292  -22.978 0.3750000000
95127  20.248  11.320  -23.841 0.3750000000
94166  19.845  10.262  -24.058 0.7500000000
95114  21.514  11.482  -21.385 0.2500000000
94158  21.503  10.582  -21.877 0.3750000000
95071  22.429  11.328  -19.037 0.1250000000
95085  21.909  11.255  -19.891 0.1250000000
93120  21.835  10.153  -18.638 0.1250000000
96064  17.789  11.462  -24.316 0.6250000000
96063  17.990  11.929  -25.190 0.6250000000
96062  18.974  12.254  -25.606 0.3750000000
96072  18.513  12.116  -25.584 0.3750000000
96061  19.500  12.358  -24.999 0.3750000000
96042  20.692  12.927  -22.378 0.2500000000
95133  19.720  11.657  -24.578 0.3750000000
96027  21.594  12.448  -20.840 0.1250000000
95121  21.271  11.346  -22.245 0.3750000000
95083  23.386  11.799  -19.078 0.1250000000
95101  21.926  11.570  -20.379 0.1250000000
96961  18.381  13.843  -26.193 0.3750000000
96951  18.459  13.024  -25.526 0.3750000000
96941  19.329  13.279  -25.497 0.3750000000
96950  18.745  13.344  -25.954 0.3750000000
97872  20.081  14.410  -24.140 0.3750000000
96940  19.785  13.349  -24.616 0.3750000000
96928  20.561  13.504  -22.718 0.3750000000
96049  20.584  12.373  -23.013 0.3750000000
96055  20.083  12.403  -24.160 0.3750000000
97833  23.098  14.583  -20.433 0.1250000000
96918  21.217  13.428  -21.160 0.1250000000
96919  20.789  13.489  -21.953 0.2500000000
96025  23.415  13.045  -19.715 0.1250000000
97882  19.172  14.248  -26.082 0.2500000000
97873  19.553  14.316  -25.112 0.2500000000
98749  20.370  15.516  -23.622 0.1250000000
97864  20.469  14.460  -23.130 0.1250000000
98727  22.565  15.533  -21.354 0.1250000000
97859  20.702  14.384  -22.242 0.1250000000
97891  18.089  14.609  -26.484 0.3750000000
97890  18.503  14.265  -26.336 0.3750000000
98757  19.087  15.315  -25.470 0.2500000000
99648  19.345  16.454  -24.952 0.1250000000
99641  20.922  16.595  -23.389 0.1250000000
99647  20.114  16.563  -24.165 0.1250000000
99614  23.333  15.831  -21.845 0.1250000000
99640  21.891  16.791  -23.324 0.1250000000
100511  19.625  18.056  -25.927 0.1250000000
100494  21.592  17.334  -24.028 0.1250000000
100495  20.718  17.345  -24.151 0.1250000000
99638  23.606  16.152  -23.189 0.1250000000
99626  23.599  15.867  -22.395 0.1250000000
73870  18.108  -7.531  -16.800 0.8750000000
74971  20.670  -6.971  -18.116 0.6250000000
84603  21.328  1.047  -19.435 0.6250000000
87841  19.895  4.534  -20.422 0.8750000000
88799  21.047  5.863  -18.056 0.3750000000
92126  17.156  9.580  -23.944 0.8750000000
92144  17.449  9.135  -24.467 0.8750000000
92135  18.201  8.469  -24.062 0.8750000000
92134  19.022  8.435  -24.100 0.7500000000
92123  19.862  8.391  -23.195 0.7500000000
90991  20.592  8.092  -20.849 0.5000000000
97848  21.776  14.495  -20.903 0.1250000000
98756  19.734  15.435  -24.552 0.2500000000
99639  22.877  16.671  -23.446 0.1250000000
79301  22.571  -3.430  -20.169 0.5000000000
80385  21.211  -2.714  -20.542 0.7500000000
83517  21.589  0.475  -19.306 0.3750000000
84588  21.524  1.517  -18.528 0.3750000000
85727  21.456  2.465  -17.765 0.2500000000
90992  20.300  7.464  -21.183 0.7500000000
98742  20.848  15.501  -22.465 0.1250000000
86788  21.580  3.319  -17.205 0.1250000000
69071  17.139  -12.570  -13.879 0.7500000000
69072  16.335  -12.042  -13.745 0.7500000000
70246  15.825  -11.353  -13.884 0.7500000000
71426  15.290  -10.613  -13.995 0.7500000000
67959  17.741  -12.829  -14.330 0.7500000000
70262  17.738  -11.626  -15.039 0.7500000000
69101  18.861  -12.439  -15.302 0.7500000000
73811  14.847  -8.683  -14.946 0.6250000000
72643  15.993  -9.608  -15.269 0.7500000000
70292  19.306  -11.164  -16.085 0.6250000000
72655  19.152  -9.823  -16.445 0.7500000000
72654  20.094  -9.803  -16.597 0.6250000000
73854  19.946  -8.286  -16.966 0.6250000000
74969  22.720  -7.096  -18.288 0.3750000000
74970  21.588  -6.918  -18.022 0.5000000000
76065  23.347  -6.443  -19.090 0.1250000000
76086  24.958  -5.894  -20.187 0.1250000000
77163  25.580  -5.259  -20.516 0.1250000000
78215  27.133  -4.827  -20.567 0.1250000000
79282  26.526  -3.741  -20.138 0.1250000000
79271  25.377  -3.035  -19.389 0.1250000000
80357  24.357  -2.460  -18.986 0.1250000000
93151  14.882  9.136  -20.249 0.3750000000
81375  23.703  -1.230  -17.889 0.1250000000
81385  23.149  -1.387  -18.547 0.1250000000
83516  21.998  0.452  -18.556 0.1250000000
94142  15.834  10.166  -20.247 0.5000000000
89783  21.697  6.136  -16.882 0.1250000000
87811  21.234  4.436  -17.032 0.2500000000
90936  21.997  7.435  -17.062 0.1250000000
92051  22.328  9.337  -18.098 0.1250000000
93119  22.682  10.295  -18.308 0.1250000000
94108  23.467  10.918  -18.642 0.1250000000
95082  24.225  11.776  -19.417 0.1250000000
94123  23.866  11.367  -19.093 0.1250000000
96902  23.776  13.978  -19.974 0.1250000000
97845  24.843  14.478  -21.782 0.1250000000
98714  19.260  14.805  -20.596 0.1250000000
99664  18.263  16.457  -27.115 0.2500000000
100513  18.486  16.941  -27.012 0.1250000000
101297  18.802  17.838  -26.907 0.1250000000
100510  20.808  18.168  -25.917 0.1250000000
100493  22.343  17.038  -24.026 0.1250000000
98738  24.441  15.158  -22.533 0.1250000000
78202  19.784  -4.498  -18.947 0.7500000000
84614  20.390  1.556  -20.472 0.7500000000
83538  20.155  0.488  -20.839 0.7500000000
90995  13.925  7.514  -19.506 0.3750000000
89868  18.765  6.511  -21.977 0.8750000000
76069  18.801  -6.237  -17.711 0.8750000000
73841  16.173  -7.839  -16.105 0.7500000000
73882  17.929  -6.719  -16.898 0.8750000000
76090  20.821  -5.072  -19.204 0.7500000000
80396  21.357  -2.134  -20.815 0.6250000000
86824  19.722  3.482  -20.916 0.8750000000
91011  18.944  6.889  -22.606 0.8750000000
96962  17.862  14.073  -26.078 0.3750000000
98780  17.779  16.448  -27.216 0.1250000000
98774  18.026  15.772  -26.875 0.2500000000
71441  16.325  -10.510  -14.786 0.7500000000
70245  16.282  -11.581  -13.987 0.7500000000
69088  16.915  -12.018  -14.091 0.7500000000
69086  18.263  -12.421  -14.955 0.7500000000
70280  18.597  -11.672  -15.595 0.7500000000
71443  14.974  -10.118  -14.160 0.7500000000
72624  15.336  -9.250  -14.983 0.7500000000
72641  17.498  -9.481  -15.892 0.7500000000
72658  17.339  -9.051  -15.911 0.8750000000
73839  17.652  -8.659  -16.312 0.8750000000
73855  19.061  -8.270  -16.838 0.7500000000
72671  19.544  -9.051  -16.719 0.7500000000
74973  19.062  -7.082  -17.385 0.8750000000
74954  20.292  -7.626  -17.519 0.6250000000
76043  22.098  -6.123  -18.278 0.5000000000
76044  21.171  -6.209  -18.417 0.6250000000
76088  21.430  -5.188  -18.981 0.7500000000
77166  22.663  -4.743  -19.419 0.5000000000
77165  23.714  -5.254  -19.864 0.2500000000
76064  24.167  -6.258  -19.741 0.1250000000
78218  24.147  -4.370  -20.290 0.2500000000
79298  25.144  -3.896  -20.485 0.1250000000
78199  25.774  -4.073  -20.463 0.1250000000
79299  24.546  -3.625  -20.241 0.1250000000
80383  22.909  -2.585  -20.163 0.5000000000
80372  23.381  -2.263  -19.764 0.1250000000
81405  22.352  -1.830  -20.335 0.5000000000
80370  24.520  -2.824  -19.314 0.1250000000
82449  21.873  -0.229  -19.149 0.1250000000
83527  20.669  1.040  -20.283 0.6250000000
89852  19.979  6.481  -20.787 0.7500000000
93162  17.530  9.799  -22.211 0.6250000000
92090  20.554  8.210  -21.223 0.6250000000
92037  21.604  8.463  -18.134 0.1250000000
90937  21.461  7.584  -17.809 0.1250000000
89804  21.479  6.561  -17.491 0.1250000000
130706  17.563  10.766  -24.861 0.7500000000
94173  19.167  10.184  -24.880 0.7500000000
93169  21.290  10.008  -22.199 0.3750000000
95134  19.217  11.293  -25.272 0.3750000000
94139  21.581  10.770  -20.117 0.1250000000
94110  21.781  10.755  -19.017 0.1250000000
96048  20.881  11.813  -22.500 0.3750000000
96010  23.108  12.321  -19.520 0.1250000000
94109  22.394  10.935  -18.715 0.1250000000
95100  22.342  11.868  -20.067 0.1250000000
96041  20.924  12.368  -21.863 0.2500000000
96026  22.488  12.487  -20.116 0.1250000000
96904  22.027  13.455  -20.556 0.1250000000
96934  20.254  13.410  -23.634 0.3750000000
96903  22.844  13.658  -20.115 0.1250000000
98712  22.843  15.077  -20.778 0.1250000000
98711  23.262  15.144  -20.889 0.1250000000
97849  21.019  14.341  -21.533 0.1250000000
96009  23.833  12.423  -19.495 0.1250000000
98766  18.466  15.335  -26.340 0.2500000000
99628  22.220  16.421  -22.607 0.1250000000
98728  21.346  15.223  -21.542 0.1250000000
99627  23.027  16.356  -22.274 0.1250000000
99655  18.678  16.351  -25.817 0.1250000000
100505  19.171  17.255  -25.505 0.1250000000
100504  20.054  17.573  -24.928 0.1250000000
98725  24.271  15.156  -21.874 0.1250000000
99629  21.487  16.292  -22.720 0.1250000000
101296  19.279  18.210  -26.760 0.1250000000
100512  18.727  17.390  -26.407 0.1250000000
67946  16.505  -13.105  -13.347 0.7500000000
69087  17.425  -12.148  -14.455 0.7500000000
67947  15.760  -12.563  -13.276 0.7500000000
72670  20.408  -9.017  -16.933 0.6250000000
74953  21.096  -7.668  -17.736 0.5000000000
82440  23.039  -0.650  -17.713 0.1250000000
82448  22.354  -0.617  -18.589 0.1250000000
96901  24.467  14.006  -20.387 0.1250000000
97846  24.243  14.978  -21.458 0.1250000000
69074  14.985  -11.879  -13.170 0.7500000000
71427  14.618  -10.311  -13.714 0.5000000000
66689  17.564  -14.329  -13.246 0.6250000000
67945  17.534  -13.473  -13.734 0.6250000000
67957  18.971  -13.595  -14.139 0.3750000000
67958  18.352  -13.313  -14.365 0.6250000000
69069  20.176  -12.637  -14.404 0.2500000000
69084  20.035  -12.589  -15.302 0.3750000000
73868  21.861  -7.646  -17.878 0.3750000000
95104  16.250  11.179  -20.404 0.2500000000
95103  17.617  11.497  -20.670 0.2500000000
70279  19.568  -11.940  -16.012 0.5000000000
71469  19.704  -10.579  -16.380 0.5000000000
67943  19.092  -13.743  -13.424 0.5000000000
73853  20.704  -8.341  -17.307 0.5000000000
66672  16.779  -14.704  -12.579 0.6250000000
72585  14.054  -9.960  -13.038 0.3750000000
70229  14.208  -11.317  -12.548 0.3750000000
66690  16.951  -13.916  -13.175 0.6250000000
69055  15.126  -12.392  -13.019 0.6250000000
67912  18.697  -14.298  -12.297 0.3750000000
67929  18.647  -14.265  -12.984 0.5000000000
72606  14.130  -9.879  -13.441 0.2500000000
69054  19.562  -13.131  -13.010 0.3750000000
70260  20.747  -12.136  -14.947 0.2500000000
69053  20.101  -12.533  -13.409 0.2500000000
74931  14.691  -7.254  -15.518 0.3750000000
70278  20.367  -12.040  -15.836 0.2500000000
71468  20.498  -10.626  -16.413 0.3750000000
72653  21.262  -9.568  -16.662 0.2500000000
72669  20.972  -8.905  -17.183 0.2500000000
73852  21.568  -8.455  -17.461 0.2500000000
82454  13.250  0.070  -17.481 0.1250000000
85730  13.000  2.529  -17.609 0.2500000000
74952  22.702  -7.892  -18.059 0.2500000000
87822  13.544  4.565  -18.635 0.3750000000
86804  13.176  3.807  -17.941 0.2500000000
90974  14.081  6.908  -19.482 0.2500000000
83521  13.026  0.860  -17.451 0.1250000000
81391  13.542  -0.411  -17.658 0.2500000000
75995  14.183  -6.814  -15.095 0.2500000000
86803  13.545  4.147  -18.529 0.3750000000
70247  14.852  -11.230  -13.340 0.5000000000
69085  19.238  -13.001  -14.860 0.5000000000
73867  22.257  -7.972  -17.959 0.2500000000
72625  14.508  -9.530  -14.284 0.3750000000
74916  14.245  -7.627  -14.813 0.2500000000
72626  13.993  -9.179  -14.127 0.3750000000
66688  18.122  -14.550  -13.112 0.6250000000
67944  18.353  -14.014  -13.669 0.5000000000
69070  19.575  -13.184  -13.905 0.2500000000
70291  20.024  -11.386  -16.341 0.3750000000
67928  19.099  -13.721  -12.573 0.3750000000
71408  14.139  -10.433  -12.889 0.3750000000
67930  16.369  -13.800  -12.806 0.6250000000
66670  18.273  -14.862  -12.538 0.3750000000
70290  20.665  -11.336  -16.086 0.2500000000
82443  12.921  -0.101  -16.856 0.1250000000
66654  15.874  -14.709  -11.773 0.5000000000
65484  18.216  -15.419  -12.107 0.2500000000
65464  17.817  -15.911  -12.009 0.3750000000
65486  17.286  -15.221  -12.520 0.5000000000
66673  16.013  -14.055  -12.327 0.5000000000
65467  15.242  -15.108  -11.198 0.3750000000
67914  14.540  -13.282  -11.718 0.5000000000
67913  15.380  -13.920  -11.981 0.5000000000
67932  14.746  -12.588  -12.446 0.3750000000
67931  15.510  -13.253  -12.668 0.5000000000
65447  14.231  -15.050  -10.249 0.1250000000
66632  14.614  -14.759  -10.805 0.3750000000
69036  14.010  -12.073  -12.010 0.2500000000
63142  14.635  -17.210  -9.271 0.1250000000
65433  14.544  -15.926  -9.899 0.2500000000
65445  15.566  -16.067  -10.825 0.3750000000
64331  17.948  -16.228  -11.614 0.2500000000
64333  16.738  -16.478  -11.503 0.3750000000
66653  16.424  -15.256  -11.957 0.5000000000
64309  13.656  -16.266  -9.233 0.1250000000
65446  14.968  -15.794  -10.442 0.3750000000
65466  15.997  -15.805  -11.292 0.3750000000
67879  13.444  -13.814  -10.088 0.1250000000
67915  13.643  -12.757  -11.420 0.1250000000
84572  21.758  2.007  -17.743 0.1250000000
69056  14.638  -11.914  -12.762 0.3750000000
66671  17.636  -14.887  -12.775 0.3750000000
70211  13.792  -11.433  -12.199 0.2500000000
66652  18.584  -14.826  -11.728 0.2500000000
66655  14.975  -14.311  -11.442 0.5000000000
65485  17.720  -15.402  -12.423 0.3750000000
65465  16.969  -15.796  -12.192 0.3750000000
64332  17.477  -16.393  -11.657 0.3750000000
67892  14.392  -13.983  -11.011 0.2500000000
65434  14.066  -15.665  -9.751 0.1250000000
66619  13.649  -14.738  -9.780 0.1250000000
66633  14.057  -14.245  -10.389 0.1250000000
64308  14.496  -16.414  -9.690 0.1250000000
64320  17.273  -17.060  -11.282 0.2500000000
67893  13.690  -13.457  -10.896 0.1250000000
63154  15.405  -17.263  -10.223 0.2500000000
64321  16.494  -17.067  -11.093 0.2500000000
73812  13.901  -8.540  -14.126 0.2500000000
63155  14.913  -17.066  -9.836 0.1250000000
64323  15.096  -16.635  -10.191 0.1250000000
64334  16.238  -16.506  -11.183 0.2500000000
64322  15.724  -16.600  -10.747 0.2500000000
63153  16.066  -17.561  -10.594 0.1250000000
74901  13.184  -7.670  -13.476 0.1250000000
92073  14.011  8.376  -19.543 0.1250000000
92095  14.037  7.912  -19.693 0.1250000000
93136  14.212  9.090  -19.434 0.1250000000
93123  13.799  9.414  -18.506 0.1250000000
94126  15.333  10.523  -19.664 0.1250000000
94127  14.960  9.845  -19.852 0.1250000000
95073  14.678  10.645  -18.095 0.1250000000
94112  14.621  10.195  -18.940 0.1250000000
96014  15.962  11.669  -19.560 0.1250000000
92074  13.671  8.079  -19.221 0.1250000000
94111  15.287  10.743  -19.206 0.1250000000
95072  15.304  11.121  -18.708 0.1250000000
95066  15.034  11.408  -17.799 0.1250000000
90956  13.276  7.087  -18.475 0.1250000000
90975  13.606  7.357  -19.053 0.1250000000
85729  12.778  3.064  -17.431 0.1250000000
73794  13.359  -8.714  -13.207 0.1250000000
87813  12.647  4.540  -17.514 0.1250000000
90957  13.069  7.646  -17.879 0.1250000000
92043  13.091  8.543  -17.937 0.1250000000
93111  13.177  9.096  -17.870 0.1250000000
94096  13.983  10.002  -16.819 0.1250000000
95062  14.771  11.574  -16.933 0.1250000000
95988  15.497  12.150  -17.442 0.1250000000
95994  15.656  11.995  -18.357 0.1250000000
76008  13.953  -6.340  -15.101 0.1250000000
75996  13.558  -6.546  -14.525 0.1250000000
95088  15.662  11.236  -19.614 0.1250000000
72607  13.860  -9.294  -13.725 0.1250000000
73775  13.249  -9.114  -12.684 0.1250000000
74917  13.650  -7.447  -14.102 0.1250000000
74902  12.525  -7.414  -12.868 0.1250000000
73795  12.892  -8.080  -12.961 0.1250000000
93124  13.650  8.721  -18.771 0.1250000000
93110  13.560  9.460  -18.085 0.1250000000
96000  15.831  11.776  -19.142 0.1250000000
95980  15.405  12.088  -16.644 0.1250000000
67911  19.006  -13.819  -11.561 0.1250000000
69035  19.497  -12.913  -12.019 0.1250000000
70244  20.797  -11.658  -13.838 0.1250000000
70277  21.037  -11.528  -15.479 0.1250000000
71439  21.468  -10.888  -15.097 0.1250000000
71456  21.205  -10.767  -15.984 0.1250000000
72622  22.357  -9.438  -14.826 0.1250000000
72640  21.721  -10.084  -15.576 0.1250000000
73825  22.643  -8.779  -15.690 0.1250000000
73838  21.951  -8.907  -17.037 0.1250000000
73836  23.054  -8.244  -16.286 0.1250000000
73837  22.476  -8.771  -16.655 0.1250000000
73851  22.471  -8.333  -17.514 0.1250000000
64319  18.087  -16.681  -11.079 0.1250000000
65444  18.684  -15.775  -10.559 0.1250000000
66631  18.685  -15.110  -11.006 0.1250000000
69017  19.595  -13.021  -10.955 0.1250000000
67891  19.423  -13.895  -10.444 0.1250000000
70228  19.892  -12.514  -12.624 0.1250000000
70227  20.391  -11.843  -12.630 0.1250000000
71425  21.115  -10.948  -13.418 0.1250000000
71424  21.364  -10.847  -14.090 0.1250000000
72605  21.964  -9.976  -13.882 0.1250000000
73809  22.730  -8.594  -14.886 0.1250000000
74951  23.273  -7.669  -17.883 0.1250000000
74939  23.376  -7.624  -16.884 0.1250000000
74968  23.617  -7.142  -18.684 0.1250000000
72652  21.974  -9.208  -16.659 0.1250000000
65463  18.304  -15.728  -11.468 0.1250000000
63151  17.688  -17.405  -10.924 0.1250000000
66651  18.900  -14.464  -10.992 0.1250000000
70210  19.971  -12.198  -12.028 0.1250000000
70243  21.124  -11.332  -14.187 0.1250000000
72639  22.151  -9.398  -16.068 0.1250000000
72623  21.807  -10.272  -14.697 0.1250000000
73850  23.025  -8.259  -17.106 0.1250000000
73824  23.044  -8.106  -15.369 0.1250000000
63139  18.120  -17.686  -10.209 0.1250000000
64307  18.708  -16.695  -10.292 0.1250000000
69034  19.928  -12.362  -11.349 0.1250000000
76018  23.775  -6.884  -16.498 0.1250000000
64295  14.070  -16.815  -9.082 0.1250000000
69073  15.462  -11.918  -13.425 0.7500000000
69099  19.858  -12.341  -15.754 0.3750000000
69100  19.377  -12.375  -15.506 0.5000000000
70259  21.166  -11.456  -14.614 0.1250000000
71472  17.916  -9.896  -16.170 0.7500000000
72657  17.786  -9.073  -16.248 0.8750000000
72673  18.210  -9.049  -16.551 0.7500000000
73810  15.323  -8.903  -15.197 0.6250000000
73881  18.193  -6.963  -16.904 0.8750000000
74956  19.092  -7.661  -17.011 0.8750000000
74974  17.608  -6.527  -16.984 1.0000000000
74983  23.361  -7.008  -18.956 0.1250000000
74984  18.482  -6.677  -17.259 0.8750000000
74985  18.091  -6.518  -17.108 0.8750000000
74986  17.871  -6.499  -17.004 0.8750000000
76019  15.679  -6.337  -16.748 0.8750000000
76042  22.725  -6.219  -18.672 0.3750000000
76050  13.725  -5.249  -19.847 1.0000000000
76051  13.566  -5.265  -20.033 1.0000000000
76052  13.478  -5.124  -20.166 1.0000000000
76068  20.661  -5.366  -18.923 0.7500000000
76071  17.783  -6.291  -17.189 1.0000000000
76072  14.032  -5.162  -19.875 1.0000000000
76073  13.908  -5.093  -20.076 1.0000000000
76074  13.700  -4.986  -20.252 1.0000000000
76087  24.401  -5.657  -20.075 0.1250000000
76089  21.065  -5.156  -19.192 0.7500000000
76091  14.097  -4.982  -20.151 1.0000000000
76092  13.963  -4.759  -20.252 1.0000000000
77126  22.250  -5.555  -18.597 0.3750000000
77128  19.150  -5.752  -18.124 1.0000000000
77132  13.913  -5.023  -19.655 1.0000000000
77133  13.240  -5.253  -19.912 1.0000000000
77134  13.165  -5.169  -20.152 1.0000000000
77144  22.943  -5.544  -18.956 0.5000000000
77151  14.639  -4.489  -19.744 1.0000000000
77152  14.315  -4.785  -20.190 1.0000000000
77153  13.219  -4.964  -20.351 1.0000000000
77161  27.205  -5.265  -20.203 0.1250000000
77169  20.531  -4.870  -19.161 0.7500000000
77173  14.714  -4.567  -20.233 1.0000000000
77174  14.193  -4.613  -20.462 1.0000000000
77175  13.606  -4.483  -20.468 1.0000000000
77185  14.028  -4.348  -20.925 1.0000000000
77186  13.604  -4.159  -20.969 1.0000000000
78191  13.791  -4.597  -19.643 1.0000000000
78192  12.987  -4.907  -20.194 1.0000000000
78193  12.832  -4.980  -20.132 1.0000000000
78200  25.391  -3.980  -20.531 0.1250000000
78201  20.152  -4.143  -19.383 1.0000000000
78206  14.621  -3.869  -19.669 1.0000000000
78207  13.674  -3.981  -19.712 1.0000000000
78208  13.246  -4.277  -20.254 1.0000000000
78216  26.302  -4.574  -20.645 0.1250000000
78223  20.322  -4.502  -19.289 0.7500000000
78227  15.154  -4.394  -20.540 1.0000000000
78228  14.503  -4.423  -20.708 1.0000000000
78229  14.228  -4.402  -20.816 1.0000000000
78230  13.162  -3.983  -20.848 1.0000000000
78241  16.399  -4.161  -20.819 1.0000000000
78243  14.718  -4.151  -21.146 1.0000000000
78244  14.068  -4.084  -21.173 1.0000000000
78245  13.638  -3.932  -21.102 1.0000000000
79272  24.880  -3.041  -19.202 0.1250000000
79274  14.032  -1.829  -17.319 0.2500000000
79275  13.908  -1.843  -17.255 0.2500000000
79284  24.832  -3.218  -19.721 0.1250000000
79288  15.527  -3.174  -19.762 1.0000000000
79290  13.822  -3.442  -20.254 1.0000000000
79291  13.338  -3.813  -20.441 1.0000000000
79307  13.882  -3.231  -20.877 1.0000000000
79308  13.526  -3.626  -20.657 1.0000000000
79320  15.835  -3.754  -21.405 1.0000000000
79322  14.216  -3.597  -21.202 1.0000000000
79337  15.538  -3.326  -21.623 1.0000000000
79347  19.926  -2.825  -23.599 1.0000000000
79348  19.469  -3.043  -23.300 1.0000000000
79349  18.738  -3.167  -23.031 1.0000000000
79361  19.765  -3.030  -23.991 1.0000000000
79362  19.179  -3.084  -23.711 1.0000000000
80330  14.140  -2.589  -16.822 0.1250000000
80347  14.715  -2.564  -17.424 0.7500000000
80356  24.958  -2.571  -18.615 0.1250000000
80358  16.129  -1.533  -19.101 1.0000000000
80369  26.094  -3.092  -19.695 0.1250000000
80371  23.969  -2.473  -19.428 0.1250000000
80376  14.465  -2.946  -20.348 1.0000000000
80387  16.057  -1.973  -20.230 1.0000000000
80389  14.812  -2.442  -20.828 1.0000000000
80399  14.748  -2.734  -21.406 1.0000000000
80400  14.267  -3.077  -21.302 1.0000000000
80405  17.605  -2.677  -22.512 1.0000000000
80406  17.127  -2.408  -22.408 1.0000000000
80408  15.310  -2.948  -21.975 1.0000000000
80414  19.946  -2.308  -23.740 1.0000000000
80417  17.884  -2.482  -22.925 1.0000000000
80425  19.865  -1.846  -24.539 1.0000000000
80426  19.942  -2.274  -24.334 1.0000000000
80427  19.305  -2.666  -24.259 1.0000000000
80428  18.573  -2.557  -23.696 1.0000000000
80429  18.055  -2.079  -23.577 1.0000000000
80437  19.649  -1.875  -24.600 1.0000000000
80438  19.367  -2.148  -24.734 1.0000000000
80444  19.272  -1.663  -24.777 1.0000000000
80445  18.868  -1.764  -24.650 1.0000000000
81384  24.108  -1.885  -18.579 0.1250000000
81386  16.184  -1.281  -19.097 0.8750000000
81390  13.857  -0.759  -17.779 0.3750000000
81398  16.381  -1.154  -19.457 0.8750000000
81399  16.081  -0.829  -19.099 0.8750000000
81401  13.714  -0.950  -18.253 0.3750000000
81410  15.132  -1.872  -21.079 1.0000000000
81420  15.066  -2.200  -21.512 1.0000000000
81425  16.817  -1.533  -22.485 1.0000000000
81427  15.436  -2.204  -22.127 1.0000000000
81434  19.907  -1.899  -23.914 1.0000000000
81437  16.885  -1.980  -22.686 1.0000000000
81443  19.685  -1.674  -24.350 1.0000000000
81444  19.489  -1.518  -24.087 1.0000000000
81445  19.223  -0.973  -23.572 1.0000000000
81446  18.338  -1.488  -24.037 1.0000000000
81447  17.686  -1.609  -23.339 1.0000000000
81456  18.881  -1.232  -24.372 1.0000000000
82450  15.303  -0.946  -18.648 0.8750000000
82452  14.169  -1.018  -18.473 0.5000000000
82464  13.768  -0.328  -18.268 0.2500000000
82474  14.087  -0.360  -18.579 0.3750000000
82475  13.967  -0.229  -18.577 0.3750000000
82482  19.607  -0.644  -21.655 1.0000000000
82489  16.999  -1.297  -22.313 1.0000000000
82502  17.774  -0.840  -23.452 1.0000000000
83518  14.041  0.548  -18.488 0.5000000000
83519  13.683  0.600  -18.254 0.3750000000
83522  12.662  1.150  -17.203 0.1250000000
83531  13.890  0.273  -18.511 0.5000000000
83532  13.632  0.136  -18.284 0.3750000000
83540  17.492  0.519  -21.381 1.0000000000
83543  14.079  -0.089  -18.965 0.3750000000
83544  14.050  0.047  -18.751 0.3750000000
83545  13.747  0.192  -18.681 0.3750000000
84591  14.031  1.061  -18.375 0.5000000000
84593  13.265  1.509  -17.734 0.2500000000
84606  14.734  1.164  -18.904 0.6250000000
84608  13.855  1.700  -18.408 0.5000000000
84617  14.918  1.852  -19.384 0.8750000000
84618  14.608  1.814  -19.017 0.8750000000
84625  18.772  1.913  -22.123 1.0000000000
84631  19.639  1.037  -22.460 1.0000000000
85743  14.042  2.226  -18.701 0.5000000000
85751  15.509  2.361  -19.882 1.0000000000
85753  14.388  2.458  -19.122 0.6250000000
85755  13.643  2.927  -18.678 0.6250000000
85765  15.235  3.192  -19.791 0.8750000000
86801  21.202  3.106  -17.834 0.2500000000
86816  13.542  3.103  -18.536 0.3750000000
86826  14.727  3.671  -19.540 0.8750000000
86828  13.659  3.151  -18.787 0.6250000000
86829  13.447  3.021  -18.752 0.6250000000
87832  14.268  4.291  -19.393 1.0000000000
87843  15.655  4.504  -20.398 1.0000000000
87857  15.615  4.108  -20.280 1.0000000000
88789  20.854  5.149  -18.114 0.3750000000
88823  14.332  5.579  -19.709 0.8750000000
89840  13.723  6.452  -19.067 0.5000000000
89871  15.470  6.700  -20.892 1.0000000000
89890  15.851  7.130  -21.299 1.0000000000
90994  14.447  7.371  -19.966 0.7500000000
91013  16.193  7.677  -21.180 1.0000000000
91015  14.880  7.344  -20.414 0.7500000000
91033  15.954  7.348  -21.245 0.8750000000
91047  17.491  8.189  -23.132 0.8750000000
92044  12.922  8.400  -17.632 0.1250000000
92092  16.320  8.662  -20.563 0.7500000000
92093  15.384  8.360  -20.474 0.6250000000
92109  20.741  9.069  -21.561 0.3750000000
92137  17.221  9.213  -24.076 0.8750000000
92141  18.650  8.959  -24.472 0.8750000000
92142  18.375  8.845  -24.466 0.8750000000
92143  17.863  8.881  -24.485 0.7500000000
93137  13.867  8.554  -19.250 0.1250000000
93185  18.422  9.227  -24.716 0.7500000000
94103  13.375  9.477  -17.589 0.1250000000
94124  22.150  11.147  -19.149 0.1250000000
94125  21.813  10.983  -19.516 0.1250000000
94143  15.321  9.625  -20.200 0.5000000000
94184  17.761  10.550  -25.515 0.7500000000
95070  22.784  11.455  -18.868 0.1250000000
95084  22.439  11.633  -19.566 0.1250000000
95087  16.146  11.581  -19.862 0.1250000000
95105  15.666  10.851  -20.080 0.1250000000
95144  17.997  11.320  -26.064 0.7500000000
95145  17.721  11.233  -25.539 0.7500000000
96073  18.233  11.870  -25.619 0.6250000000
96960  18.580  13.824  -26.243 0.3750000000
97831  24.675  14.295  -20.878 0.1250000000
97832  24.069  14.727  -20.797 0.1250000000
97834  22.437  14.219  -20.503 0.1250000000
97847  22.508  14.832  -20.713 0.1250000000
97876  17.121  15.086  -25.387 0.3750000000
97884  17.067  15.254  -25.945 0.2500000000
97893  17.321  15.554  -26.216 0.2500000000
98726  23.679  15.363  -21.513 0.1250000000
98729  20.831  14.922  -21.839 0.1250000000
98739  23.955  15.499  -22.193 0.1250000000
98740  22.382  16.079  -22.056 0.1250000000
98741  21.768  15.893  -22.075 0.1250000000
98767  18.224  15.977  -26.753 0.2500000000
98768  17.124  15.685  -25.476 0.2500000000
98773  18.233  14.936  -26.526 0.3750000000
98779  17.955  16.443  -27.363 0.1250000000
99613  23.645  15.657  -21.979 0.1250000000
99656  18.402  16.372  -26.641 0.2500000000
130621  18.427  -0.870  -23.960 1.0000000000
130623  18.609  -1.007  -24.040 1.0000000000
130625  17.802  1.033  -21.971 1.0000000000
130627  17.820  0.536  -21.914 1.0000000000
130628  18.713  0.513  -22.970 1.0000000000
130630  17.721  0.059  -21.544 1.0000000000
130631  19.133  -1.124  -24.198 1.0000000000
130632  18.601  0.812  -22.723 1.0000000000
130633  18.397  0.656  -22.736 1.0000000000
130635  17.714  0.318  -21.683 1.0000000000
130636  17.813  0.204  -21.918 1.0000000000
130637  18.525  0.964  -22.558 1.0000000000
130638  18.916  0.754  -22.850 1.0000000000
130640  18.209  0.857  -22.307 1.0000000000
130642  18.455  1.544  -22.074 1.0000000000
130645  17.078  2.829  -21.130 1.0000000000
130647  18.307  1.995  -21.708 1.0000000000
130649  17.718  2.259  -21.367 1.0000000000
130650  17.429  2.264  -21.203 1.0000000000
