#!ascii label  , from subject sub.01.bl.01 vox2ras=TkReg
1966
5302  27.866  -72.893  0.137 0.2000000030
5283  28.240  -72.869  1.033 0.2000000030
5337  27.906  -72.224  -1.158 0.2000000030
5269  27.910  -72.550  1.540 0.2000000030
7517  26.864  -69.866  -0.424 0.1000000015
5282  28.883  -72.571  1.346 0.3000000119
5322  28.419  -72.425  -0.799 0.2000000030
6734  27.118  -70.914  -0.697 0.1000000015
5324  26.930  -72.453  -0.187 0.2000000030
6753  28.472  -70.926  -1.669 0.1000000015
7516  27.597  -70.099  -1.060 0.1000000015
8379  28.118  -69.610  -1.502 0.1000000015
8355  28.201  -68.270  -1.118 0.1000000015
8356  27.679  -68.865  -0.818 0.1000000015
10682  29.698  -65.949  -2.245 0.1000000015
9935  28.118  -67.293  -0.913 0.1000000015
9951  28.429  -66.710  -1.278 0.1000000015
11401  30.324  -64.970  -2.791 0.2000000030
10660  28.744  -65.920  -1.755 0.1000000015
6792  30.408  -70.084  -3.009 0.1000000015
8416  30.378  -69.369  -3.291 0.1000000015
6012  28.867  -71.612  -1.569 0.2000000030
8377  29.362  -68.545  -2.254 0.1000000015
6775  29.166  -70.811  -2.233 0.1000000015
7539  28.642  -70.042  -2.039 0.1000000015
9221  29.417  -68.012  -2.203 0.1000000015
10681  30.674  -65.802  -3.011 0.1000000015
12219  30.976  -63.622  -4.003 0.2000000030
11421  31.247  -64.902  -3.514 0.2000000030
12239  31.717  -63.362  -4.712 0.1000000015
11422  30.182  -63.999  -3.285 0.2000000030
13149  32.263  -61.722  -6.032 0.2000000030
13150  31.547  -62.005  -6.266 0.1000000015
14055  31.437  -61.063  -6.772 0.1000000015
8399  29.827  -68.863  -2.798 0.1000000015
9259  30.814  -67.868  -3.438 0.1000000015
9973  29.853  -67.301  -2.507 0.1000000015
13148  32.745  -61.557  -5.638 0.2000000030
14042  32.570  -61.159  -6.035 0.2000000030
15734  32.422  -60.033  -6.263 0.2000000030
14054  31.906  -61.101  -6.668 0.2000000030
15735  32.012  -60.167  -6.539 0.1000000015
14892  31.239  -60.645  -6.517 0.2000000030
9241  30.267  -67.923  -2.964 0.1000000015
9994  31.248  -67.191  -3.568 0.1000000015
9972  30.555  -66.921  -3.098 0.1000000015
11420  31.924  -64.887  -4.009 0.2000000030
12238  32.678  -63.426  -4.703 0.2000000030
16639  32.344  -58.681  -5.566 0.3000000119
15717  31.707  -59.152  -5.451 0.2000000030
15718  31.200  -59.445  -5.113 0.2000000030
14029  30.297  -61.232  -6.186 0.2000000030
13129  33.121  -62.139  -5.020 0.3000000119
16638  32.828  -58.415  -5.771 0.3000000119
17599  32.891  -57.249  -5.579 0.3000000119
18664  32.462  -56.385  -4.898 0.3000000119
16629  32.482  -58.118  -5.397 0.3000000119
16631  31.302  -58.367  -4.465 0.2000000030
14866  30.505  -60.267  -5.015 0.2000000030
14030  29.604  -61.496  -5.654 0.2000000030
18674  33.645  -56.531  -6.163 0.4000000060
16637  33.641  -58.345  -5.736 0.3000000119
17609  33.466  -57.561  -5.922 0.3000000119
14041  33.078  -61.158  -5.486 0.2000000030
15726  33.041  -59.466  -5.886 0.2000000030
17590  31.826  -56.888  -4.318 0.3000000119
17591  31.095  -57.371  -3.839 0.2000000030
15710  30.333  -59.686  -4.250 0.2000000030
19700  33.590  -55.460  -5.692 0.3000000119
18663  33.072  -56.204  -5.565 0.3000000119
18650  31.285  -56.202  -3.841 0.2000000030
17592  30.129  -57.335  -3.293 0.2000000030
18651  30.517  -56.325  -3.356 0.2000000030
16623  29.745  -58.158  -3.080 0.1000000015
16622  30.492  -58.551  -3.839 0.2000000030
15711  29.445  -59.360  -3.139 0.2000000030
14867  29.791  -60.625  -4.382 0.2000000030
20712  32.702  -54.668  -4.677 0.3000000119
20713  32.055  -54.413  -4.055 0.3000000119
19691  32.877  -55.413  -5.144 0.3000000119
21694  31.404  -53.524  -3.589 0.2000000030
19678  31.525  -55.306  -4.015 0.3000000119
20698  30.413  -54.270  -3.083 0.2000000030
18649  31.870  -56.024  -4.289 0.3000000119
19679  30.771  -55.329  -3.558 0.1000000015
19680  30.111  -55.392  -2.961 0.1000000015
17575  28.735  -57.406  -2.348 0.1000000015
18633  29.676  -56.336  -2.873 0.1000000015
19664  29.369  -55.326  -2.290 0.1000000015
15703  28.896  -58.785  -2.568 0.1000000015
21708  32.835  -53.677  -4.593 0.3000000119
21709  32.204  -53.658  -3.971 0.2000000030
22725  31.803  -52.418  -3.628 0.2000000030
23781  31.035  -51.893  -2.863 0.2000000030
24820  30.677  -50.920  -1.452 0.1000000015
22726  30.855  -52.552  -3.041 0.1000000015
22709  30.144  -52.488  -2.227 0.1000000015
21681  30.165  -53.422  -2.641 0.1000000015
19665  28.878  -55.771  -2.081 0.1000000015
18635  28.425  -56.883  -2.110 0.1000000015
23727  30.075  -51.301  -1.048 0.1000000015
23728  29.417  -51.891  -0.773 0.1000000015
22695  29.970  -52.273  -1.832 0.1000000015
21671  29.334  -53.532  -1.910 0.1000000015
20686  29.761  -54.162  -2.439 0.1000000015
21672  28.844  -53.868  -1.488 0.1000000015
19650  28.712  -55.353  -1.757 0.1000000015
20674  29.139  -54.553  -1.806 0.1000000015
24796  29.712  -50.515  0.502 0.1000000015
21656  28.416  -53.617  -1.036 0.1000000015
19651  27.981  -55.190  -1.200 0.1000000015
24795  30.355  -50.299  0.170 0.1000000015
9950  29.253  -66.983  -1.891 0.1000000015
8400  29.192  -69.586  -2.354 0.1000000015
12240  30.655  -62.955  -4.988 0.1000000015
16424  32.894  -59.108  9.891 0.5000000000
16402  34.497  -58.157  10.043 0.5000000000
16423  33.998  -58.841  9.690 0.5000000000
16425  31.483  -58.873  9.376 0.5000000000
17377  36.722  -57.218  10.737 0.2000000030
17390  36.787  -57.720  10.255 0.2000000030
17378  35.653  -57.062  10.424 0.3000000119
17392  35.280  -57.808  9.958 0.3000000119
16403  33.651  -58.210  10.419 0.5000000000
16404  32.325  -58.214  10.821 0.5000000000
16394  31.980  -57.619  11.284 0.5000000000
16426  30.415  -58.203  9.452 0.5000000000
16444  31.308  -58.772  7.934 0.5000000000
15568  31.670  -59.253  6.112 0.5000000000
18442  35.977  -56.488  11.013 0.3000000119
17379  34.528  -57.279  10.508 0.5000000000
16395  31.499  -57.821  11.189 0.5000000000
16405  30.993  -58.254  10.549 0.5000000000
16445  30.579  -58.098  8.439 0.5000000000
17424  30.190  -57.081  7.998 0.5000000000
13894  32.650  -61.334  3.724 0.4000000060
14757  31.976  -60.578  3.816 0.5000000000
15606  32.291  -59.836  4.213 0.5000000000
15582  31.663  -59.273  5.228 0.5000000000
16459  31.097  -58.651  6.757 0.5000000000
12999  32.354  -62.241  3.973 0.4000000060
17368  36.797  -56.975  11.444 0.3000000119
18443  35.067  -56.326  10.754 0.4000000060
17380  33.348  -57.186  10.940 0.5000000000
18445  32.815  -55.977  11.059 0.5000000000
17381  32.372  -57.081  11.252 0.5000000000
17369  31.567  -57.133  11.438 0.5000000000
18433  31.860  -56.251  11.310 0.5000000000
18434  30.944  -56.377  11.453 0.5000000000
17370  30.602  -57.466  11.329 0.5000000000
17371  29.533  -57.220  11.385 0.5000000000
17393  29.883  -57.764  9.230 0.5000000000
16460  30.503  -57.967  7.464 0.6000000238
15597  31.561  -59.478  4.473 0.5000000000
16469  31.081  -58.771  5.743 0.5000000000
16470  30.229  -58.107  6.412 0.5000000000
12074  33.487  -63.771  3.761 0.4000000060
12098  33.134  -62.904  3.786 0.4000000060
13895  31.742  -61.325  3.967 0.5000000000
15469  36.149  -59.859  14.260 0.1000000015
15483  35.439  -59.251  13.846 0.1000000015
16371  34.401  -58.592  13.604 0.1000000015
16369  36.385  -58.707  12.985 0.1000000015
16370  35.839  -58.423  13.066 0.1000000015
17350  34.117  -57.226  13.212 0.1000000015
17348  35.860  -57.721  12.799 0.1000000015
17349  35.241  -57.427  12.891 0.1000000015
18417  34.872  -56.251  12.904 0.1000000015
18426  36.447  -56.609  11.938 0.2000000030
18431  36.338  -56.554  11.438 0.3000000119
18444  34.012  -56.194  10.913 0.5000000000
19432  35.359  -55.915  11.250 0.4000000060
19433  34.614  -55.514  11.134 0.4000000060
19421  32.007  -55.453  11.042 0.5000000000
19422  31.275  -55.535  11.130 0.5000000000
19423  30.325  -55.415  11.284 0.5000000000
18435  29.946  -56.425  11.639 0.5000000000
17425  29.904  -57.129  8.407 0.5000000000
16486  30.566  -58.889  5.312 0.5000000000
14740  31.355  -60.019  3.957 0.5000000000
12976  32.183  -62.636  4.293 0.4000000060
10578  33.538  -65.347  3.473 0.5000000000
14569  36.048  -61.045  17.126 0.1000000015
14583  36.457  -60.835  16.491 0.1000000015
14601  36.683  -60.541  15.571 0.1000000015
14617  36.023  -60.317  14.982 0.1000000015
15484  34.734  -59.280  14.213 0.1000000015
16359  33.912  -58.966  14.042 0.1000000015
15461  35.037  -59.996  15.543 0.1000000015
15470  35.162  -59.774  14.905 0.1000000015
21440  33.596  -53.865  13.043 0.2000000030
21441  32.814  -53.254  13.065 0.2000000030
17363  36.177  -57.197  12.548 0.1000000015
18428  35.395  -56.119  12.652 0.1000000015
19398  34.953  -55.510  12.798 0.1000000015
21439  33.834  -53.990  12.944 0.2000000030
18427  35.717  -56.032  12.310 0.2000000030
19409  35.165  -55.276  12.410 0.1000000015
20474  35.191  -54.978  12.040 0.2000000030
20476  33.818  -54.187  11.598 0.2000000030
22452  33.076  -53.263  11.997 0.2000000030
22453  32.669  -52.732  11.811 0.2000000030
19418  35.205  -55.226  11.739 0.2000000030
19434  33.494  -54.973  11.110 0.3000000119
20493  32.605  -54.040  10.975 0.3000000119
20494  31.802  -53.980  10.546 0.4000000060
19436  31.555  -54.813  10.708 0.5000000000
18503  29.396  -56.850  7.444 0.5000000000
19437  30.872  -54.908  10.845 0.4000000060
16472  28.481  -58.574  6.559 0.5000000000
17439  28.680  -57.647  6.925 0.5000000000
17426  28.169  -57.421  7.558 0.5000000000
15569  28.457  -59.026  6.284 0.5000000000
16471  29.296  -58.098  6.461 0.5000000000
17438  29.433  -57.303  6.799 0.5000000000
17372  28.812  -57.000  11.144 0.5000000000
18436  29.017  -56.396  11.462 0.5000000000
15599  30.093  -60.011  4.630 0.5000000000
15584  29.977  -59.363  5.142 0.5000000000
16487  29.673  -58.649  5.843 0.5000000000
18488  28.542  -57.067  7.956 0.5000000000
13000  31.743  -61.919  4.154 0.5000000000
14741  30.644  -60.461  4.193 0.5000000000
18502  29.833  -56.859  7.743 0.6000000238
15583  30.518  -59.190  4.927 0.5000000000
11285  33.130  -64.473  4.233 0.4000000060
14558  35.315  -61.314  18.145 0.1000000015
14584  35.442  -60.653  16.687 0.1000000015
14603  34.956  -60.334  16.301 0.1000000015
15448  34.101  -60.215  16.475 0.1000000015
15450  32.227  -59.546  16.394 0.1000000015
14602  35.507  -60.319  15.791 0.1000000015
15462  34.432  -60.006  15.877 0.1000000015
16360  33.413  -58.750  14.110 0.1000000015
16372  33.296  -57.926  13.671 0.1000000015
17351  33.147  -56.907  13.582 0.1000000015
19401  32.994  -55.312  13.800 0.1000000015
18418  33.923  -56.163  13.312 0.1000000015
20448  32.755  -54.634  13.962 0.2000000030
21426  33.284  -54.013  13.508 0.2000000030
20446  33.960  -54.795  13.278 0.1000000015
20461  33.841  -54.396  13.203 0.2000000030
20492  33.291  -54.125  11.284 0.3000000119
21477  32.755  -53.346  11.222 0.3000000119
23517  32.080  -52.106  11.558 0.2000000030
22469  32.181  -52.466  11.010 0.2000000030
20495  30.843  -54.096  10.506 0.4000000060
21479  31.149  -53.089  10.418 0.3000000119
20496  30.118  -54.013  10.756 0.4000000060
18505  26.265  -56.952  7.295 0.5000000000
18490  26.654  -56.723  7.761 0.5000000000
18489  27.548  -57.043  7.972 0.5000000000
20478  29.600  -54.494  11.130 0.5000000000
20527  25.543  -54.807  6.970 0.5000000000
20526  25.675  -54.376  7.668 0.5000000000
20509  25.829  -54.879  8.600 0.5000000000
19460  26.417  -56.060  8.464 0.5000000000
18470  27.558  -56.818  8.600 0.6000000238
19425  28.287  -55.647  11.595 0.5000000000
19424  29.273  -55.521  11.462 0.5000000000
21504  25.842  -53.566  8.153 0.5000000000
19446  26.963  -56.244  9.086 0.6000000238
18469  28.398  -57.134  8.797 0.5000000000
17395  28.872  -57.363  10.056 0.5000000000
18454  27.640  -56.593  9.440 0.5000000000
18468  29.015  -57.314  9.089 0.5000000000
9880  33.026  -66.935  3.417 0.4000000060
9859  33.101  -66.199  3.648 0.4000000060
11284  33.632  -64.511  3.607 0.4000000060
16321  30.271  -59.094  17.757 0.1000000015
15451  31.570  -59.338  16.640 0.1000000015
16346  30.326  -58.154  16.202 0.1000000015
15463  33.223  -59.596  15.641 0.1000000015
15449  33.425  -60.189  16.736 0.1000000015
16353  31.891  -58.760  15.341 0.1000000015
16354  31.133  -58.078  15.249 0.1000000015
16361  32.245  -58.183  14.404 0.1000000015
17326  31.134  -57.522  14.841 0.1000000015
17335  32.369  -57.223  13.920 0.1000000015
17336  31.563  -57.067  14.393 0.1000000015
19387  32.286  -55.276  14.108 0.1000000015
21413  31.807  -53.775  14.206 0.2000000030
21428  31.932  -53.229  13.772 0.2000000030
22426  31.562  -52.591  13.506 0.2000000030
22438  32.399  -52.560  12.701 0.2000000030
23496  32.139  -52.165  12.230 0.2000000030
27852  32.361  -47.485  7.268 0.2000000030
23518  31.517  -51.807  11.123 0.2000000030
27864  30.762  -47.966  6.751 0.2000000030
27865  29.752  -48.009  6.804 0.2000000030
26827  28.925  -48.245  7.100 0.2000000030
26809  28.120  -48.766  8.404 0.2000000030
22470  31.439  -52.221  10.512 0.2000000030
26844  30.261  -48.791  6.576 0.2000000030
26845  29.311  -48.822  6.734 0.2000000030
25741  27.969  -49.443  7.887 0.2000000030
25733  27.686  -49.432  8.681 0.3000000119
24642  27.453  -50.039  9.598 0.2000000030
24624  27.352  -50.736  10.200 0.4000000060
24703  28.624  -50.623  6.970 0.2000000030
24673  27.997  -50.467  7.513 0.3000000119
24674  27.373  -50.768  7.965 0.3000000119
24661  26.619  -51.193  9.111 0.4000000060
24643  26.829  -50.906  9.643 0.3000000119
23523  26.988  -51.512  10.390 0.4000000060
22474  27.563  -52.211  10.890 0.5000000000
21481  29.320  -52.731  10.703 0.4000000060
21458  29.702  -53.771  10.864 0.5000000000
22551  27.496  -52.266  6.533 0.5000000000
22517  27.109  -51.994  7.084 0.4000000060
22518  26.544  -52.345  7.451 0.4000000060
23578  26.845  -51.639  7.839 0.4000000060
22502  26.204  -52.641  8.829 0.4000000060
22488  26.354  -52.879  9.835 0.5000000000
22456  26.789  -53.170  11.078 0.5000000000
22455  27.291  -52.987  11.262 0.5000000000
20479  28.553  -54.591  11.569 0.5000000000
20504  26.237  -54.847  9.540 0.5000000000
19447  26.450  -55.523  9.276 0.5000000000
18447  27.717  -56.465  10.342 0.5000000000
18438  27.895  -56.432  10.872 0.5000000000
17286  29.108  -58.167  17.928 0.1000000015
16322  29.590  -58.744  18.167 0.1000000015
16336  29.753  -58.404  17.264 0.1000000015
18353  28.953  -56.634  16.779 0.1000000015
17318  29.656  -57.208  16.201 0.1000000015
17328  29.786  -56.614  15.722 0.1000000015
18368  29.227  -56.063  16.183 0.1000000015
18385  30.581  -55.941  14.863 0.1000000015
19377  30.200  -55.202  15.082 0.1000000015
18402  31.689  -55.971  14.321 0.1000000015
20436  31.343  -54.436  14.551 0.2000000030
21414  30.825  -53.661  14.801 0.2000000030
22411  31.298  -53.090  14.102 0.2000000030
23476  31.668  -52.084  12.864 0.2000000030
27853  31.284  -47.297  7.205 0.1000000015
27854  30.258  -47.287  7.222 0.2000000030
27856  28.563  -47.983  7.837 0.2000000030
28878  32.809  -46.542  7.816 0.1000000015
28879  31.791  -46.607  7.693 0.1000000015
28880  30.779  -46.646  7.739 0.1000000015
28881  29.788  -46.807  7.931 0.1000000015
27834  28.964  -47.278  8.299 0.1000000015
26794  27.936  -48.900  8.913 0.1000000015
21480  30.028  -53.173  10.545 0.3000000119
22471  30.487  -52.154  10.498 0.2000000030
25716  28.022  -49.203  9.441 0.1000000015
25700  27.963  -49.644  9.920 0.1000000015
23522  27.888  -51.316  10.618 0.3000000119
22472  29.566  -52.098  10.594 0.2000000030
20481  26.755  -54.214  11.071 0.5000000000
21461  26.978  -53.717  11.376 0.5000000000
21460  27.861  -53.692  11.592 0.5000000000
20498  26.553  -54.736  10.436 0.5000000000
20497  27.001  -55.349  10.859 0.5000000000
20480  27.286  -54.793  11.539 0.5000000000
19438  26.958  -55.816  10.080 0.5000000000
16323  29.037  -58.406  18.553 0.1000000015
18334  28.140  -56.950  18.077 0.1000000015
18355  27.538  -56.035  17.991 0.1000000015
17307  28.410  -57.112  17.804 0.1000000015
18354  28.216  -56.337  17.445 0.1000000015
19338  28.086  -55.654  17.191 0.1000000015
18369  28.698  -56.072  16.747 0.1000000015
19379  28.882  -54.794  15.943 0.1000000015
19362  28.423  -55.219  16.580 0.1000000015
20424  29.986  -54.305  15.165 0.1000000015
22412  30.570  -52.714  14.402 0.2000000030
22427  31.044  -52.655  13.895 0.2000000030
23459  31.341  -52.280  13.319 0.2000000030
23460  30.733  -52.216  13.583 0.2000000030
23497  31.522  -51.783  11.915 0.2000000030
23498  30.840  -51.393  11.508 0.2000000030
28858  32.221  -45.964  8.307 0.1000000015
28859  31.276  -46.078  8.317 0.1000000015
28861  29.526  -46.750  8.839 0.1000000015
27819  28.866  -47.491  9.243 0.1000000015
26793  28.461  -48.423  9.225 0.1000000015
24621  29.772  -50.341  10.733 0.1000000015
23519  30.571  -51.332  10.842 0.2000000030
26773  28.900  -48.779  9.864 0.1000000015
25715  28.512  -48.942  9.620 0.1000000015
25699  28.588  -49.455  9.983 0.1000000015
23521  28.891  -51.203  10.524 0.2000000030
19299  27.146  -56.047  19.169 0.1000000015
20357  26.492  -54.484  19.544 0.1000000015
20370  27.196  -54.911  18.076 0.1000000015
20371  26.773  -54.347  18.542 0.1000000015
20386  26.873  -53.702  17.947 0.1000000015
20409  28.311  -53.984  16.349 0.1000000015
19363  27.775  -54.800  17.185 0.1000000015
20426  28.709  -54.384  16.011 0.1000000015
22398  28.704  -52.637  15.819 0.1000000015
22397  29.478  -52.728  15.199 0.1000000015
23429  29.388  -52.286  14.930 0.1000000015
23448  29.759  -52.248  14.386 0.1000000015
23447  30.359  -52.404  14.129 0.2000000030
23477  30.534  -51.540  12.416 0.2000000030
24581  29.743  -50.695  12.135 0.2000000030
24580  30.345  -51.158  11.773 0.2000000030
24602  30.307  -50.868  11.336 0.1000000015
28811  33.901  -46.711  10.409 0.1000000015
28842  32.416  -45.622  10.042 0.1000000015
29933  31.415  -45.601  9.697 0.1000000015
28844  29.468  -46.843  9.580 0.1000000015
24620  30.200  -50.641  10.961 0.2000000030
29934  30.733  -45.858  9.898 0.1000000015
28816  29.732  -46.588  10.090 0.1000000015
24622  29.121  -50.276  10.376 0.1000000015
21331  26.344  -53.451  19.230 0.1000000015
22360  26.641  -52.451  17.805 0.1000000015
22359  27.032  -52.591  17.300 0.1000000015
22377  28.015  -52.577  16.322 0.1000000015
23449  29.002  -51.402  14.186 0.1000000015
23462  29.007  -51.099  13.586 0.1000000015
24563  29.062  -50.585  13.112 0.2000000030
24562  29.531  -51.015  12.754 0.2000000030
24582  29.177  -50.000  12.535 0.1000000015
28789  31.273  -46.298  11.497 0.1000000015
28790  30.340  -46.579  11.299 0.1000000015
27770  29.960  -46.960  12.003 0.1000000015
27771  29.652  -47.419  11.217 0.1000000015
26748  29.358  -48.423  11.579 0.1000000015
25652  29.300  -49.481  11.989 0.1000000015
28812  33.241  -46.367  10.643 0.1000000015
28813  32.483  -45.870  10.570 0.1000000015
28814  30.879  -46.188  10.925 0.1000000015
26772  29.251  -48.380  10.568 0.1000000015
25678  29.546  -49.349  11.015 0.1000000015
28791  29.830  -46.767  10.662 0.1000000015
27793  29.380  -47.348  10.173 0.1000000015
25698  29.253  -49.414  10.366 0.1000000015
23366  26.356  -51.422  18.277 0.1000000015
23392  26.654  -51.412  17.497 0.1000000015
23410  27.034  -51.282  16.954 0.1000000015
23409  27.599  -51.722  16.517 0.1000000015
24526  28.527  -50.643  14.916 0.1000000015
24545  28.689  -50.741  13.925 0.1000000015
27726  30.356  -47.135  13.656 0.1000000015
26693  29.161  -48.108  13.989 0.1000000015
26708  28.802  -48.843  13.442 0.1000000015
25615  28.510  -49.788  13.991 0.1000000015
28746  31.663  -46.236  13.199 0.1000000015
28747  30.931  -46.781  13.058 0.1000000015
27747  30.201  -47.168  12.784 0.1000000015
27727  29.635  -47.746  13.312 0.1000000015
26724  29.151  -48.455  12.643 0.1000000015
26725  28.995  -49.185  12.714 0.1000000015
28766  31.586  -46.508  12.380 0.1000000015
28767  30.707  -46.701  12.202 0.1000000015
24527  28.060  -50.201  15.822 0.1000000015
26681  27.829  -48.681  15.918 0.1000000015
25602  28.283  -49.374  15.293 0.1000000015
26680  28.309  -48.243  15.404 0.1000000015
28730  30.744  -46.300  13.832 0.1000000015
27708  30.223  -46.759  14.164 0.1000000015
27709  29.706  -47.276  14.342 0.1000000015
26694  28.660  -48.677  14.506 0.1000000015
16407  29.669  -57.942  10.260 0.5000000000
15482  36.537  -59.239  13.339 0.1000000015
18432  35.877  -56.093  11.616 0.2000000030
19435  32.396  -54.840  10.884 0.4000000060
14570  35.280  -61.044  17.571 0.1000000015
15471  34.004  -59.322  14.614 0.1000000015
21456  33.611  -53.717  12.105 0.3000000119
22425  32.271  -52.937  13.345 0.2000000030
20459  34.787  -54.800  12.439 0.2000000030
20475  34.481  -54.423  12.076 0.2000000030
19419  34.282  -54.747  11.425 0.2000000030
21457  33.051  -53.376  11.731 0.3000000119
19420  33.745  -54.492  11.335 0.3000000119
17427  27.231  -57.293  7.424 0.5000000000
14586  33.812  -60.474  17.232 0.1000000015
15472  32.881  -59.099  14.794 0.1000000015
18401  32.449  -56.241  13.908 0.1000000015
18419  33.245  -55.979  13.606 0.1000000015
19400  33.685  -55.334  13.479 0.1000000015
20435  32.135  -54.413  14.192 0.1000000015
21412  32.246  -53.963  14.087 0.2000000030
21478  32.059  -53.135  10.608 0.3000000119
19477  25.701  -55.766  7.354 0.5000000000
19461  25.871  -55.581  8.013 0.5000000000
20552  25.479  -54.853  6.132 0.5000000000
21517  25.876  -53.701  6.853 0.5000000000
16335  30.733  -58.977  16.985 0.1000000015
16345  31.383  -58.917  16.174 0.1000000015
16355  30.515  -57.747  15.581 0.1000000015
16362  31.491  -57.750  14.679 0.1000000015
17327  30.499  -57.054  15.204 0.1000000015
19388  31.597  -55.156  14.401 0.1000000015
27862  32.253  -48.052  6.977 0.2000000030
26846  28.766  -48.832  6.987 0.2000000030
25732  27.892  -49.192  8.320 0.2000000030
25764  29.733  -49.637  6.503 0.2000000030
25765  28.696  -49.618  6.991 0.2000000030
25742  27.539  -50.107  8.123 0.3000000119
22473  28.616  -52.261  10.763 0.4000000060
23577  27.439  -51.527  7.408 0.5000000000
23561  26.998  -51.199  8.068 0.4000000060
24702  29.289  -50.518  6.552 0.2000000030
23562  26.580  -51.599  8.498 0.4000000060
23543  26.521  -51.864  9.576 0.5000000000
21459  28.968  -53.450  11.031 0.5000000000
23609  28.145  -51.689  6.820 0.5000000000
21495  26.080  -53.856  9.469 0.5000000000
17287  28.444  -57.608  18.463 0.1000000015
17306  28.995  -57.436  17.312 0.1000000015
16347  29.639  -57.841  16.718 0.1000000015
18386  29.884  -56.037  15.405 0.1000000015
19361  28.986  -55.501  16.163 0.1000000015
19378  29.317  -55.196  15.727 0.1000000015
19389  30.917  -55.162  14.693 0.1000000015
20437  30.667  -54.543  14.873 0.2000000030
22396  30.171  -53.135  15.016 0.2000000030
27855  29.301  -47.498  7.446 0.1000000015
28860  30.370  -46.339  8.545 0.1000000015
17288  27.995  -57.296  19.093 0.1000000015
18335  27.669  -56.628  18.678 0.1000000015
20385  27.301  -54.382  17.661 0.1000000015
20425  29.230  -54.309  15.635 0.1000000015
21397  29.670  -53.602  15.329 0.2000000030
22413  30.008  -52.696  14.773 0.2000000030
23461  29.629  -51.472  13.290 0.2000000030
28857  33.170  -45.901  8.695 0.1000000015
29951  32.481  -45.681  8.968 0.1000000015
29952  31.742  -45.678  8.947 0.1000000015
23520  29.802  -51.193  10.494 0.2000000030
26792  28.848  -48.036  9.879 0.1000000015
19316  27.129  -55.506  18.567 0.1000000015
18316  26.923  -55.980  20.138 0.1000000015
19300  26.796  -55.522  19.660 0.1000000015
21313  26.388  -53.663  20.357 0.1000000015
21342  26.559  -53.260  18.357 0.1000000015
21359  26.763  -53.186  17.859 0.1000000015
20410  27.781  -54.176  16.964 0.1000000015
21358  27.176  -53.303  17.383 0.1000000015
21379  28.367  -53.209  16.210 0.1000000015
21380  27.822  -53.313  16.671 0.1000000015
21398  28.918  -53.549  15.786 0.1000000015
23430  28.920  -51.884  15.169 0.1000000015
24603  29.820  -50.227  11.281 0.1000000015
28841  32.911  -45.771  9.716 0.1000000015
29905  31.123  -45.854  10.435 0.1000000015
28843  30.114  -46.277  9.490 0.1000000015
22341  26.281  -52.415  18.786 0.1000000015
23391  27.021  -52.010  17.144 0.1000000015
22378  27.421  -52.590  16.881 0.1000000015
23408  28.302  -51.980  15.956 0.1000000015
24506  28.230  -51.124  15.911 0.1000000015
25632  28.869  -49.661  13.034 0.1000000015
28788  32.424  -46.403  11.554 0.1000000015
29882  31.266  -46.069  10.950 0.1000000015
27748  29.570  -47.625  12.274 0.1000000015
24483  26.534  -50.584  17.735 0.1000000015
24508  26.798  -50.773  17.167 0.1000000015
24507  27.355  -50.500  16.581 0.1000000015
26707  29.132  -48.255  13.350 0.1000000015
25603  27.630  -49.444  16.203 0.1000000015
27710  28.835  -47.687  14.805 0.1000000015
27694  28.341  -47.245  15.622 0.1000000015
29828  31.190  -45.711  13.784 0.1000000015
15518  39.727  -59.454  8.939 0.1000000015
15519  38.719  -59.272  8.926 0.1000000015
15520  37.592  -59.125  9.001 0.1000000015
16420  37.032  -58.225  9.745 0.1000000015
16399  38.728  -58.244  10.346 0.1000000015
17375  38.162  -57.828  10.532 0.1000000015
15517  40.535  -59.787  9.215 0.2000000030
17376  37.667  -57.581  10.668 0.1000000015
15540  39.333  -59.707  8.110 0.2000000030
15541  38.172  -59.788  8.074 0.1000000015
14692  38.494  -60.075  7.075 0.2000000030
14705  39.980  -60.794  6.651 0.2000000030
15555  37.845  -59.908  7.482 0.2000000030
15521  36.493  -59.055  9.063 0.2000000030
15542  37.021  -59.558  8.230 0.2000000030
15543  36.021  -59.644  8.446 0.2000000030
16421  35.893  -58.393  9.555 0.3000000119
15522  35.482  -59.217  9.128 0.3000000119
16422  34.934  -58.612  9.569 0.3000000119
14679  37.058  -59.870  7.718 0.2000000030
14721  39.058  -60.934  5.459 0.2000000030
14707  38.105  -60.639  6.071 0.2000000030
12049  37.450  -63.422  5.844 0.1000000015
14720  39.725  -61.055  6.046 0.2000000030
14693  37.307  -60.202  7.163 0.2000000030
14706  39.255  -60.586  6.351 0.2000000030
15523  34.481  -59.395  9.102 0.3000000119
12965  38.804  -62.391  5.454 0.1000000015
14694  36.191  -60.626  7.211 0.2000000030
14681  35.620  -60.223  7.895 0.2000000030
12966  38.020  -62.952  5.477 0.1000000015
15524  33.443  -59.486  9.027 0.4000000060
13851  38.468  -61.682  4.805 0.2000000030
14722  38.174  -61.050  5.146 0.2000000030
12062  37.592  -63.416  5.102 0.1000000015
12072  37.606  -63.177  4.263 0.2000000030
12061  38.084  -62.805  4.858 0.1000000015
12071  37.980  -62.694  4.367 0.1000000015
13839  37.266  -60.991  5.305 0.2000000030
14695  35.145  -60.621  7.209 0.2000000030
14682  34.788  -60.268  7.865 0.4000000060
12974  38.267  -62.348  4.555 0.1000000015
14696  34.189  -60.450  7.276 0.4000000060
15525  32.404  -59.417  8.872 0.4000000060
13852  37.532  -61.400  4.546 0.3000000119
13840  36.186  -61.234  5.561 0.3000000119
13868  36.767  -61.676  3.833 0.4000000060
15557  33.320  -60.108  7.355 0.4000000060
15526  31.769  -59.188  8.549 0.4000000060
14709  35.623  -61.064  6.370 0.3000000119
13869  35.701  -61.551  3.967 0.4000000060
13853  36.491  -61.346  4.655 0.3000000119
27849  35.663  -47.587  7.892 0.1000000015
27851  33.439  -47.258  7.509 0.1000000015
15546  32.903  -59.868  8.189 0.4000000060
14711  33.540  -60.395  6.355 0.4000000060
15558  32.557  -59.709  7.292 0.5000000000
13855  34.495  -61.051  4.738 0.4000000060
13854  35.244  -61.229  4.968 0.3000000119
14723  35.004  -61.053  5.754 0.4000000060
14724  34.176  -60.835  5.310 0.4000000060
26824  34.043  -47.972  7.108 0.1000000015
26823  35.181  -48.008  7.187 0.1000000015
26825  33.026  -48.098  7.188 0.1000000015
15547  32.067  -59.459  7.994 0.4000000060
15559  31.799  -59.287  7.083 0.5000000000
15567  32.352  -59.624  6.456 0.5000000000
26842  32.387  -48.633  6.727 0.1000000015
25760  33.954  -49.788  6.585 0.1000000015
26841  33.473  -48.831  6.762 0.1000000015
25763  30.764  -49.657  6.368 0.1000000015
16416  40.609  -59.148  9.995 0.1000000015
16418  39.272  -58.823  9.618 0.1000000015
16400  37.881  -57.841  10.121 0.1000000015
16419  38.214  -58.528  9.607 0.1000000015
16398  39.936  -58.642  10.365 0.1000000015
16393  39.248  -58.299  11.063 0.1000000015
17367  37.543  -57.406  11.270 0.1000000015
26843  31.292  -48.771  6.571 0.1000000015
14675  40.543  -60.552  8.779 0.1000000015
15544  35.065  -59.901  8.552 0.3000000119
14708  36.811  -60.846  6.301 0.2000000030
15545  34.002  -60.002  8.244 0.4000000060
14710  34.578  -60.797  6.403 0.3000000119
15566  32.933  -59.921  6.700 0.4000000060
16392  40.163  -58.633  11.292 0.1000000015
9785  27.896  -66.215  11.317 0.1000000015
9006  27.425  -66.639  10.991 0.1000000015
8965  29.219  -67.927  12.636 0.1000000015
9767  29.132  -66.974  12.381 0.1000000015
9806  27.167  -65.892  10.716 0.1000000015
9807  26.252  -66.105  10.293 0.1000000015
9808  25.314  -66.143  10.023 0.1000000015
9007  26.892  -67.039  10.669 0.1000000015
3813  23.507  -75.612  15.404 0.1000000015
10479  23.077  -65.468  12.198 0.1000000015
11206  22.865  -64.822  10.829 0.1000000015
10496  28.775  -65.525  11.844 0.1000000015
11226  23.253  -64.784  10.523 0.1000000015
10524  24.615  -65.263  10.045 0.1000000015
10476  29.529  -66.144  12.452 0.1000000015
9809  24.597  -66.079  9.795 0.1000000015
9766  30.059  -67.175  13.115 0.1000000015
3231  24.197  -75.744  16.291 0.1000000015
3831  23.575  -74.875  14.842 0.1000000015
4443  23.577  -73.879  14.302 0.1000000015
3797  24.998  -75.417  16.556 0.1000000015
3249  24.319  -76.006  15.687 0.1000000015
3812  24.438  -75.501  14.966 0.1000000015
5099  23.755  -72.753  14.207 0.1000000015
8112  23.243  -68.528  13.293 0.1000000015
9748  23.352  -66.537  12.875 0.1000000015
10497  27.737  -65.148  11.262 0.1000000015
10522  26.411  -65.170  10.541 0.1000000015
10495  29.841  -65.159  12.245 0.1000000015
10475  30.429  -65.894  12.771 0.1000000015
3830  24.416  -74.572  14.457 0.1000000015
4442  24.443  -73.614  14.213 0.1000000015
3216  25.642  -75.794  16.583 0.1000000015
3230  25.082  -76.108  16.147 0.1000000015
4441  25.282  -73.483  14.495 0.1000000015
5098  24.603  -72.627  14.386 0.1000000015
5778  24.824  -71.701  14.626 0.1000000015
7247  23.931  -69.644  14.029 0.1000000015
7264  23.528  -69.073  13.611 0.1000000015
8111  23.907  -68.491  13.700 0.1000000015
8945  24.494  -67.549  13.831 0.1000000015
10462  23.610  -65.959  12.904 0.1000000015
10478  23.844  -64.831  12.441 0.1000000015
11203  25.279  -63.868  10.965 0.1000000015
10521  27.022  -64.936  10.875 0.1000000015
11223  25.812  -64.466  10.644 0.1000000015
11224  24.954  -64.461  10.505 0.1000000015
5083  25.835  -72.694  14.860 0.1000000015
3782  26.196  -74.878  17.815 0.1000000015
3229  26.021  -76.029  16.177 0.1000000015
3248  25.328  -75.975  15.416 0.1000000015
4424  26.190  -73.783  14.888 0.1000000015
5760  25.498  -71.787  14.876 0.1000000015
7232  25.664  -70.423  14.974 0.1000000015
8093  24.601  -68.670  14.145 0.1000000015
8924  25.247  -67.645  14.332 0.1000000015
3215  26.332  -75.671  17.131 0.1000000015
3247  26.397  -75.668  15.420 0.1000000015
3810  26.753  -74.818  15.033 0.1000000015
9747  23.984  -66.558  13.278 0.1000000015
10461  24.140  -65.379  13.081 0.1000000015
11179  24.857  -64.650  13.217 0.1000000015
11983  24.949  -63.716  11.809 0.1000000015
11188  24.525  -64.236  12.423 0.1000000015
11998  26.372  -63.392  11.832 0.1000000015
12000  25.019  -63.742  11.388 0.1000000015
11204  24.420  -64.049  11.325 0.1000000015
11200  28.250  -64.259  11.709 0.1000000015
11201  27.096  -64.141  11.386 0.1000000015
11202  26.103  -63.872  11.122 0.1000000015
11199  29.333  -64.336  11.843 0.1000000015
10474  31.472  -65.731  12.646 0.1000000015
10494  30.789  -65.232  12.009 0.1000000015
5759  26.126  -71.842  15.191 0.1000000015
6465  25.720  -71.154  15.076 0.1000000015
3199  26.657  -75.362  17.906 0.1000000015
3214  27.090  -75.514  17.605 0.1000000015
3228  27.165  -75.542  16.391 0.1000000015
4423  26.984  -73.800  15.326 0.1000000015
5082  26.536  -72.822  15.277 0.1000000015
7245  25.542  -69.056  14.717 0.1000000015
8923  25.948  -67.363  14.775 0.1000000015
9729  25.386  -66.482  14.325 0.1000000015
9746  24.627  -66.386  13.780 0.1000000015
10460  25.030  -65.402  13.802 0.1000000015
11982  25.494  -63.497  12.365 0.1000000015
11971  25.745  -63.459  13.296 0.1000000015
11996  28.879  -63.356  11.738 0.1000000015
11997  27.640  -63.090  12.149 0.1000000015
11981  26.545  -62.943  12.790 0.1000000015
11999  25.520  -63.612  11.557 0.1000000015
11995  29.857  -63.532  11.253 0.1000000015
11994  30.334  -63.864  11.024 0.1000000015
10520  32.294  -65.216  10.759 0.1000000015
3748  27.229  -74.717  19.228 0.1000000015
3198  26.949  -75.400  18.203 0.1000000015
3765  26.715  -74.949  18.690 0.1000000015
3781  27.936  -74.988  17.395 0.1000000015
3796  28.072  -74.574  16.527 0.1000000015
6464  26.157  -70.853  15.356 0.1000000015
3764  27.453  -75.073  18.368 0.1000000015
3809  27.504  -74.582  15.698 0.1000000015
5068  27.609  -72.804  16.117 0.1000000015
5758  26.887  -71.765  15.791 0.1000000015
6463  26.635  -70.422  15.692 0.1000000015
7231  26.038  -69.552  15.142 0.1000000015
8091  25.742  -68.397  14.796 0.1000000015
7230  26.859  -69.402  15.841 0.1000000015
8078  26.476  -68.197  15.338 0.1000000015
9728  26.209  -66.347  14.829 0.1000000015
10447  25.836  -65.248  14.496 0.1000000015
10446  26.628  -65.488  15.017 0.1000000015
11164  26.067  -64.235  14.398 0.1000000015
11959  26.004  -63.661  14.014 0.1000000015
11970  26.330  -63.026  13.742 0.1000000015
12889  28.622  -62.512  11.991 0.1000000015
11980  27.223  -62.642  12.676 0.1000000015
12888  29.601  -62.404  11.314 0.1000000015
12012  30.015  -62.904  10.805 0.1000000015
11198  30.390  -64.400  11.444 0.1000000015
11197  31.031  -64.839  11.402 0.1000000015
10493  31.735  -65.299  11.599 0.1000000015
5745  28.699  -71.782  17.150 0.1000000015
3747  28.089  -74.462  19.076 0.1000000015
3763  28.200  -74.649  18.150 0.1000000015
3780  28.581  -74.412  17.661 0.1000000015
4409  28.042  -73.720  16.171 0.1000000015
6452  28.050  -70.587  16.990 0.1000000015
7224  27.568  -69.399  16.547 0.1000000015
8905  27.625  -67.343  16.154 0.1000000015
9721  27.440  -66.459  15.739 0.1000000015
8077  27.233  -68.313  16.020 0.1000000015
11163  26.528  -64.558  14.848 0.1000000015
11958  26.727  -63.483  14.673 0.1000000015
13743  27.838  -61.867  13.464 0.1000000015
12855  26.774  -62.606  13.443 0.1000000015
12870  29.095  -61.918  11.996 0.1000000015
12890  28.121  -62.449  12.369 0.1000000015
12872  27.705  -62.208  12.805 0.1000000015
12887  30.214  -62.144  10.812 0.1000000015
12011  30.572  -63.472  10.544 0.1000000015
5050  30.229  -72.572  17.684 0.1000000015
4373  28.881  -74.113  18.278 0.1000000015
4372  29.699  -73.396  18.151 0.1000000015
5051  29.293  -72.848  17.184 0.1000000015
6432  29.044  -70.648  17.558 0.1000000015
3732  27.330  -74.431  20.349 0.1000000015
3731  28.270  -74.148  19.814 0.1000000015
4391  29.126  -73.765  17.472 0.1000000015
5067  28.342  -72.815  16.697 0.1000000015
7223  28.350  -69.273  17.325 0.1000000015
8071  27.862  -68.280  16.664 0.1000000015
9710  27.946  -66.432  16.307 0.1000000015
10443  27.209  -65.620  15.477 0.1000000015
11155  27.431  -64.964  15.761 0.1000000015
11945  26.953  -64.180  15.139 0.1000000015
11957  27.375  -63.115  15.126 0.1000000015
12832  26.791  -62.610  14.070 0.1000000015
13723  28.256  -61.679  13.823 0.1000000015
13768  29.745  -61.626  11.863 0.1000000015
13742  28.397  -61.673  13.108 0.1000000015
13785  30.692  -62.042  10.550 0.1000000015
12903  31.046  -62.388  10.139 0.1000000015
4357  29.839  -73.145  18.762 0.1000000015
5730  29.759  -71.759  17.472 0.1000000015
8056  28.841  -68.350  17.761 0.1000000015
8070  28.336  -68.094  17.194 0.1000000015
8892  28.601  -67.304  17.427 0.1000000015
10431  28.149  -65.564  16.475 0.1000000015
10442  27.676  -65.649  15.977 0.1000000015
11943  28.530  -63.288  15.917 0.1000000015
11944  27.577  -63.948  15.668 0.1000000015
12805  28.793  -62.637  15.431 0.1000000015
12806  27.944  -62.830  15.372 0.1000000015
13706  28.699  -61.755  14.314 0.1000000015
12830  28.329  -62.190  14.867 0.1000000015
13721  30.085  -61.626  13.547 0.1000000015
13722  29.019  -61.504  13.617 0.1000000015
13740  30.375  -61.493  12.419 0.1000000015
13741  29.293  -61.543  12.685 0.1000000015
13767  30.624  -61.606  11.251 0.1000000015
12902  31.742  -62.271  9.853 0.1000000015
12914  33.466  -62.376  8.976 0.1000000015
5036  30.221  -72.844  18.404 0.1000000015
6431  30.302  -70.696  17.816 0.1000000015
7210  29.333  -69.515  17.932 0.1000000015
8055  29.628  -68.481  18.234 0.1000000015
5022  30.084  -72.665  19.318 0.1000000015
11130  28.592  -65.054  17.118 0.1000000015
11145  28.382  -64.731  16.696 0.1000000015
11919  28.411  -63.957  16.377 0.1000000015
12852  30.813  -61.941  13.866 0.1000000015
12829  29.193  -62.116  14.831 0.1000000015
13705  29.446  -61.727  14.179 0.1000000015
13739  31.419  -61.616  12.155 0.1000000015
13766  31.978  -61.726  11.209 0.1000000015
13783  32.628  -61.765  10.027 0.1000000015
13797  34.837  -61.828  9.205 0.1000000015
12928  35.576  -62.370  8.009 0.1000000015
5021  30.799  -72.149  18.967 0.1000000015
5728  31.106  -71.589  17.769 0.1000000015
8038  30.482  -68.588  18.366 0.1000000015
6430  30.916  -71.244  17.679 0.1000000015
9700  29.603  -66.582  18.152 0.1000000015
9701  28.945  -66.440  17.678 0.1000000015
10417  28.759  -65.549  17.352 0.1000000015
11918  29.426  -63.520  16.626 0.1000000015
12804  29.696  -62.583  15.607 0.1000000015
12885  36.987  -62.217  11.923 0.1000000015
12886  36.220  -62.074  12.140 0.1000000015
13735  35.633  -61.898  11.948 0.1000000015
12868  33.361  -62.072  12.947 0.1000000015
12869  32.516  -62.003  13.076 0.1000000015
12827  31.324  -62.249  14.554 0.1000000015
12828  30.219  -62.053  14.494 0.1000000015
13762  36.246  -61.836  11.340 0.1000000015
13736  34.854  -61.817  12.071 0.1000000015
12851  31.843  -62.044  13.665 0.1000000015
13761  37.343  -62.026  11.116 0.1000000015
13779  37.917  -61.925  10.273 0.1000000015
13780  36.783  -61.784  10.299 0.1000000015
13764  34.423  -61.587  11.248 0.1000000015
13765  33.222  -61.642  11.175 0.1000000015
13778  38.878  -61.814  10.397 0.1000000015
13796  36.246  -61.725  9.310 0.1000000015
13782  34.014  -61.588  10.244 0.1000000015
13827  38.286  -62.120  7.568 0.1000000015
13828  37.571  -62.283  7.455 0.1000000015
5694  32.074  -71.239  18.366 0.1000000015
5695  31.338  -71.582  18.880 0.1000000015
5711  31.816  -71.497  17.984 0.1000000015
6412  31.461  -70.729  17.669 0.1000000015
6413  30.868  -70.019  17.954 0.1000000015
7200  30.845  -69.335  18.147 0.1000000015
8867  31.029  -67.908  18.440 0.1000000015
8868  30.081  -67.497  18.456 0.1000000015
9682  30.210  -66.626  18.353 0.1000000015
10416  29.461  -65.595  17.824 0.1000000015
11129  29.000  -64.593  17.342 0.1000000015
11893  29.619  -64.151  17.302 0.1000000015
12782  30.399  -62.847  16.199 0.1000000015
12826  32.400  -62.327  14.556 0.1000000015
12803  30.811  -62.500  15.409 0.1000000015
12866  35.583  -62.136  12.720 0.1000000015
12849  33.976  -62.315  13.721 0.1000000015
12850  32.920  -62.239  13.742 0.1000000015
12865  36.675  -62.294  12.728 0.1000000015
13793  39.535  -61.566  9.598 0.1000000015
6403  31.920  -70.577  19.168 0.1000000015
6429  32.614  -70.304  17.945 0.1000000015
6411  32.404  -70.685  18.012 0.1000000015
8036  31.814  -69.141  17.833 0.1000000015
8866  31.856  -68.261  17.932 0.1000000015
7198  32.088  -69.897  17.748 0.1000000015
8037  31.253  -68.825  18.154 0.1000000015
9681  30.816  -66.981  18.402 0.1000000015
10394  30.656  -66.194  18.205 0.1000000015
10415  30.326  -65.468  17.981 0.1000000015
11128  29.892  -64.721  17.645 0.1000000015
11917  30.766  -63.319  16.860 0.1000000015
11892  30.284  -63.998  17.362 0.1000000015
12801  32.965  -62.571  15.413 0.1000000015
12780  32.442  -62.752  16.259 0.1000000015
12781  31.359  -62.773  16.218 0.1000000015
12847  36.250  -62.415  13.588 0.1000000015
12848  35.097  -62.392  13.657 0.1000000015
12825  33.487  -62.451  14.568 0.1000000015
12863  38.490  -62.111  12.235 0.1000000015
12883  38.423  -62.061  11.640 0.1000000015
12884  37.857  -62.192  11.751 0.1000000015
7208  32.692  -69.867  17.874 0.1000000015
8054  32.415  -69.000  17.710 0.1000000015
9679  32.272  -67.478  17.931 0.1000000015
10393  31.405  -66.524  18.223 0.1000000015
10414  31.226  -65.666  18.044 0.1000000015
11127  30.809  -64.760  17.763 0.1000000015
11891  31.334  -64.010  17.422 0.1000000015
11916  31.887  -63.289  16.935 0.1000000015
12864  37.669  -62.304  12.564 0.1000000015
13759  39.135  -61.788  11.501 0.1000000015
13809  40.486  -60.897  9.289 0.1000000015
8053  33.212  -69.059  17.717 0.1000000015
8888  33.638  -68.117  17.613 0.1000000015
8865  32.290  -68.084  17.742 0.1000000015
9699  33.140  -67.277  17.692 0.1000000015
10413  32.337  -66.256  18.072 0.1000000015
10392  31.904  -66.882  18.192 0.1000000015
11126  31.854  -64.974  17.751 0.1000000015
12800  34.089  -62.677  15.456 0.1000000015
12824  34.628  -62.557  14.583 0.1000000015
13775  40.707  -60.767  10.575 0.1000000015
14663  40.752  -60.333  9.701 0.1000000015
10412  33.613  -66.247  17.792 0.1000000015
11125  33.001  -65.157  17.737 0.1000000015
11889  33.561  -64.238  17.405 0.1000000015
11890  32.438  -64.123  17.432 0.1000000015
11915  32.987  -63.399  16.906 0.1000000015
12779  33.529  -62.874  16.254 0.1000000015
14640  40.556  -60.895  12.119 0.1000000015
13734  39.277  -61.853  12.655 0.1000000015
12823  35.813  -62.640  14.527 0.1000000015
14650  40.634  -60.837  11.476 0.1000000015
11124  34.169  -65.236  17.620 0.1000000015
11888  34.652  -64.334  17.284 0.1000000015
11941  35.629  -63.445  16.286 0.1000000015
11913  35.115  -63.670  16.732 0.1000000015
11940  36.366  -63.427  16.083 0.1000000015
11914  34.085  -63.497  16.906 0.1000000015
12778  34.569  -63.066  16.247 0.1000000015
13733  40.049  -61.211  12.232 0.1000000015
13718  39.424  -62.048  13.266 0.1000000015
12845  38.664  -62.333  13.326 0.1000000015
12846  37.394  -62.460  13.481 0.1000000015
12822  36.998  -62.618  14.422 0.1000000015
15503  41.076  -59.583  11.192 0.1000000015
11939  37.386  -63.427  15.911 0.1000000015
12798  36.621  -62.919  15.337 0.1000000015
12777  35.174  -63.245  16.241 0.1000000015
12821  38.145  -62.692  14.306 0.1000000015
12799  35.364  -62.937  15.614 0.1000000015
9769  22.231  -66.539  12.261 0.1000000015
11189  23.784  -64.523  11.971 0.1000000015
10498  22.892  -64.949  11.381 0.1000000015
11205  23.422  -64.608  11.265 0.1000000015
9784  28.527  -66.686  11.811 0.1000000015
11225  24.022  -64.539  10.505 0.1000000015
10477  29.000  -66.321  12.120 0.1000000015
10523  25.576  -65.244  10.270 0.1000000015
3250  23.421  -75.796  16.138 0.1000000015
10499  22.233  -65.126  11.195 0.1000000015
10480  21.884  -65.865  11.784 0.1000000015
8946  23.598  -67.534  13.232 0.1000000015
11222  26.495  -64.490  10.882 0.1000000015
3829  24.943  -74.193  14.330 0.1000000015
3811  25.525  -74.891  14.689 0.1000000015
5097  25.224  -72.455  14.633 0.1000000015
6484  24.473  -70.735  14.390 0.1000000015
6485  23.675  -70.794  13.974 0.1000000015
6483  25.215  -70.904  14.779 0.1000000015
7246  25.137  -69.701  14.510 0.1000000015
8944  24.933  -67.015  14.081 0.1000000015
8925  24.899  -68.107  14.194 0.1000000015
3246  27.079  -75.338  15.518 0.1000000015
11187  25.135  -63.940  13.033 0.1000000015
5081  27.120  -72.979  15.642 0.1000000015
4422  27.502  -73.606  15.743 0.1000000015
11178  25.477  -64.342  13.776 0.1000000015
3795  28.531  -74.337  17.127 0.1000000015
6453  27.278  -70.557  16.254 0.1000000015
8912  27.069  -67.305  15.555 0.1000000015
8913  26.558  -67.123  15.097 0.1000000015
9722  26.922  -66.394  15.195 0.1000000015
12873  27.087  -62.483  13.053 0.1000000015
12904  30.434  -62.599  10.474 0.1000000015
12010  31.047  -63.716  10.117 0.1000000015
11220  31.309  -64.422  10.556 0.1000000015
5746  27.766  -71.748  16.572 0.1000000015
4408  28.651  -73.721  16.787 0.1000000015
8904  28.137  -67.286  16.768 0.1000000015
11156  27.023  -64.782  15.347 0.1000000015
12854  27.286  -62.215  13.628 0.1000000015
12917  30.819  -62.903  10.084 0.1000000015
4390  29.666  -73.187  17.557 0.1000000015
11920  28.067  -64.368  16.211 0.1000000015
12831  27.486  -62.405  14.550 0.1000000015
13784  31.419  -61.862  10.438 0.1000000015
5049  30.727  -72.011  17.791 0.1000000015
8891  29.205  -67.430  18.035 0.1000000015
9709  28.433  -66.283  16.970 0.1000000015
11942  29.118  -63.016  15.877 0.1000000015
13720  31.068  -61.723  13.077 0.1000000015
13799  33.012  -62.169  9.401 0.1000000015
13798  33.645  -61.898  9.439 0.1000000015
12929  34.436  -62.430  8.411 0.1000000015
5035  30.817  -72.115  18.299 0.1000000015
7209  30.210  -69.482  18.225 0.1000000015
11144  28.757  -64.149  16.817 0.1000000015
13738  32.588  -61.834  12.206 0.1000000015
13815  35.161  -62.161  8.543 0.1000000015
13814  35.851  -62.004  8.518 0.1000000015
12867  34.433  -62.092  12.873 0.1000000015
13763  35.306  -61.694  11.418 0.1000000015
13737  33.801  -61.792  12.100 0.1000000015
13719  31.879  -61.853  12.828 0.1000000015
13781  35.407  -61.571  10.433 0.1000000015
13760  38.260  -62.037  11.106 0.1000000015
13795  37.534  -61.788  9.300 0.1000000015
13813  37.107  -61.910  8.133 0.1000000015
12802  31.885  -62.432  15.427 0.1000000015
13777  39.720  -61.535  10.533 0.1000000015
13758  40.001  -61.325  11.274 0.1000000015
15580  32.854  -59.938  6.061 0.4000000060
13870  34.456  -61.215  4.160 0.3000000119
14738  33.592  -60.643  4.391 0.3000000119
14725  33.103  -60.202  5.296 0.4000000060
15581  32.340  -59.674  5.540 0.4000000060
13871  33.840  -60.910  3.895 0.3000000119
15596  32.211  -59.643  4.780 0.4000000060
6602  31.800  -70.459  6.010 0.1000000015
6628  32.208  -70.346  5.050 0.1000000015
7423  32.630  -69.532  4.276 0.2000000030
9134  32.469  -67.676  3.617 0.3000000119
14727  29.329  -60.103  4.976 0.4000000060
10579  32.759  -65.476  4.325 0.4000000060
12075  32.479  -63.257  4.383 0.4000000060
8280  33.148  -68.239  3.789 0.2000000030
9860  32.360  -66.542  4.099 0.3000000119
11286  32.113  -64.442  4.830 0.4000000060
12977  31.706  -62.492  4.422 0.4000000060
14742  29.759  -60.654  4.427 0.4000000060
7387  31.170  -69.563  6.566 0.1000000015
8281  32.680  -68.693  3.508 0.3000000119
12076  31.334  -63.394  4.815 0.4000000060
12978  30.677  -62.447  4.533 0.4000000060
13874  29.372  -61.303  4.346 0.4000000060
6630  30.692  -71.067  5.131 0.1000000015
15585  28.811  -59.320  5.857 0.5000000000
7437  32.249  -69.875  3.283 0.2000000030
8282  32.022  -68.541  3.243 0.3000000119
15570  28.047  -59.143  6.319 0.4000000060
17441  26.461  -57.678  6.807 0.4000000060
10580  31.712  -65.540  4.657 0.4000000060
11287  30.867  -64.512  4.791 0.4000000060
12979  29.498  -62.288  4.271 0.4000000060
13875  28.483  -61.428  4.486 0.4000000060
14743  29.031  -60.789  4.653 0.5000000000
5917  30.604  -71.797  4.289 0.2000000030
6629  31.392  -70.938  5.130 0.2000000030
6645  31.707  -70.917  4.324 0.2000000030
8304  32.263  -69.184  3.016 0.2000000030
6644  32.218  -70.312  3.960 0.2000000030
9114  31.745  -67.174  4.055 0.3000000119
10581  30.792  -65.600  4.498 0.3000000119
6631  30.321  -70.600  5.132 0.1000000015
12077  30.223  -63.382  4.654 0.4000000060
11302  30.253  -64.914  4.364 0.4000000060
14728  28.342  -60.486  5.204 0.5000000000
15586  27.756  -59.755  5.802 0.5000000000
16473  27.433  -58.592  6.620 0.4000000060
11288  29.946  -64.200  4.521 0.4000000060
13856  27.724  -61.032  4.853 0.5000000000
14730  26.728  -60.056  5.130 0.5000000000
16474  26.674  -58.720  6.187 0.4000000060
5927  31.221  -71.466  3.719 0.2000000030
7438  31.795  -70.341  3.092 0.2000000030
7459  32.039  -69.570  2.864 0.2000000030
8283  31.163  -68.447  3.143 0.2000000030
9135  31.484  -67.820  3.671 0.3000000119
9116  30.550  -66.906  3.922 0.3000000119
13876  27.347  -61.445  4.248 0.5000000000
15600  26.306  -59.541  5.018 0.5000000000
17448  25.640  -57.709  5.987 0.4000000060
17442  25.651  -57.238  6.493 0.4000000060
9882  29.894  -66.860  3.194 0.4000000060
11303  29.624  -64.567  3.745 0.4000000060
12078  29.334  -63.441  4.082 0.4000000060
14745  26.672  -60.507  4.568 0.5000000000
6678  31.363  -70.845  3.042 0.2000000030
5928  30.430  -71.959  3.424 0.2000000030
7460  31.543  -70.015  2.642 0.2000000030
18515  25.379  -56.722  5.969 0.4000000060
8306  30.863  -69.119  2.627 0.2000000030
10595  30.225  -65.630  3.940 0.3000000119
12099  29.117  -63.726  3.585 0.4000000060
12980  28.283  -62.556  3.814 0.4000000060
5918  30.037  -71.999  3.932 0.2000000030
6679  30.751  -70.930  2.365 0.2000000030
8284  30.375  -68.314  2.904 0.3000000119
9137  29.831  -67.661  2.831 0.4000000060
18506  25.703  -56.677  6.916 0.4000000060
10596  29.758  -65.811  3.160 0.3000000119
12981  27.521  -62.109  3.718 0.5000000000
5929  29.624  -72.010  3.181 0.2000000030
5941  30.816  -71.512  2.972 0.2000000030
11304  29.149  -64.044  3.171 0.4000000060
13001  27.956  -62.949  3.325 0.4000000060
16508  25.789  -58.489  4.877 0.5000000000
17462  25.536  -57.486  5.251 0.4000000060
23608  28.845  -51.339  6.622 0.4000000060
5943  29.140  -72.427  2.101 0.2000000030
6701  30.162  -71.214  1.896 0.2000000030
7461  30.521  -69.923  2.209 0.2000000030
8307  29.797  -68.779  2.271 0.2000000030
13898  26.787  -61.549  3.453 0.5000000000
15608  26.142  -59.551  4.140 0.5000000000
5930  28.885  -71.819  2.711 0.2000000030
9896  29.629  -66.737  2.490 0.4000000060
13002  27.314  -62.496  3.191 0.5000000000
13877  26.723  -61.073  4.034 0.5000000000
16509  25.623  -57.999  5.411 0.5000000000
5944  28.318  -72.116  2.058 0.2000000030
21543  25.696  -54.114  6.003 0.4000000060
19521  25.460  -55.651  5.592 0.4000000060
5942  30.031  -71.765  2.382 0.2000000030
9155  29.489  -67.622  2.141 0.4000000060
17461  25.778  -57.447  4.386 0.4000000060
19540  25.731  -55.522  4.793 0.4000000060
5961  29.375  -71.864  1.250 0.2000000030
7481  29.506  -69.989  1.276 0.2000000030
8319  29.438  -69.152  1.247 0.2000000030
5960  29.795  -71.474  1.751 0.2000000030
22574  26.610  -53.332  5.701 0.4000000060
20597  25.836  -54.889  4.670 0.4000000060
19539  26.121  -55.187  4.256 0.4000000060
12122  28.292  -63.498  2.497 0.3000000119
14759  26.477  -60.526  3.668 0.5000000000
16522  26.113  -58.467  3.799 0.5000000000
18526  26.120  -56.278  4.119 0.4000000060
11324  29.391  -64.705  2.757 0.4000000060
11345  28.581  -63.856  2.119 0.3000000119
12101  27.898  -63.144  2.953 0.4000000060
10609  29.576  -65.637  2.149 0.4000000060
14771  26.616  -60.739  2.789 0.5000000000
6702  29.681  -70.816  1.356 0.2000000030
21562  27.049  -53.587  4.985 0.4000000060
17479  26.328  -57.391  3.526 0.5000000000
16531  26.534  -58.322  2.942 0.5000000000
12139  27.691  -62.788  1.802 0.4000000060
13021  26.937  -62.141  2.704 0.5000000000
15617  26.463  -59.521  2.971 0.5000000000
14789  27.261  -60.677  1.510 0.5000000000
13020  27.240  -62.351  2.265 0.5000000000
14739  32.737  -60.113  4.555 0.4000000060
13896  31.016  -61.099  4.053 0.4000000060
22552  26.588  -52.971  6.272 0.4000000060
21564  25.913  -53.938  5.459 0.4000000060
15616  26.738  -58.887  2.454 0.5000000000
12121  35.125  -63.458  2.238 0.3000000119
13019  35.015  -62.614  2.436 0.3000000119
12997  34.331  -62.484  3.178 0.2000000030
13893  33.734  -61.384  3.628 0.2000000030
10592  35.282  -65.106  3.302 0.2000000030
11322  34.968  -64.535  2.365 0.3000000119
11301  34.181  -64.405  2.926 0.3000000119
12097  33.890  -63.172  3.290 0.3000000119
9878  34.437  -66.510  3.239 0.2000000030
9895  34.107  -66.355  2.529 0.2000000030
10594  33.942  -65.632  2.632 0.2000000030
8266  32.893  -68.742  4.139 0.2000000030
5945  27.215  -71.935  1.757 0.1000000015
5946  26.085  -71.427  1.969 0.1000000015
9218  32.432  -66.753  -2.492 0.1000000015
12093  37.367  -63.036  3.568 0.1000000015
13891  36.105  -61.787  3.081 0.2000000030
13892  35.021  -61.967  3.307 0.2000000030
12120  35.815  -63.587  2.578 0.2000000030
13018  35.768  -62.797  2.322 0.2000000030
12073  36.950  -63.912  4.662 0.1000000015
11283  36.022  -64.698  4.632 0.1000000015
11299  36.001  -64.362  3.853 0.2000000030
11270  36.342  -64.675  5.288 0.1000000015
10565  35.630  -65.475  5.552 0.1000000015
6660  29.134  -71.106  3.585 0.1000000015
6681  28.095  -70.964  2.574 0.1000000015
7538  29.889  -70.443  -1.231 0.1000000015
7514  30.117  -69.523  -0.916 0.1000000015
8353  30.441  -68.932  -0.913 0.1000000015
9200  30.826  -67.790  -0.773 0.1000000015
6752  29.988  -70.830  -1.701 0.1000000015
8376  31.093  -68.602  -1.592 0.1000000015
9220  31.250  -68.037  -1.441 0.1000000015
9934  31.002  -66.618  -0.487 0.1000000015
8375  31.463  -68.564  -2.107 0.1000000015
10646  31.823  -65.702  -1.402 0.1000000015
12169  31.243  -63.896  -0.904 0.1000000015
11377  31.639  -64.711  -1.303 0.1000000015
13073  31.328  -62.557  -1.392 0.1000000015
12094  36.813  -63.600  3.707 0.2000000030
11298  36.566  -64.043  4.193 0.1000000015
9908  29.631  -66.835  1.301 0.1000000015
11344  29.049  -64.361  1.742 0.3000000119
5978  29.285  -71.867  0.348 0.1000000015
6720  29.494  -71.111  0.269 0.1000000015
7496  29.438  -70.055  0.657 0.1000000015
9920  29.828  -67.350  0.642 0.1000000015
10636  30.177  -65.334  0.735 0.2000000030
11363  29.730  -64.550  0.872 0.3000000119
13049  28.166  -62.254  0.662 0.3000000119
13947  28.270  -61.283  0.464 0.3000000119
5962  26.907  -72.325  1.349 0.1000000015
5301  28.787  -72.377  0.294 0.1000000015
9181  30.084  -67.699  0.174 0.1000000015
10635  30.615  -65.858  0.239 0.1000000015
13061  28.795  -62.476  0.009 0.3000000119
6011  29.379  -71.454  -1.273 0.1000000015
11378  31.087  -64.460  -0.547 0.1000000015
13074  30.515  -62.543  -1.002 0.2000000030
13956  29.262  -61.573  -0.473 0.3000000119
13967  30.796  -61.661  -1.342 0.2000000030
14822  29.653  -60.453  -0.482 0.4000000060
13072  32.224  -62.642  -1.804 0.1000000015
13966  31.668  -61.667  -1.673 0.1000000015
14837  31.153  -60.755  -1.451 0.3000000119
14689  40.514  -60.862  8.154 0.1000000015
13837  40.010  -61.572  6.655 0.1000000015
16530  27.001  -58.226  2.228 0.4000000060
15635  27.198  -59.454  1.798 0.4000000060
13050  27.762  -62.184  1.096 0.3000000119
13948  27.631  -61.497  1.090 0.4000000060
15655  27.998  -59.446  1.153 0.4000000060
14808  28.904  -60.420  0.161 0.4000000060
15654  28.753  -59.328  0.762 0.4000000060
14807  29.342  -60.146  -0.073 0.4000000060
15673  30.033  -59.445  -0.336 0.5000000000
15672  30.684  -59.701  -1.028 0.3000000119
13965  32.597  -61.642  -2.053 0.2000000030
16577  31.247  -58.574  -1.014 0.4000000060
12202  33.341  -63.768  -2.470 0.1000000015
13987  33.408  -61.477  -2.588 0.1000000015
14835  32.874  -60.591  -2.286 0.2000000030
14836  31.958  -60.715  -1.922 0.2000000030
10679  33.516  -64.671  -3.179 0.1000000015
12201  33.801  -63.360  -3.056 0.1000000015
10722  33.110  -64.750  -3.996 0.1000000015
12217  33.758  -63.669  -3.724 0.1000000015
17495  26.892  -57.396  2.779 0.4000000060
15634  28.134  -58.749  1.251 0.4000000060
16548  27.714  -58.123  1.721 0.4000000060
15653  29.473  -59.603  0.084 0.4000000060
16560  30.052  -57.686  0.023 0.4000000060
16561  29.552  -58.407  0.342 0.4000000060
16578  30.398  -58.482  -0.363 0.5000000000
15689  32.202  -59.622  -2.009 0.3000000119
15671  31.503  -59.287  -1.440 0.4000000060
17556  31.752  -57.743  -1.189 0.4000000060
14008  34.366  -61.048  -3.601 0.2000000030
13986  34.051  -61.165  -3.187 0.2000000030
15688  33.244  -59.616  -2.395 0.2000000030
13111  34.134  -62.233  -3.918 0.1000000015
13092  33.721  -62.216  -3.047 0.2000000030
11402  29.356  -64.607  -2.685 0.1000000015
18542  27.588  -56.194  2.933 0.4000000060
19554  27.484  -55.495  3.249 0.4000000060
18580  28.329  -56.472  1.916 0.4000000060
17508  29.245  -56.895  0.758 0.4000000060
18579  28.725  -56.327  1.538 0.4000000060
17524  29.586  -57.107  0.471 0.4000000060
18607  31.084  -56.959  -0.418 0.4000000060
17523  30.196  -57.037  0.026 0.4000000060
18620  31.582  -56.896  -0.841 0.3000000119
18619  32.109  -56.929  -1.511 0.4000000060
17572  33.970  -57.986  -2.836 0.3000000119
17573  33.203  -57.895  -2.275 0.3000000119
17555  32.472  -57.811  -1.712 0.4000000060
14007  34.382  -61.089  -4.107 0.2000000030
15716  34.822  -59.225  -4.173 0.2000000030
15701  34.669  -59.411  -3.022 0.2000000030
15702  34.090  -59.553  -2.720 0.2000000030
13128  33.932  -61.722  -4.597 0.2000000030
11404  27.629  -64.735  -3.125 0.1000000015
11403  28.302  -64.530  -2.886 0.1000000015
11423  28.954  -63.822  -3.626 0.1000000015
20595  26.938  -54.162  4.198 0.3000000119
19553  28.080  -55.247  2.997 0.4000000060
20611  27.856  -54.528  3.296 0.3000000119
19592  28.695  -55.654  1.875 0.4000000060
20626  29.815  -54.393  1.362 0.4000000060
19591  29.293  -55.437  1.449 0.4000000060
19609  30.166  -55.550  0.495 0.4000000060
19610  29.684  -55.755  0.892 0.4000000060
19631  30.636  -55.770  -0.130 0.4000000060
18593  30.181  -56.391  0.221 0.4000000060
19648  31.719  -55.911  -1.368 0.4000000060
19630  31.190  -56.191  -0.548 0.3000000119
19675  34.703  -55.532  -3.958 0.3000000119
19676  33.824  -55.906  -3.521 0.3000000119
19663  32.981  -56.044  -2.824 0.3000000119
19647  32.309  -56.243  -2.039 0.3000000119
16636  34.483  -58.271  -5.453 0.2000000030
16628  35.180  -58.223  -4.719 0.2000000030
17587  35.439  -57.298  -4.054 0.3000000119
17588  34.825  -57.789  -3.522 0.2000000030
18631  33.414  -57.120  -2.746 0.3000000119
18632  32.708  -57.020  -2.196 0.3000000119
15724  34.517  -59.171  -4.898 0.2000000030
16610  34.760  -58.720  -3.331 0.2000000030
14878  34.066  -60.790  -4.981 0.2000000030
22598  27.925  -52.961  4.597 0.3000000119
22620  28.460  -52.892  4.172 0.3000000119
21587  27.817  -53.244  4.251 0.3000000119
21608  28.144  -53.408  3.739 0.4000000060
20612  27.152  -54.718  3.681 0.3000000119
22648  29.956  -52.911  1.967 0.3000000119
21629  29.442  -53.718  2.140 0.4000000060
21639  30.470  -53.660  0.737 0.4000000060
21628  30.014  -53.440  1.492 0.4000000060
20627  29.244  -54.635  1.907 0.4000000060
21638  30.865  -53.285  0.310 0.4000000060
20638  30.272  -54.649  0.689 0.4000000060
22677  31.844  -52.789  -0.893 0.3000000119
20659  30.597  -54.834  0.059 0.4000000060
21691  34.672  -53.677  -4.297 0.3000000119
20683  33.388  -54.275  -3.504 0.2000000030
21680  32.891  -53.802  -2.870 0.2000000030
21669  32.339  -53.867  -2.171 0.2000000030
20673  31.794  -54.782  -1.546 0.3000000119
20658  31.171  -55.023  -0.730 0.3000000119
20711  35.350  -54.451  -4.697 0.3000000119
20695  33.886  -54.581  -3.796 0.3000000119
20684  32.959  -54.664  -3.179 0.2000000030
20672  32.333  -55.249  -2.178 0.2000000030
17608  34.308  -57.295  -6.196 0.2000000030
19704  35.428  -55.860  -6.035 0.3000000119
18671  36.042  -56.242  -5.099 0.3000000119
18661  35.432  -56.374  -4.467 0.3000000119
22572  28.258  -52.520  5.536 0.3000000119
22573  27.301  -53.157  5.388 0.3000000119
22660  31.260  -52.788  0.102 0.3000000119
23762  34.395  -51.789  -2.320 0.2000000030
23743  33.791  -51.712  -1.749 0.2000000030
22676  32.370  -52.402  -1.133 0.2000000030
22706  34.642  -52.078  -3.181 0.2000000030
22707  33.929  -52.323  -2.817 0.2000000030
22692  33.467  -52.063  -2.145 0.2000000030
22693  32.784  -52.465  -1.758 0.2000000030
22550  28.597  -52.055  6.309 0.2000000030
10723  32.842  -64.886  -4.111 0.1000000015
12237  33.466  -63.409  -4.351 0.1000000015
19706  34.606  -56.137  -6.361 0.3000000119
15725  33.897  -59.225  -5.386 0.2000000030
14756  32.812  -60.508  3.905 0.3000000119
12998  33.356  -62.224  3.561 0.3000000119
9879  33.570  -66.479  2.910 0.2000000030
15553  40.028  -60.263  7.630 0.1000000015
13890  36.928  -62.090  3.108 0.2000000030
9167  29.470  -68.090  1.560 0.1000000015
22571  29.409  -52.225  5.664 0.3000000119
9182  29.615  -68.091  0.716 0.1000000015
19555  26.698  -55.466  3.727 0.3000000119
12138  28.341  -63.424  1.663 0.2000000030
10623  29.819  -65.447  1.363 0.2000000030
7515  29.715  -70.049  -0.523 0.1000000015
11321  35.551  -64.402  2.936 0.2000000030
12096  34.526  -63.330  2.597 0.3000000119
10606  35.142  -64.993  2.711 0.1000000015
11323  34.392  -65.256  2.689 0.2000000030
9219  31.752  -67.683  -1.923 0.1000000015
13017  36.552  -62.799  2.645 0.2000000030
5993  29.268  -71.801  -0.403 0.1000000015
7537  30.487  -69.881  -1.643 0.1000000015
8335  29.568  -69.155  0.238 0.1000000015
9919  30.233  -66.848  0.357 0.1000000015
9199  31.335  -67.168  -1.085 0.1000000015
10647  31.236  -65.511  -0.608 0.1000000015
12170  30.434  -63.572  -0.442 0.1000000015
9907  29.901  -66.586  0.815 0.2000000030
12153  28.962  -63.542  0.818 0.3000000119
11362  30.518  -64.719  0.154 0.2000000030
12171  29.484  -63.264  -0.048 0.3000000119
13957  28.727  -61.416  -0.064 0.4000000060
14809  27.975  -60.293  0.949 0.4000000060
12152  29.814  -63.942  0.265 0.3000000119
13060  29.690  -62.536  -0.565 0.3000000119
13955  29.943  -61.601  -0.996 0.3000000119
17494  27.518  -57.326  2.231 0.4000000060
17525  29.194  -57.735  0.634 0.4000000060
14854  33.735  -60.433  -2.697 0.2000000030
18562  28.009  -56.406  2.390 0.4000000060
16547  28.341  -57.884  1.286 0.4000000060
15700  34.831  -59.285  -3.412 0.2000000030
19570  28.442  -55.469  2.501 0.4000000060
18648  34.095  -57.153  -3.322 0.3000000119
17571  34.479  -58.263  -3.169 0.2000000030
16621  35.297  -58.502  -3.817 0.2000000030
20619  28.858  -54.506  2.566 0.4000000060
21622  28.390  -54.126  3.062 0.4000000060
20694  34.856  -54.719  -4.195 0.3000000119
17615  35.116  -56.946  -5.926 0.2000000030
17597  35.603  -57.144  -4.770 0.2000000030
21607  28.655  -53.201  3.480 0.4000000060
21654  31.028  -53.806  -0.170 0.4000000060
21670  31.648  -53.894  -1.202 0.2000000030
22721  35.258  -52.214  -4.141 0.2000000030
22723  34.158  -53.055  -3.732 0.2000000030
22708  33.006  -53.154  -2.654 0.2000000030
22638  29.566  -52.799  2.723 0.3000000119
22619  29.022  -52.816  3.713 0.2000000030
22618  30.158  -52.310  3.460 0.3000000119
22597  28.805  -52.602  4.704 0.2000000030
22596  29.769  -52.362  4.530 0.2000000030
9132  34.186  -67.136  2.867 0.1000000015
9112  34.045  -67.123  4.019 0.1000000015
9113  33.416  -67.783  4.023 0.1000000015
13867  37.637  -61.911  3.909 0.1000000015
9154  33.897  -66.957  2.605 0.1000000015
8256  33.212  -68.592  5.537 0.1000000015
9133  33.439  -67.528  3.250 0.1000000015
23607  29.714  -51.418  6.228 0.1000000015
23605  31.754  -51.715  6.099 0.1000000015
23606  30.694  -51.402  6.097 0.1000000015
23621  30.992  -52.097  5.873 0.1000000015
22570  30.448  -52.258  5.289 0.1000000015
23620  31.512  -52.148  5.778 0.1000000015
22569  31.422  -52.323  5.232 0.1000000015
22595  30.849  -52.290  4.330 0.1000000015
22594  31.945  -52.380  4.236 0.2000000030
22637  30.583  -52.267  2.343 0.2000000030
22617  31.412  -52.028  3.149 0.2000000030
22593  33.127  -52.705  4.260 0.2000000030
22616  32.590  -52.159  3.233 0.2000000030
22636  31.217  -51.880  2.439 0.2000000030
23697  30.869  -52.085  1.704 0.2000000030
23696  31.393  -51.844  1.216 0.2000000030
23712  31.543  -52.155  0.411 0.2000000030
24804  32.814  -51.418  -0.247 0.1000000015
21586  34.020  -53.510  4.682 0.2000000030
23679  31.813  -51.621  2.217 0.2000000030
23695  32.531  -51.604  1.357 0.1000000015
23693  34.406  -52.134  1.029 0.1000000015
23711  32.294  -51.645  0.277 0.1000000015
23622  30.253  -51.896  5.848 0.1000000015
24701  30.229  -50.533  6.252 0.1000000015
24699  32.339  -50.706  6.315 0.1000000015
20719  34.869  -54.465  -5.983 0.2000000030
20710  35.618  -54.664  -5.193 0.2000000030
20718  35.339  -54.507  -5.584 0.2000000030
20720  34.155  -54.552  -5.660 0.2000000030
21716  33.885  -53.672  -5.415 0.2000000030
21705  35.510  -53.635  -5.044 0.2000000030
21715  34.579  -53.626  -5.624 0.2000000030
21714  35.131  -53.615  -5.517 0.2000000030
21717  33.417  -53.715  -5.085 0.2000000030
21706  35.247  -53.703  -4.683 0.2000000030
23797  34.855  -52.215  -5.254 0.1000000015
22746  34.286  -52.806  -5.366 0.2000000030
22744  35.380  -52.778  -5.187 0.2000000030
22735  35.241  -52.518  -4.551 0.2000000030
23791  33.759  -51.680  -4.635 0.1000000015
24861  34.496  -51.184  -4.398 0.1000000015
24860  35.155  -51.184  -4.403 0.1000000015
24850  32.179  -51.089  -3.224 0.1000000015
24837  31.669  -51.019  -2.611 0.1000000015
22567  33.267  -52.995  5.435 0.1000000015
23776  35.381  -51.788  -3.929 0.1000000015
24847  34.735  -50.646  -3.892 0.1000000015
24859  35.322  -51.443  -4.227 0.1000000015
24849  32.944  -50.910  -3.576 0.1000000015
24835  33.798  -50.554  -3.107 0.1000000015
24819  31.729  -50.276  -1.572 0.1000000015
25886  32.806  -49.660  -1.339 0.1000000015
24805  31.296  -50.064  -0.901 0.1000000015
21559  35.193  -54.194  5.488 0.1000000015
21560  34.736  -53.967  5.291 0.1000000015
23761  34.860  -51.698  -2.779 0.1000000015
23777  35.141  -51.716  -3.351 0.1000000015
24834  34.845  -50.640  -2.923 0.1000000015
24846  35.400  -51.032  -3.587 0.1000000015
24818  33.176  -50.203  -2.100 0.1000000015
25859  31.964  -48.957  0.152 0.1000000015
25873  32.503  -49.288  -0.568 0.1000000015
20572  35.657  -54.762  5.135 0.1000000015
21606  33.988  -53.277  3.597 0.1000000015
24832  36.112  -51.123  -1.852 0.1000000015
24801  35.882  -50.508  -0.952 0.1000000015
24815  35.799  -50.763  -1.704 0.1000000015
24833  35.543  -50.944  -2.425 0.1000000015
23760  35.354  -51.275  -2.602 0.1000000015
25856  35.192  -50.098  -0.414 0.1000000015
24802  35.351  -50.390  -1.372 0.1000000015
25836  34.142  -49.023  1.293 0.1000000015
25857  34.312  -49.522  0.002 0.1000000015
24817  34.234  -50.245  -2.276 0.1000000015
25884  34.458  -50.109  -1.760 0.1000000015
26924  33.860  -48.007  2.413 0.1000000015
25837  33.407  -48.664  1.176 0.1000000015
25872  33.544  -49.508  -0.713 0.1000000015
25858  33.148  -48.919  0.409 0.1000000015
20573  35.070  -54.450  4.677 0.1000000015
21605  34.547  -53.963  3.862 0.1000000015
23741  35.628  -51.558  -1.779 0.1000000015
25820  34.574  -48.935  2.379 0.1000000015
25835  35.118  -49.839  0.628 0.1000000015
26944  34.079  -48.484  2.131 0.1000000015
23742  34.859  -51.660  -1.789 0.1000000015
21707  33.553  -53.106  -5.038 0.1000000015
23792  32.908  -51.818  -4.320 0.1000000015
26968  32.258  -48.559  0.998 0.1000000015
24814  36.540  -50.984  -1.378 0.1000000015
12281  28.360  -63.832  -7.628 0.1000000015
13169  27.961  -63.075  -6.944 0.1000000015
11475  27.649  -64.653  -7.484 0.1000000015
10759  27.915  -65.547  -7.465 0.1000000015
8473  27.383  -68.131  -7.041 0.1000000015
6835  27.112  -69.589  -6.655 0.1000000015
6085  26.024  -71.374  -6.360 0.1000000015
12280  28.868  -63.820  -7.564 0.1000000015
13168  28.586  -62.653  -7.288 0.1000000015
10045  27.479  -66.395  -7.391 0.1000000015
9313  27.592  -67.336  -7.099 0.1000000015
13153  28.240  -62.494  -6.357 0.1000000015
14045  28.995  -62.000  -6.659 0.1000000015
14044  29.931  -61.874  -6.926 0.1000000015
12269  29.190  -63.628  -7.147 0.1000000015
10750  28.352  -65.574  -7.078 0.1000000015
12271  27.269  -63.860  -6.541 0.1000000015
14879  30.792  -60.532  -5.938 0.1000000015
14043  30.821  -61.288  -6.665 0.1000000015
13134  27.903  -62.529  -5.433 0.1000000015
14009  29.032  -61.369  -4.507 0.1000000015
14032  27.905  -62.300  -4.634 0.1000000015
14031  28.600  -62.041  -5.344 0.1000000015
14010  28.231  -61.657  -4.087 0.1000000015
14057  29.266  -62.324  -7.326 0.1000000015
5408  25.382  -71.826  -6.233 0.1000000015
5267  28.875  -72.600  1.716 0.3000000119
5268  28.569  -72.565  1.636 0.2000000030
5284  27.212  -72.740  1.049 0.1000000015
5285  26.710  -72.448  0.595 0.2000000030
5303  27.089  -72.700  0.158 0.2000000030
5304  26.725  -72.353  0.132 0.2000000030
5321  28.891  -72.207  -0.500 0.1000000015
5323  27.400  -72.522  -0.584 0.2000000030
5336  28.323  -72.036  -1.270 0.2000000030
5710  32.223  -71.249  18.052 0.1000000015
5729  30.584  -71.687  17.648 0.1000000015
5900  31.020  -71.376  4.961 0.2000000030
5901  30.789  -71.504  4.731 0.2000000030
5916  31.147  -71.456  4.555 0.2000000030
5994  29.056  -72.063  -0.989 0.1000000015
5995  27.416  -71.782  -1.040 0.1000000015
6013  28.143  -71.650  -1.321 0.2000000030
6074  26.433  -71.171  -6.072 0.1000000015
6084  26.455  -70.863  -6.262 0.1000000015
6428  32.743  -70.148  18.070 0.1000000015
6603  31.123  -70.522  5.744 0.1000000015
6646  30.522  -71.449  4.665 0.2000000030
6647  29.954  -71.162  4.525 0.1000000015
6657  32.137  -70.268  3.565 0.2000000030
6658  31.851  -70.593  3.536 0.2000000030
6659  29.688  -71.708  3.846 0.2000000030
6680  30.204  -70.604  1.879 0.2000000030
6733  29.611  -70.991  -0.832 0.1000000015
6754  27.801  -70.978  -1.247 0.1000000015
6774  30.059  -70.549  -2.567 0.1000000015
6822  27.197  -69.843  -6.293 0.1000000015
7199  31.413  -69.686  17.886 0.1000000015
7462  29.784  -69.903  1.731 0.2000000030
7540  28.109  -70.341  -1.539 0.1000000015
7560  29.568  -70.024  -2.658 0.1000000015
7561  29.133  -70.155  -2.377 0.1000000015
7578  30.109  -69.878  -3.161 0.1000000015
7621  27.401  -69.023  -6.527 0.1000000015
7632  27.340  -68.594  -6.904 0.1000000015
7633  27.221  -68.467  -7.100 0.1000000015
8092  25.211  -68.593  14.441 0.1000000015
8257  32.910  -68.944  4.782 0.2000000030
8265  33.167  -68.346  4.496 0.1000000015
8305  31.740  -69.154  2.815 0.2000000030
8334  30.015  -68.461  -0.182 0.1000000015
8354  29.916  -69.213  -0.471 0.1000000015
8378  28.794  -68.723  -1.772 0.1000000015
8398  30.449  -68.376  -3.229 0.1000000015
8415  30.797  -68.803  -3.536 0.1000000015
8474  27.095  -68.015  -7.284 0.1000000015
8889  32.764  -68.221  17.626 0.1000000015
8890  32.326  -68.394  17.697 0.1000000015
9115  30.977  -67.159  4.175 0.3000000119
9136  30.501  -67.493  3.500 0.4000000060
9153  34.140  -66.799  2.562 0.2000000030
9201  28.417  -67.726  -1.195 0.1000000015
9202  27.877  -67.809  -0.788 0.1000000015
9222  28.905  -67.626  -1.608 0.1000000015
9242  29.844  -68.034  -2.633 0.1000000015
9312  27.886  -66.896  -6.834 0.1000000015
9680  31.552  -67.327  18.238 0.1000000015
9768  22.842  -66.618  12.582 0.1000000015
9861  31.361  -66.434  4.377 0.3000000119
9862  30.648  -66.398  4.170 0.3000000119
9881  30.233  -66.523  3.676 0.3000000119
9894  34.260  -66.573  2.696 0.2000000030
9933  31.586  -66.525  -1.227 0.1000000015
9993  31.812  -66.828  -3.695 0.1000000015
10044  27.918  -66.373  -7.134 0.1000000015
10395  30.020  -66.046  18.211 0.1000000015
10430  28.452  -65.431  16.918 0.1000000015
10607  34.556  -65.677  2.839 0.2000000030
10608  34.232  -65.790  2.617 0.2000000030
10622  30.066  -66.143  0.831 0.2000000030
10659  29.024  -66.370  -1.779 0.1000000015
10683  28.616  -65.107  -2.074 0.1000000015
10701  33.357  -64.701  -3.557 0.1000000015
10702  32.811  -65.433  -3.719 0.1000000015
10704  31.318  -66.266  -3.529 0.1000000015
10724  32.570  -65.122  -3.998 0.1000000015
10760  27.327  -65.605  -7.437 0.1000000015
11146  27.868  -64.863  16.141 0.1000000015
11221  30.624  -64.040  10.877 0.1000000015
11271  35.857  -64.984  5.001 0.1000000015
11282  36.414  -64.340  4.531 0.1000000015
11300  34.711  -63.930  2.421 0.3000000119
11325  28.825  -63.984  2.588 0.3000000119
11399  33.680  -64.219  -3.339 0.1000000015
11419  33.593  -64.244  -3.646 0.1000000015
11424  27.950  -64.490  -3.730 0.1000000015
11438  33.448  -64.242  -3.972 0.1000000015
11439  33.067  -64.302  -4.322 0.1000000015
11440  32.402  -64.539  -4.226 0.2000000030
11464  27.409  -64.219  -7.142 0.1000000015
11473  28.853  -64.110  -7.325 0.1000000015
11474  28.430  -64.571  -7.449 0.1000000015
12022  31.020  -63.296  9.963 0.1000000015
12079  28.828  -63.266  3.678 0.4000000060
12095  36.158  -63.844  3.158 0.2000000030
12100  28.524  -63.407  3.214 0.3000000119
12118  37.041  -63.144  3.175 0.2000000030
12119  36.596  -63.344  2.937 0.2000000030
12123  27.709  -63.037  2.393 0.4000000060
12137  28.776  -63.782  1.416 0.3000000119
12154  28.361  -62.982  0.980 0.2000000030
12185  31.767  -63.589  -1.485 0.1000000015
12186  31.076  -63.221  -1.006 0.1000000015
12218  31.702  -64.267  -4.113 0.2000000030
12282  27.873  -63.637  -7.433 0.1000000015
12853  30.374  -61.854  13.964 0.1000000015
12871  28.503  -61.978  12.446 0.1000000015
12905  30.051  -62.496  10.838 0.1000000015
12913  34.060  -62.056  8.954 0.1000000015
12916  31.366  -62.830  9.715 0.1000000015
12927  36.287  -62.177  7.916 0.1000000015
12975  37.742  -62.497  3.898 0.1000000015
12995  37.147  -62.633  3.143 0.1000000015
12996  36.865  -62.456  2.868 0.2000000030
13003  26.807  -62.035  3.024 0.5000000000
13016  36.906  -62.987  2.870 0.2000000030
13036  27.936  -62.676  1.265 0.3000000119
13037  27.489  -62.204  1.538 0.5000000000
13048  28.557  -62.836  0.600 0.3000000119
13062  28.419  -61.871  0.200 0.3000000119
13093  33.184  -62.701  -2.382 0.1000000015
13110  34.186  -61.584  -4.300 0.2000000030
13130  32.099  -62.567  -5.464 0.2000000030
13131  31.199  -62.583  -5.733 0.1000000015
13154  27.561  -63.074  -5.906 0.1000000015
13164  32.015  -61.398  -6.461 0.2000000030
13165  31.723  -61.492  -6.554 0.2000000030
13166  31.263  -61.606  -6.719 0.1000000015
13167  29.091  -62.980  -7.513 0.1000000015
13177  28.674  -63.415  -7.623 0.1000000015
13178  28.478  -63.233  -7.590 0.1000000015
13179  28.148  -62.986  -7.471 0.1000000015
13672  35.678  -61.371  18.053 0.1000000015
13707  27.999  -61.900  14.364 0.1000000015
13708  27.718  -62.048  14.328 0.1000000015
13724  27.710  -61.923  14.042 0.1000000015
13776  40.398  -61.079  10.658 0.1000000015
13791  40.584  -60.775  10.116 0.1000000015
13792  40.188  -61.245  9.835 0.1000000015
13841  35.504  -61.189  5.676 0.3000000119
13857  27.352  -60.970  4.766 0.5000000000
13866  38.111  -62.080  4.224 0.1000000015
13872  31.188  -61.742  4.297 0.5000000000
13873  30.284  -61.415  4.295 0.4000000060
13889  37.401  -62.257  3.470 0.2000000030
13897  27.202  -61.940  3.675 0.5000000000
13910  36.668  -62.373  2.738 0.2000000030
13911  36.310  -62.287  2.630 0.2000000030
13912  35.657  -62.261  2.656 0.2000000030
13913  26.952  -61.928  2.384 0.5000000000
13914  26.784  -61.605  2.662 0.5000000000
13932  27.033  -61.526  1.941 0.5000000000
13933  26.775  -61.136  2.361 0.5000000000
14027  34.169  -61.155  -4.623 0.2000000030
14028  33.704  -61.254  -5.041 0.2000000030
14053  32.204  -61.229  -6.389 0.2000000030
14056  29.528  -62.429  -7.300 0.1000000015
14585  34.448  -60.458  16.819 0.1000000015
14654  40.731  -60.785  10.850 0.1000000015
14676  40.439  -60.521  8.215 0.1000000015
14677  39.454  -59.956  7.640 0.2000000030
14678  39.024  -59.913  7.597 0.2000000030
14680  36.527  -60.018  7.794 0.2000000030
14691  39.582  -60.293  7.245 0.1000000015
14726  32.595  -59.877  5.009 0.4000000060
14729  27.265  -60.482  5.173 0.5000000000
14737  34.178  -60.895  4.607 0.3000000119
14744  27.109  -60.889  4.729 0.5000000000
14755  33.489  -60.802  3.875 0.3000000119
14758  31.332  -60.663  3.903 0.5000000000
14790  26.842  -60.611  2.088 0.5000000000
14821  30.391  -60.813  -1.142 0.3000000119
14823  29.114  -60.949  -0.244 0.3000000119
14852  34.716  -59.739  -3.227 0.2000000030
14853  34.477  -60.178  -3.016 0.2000000030
14864  34.602  -60.066  -3.634 0.2000000030
14865  34.397  -60.610  -3.343 0.2000000030
14877  34.320  -60.217  -4.594 0.2000000030
14880  30.238  -60.874  -5.444 0.2000000030
14888  34.175  -59.772  -5.113 0.2000000030
14889  33.682  -60.327  -5.373 0.2000000030
14890  32.807  -60.479  -5.932 0.2000000030
14891  31.630  -60.289  -6.452 0.1000000015
14897  32.250  -60.692  -6.458 0.2000000030
14898  31.762  -60.665  -6.654 0.1000000015
14899  31.499  -60.673  -6.651 0.1000000015
15464  32.412  -59.192  15.496 0.1000000015
15473  32.326  -58.852  14.983 0.1000000015
15538  40.454  -60.256  8.571 0.1000000015
15554  39.766  -60.040  7.728 0.1000000015
15556  37.462  -59.856  7.735 0.2000000030
15571  27.323  -59.184  6.157 0.4000000060
15587  26.833  -59.565  5.647 0.5000000000
15598  30.739  -59.552  4.565 0.5000000000
15607  32.024  -59.912  3.824 0.5000000000
15636  26.704  -60.090  2.383 0.5000000000
15690  31.481  -60.007  -1.578 0.3000000119
15709  34.859  -59.230  -3.687 0.2000000030
15727  32.012  -59.398  -5.956 0.3000000119
15728  31.366  -60.070  -6.064 0.2000000030
16334  31.268  -59.224  16.759 0.1000000015
16344  31.968  -59.134  15.843 0.1000000015
16373  32.730  -57.588  13.824 0.1000000015
16389  36.164  -57.928  12.722 0.1000000015
16401  37.217  -57.715  10.340 0.1000000015
16406  30.199  -58.184  10.312 0.5000000000
16417  40.080  -59.136  9.620 0.1000000015
16427  29.879  -58.044  9.748 0.5000000000
16485  31.192  -58.970  5.013 0.5000000000
16488  29.097  -58.650  6.214 0.5000000000
16489  26.183  -58.846  5.587 0.4000000060
16490  25.790  -58.292  5.590 0.5000000000
16506  30.971  -59.097  4.746 0.5000000000
16507  30.740  -59.125  4.834 0.5000000000
16562  28.802  -58.223  0.855 0.4000000060
16579  29.910  -58.999  -0.005 0.5000000000
16595  32.795  -58.714  -2.064 0.3000000119
16596  31.984  -58.612  -1.566 0.4000000060
16611  34.352  -58.809  -2.877 0.2000000030
16612  33.644  -58.770  -2.500 0.3000000119
16613  29.164  -58.217  -2.612 0.1000000015
16620  35.482  -57.797  -4.380 0.2000000030
16627  35.438  -57.684  -4.656 0.2000000030
16630  31.902  -58.584  -5.175 0.3000000119
17317  30.212  -57.576  15.769 0.1000000015
17337  31.080  -56.367  14.636 0.1000000015
17364  35.513  -56.563  12.658 0.1000000015
17373  28.490  -56.828  10.926 0.5000000000
17382  30.426  -58.021  10.834 0.5000000000
17383  29.900  -57.860  10.891 0.5000000000
17384  29.198  -57.541  10.616 0.5000000000
17385  28.648  -57.100  10.558 0.5000000000
17391  36.224  -57.705  10.092 0.2000000030
17394  29.357  -57.633  9.662 0.5000000000
17409  30.091  -57.549  8.674 0.5000000000
17410  29.658  -57.359  8.814 0.5000000000
17428  26.668  -57.124  7.302 0.5000000000
17437  30.005  -57.193  7.239 0.5000000000
17440  27.762  -57.962  7.167 0.5000000000
17447  26.059  -58.297  6.089 0.4000000060
17509  28.866  -57.194  0.952 0.4000000060
17510  28.211  -57.104  1.713 0.4000000060
17540  31.155  -57.679  -0.611 0.5000000000
17541  30.586  -57.405  -0.269 0.4000000060
17574  29.356  -57.302  -2.772 0.1000000015
17589  34.371  -57.821  -3.206 0.2000000030
17598  35.392  -57.580  -4.887 0.2000000030
17600  32.280  -57.527  -4.930 0.3000000119
17601  31.704  -57.765  -4.512 0.3000000119
17606  35.749  -56.829  -5.231 0.2000000030
17607  35.202  -57.249  -5.500 0.2000000030
17616  34.895  -56.916  -6.082 0.2000000030
18403  31.175  -55.722  14.578 0.1000000015
18416  35.273  -55.796  12.632 0.1000000015
18437  28.290  -56.458  11.194 0.5000000000
18441  36.495  -56.748  11.151 0.3000000119
18446  28.219  -56.733  10.641 0.5000000000
18452  28.891  -57.343  9.634 0.5000000000
18453  28.385  -57.037  9.808 0.5000000000
18471  27.034  -56.627  8.283 0.5000000000
18486  29.875  -56.826  7.917 0.6000000238
18487  29.496  -56.926  8.211 0.6000000238
18491  26.021  -56.465  7.478 0.5000000000
18504  28.799  -57.001  7.163 0.5000000000
18527  25.551  -56.516  4.986 0.4000000060
18543  26.896  -56.415  3.259 0.4000000060
18561  28.425  -56.061  2.043 0.4000000060
18563  27.382  -56.744  2.712 0.4000000060
18578  29.314  -56.415  0.941 0.4000000060
18594  29.783  -56.239  0.593 0.4000000060
18608  30.646  -56.625  -0.189 0.4000000060
18621  28.597  -55.958  -1.992 0.1000000015
18634  28.850  -56.403  -2.307 0.1000000015
18646  35.317  -56.780  -4.132 0.3000000119
18647  34.920  -56.608  -3.854 0.2000000030
18662  35.109  -55.996  -4.200 0.3000000119
18672  35.670  -56.602  -5.526 0.2000000030
18673  34.339  -56.416  -6.385 0.3000000119
18680  35.712  -56.131  -5.699 0.3000000119
18681  35.267  -56.551  -6.014 0.2000000030
18682  34.711  -56.534  -6.287 0.3000000119
19317  26.712  -54.993  19.055 0.1000000015
19339  27.666  -55.375  17.562 0.1000000015
19399  34.407  -55.347  13.116 0.1000000015
19410  34.796  -55.031  12.768 0.2000000030
19426  27.531  -55.924  11.073 0.5000000000
19439  26.511  -55.239  9.846 0.5000000000
19459  26.971  -56.466  8.618 0.6000000238
19476  26.079  -56.139  7.833 0.5000000000
19498  25.447  -55.731  6.496 0.5000000000
19569  28.870  -55.125  2.040 0.4000000060
19571  28.022  -55.821  2.926 0.4000000060
19590  29.866  -55.163  0.994 0.4000000060
19649  29.127  -55.101  -1.883 0.1000000015
19662  33.548  -56.573  -3.128 0.3000000119
19677  33.260  -55.449  -3.286 0.3000000119
19689  35.754  -55.401  -4.858 0.2000000030
19690  35.258  -55.413  -4.404 0.3000000119
19692  32.269  -55.373  -4.473 0.3000000119
19697  35.624  -55.424  -5.543 0.3000000119
19698  35.190  -55.266  -6.101 0.3000000119
19699  34.438  -55.613  -6.148 0.3000000119
19705  34.968  -55.982  -6.312 0.3000000119
20447  33.406  -54.488  13.569 0.2000000030
20460  34.246  -54.514  12.825 0.2000000030
20477  30.351  -54.591  10.879 0.4000000060
20510  25.626  -55.074  7.736 0.5000000000
20574  25.941  -54.044  5.048 0.4000000060
20575  25.696  -54.634  5.263 0.4000000060
20594  34.941  -54.403  4.145 0.1000000015
20596  26.232  -54.332  4.608 0.4000000060
20613  26.568  -54.734  4.013 0.4000000060
20620  28.395  -54.810  2.939 0.4000000060
20660  28.005  -54.169  -0.855 0.1000000015
20675  28.439  -54.482  -1.301 0.1000000015
20685  30.105  -53.947  -2.726 0.1000000015
20696  33.452  -55.149  -3.479 0.3000000119
20697  31.184  -54.559  -3.696 0.3000000119
20699  29.919  -54.784  -2.684 0.1000000015
20721  33.338  -54.437  -5.228 0.2000000030
21396  30.169  -53.660  15.078 0.2000000030
21427  32.706  -53.788  13.773 0.2000000030
21455  34.032  -54.086  12.578 0.2000000030
21476  33.293  -53.759  11.573 0.3000000119
21482  26.531  -53.578  10.602 0.5000000000
21518  25.647  -54.352  6.489 0.4000000060
21542  26.097  -53.526  5.886 0.4000000060
21563  26.470  -53.681  5.211 0.4000000060
21585  34.641  -54.079  4.563 0.1000000015
21588  27.465  -53.506  4.506 0.3000000119
21589  26.827  -53.835  4.698 0.4000000060
21609  27.467  -54.012  3.820 0.3000000119
21621  28.816  -53.457  3.012 0.4000000060
21655  30.586  -54.238  0.335 0.4000000060
21679  33.437  -53.632  -3.400 0.2000000030
21682  29.729  -53.529  -2.302 0.1000000015
21692  34.005  -53.695  -3.875 0.2000000030
21693  32.292  -52.990  -4.066 0.2000000030
21695  30.668  -53.426  -3.122 0.1000000015
22437  33.003  -53.247  12.432 0.2000000030
22439  32.032  -52.463  13.142 0.2000000030
22454  28.067  -52.879  11.220 0.5000000000
22475  26.744  -52.549  10.612 0.5000000000
22549  29.183  -51.825  6.276 0.2000000030
22599  27.580  -53.206  4.837 0.3000000119
22646  31.042  -52.411  0.694 0.2000000030
22647  30.522  -52.607  1.293 0.2000000030
22661  30.758  -52.912  0.586 0.2000000030
22694  32.135  -53.239  -1.509 0.2000000030
22696  29.515  -52.493  -1.517 0.1000000015
22697  28.940  -53.205  -1.330 0.1000000015
22710  29.701  -53.056  -2.192 0.1000000015
22722  34.904  -52.384  -3.791 0.2000000030
22724  32.486  -52.254  -4.075 0.2000000030
22736  35.135  -53.140  -4.552 0.2000000030
22737  33.775  -52.394  -5.029 0.2000000030
22738  33.042  -52.518  -4.608 0.1000000015
22745  34.966  -52.858  -5.455 0.1000000015
23475  32.101  -52.230  12.595 0.2000000030
23478  29.818  -51.228  12.594 0.2000000030
23576  28.245  -51.154  7.113 0.2000000030
23658  32.240  -51.835  2.788 0.2000000030
23680  31.138  -51.839  1.990 0.2000000030
23710  33.182  -51.351  0.411 0.1000000015
23713  29.232  -51.403  -0.047 0.1000000015
23726  31.826  -52.209  -0.208 0.3000000119
23745  30.999  -51.207  -2.116 0.2000000030
23746  30.229  -51.801  -1.754 0.1000000015
23747  29.790  -51.860  -1.292 0.1000000015
23759  35.870  -51.199  -2.013 0.1000000015
23763  31.179  -51.536  -2.652 0.2000000030
23764  30.689  -51.879  -2.488 0.2000000030
23778  33.159  -51.372  -4.078 0.1000000015
23779  32.428  -51.633  -3.721 0.1000000015
23780  31.546  -51.694  -3.153 0.1000000015
23789  35.317  -51.931  -4.786 0.2000000030
23790  34.700  -51.649  -4.832 0.1000000015
23796  35.194  -52.419  -5.212 0.1000000015
23798  34.280  -52.067  -5.154 0.2000000030
24623  28.128  -50.281  10.316 0.1000000015
24660  26.981  -50.572  8.696 0.3000000119
24700  31.262  -50.627  6.256 0.1000000015
24794  32.827  -51.196  0.095 0.1000000015
24803  33.120  -51.172  -0.131 0.1000000015
24807  29.813  -51.089  -0.381 0.1000000015
24816  35.036  -50.409  -1.986 0.1000000015
24836  32.548  -50.561  -2.766 0.1000000015
24848  33.837  -51.030  -3.971 0.1000000015
25653  29.096  -49.569  12.565 0.1000000015
25808  34.716  -48.769  2.962 0.1000000015
25870  35.281  -50.247  -0.982 0.1000000015
25871  34.641  -49.996  -1.119 0.1000000015
25874  31.520  -49.639  -0.586 0.1000000015
25885  33.828  -49.898  -1.572 0.1000000015
25887  32.103  -49.600  -1.082 0.1000000015
26810  27.893  -49.020  8.662 0.2000000030
26826  32.509  -48.076  7.054 0.2000000030
26828  28.445  -48.784  7.491 0.2000000030
26923  34.358  -48.287  2.809 0.1000000015
27820  28.569  -47.918  9.057 0.1000000015
27835  28.523  -47.932  8.677 0.1000000015
27863  31.735  -48.000  6.843 0.2000000030
28729  31.163  -46.098  13.579 0.1000000015
28815  30.413  -46.225  10.389 0.1000000015
29881  31.753  -45.910  10.937 0.1000000015
29904  31.912  -45.575  10.255 0.1000000015
29906  30.748  -45.961  10.243 0.1000000015
29931  32.626  -45.642  9.344 0.1000000015
29932  32.230  -45.570  9.558 0.1000000015
29950  32.824  -45.690  9.161 0.1000000015
29953  30.864  -45.784  9.098 0.1000000015
