#!ascii label  , from subject sub.01.bl.01 vox2ras=TkReg
299
16394  31.980  -57.619  11.284 0.0000000000
12099  29.117  -63.726  3.585 0.0000000000
14693  37.307  -60.202  7.163 0.0000000000
16486  30.566  -58.889  5.312 0.0000000000
11321  35.551  -64.402  2.936 0.0000000000
13868  36.767  -61.676  3.833 0.0000000000
12063  36.969  -64.029  5.568 0.0000000000
13874  29.372  -61.303  4.346 0.0000000000
16474  26.674  -58.720  6.187 0.0000000000
15523  34.481  -59.395  9.102 0.0000000000
14711  33.540  -60.395  6.355 0.0000000000
13893  33.734  -61.384  3.628 0.0000000000
11285  33.130  -64.473  4.233 0.0000000000
9113  33.416  -67.783  4.023 0.0000000000
19434  33.494  -54.973  11.110 0.0000000000
17378  35.653  -57.062  10.424 0.0000000000
16418  39.272  -58.823  9.618 0.0000000000
18489  27.548  -57.043  7.972 0.0000000000
12966  38.020  -62.952  5.477 0.0000000000
12979  29.498  -62.288  4.271 0.0000000000
13876  27.347  -61.445  4.248 0.0000000000
15543  36.021  -59.644  8.446 0.0000000000
14694  36.191  -60.626  7.211 0.0000000000
13017  36.552  -62.799  2.645 0.0000000000
13869  35.701  -61.551  3.967 0.0000000000
13019  35.015  -62.614  2.436 0.0000000000
12098  33.134  -62.904  3.786 0.0000000000
11301  34.181  -64.405  2.926 0.0000000000
9134  32.469  -67.676  3.617 0.0000000000
17367  37.543  -57.406  11.270 0.0000000000
16400  37.881  -57.841  10.121 0.0000000000
16393  39.248  -58.299  11.063 0.0000000000
16459  31.097  -58.651  6.757 0.0000000000
17438  29.433  -57.303  6.799 0.0000000000
17461  25.778  -57.447  4.386 0.0000000000
18515  25.379  -56.722  5.969 0.0000000000
14720  39.725  -61.055  6.046 0.0000000000
13839  37.266  -60.991  5.305 0.0000000000
13851  38.468  -61.682  4.805 0.0000000000
12071  37.980  -62.694  4.367 0.0000000000
11298  36.566  -64.043  4.193 0.0000000000
15599  30.093  -60.011  4.630 0.0000000000
15569  28.457  -59.026  6.284 0.0000000000
14728  28.342  -60.486  5.204 0.0000000000
15600  26.306  -59.541  5.018 0.0000000000
11324  29.391  -64.705  2.757 0.0000000000
16423  33.998  -58.841  9.690 0.0000000000
15558  32.557  -59.709  7.292 0.0000000000
15581  32.340  -59.674  5.540 0.0000000000
13854  35.244  -61.229  4.968 0.0000000000
14738  33.592  -60.643  4.391 0.0000000000
15606  32.291  -59.836  4.213 0.0000000000
13895  31.742  -61.325  3.967 0.0000000000
12977  31.706  -62.492  4.422 0.0000000000
11287  30.867  -64.512  4.791 0.0000000000
9878  34.437  -66.510  3.239 0.0000000000
9879  33.570  -66.479  2.910 0.0000000000
9860  32.360  -66.542  4.099 0.0000000000
10595  30.225  -65.630  3.940 0.0000000000
19436  31.555  -54.813  10.708 0.0000000000
18445  32.815  -55.977  11.059 0.0000000000
18443  35.067  -56.326  10.754 0.0000000000
17379  34.528  -57.279  10.508 0.0000000000
16421  35.893  -58.393  9.555 0.0000000000
15521  36.493  -59.055  9.063 0.0000000000
15541  38.172  -59.788  8.074 0.0000000000
15517  40.535  -59.787  9.215 0.0000000000
15553  40.028  -60.263  7.630 0.0000000000
17441  26.461  -57.678  6.807 0.0000000000
17369  31.567  -57.133  11.438 0.0000000000
17370  30.602  -57.466  11.329 0.0000000000
16395  31.499  -57.821  11.189 0.0000000000
12078  29.334  -63.441  4.082 0.0000000000
12980  28.283  -62.556  3.814 0.0000000000
14679  37.058  -59.870  7.718 0.0000000000
12120  35.815  -63.587  2.578 0.0000000000
13018  35.768  -62.797  2.322 0.0000000000
12121  35.125  -63.458  2.238 0.0000000000
12096  34.526  -63.330  2.597 0.0000000000
11322  34.968  -64.535  2.365 0.0000000000
8281  32.680  -68.693  3.508 0.0000000000
17366  38.365  -57.840  10.993 0.0000000000
16469  31.081  -58.771  5.743 0.0000000000
16470  30.229  -58.107  6.412 0.0000000000
18526  26.120  -56.278  4.119 0.0000000000
14721  39.058  -60.934  5.459 0.0000000000
13850  39.423  -61.607  5.678 0.0000000000
12049  37.450  -63.422  5.844 0.0000000000
12061  38.084  -62.805  4.858 0.0000000000
12062  37.592  -63.416  5.102 0.0000000000
12072  37.606  -63.177  4.263 0.0000000000
12073  36.950  -63.912  4.662 0.0000000000
14742  29.759  -60.654  4.427 0.0000000000
14727  29.329  -60.103  4.976 0.0000000000
14743  29.031  -60.789  4.653 0.0000000000
14745  26.672  -60.507  4.568 0.0000000000
15608  26.142  -59.551  4.140 0.0000000000
16522  26.113  -58.467  3.799 0.0000000000
16424  32.894  -59.108  9.891 0.0000000000
15524  33.443  -59.486  9.027 0.0000000000
15567  32.352  -59.624  6.456 0.0000000000
15580  32.854  -59.938  6.061 0.0000000000
13852  37.532  -61.400  4.546 0.0000000000
13840  36.186  -61.234  5.561 0.0000000000
13853  36.491  -61.346  4.655 0.0000000000
13892  35.021  -61.967  3.307 0.0000000000
13870  34.456  -61.215  4.160 0.0000000000
13871  33.840  -60.910  3.895 0.0000000000
14739  32.737  -60.113  4.555 0.0000000000
14756  32.812  -60.508  3.905 0.0000000000
14757  31.976  -60.578  3.816 0.0000000000
13894  32.650  -61.334  3.724 0.0000000000
12074  33.487  -63.771  3.761 0.0000000000
12976  32.183  -62.636  4.293 0.0000000000
12075  32.479  -63.257  4.383 0.0000000000
12076  31.334  -63.394  4.815 0.0000000000
11286  32.113  -64.442  4.830 0.0000000000
8206  34.164  -68.124  7.991 0.0000000000
9098  33.508  -67.761  4.908 0.0000000000
9097  34.131  -67.219  5.403 0.0000000000
9112  34.045  -67.123  4.019 0.0000000000
9132  34.186  -67.136  2.867 0.0000000000
9895  34.107  -66.355  2.529 0.0000000000
9154  33.897  -66.957  2.605 0.0000000000
9114  31.745  -67.174  4.055 0.0000000000
10581  30.792  -65.600  4.498 0.0000000000
9116  30.550  -66.906  3.922 0.0000000000
20494  31.802  -53.980  10.546 0.0000000000
19435  32.396  -54.840  10.884 0.0000000000
19421  32.007  -55.453  11.042 0.0000000000
18442  35.977  -56.488  11.013 0.0000000000
16402  34.497  -58.157  10.043 0.0000000000
17392  35.280  -57.808  9.958 0.0000000000
16419  38.214  -58.528  9.607 0.0000000000
16420  37.032  -58.225  9.745 0.0000000000
15520  37.592  -59.125  9.001 0.0000000000
15519  38.719  -59.272  8.926 0.0000000000
13809  40.486  -60.897  9.289 0.0000000000
14675  40.543  -60.552  8.779 0.0000000000
15539  40.185  -60.053  8.182 0.0000000000
15570  28.047  -59.143  6.319 0.0000000000
16472  28.481  -58.574  6.559 0.0000000000
16473  27.433  -58.592  6.620 0.0000000000
18506  25.703  -56.677  6.916 0.0000000000
13875  28.483  -61.428  4.486 0.0000000000
15544  35.065  -59.901  8.552 0.0000000000
14681  35.620  -60.223  7.895 0.0000000000
14710  34.578  -60.797  6.403 0.0000000000
13890  36.928  -62.090  3.108 0.0000000000
13891  36.105  -61.787  3.081 0.0000000000
12997  34.331  -62.484  3.178 0.0000000000
12998  33.356  -62.224  3.561 0.0000000000
12097  33.890  -63.172  3.290 0.0000000000
11284  33.632  -64.511  3.607 0.0000000000
9133  33.439  -67.528  3.250 0.0000000000
8280  33.148  -68.239  3.789 0.0000000000
8282  32.022  -68.541  3.243 0.0000000000
17377  36.722  -57.218  10.737 0.0000000000
17390  36.787  -57.720  10.255 0.0000000000
17376  37.667  -57.581  10.668 0.0000000000
17375  38.162  -57.828  10.532 0.0000000000
16399  38.728  -58.244  10.346 0.0000000000
18503  29.396  -56.850  7.444 0.0000000000
17426  28.169  -57.421  7.558 0.0000000000
16509  25.623  -57.999  5.411 0.0000000000
17448  25.640  -57.709  5.987 0.0000000000
17462  25.536  -57.486  5.251 0.0000000000
19540  25.731  -55.522  4.793 0.0000000000
14706  39.255  -60.586  6.351 0.0000000000
14707  38.105  -60.639  6.071 0.0000000000
14722  38.174  -61.050  5.146 0.0000000000
12974  38.267  -62.348  4.555 0.0000000000
13867  37.637  -61.911  3.909 0.0000000000
12093  37.367  -63.036  3.568 0.0000000000
12094  36.813  -63.600  3.707 0.0000000000
15583  30.518  -59.190  4.927 0.0000000000
16487  29.673  -58.649  5.843 0.0000000000
15584  29.977  -59.363  5.142 0.0000000000
15585  28.811  -59.320  5.857 0.0000000000
15586  27.756  -59.755  5.802 0.0000000000
13856  27.724  -61.032  4.853 0.0000000000
14730  26.728  -60.056  5.130 0.0000000000
16508  25.789  -58.489  4.877 0.0000000000
17479  26.328  -57.391  3.526 0.0000000000
11304  29.149  -64.044  3.171 0.0000000000
16404  32.325  -58.214  10.821 0.0000000000
15568  31.670  -59.253  6.112 0.0000000000
15582  31.663  -59.273  5.228 0.0000000000
14723  35.004  -61.053  5.754 0.0000000000
13855  34.495  -61.051  4.738 0.0000000000
14724  34.176  -60.835  5.310 0.0000000000
14725  33.103  -60.202  5.296 0.0000000000
15596  32.211  -59.643  4.780 0.0000000000
15597  31.561  -59.478  4.473 0.0000000000
14740  31.355  -60.019  3.957 0.0000000000
14741  30.644  -60.461  4.193 0.0000000000
13896  31.016  -61.099  4.053 0.0000000000
12999  32.354  -62.241  3.973 0.0000000000
13000  31.743  -61.919  4.154 0.0000000000
12978  30.677  -62.447  4.533 0.0000000000
12077  30.223  -63.382  4.654 0.0000000000
11288  29.946  -64.200  4.521 0.0000000000
11283  36.022  -64.698  4.632 0.0000000000
8223  34.038  -68.077  7.176 0.0000000000
10593  34.744  -65.737  3.666 0.0000000000
10606  35.142  -64.993  2.711 0.0000000000
11323  34.392  -65.256  2.689 0.0000000000
10594  33.942  -65.632  2.632 0.0000000000
10578  33.538  -65.347  3.473 0.0000000000
9880  33.026  -66.935  3.417 0.0000000000
9859  33.101  -66.199  3.648 0.0000000000
10579  32.759  -65.476  4.325 0.0000000000
10580  31.712  -65.540  4.657 0.0000000000
11302  30.253  -64.914  4.364 0.0000000000
11303  29.624  -64.567  3.745 0.0000000000
10596  29.758  -65.811  3.160 0.0000000000
20496  30.118  -54.013  10.756 0.0000000000
20495  30.843  -54.096  10.506 0.0000000000
19437  30.872  -54.908  10.845 0.0000000000
19422  31.275  -55.535  11.130 0.0000000000
18433  31.860  -56.251  11.310 0.0000000000
17381  32.372  -57.081  11.252 0.0000000000
19432  35.359  -55.915  11.250 0.0000000000
18444  34.012  -56.194  10.913 0.0000000000
17380  33.348  -57.186  10.940 0.0000000000
16403  33.651  -58.210  10.419 0.0000000000
16422  34.934  -58.612  9.569 0.0000000000
15522  35.482  -59.217  9.128 0.0000000000
15542  37.021  -59.558  8.230 0.0000000000
15555  37.845  -59.908  7.482 0.0000000000
15518  39.727  -59.454  8.939 0.0000000000
15540  39.333  -59.707  8.110 0.0000000000
14692  38.494  -60.075  7.075 0.0000000000
16471  29.296  -58.098  6.461 0.0000000000
17439  28.680  -57.647  6.925 0.0000000000
17427  27.231  -57.293  7.424 0.0000000000
17442  25.651  -57.238  6.493 0.0000000000
18505  26.265  -56.952  7.295 0.0000000000
8237  33.914  -67.975  6.610 0.0000000000
9153  34.140  -66.799  2.562 0.0000000000
9861  31.361  -66.434  4.377 0.0000000000
9862  30.648  -66.398  4.170 0.0000000000
9881  30.233  -66.523  3.676 0.0000000000
9894  34.260  -66.573  2.696 0.0000000000
10577  34.798  -65.820  4.460 0.0000000000
10592  35.282  -65.106  3.302 0.0000000000
10607  34.556  -65.677  2.839 0.0000000000
10608  34.232  -65.790  2.617 0.0000000000
11271  35.857  -64.984  5.001 0.0000000000
11282  36.414  -64.340  4.531 0.0000000000
11300  34.711  -63.930  2.421 0.0000000000
12118  37.041  -63.144  3.175 0.0000000000
12119  36.596  -63.344  2.937 0.0000000000
12975  37.742  -62.497  3.898 0.0000000000
12995  37.147  -62.633  3.143 0.0000000000
12996  36.865  -62.456  2.868 0.0000000000
13016  36.906  -62.987  2.870 0.0000000000
13792  40.188  -61.245  9.835 0.0000000000
13841  35.504  -61.189  5.676 0.0000000000
13857  27.352  -60.970  4.766 0.0000000000
13866  38.111  -62.080  4.224 0.0000000000
13872  31.188  -61.742  4.297 0.0000000000
13873  30.284  -61.415  4.295 0.0000000000
13889  37.401  -62.257  3.470 0.0000000000
13910  36.668  -62.373  2.738 0.0000000000
13911  36.310  -62.287  2.630 0.0000000000
13912  35.657  -62.261  2.656 0.0000000000
14677  39.454  -59.956  7.640 0.0000000000
14678  39.024  -59.913  7.597 0.0000000000
14680  36.527  -60.018  7.794 0.0000000000
14691  39.582  -60.293  7.245 0.0000000000
14726  32.595  -59.877  5.009 0.0000000000
14729  27.265  -60.482  5.173 0.0000000000
14737  34.178  -60.895  4.607 0.0000000000
14744  27.109  -60.889  4.729 0.0000000000
14755  33.489  -60.802  3.875 0.0000000000
14758  31.332  -60.663  3.903 0.0000000000
15538  40.454  -60.256  8.571 0.0000000000
15554  39.766  -60.040  7.728 0.0000000000
15556  37.462  -59.856  7.735 0.0000000000
15571  27.323  -59.184  6.157 0.0000000000
15587  26.833  -59.565  5.647 0.0000000000
15598  30.739  -59.552  4.565 0.0000000000
15607  32.024  -59.912  3.824 0.0000000000
16401  37.217  -57.715  10.340 0.0000000000
16485  31.192  -58.970  5.013 0.0000000000
16488  29.097  -58.650  6.214 0.0000000000
16489  26.183  -58.846  5.587 0.0000000000
16490  25.790  -58.292  5.590 0.0000000000
16506  30.971  -59.097  4.746 0.0000000000
16507  30.740  -59.125  4.834 0.0000000000
17391  36.224  -57.705  10.092 0.0000000000
17428  26.668  -57.124  7.302 0.0000000000
17437  30.005  -57.193  7.239 0.0000000000
17440  27.762  -57.962  7.167 0.0000000000
17447  26.059  -58.297  6.089 0.0000000000
18504  28.799  -57.001  7.163 0.0000000000
18527  25.551  -56.516  4.986 0.0000000000
20477  30.351  -54.591  10.879 0.0000000000
