#!ascii label  , from subject sub.01.bl.01 vox2ras=TkReg
258
79302  21.690  -3.416  -20.187 0.0000000000
69069  20.176  -12.637  -14.404 0.0000000000
84623  20.022  1.471  -21.175 0.0000000000
93178  17.473  9.817  -24.644 0.0000000000
67944  18.353  -14.014  -13.669 0.0000000000
87831  20.283  4.499  -19.481 0.0000000000
90970  20.217  7.129  -20.481 0.0000000000
77146  20.117  -5.344  -18.727 0.0000000000
74953  21.096  -7.668  -17.736 0.0000000000
76065  23.347  -6.443  -19.090 0.0000000000
81396  22.718  -1.586  -19.551 0.0000000000
78217  25.200  -4.363  -20.573 0.0000000000
81407  21.014  -1.106  -21.035 0.0000000000
84588  21.524  1.517  -18.528 0.0000000000
91045  18.494  8.051  -23.761 0.0000000000
93170  20.736  9.478  -22.559 0.0000000000
72640  21.721  -10.084  -15.576 0.0000000000
88835  19.436  5.643  -21.018 0.0000000000
89867  19.460  6.539  -21.431 0.0000000000
77168  21.000  -4.785  -19.468 0.0000000000
76066  21.620  -5.562  -18.619 0.0000000000
77166  22.663  -4.743  -19.419 0.0000000000
67957  18.971  -13.595  -14.139 0.0000000000
82471  19.877  -0.364  -21.067 0.0000000000
83526  21.023  0.454  -20.073 0.0000000000
83527  20.669  1.040  -20.283 0.0000000000
89820  20.933  6.658  -18.465 0.0000000000
87812  20.976  4.455  -17.815 0.0000000000
93162  17.530  9.799  -22.211 0.0000000000
91031  17.060  7.766  -22.202 0.0000000000
93186  18.119  9.190  -24.791 0.0000000000
97872  20.081  14.410  -24.140 0.0000000000
96049  20.584  12.373  -23.013 0.0000000000
94165  20.588  10.360  -23.320 0.0000000000
95121  21.271  11.346  -22.245 0.0000000000
94152  21.586  10.631  -20.991 0.0000000000
73851  22.471  -8.333  -17.514 0.0000000000
72653  21.262  -9.568  -16.662 0.0000000000
66689  17.564  -14.329  -13.246 0.0000000000
85750  19.889  2.793  -20.622 0.0000000000
87841  19.895  4.534  -20.422 0.0000000000
88809  20.312  5.480  -19.770 0.0000000000
89834  20.434  7.072  -19.183 0.0000000000
74955  19.553  -7.630  -17.216 0.0000000000
74971  20.670  -6.971  -18.116 0.0000000000
74969  22.720  -7.096  -18.288 0.0000000000
74951  23.273  -7.669  -17.883 0.0000000000
80383  22.909  -2.585  -20.163 0.0000000000
78218  24.147  -4.370  -20.290 0.0000000000
80381  24.314  -3.014  -19.825 0.0000000000
79303  20.829  -3.300  -19.941 0.0000000000
80398  19.983  -2.177  -21.120 0.0000000000
80396  21.357  -2.134  -20.815 0.0000000000
81397  22.079  -1.247  -20.003 0.0000000000
82449  21.873  -0.229  -19.149 0.0000000000
84587  22.097  1.041  -18.087 0.0000000000
85741  20.698  2.589  -19.051 0.0000000000
85727  21.456  2.465  -17.765 0.0000000000
91029  18.712  7.373  -23.226 0.0000000000
94182  18.748  10.562  -25.642 0.0000000000
93177  19.457  9.387  -24.217 0.0000000000
92123  19.862  8.391  -23.195 0.0000000000
91010  19.620  7.290  -22.434 0.0000000000
92090  20.554  8.210  -21.223 0.0000000000
92069  20.957  9.196  -19.954 0.0000000000
70279  19.568  -11.940  -16.012 0.0000000000
72670  20.408  -9.017  -16.933 0.0000000000
76086  24.958  -5.894  -20.187 0.0000000000
76041  24.880  -6.820  -18.798 0.0000000000
88836  18.787  5.703  -21.439 0.0000000000
89868  18.765  6.511  -21.977 0.0000000000
78221  21.334  -4.151  -19.769 0.0000000000
77167  21.654  -4.721  -19.350 0.0000000000
78220  22.179  -4.129  -19.839 0.0000000000
65465  16.969  -15.796  -12.192 0.0000000000
65486  17.286  -15.221  -12.520 0.0000000000
69070  19.575  -13.184  -13.905 0.0000000000
83550  20.018  0.943  -21.514 0.0000000000
83538  20.155  0.488  -20.839 0.0000000000
84614  20.390  1.556  -20.472 0.0000000000
88799  21.047  5.863  -18.056 0.0000000000
93171  17.503  10.297  -23.666 0.0000000000
92126  17.156  9.580  -23.944 0.0000000000
92144  17.449  9.135  -24.467 0.0000000000
93187  17.770  9.327  -24.811 0.0000000000
96048  20.881  11.813  -22.500 0.0000000000
95114  21.514  11.482  -21.385 0.0000000000
73837  22.476  -8.771  -16.655 0.0000000000
69086  18.263  -12.421  -14.955 0.0000000000
86824  19.722  3.482  -20.916 0.0000000000
87842  19.661  4.206  -21.200 0.0000000000
89852  19.979  6.481  -20.787 0.0000000000
88819  19.947  5.596  -20.507 0.0000000000
89835  20.209  6.570  -19.973 0.0000000000
90969  20.604  7.921  -20.021 0.0000000000
130705  17.925  11.102  -23.473 0.0000000000
76045  20.288  -6.168  -18.584 0.0000000000
77125  22.500  -5.837  -18.625 0.0000000000
76043  22.098  -6.123  -18.278 0.0000000000
74952  22.702  -7.892  -18.059 0.0000000000
74968  23.617  -7.142  -18.684 0.0000000000
66688  18.122  -14.550  -13.112 0.0000000000
66670  18.273  -14.862  -12.538 0.0000000000
80372  23.381  -2.263  -19.764 0.0000000000
80382  23.780  -2.897  -20.053 0.0000000000
79285  20.289  -3.560  -19.519 0.0000000000
81416  20.435  -1.471  -21.145 0.0000000000
80397  20.804  -2.210  -21.048 0.0000000000
81415  21.092  -1.690  -21.055 0.0000000000
81406  21.607  -1.441  -20.590 0.0000000000
84603  21.328  1.047  -19.435 0.0000000000
82459  21.657  -0.468  -19.924 0.0000000000
83517  21.589  0.475  -19.306 0.0000000000
83516  21.998  0.452  -18.556 0.0000000000
86823  19.922  3.542  -20.055 0.0000000000
85749  20.291  2.517  -19.966 0.0000000000
86812  20.410  3.505  -19.238 0.0000000000
86789  21.178  3.766  -17.618 0.0000000000
85710  21.998  2.493  -17.268 0.0000000000
91046  17.989  7.986  -23.542 0.0000000000
91030  17.744  7.481  -22.746 0.0000000000
89888  17.024  6.767  -22.202 0.0000000000
96055  20.083  12.403  -24.160 0.0000000000
96940  19.785  13.349  -24.616 0.0000000000
95128  19.629  10.935  -24.545 0.0000000000
93176  20.140  9.405  -23.624 0.0000000000
92110  20.441  8.482  -21.883 0.0000000000
93161  20.766  9.183  -21.892 0.0000000000
93147  21.234  9.878  -20.502 0.0000000000
70292  19.306  -11.164  -16.085 0.0000000000
74954  20.292  -7.626  -17.519 0.0000000000
73854  19.946  -8.286  -16.966 0.0000000000
73853  20.704  -8.341  -17.307 0.0000000000
71456  21.205  -10.767  -15.984 0.0000000000
70290  20.665  -11.336  -16.086 0.0000000000
77164  24.698  -5.129  -20.275 0.0000000000
77163  25.580  -5.259  -20.516 0.0000000000
87852  19.684  4.915  -21.000 0.0000000000
90992  20.300  7.464  -21.183 0.0000000000
76090  20.821  -5.072  -19.204 0.0000000000
76067  21.002  -5.619  -18.847 0.0000000000
76088  21.430  -5.188  -18.981 0.0000000000
77145  22.089  -5.036  -18.826 0.0000000000
77143  23.554  -5.889  -19.453 0.0000000000
67929  18.647  -14.265  -12.984 0.0000000000
67943  19.092  -13.743  -13.424 0.0000000000
69054  19.562  -13.131  -13.010 0.0000000000
81385  23.149  -1.387  -18.547 0.0000000000
81395  23.459  -1.905  -19.213 0.0000000000
82481  19.949  -0.942  -21.186 0.0000000000
82470  20.428  -0.594  -20.877 0.0000000000
82469  21.085  -0.536  -20.538 0.0000000000
83537  20.591  -0.095  -20.457 0.0000000000
84604  20.838  1.577  -19.586 0.0000000000
88800  20.693  5.474  -18.841 0.0000000000
87821  20.655  4.429  -18.629 0.0000000000
88788  21.236  5.453  -17.371 0.0000000000
92136  17.520  8.642  -23.908 0.0000000000
92135  18.201  8.469  -24.062 0.0000000000
96934  20.254  13.410  -23.634 0.0000000000
95127  20.248  11.320  -23.841 0.0000000000
95122  20.917  11.292  -22.978 0.0000000000
94159  21.193  10.492  -22.598 0.0000000000
93169  21.290  10.008  -22.199 0.0000000000
94158  21.503  10.582  -21.877 0.0000000000
73852  21.568  -8.455  -17.461 0.0000000000
72669  20.972  -8.905  -17.183 0.0000000000
73838  21.951  -8.907  -17.037 0.0000000000
72652  21.974  -9.208  -16.659 0.0000000000
66672  16.779  -14.704  -12.579 0.0000000000
67958  18.352  -13.313  -14.365 0.0000000000
69085  19.238  -13.001  -14.860 0.0000000000
69084  20.035  -12.589  -15.302 0.0000000000
85761  19.640  2.307  -21.375 0.0000000000
85760  20.072  2.129  -20.756 0.0000000000
89821  20.539  6.240  -19.252 0.0000000000
90953  21.022  7.799  -18.743 0.0000000000
130706  17.563  10.766  -24.861 0.0000000000
74972  19.814  -7.081  -17.986 0.0000000000
76044  21.171  -6.209  -18.417 0.0000000000
74970  21.588  -6.918  -18.022 0.0000000000
73868  21.861  -7.646  -17.878 0.0000000000
73867  22.257  -7.972  -17.959 0.0000000000
73850  23.025  -8.259  -17.106 0.0000000000
79301  22.571  -3.430  -20.169 0.0000000000
78219  23.125  -4.286  -20.095 0.0000000000
79300  23.519  -3.547  -20.197 0.0000000000
79299  24.546  -3.625  -20.241 0.0000000000
79298  25.144  -3.896  -20.485 0.0000000000
80370  24.520  -2.824  -19.314 0.0000000000
79283  25.455  -3.624  -20.127 0.0000000000
78199  25.774  -4.073  -20.463 0.0000000000
78222  20.652  -4.254  -19.560 0.0000000000
80386  20.528  -2.605  -20.547 0.0000000000
80385  21.211  -2.714  -20.542 0.0000000000
80384  21.984  -2.527  -20.501 0.0000000000
81405  22.352  -1.830  -20.335 0.0000000000
82458  22.105  -0.850  -19.455 0.0000000000
82448  22.354  -0.617  -18.589 0.0000000000
83501  22.500  0.463  -17.583 0.0000000000
84589  20.874  1.971  -18.818 0.0000000000
86802  20.851  3.477  -18.346 0.0000000000
85728  20.999  2.485  -18.330 0.0000000000
84572  21.758  2.007  -17.743 0.0000000000
89886  18.496  6.752  -22.476 0.0000000000
94183  18.235  10.620  -25.934 0.0000000000
95143  18.670  11.249  -25.954 0.0000000000
94174  18.254  9.822  -25.168 0.0000000000
93184  18.812  9.327  -24.607 0.0000000000
92134  19.022  8.435  -24.100 0.0000000000
94166  19.845  10.262  -24.058 0.0000000000
92133  19.728  8.822  -23.903 0.0000000000
92124  19.323  7.884  -23.525 0.0000000000
91028  19.437  7.668  -23.164 0.0000000000
91011  18.944  6.889  -22.606 0.0000000000
90991  20.592  8.092  -20.849 0.0000000000
93160  21.188  9.660  -21.583 0.0000000000
92089  20.768  8.825  -20.938 0.0000000000
92052  21.301  9.031  -18.962 0.0000000000
72654  20.094  -9.803  -16.597 0.0000000000
71469  19.704  -10.579  -16.380 0.0000000000
70291  20.024  -11.386  -16.341 0.0000000000
70278  20.367  -12.040  -15.836 0.0000000000
77165  23.714  -5.254  -19.864 0.0000000000
76064  24.167  -6.258  -19.741 0.0000000000
76085  25.750  -5.897  -20.068 0.0000000000
76063  25.119  -6.725  -19.681 0.0000000000
74982  23.874  -6.860  -19.262 0.0000000000
74950  24.080  -7.071  -18.376 0.0000000000
69099  19.858  -12.341  -15.754 0.0000000000
69100  19.377  -12.375  -15.506 0.0000000000
70277  21.037  -11.528  -15.479 0.0000000000
74967  24.348  -7.030  -19.110 0.0000000000
74981  24.385  -6.813  -19.533 0.0000000000
74983  23.361  -7.008  -18.956 0.0000000000
76042  22.725  -6.219  -18.672 0.0000000000
76068  20.661  -5.366  -18.923 0.0000000000
76087  24.401  -5.657  -20.075 0.0000000000
76089  21.065  -5.156  -19.192 0.0000000000
77126  22.250  -5.555  -18.597 0.0000000000
77144  22.943  -5.544  -18.956 0.0000000000
77169  20.531  -4.870  -19.161 0.0000000000
78200  25.391  -3.980  -20.531 0.0000000000
78216  26.302  -4.574  -20.645 0.0000000000
79284  24.832  -3.218  -19.721 0.0000000000
80371  23.969  -2.473  -19.428 0.0000000000
82482  19.607  -0.644  -21.655 0.0000000000
86801  21.202  3.106  -17.834 0.0000000000
88789  20.854  5.149  -18.114 0.0000000000
91047  17.491  8.189  -23.132 0.0000000000
92109  20.741  9.069  -21.561 0.0000000000
92137  17.221  9.213  -24.076 0.0000000000
92141  18.650  8.959  -24.472 0.0000000000
92142  18.375  8.845  -24.466 0.0000000000
92143  17.863  8.881  -24.485 0.0000000000
93185  18.422  9.227  -24.716 0.0000000000
94184  17.761  10.550  -25.515 0.0000000000
96064  17.789  11.462  -24.316 0.0000000000
