#!ascii label  , from subject sub.01.bl.01 vox2ras=TkReg
676
59490  15.832  -19.993  -8.194 0.1428571492
59475  15.151  -20.568  -7.744 0.1428571492
60777  15.668  -19.064  -9.221 0.1428571492
59474  15.997  -20.421  -7.650 0.1428571492
60759  16.323  -19.496  -8.343 0.2857142985
60760  15.468  -19.665  -8.562 0.1428571492
61986  16.233  -18.381  -10.196 0.5714285970
60775  17.032  -19.157  -9.137 0.1428571492
63125  18.393  -17.883  -9.502 0.2857142985
61971  18.011  -18.194  -9.494 0.2857142985
63138  18.796  -17.157  -9.934 0.1428571492
63124  19.048  -17.507  -9.397 0.2857142985
66651  18.900  -14.464  -10.992 0.2857142985
66631  18.685  -15.110  -11.006 0.1428571492
65444  18.684  -15.775  -10.559 0.2857142985
70228  19.892  -12.514  -12.624 0.2857142985
69017  19.595  -13.021  -10.955 0.2857142985
70227  20.391  -11.843  -12.630 0.2857142985
69053  20.101  -12.533  -13.409 0.2857142985
71424  21.364  -10.847  -14.090 0.2857142985
73837  22.476  -8.771  -16.655 0.8571428657
72640  21.721  -10.084  -15.576 0.4285714328
71425  21.115  -10.948  -13.418 0.2857142985
74951  23.273  -7.669  -17.883 0.7142857313
73850  23.025  -8.259  -17.106 0.7142857313
72652  21.974  -9.208  -16.659 0.7142857313
76041  24.880  -6.820  -18.798 0.8571428657
74950  24.080  -7.071  -18.376 0.5714285970
74968  23.617  -7.142  -18.684 0.8571428657
73851  22.471  -8.333  -17.514 0.7142857313
76084  26.285  -5.790  -19.842 0.4285714328
76063  25.119  -6.725  -19.681 0.7142857313
74982  23.874  -6.860  -19.262 0.8571428657
79282  26.526  -3.741  -20.138 0.2857142985
79283  25.455  -3.624  -20.127 0.5714285970
77163  25.580  -5.259  -20.516 0.8571428657
78217  25.200  -4.363  -20.573 0.7142857313
76086  24.958  -5.894  -20.187 0.8571428657
80356  24.958  -2.571  -18.615 0.1428571492
80369  26.094  -3.092  -19.695 0.1428571492
79271  25.377  -3.035  -19.389 0.4285714328
79298  25.144  -3.896  -20.485 0.5714285970
82439  24.010  -0.582  -17.211 0.1428571492
81373  25.426  -1.563  -17.569 0.1428571492
81383  24.806  -1.919  -18.049 0.1428571492
80357  24.357  -2.460  -18.986 0.4285714328
79299  24.546  -3.625  -20.241 0.8571428657
84552  23.538  1.365  -16.416 0.1428571492
83479  24.000  0.427  -16.681 0.1428571492
83480  23.067  0.655  -16.722 0.1428571492
81375  23.703  -1.230  -17.889 0.1428571492
82440  23.039  -0.650  -17.713 0.4285714328
81395  23.459  -1.905  -19.213 0.5714285970
80372  23.381  -2.263  -19.764 0.7142857313
79300  23.519  -3.547  -20.197 0.8571428657
84553  22.703  1.378  -16.728 0.1428571492
85709  22.693  2.356  -16.754 0.1428571492
83501  22.500  0.463  -17.583 0.1428571492
81396  22.718  -1.586  -19.551 0.8571428657
80382  23.780  -2.897  -20.053 0.8571428657
86787  22.396  3.207  -16.725 0.1428571492
87810  21.742  3.860  -16.503 0.2857142985
84571  22.178  1.618  -17.530 0.1428571492
84572  21.758  2.007  -17.743 0.8571428657
82448  22.354  -0.617  -18.589 0.8571428657
81385  23.149  -1.387  -18.547 0.7142857313
82449  21.873  -0.229  -19.149 0.8571428657
89783  21.697  6.136  -16.882 0.1428571492
89803  21.976  6.752  -16.841 0.1428571492
86788  21.580  3.319  -17.205 0.4285714328
85728  20.999  2.485  -18.330 0.8571428657
85727  21.456  2.465  -17.765 0.8571428657
83517  21.589  0.475  -19.306 0.8571428657
82459  21.657  -0.468  -19.924 0.8571428657
87811  21.234  4.436  -17.032 0.4285714328
84589  20.874  1.971  -18.818 0.8571428657
84588  21.524  1.517  -18.528 0.8571428657
84604  20.838  1.577  -19.586 0.8571428657
89804  21.479  6.561  -17.491 0.1428571492
90937  21.461  7.584  -17.809 0.2857142985
88788  21.236  5.453  -17.371 0.5714285970
88799  21.047  5.863  -18.056 0.8571428657
87812  20.976  4.455  -17.815 0.8571428657
86802  20.851  3.477  -18.346 0.8571428657
85741  20.698  2.589  -19.051 0.8571428657
86812  20.410  3.505  -19.238 0.8571428657
92037  21.604  8.463  -18.134 0.2857142985
89820  20.933  6.658  -18.465 0.7142857313
87831  20.283  4.499  -19.481 0.8571428657
85749  20.291  2.517  -19.966 0.8571428657
89834  20.434  7.072  -19.183 0.8571428657
88809  20.312  5.480  -19.770 0.8571428657
88819  19.947  5.596  -20.507 0.7142857313
90969  20.604  7.921  -20.021 0.8571428657
90970  20.217  7.129  -20.481 0.8571428657
90991  20.592  8.092  -20.849 0.8571428657
89852  19.979  6.481  -20.787 0.7142857313
93147  21.234  9.878  -20.502 0.7142857313
92089  20.768  8.825  -20.938 0.8571428657
93160  21.188  9.660  -21.583 0.8571428657
93161  20.766  9.183  -21.892 0.8571428657
94165  20.588  10.360  -23.320 0.7142857313
89835  20.209  6.570  -19.973 0.8571428657
92090  20.554  8.210  -21.223 0.8571428657
96918  21.217  13.428  -21.160 0.1428571492
93169  21.290  10.008  -22.199 0.8571428657
94159  21.193  10.492  -22.598 0.7142857313
95122  20.917  11.292  -22.978 0.7142857313
93170  20.736  9.478  -22.559 0.8571428657
98742  20.848  15.501  -22.465 0.1428571492
96048  20.881  11.813  -22.500 0.5714285970
96049  20.584  12.373  -23.013 0.5714285970
96055  20.083  12.403  -24.160 0.5714285970
96928  20.561  13.504  -22.718 0.1428571492
99641  20.922  16.595  -23.389 0.1428571492
96940  19.785  13.349  -24.616 0.5714285970
99647  20.114  16.563  -24.165 0.1428571492
100495  20.718  17.345  -24.151 0.1428571492
97872  20.081  14.410  -24.140 0.1428571492
100510  20.808  18.168  -25.917 0.1428571492
100504  20.054  17.573  -24.928 0.1428571492
100505  19.171  17.255  -25.505 0.1428571492
100512  18.727  17.390  -26.407 0.1428571492
58169  15.376  -21.025  -7.240 0.1428571492
60776  16.287  -19.255  -9.269 0.2857142985
60758  17.228  -18.996  -8.306 0.1428571492
61943  17.950  -18.587  -8.357 0.2857142985
61972  17.474  -18.583  -9.786 0.2857142985
66630  19.161  -14.829  -10.363 0.2857142985
65443  19.201  -15.433  -9.966 0.2857142985
65432  19.050  -16.051  -9.962 0.1428571492
70243  21.124  -11.332  -14.187 0.2857142985
70244  20.797  -11.658  -13.838 0.2857142985
72639  22.151  -9.398  -16.068 0.4285714328
76040  25.540  -6.369  -19.006 0.2857142985
73838  21.951  -8.907  -17.037 0.7142857313
78215  27.133  -4.827  -20.567 0.1428571492
77165  23.714  -5.254  -19.864 0.8571428657
80381  24.314  -3.014  -19.825 0.7142857313
85708  23.339  2.658  -16.226 0.1428571492
84587  22.097  1.041  -18.087 0.8571428657
83516  21.998  0.452  -18.556 0.8571428657
82458  22.105  -0.850  -19.455 0.8571428657
84603  21.328  1.047  -19.435 0.8571428657
90953  21.022  7.799  -18.743 0.8571428657
92069  20.957  9.196  -19.954 0.8571428657
94152  21.586  10.631  -20.991 0.8571428657
95121  21.271  11.346  -22.245 0.7142857313
96042  20.692  12.927  -22.378 0.2857142985
97864  20.469  14.460  -23.130 0.1428571492
100509  22.211  18.015  -26.297 0.1428571492
58170  14.842  -21.105  -7.225 0.1428571492
61985  16.962  -18.668  -10.264 0.4285714328
63139  18.120  -17.686  -10.209 0.2857142985
63140  17.424  -18.246  -10.294 0.4285714328
64307  18.708  -16.695  -10.292 0.1428571492
67891  19.423  -13.895  -10.444 0.2857142985
67911  19.006  -13.819  -11.561 0.2857142985
69035  19.497  -12.913  -12.019 0.2857142985
82418  24.748  -0.138  -16.897 0.1428571492
85687  23.997  2.366  -15.918 0.1428571492
87794  22.026  4.803  -16.463 0.1428571492
88772  21.754  5.459  -16.599 0.1428571492
81405  22.352  -1.830  -20.335 1.0000000000
90936  21.997  7.435  -17.062 0.1428571492
92052  21.301  9.031  -18.962 0.2857142985
87841  19.895  4.534  -20.422 0.8571428657
94158  21.503  10.582  -21.877 0.7142857313
96041  20.924  12.368  -21.863 0.4285714328
96027  21.594  12.448  -20.840 0.2857142985
96919  20.789  13.489  -21.953 0.1428571492
97859  20.702  14.384  -22.242 0.1428571492
97873  19.553  14.316  -25.112 0.2857142985
99648  19.345  16.454  -24.952 0.1428571492
99655  18.678  16.351  -25.817 0.1428571492
101296  19.279  18.210  -26.760 0.1428571492
101297  18.802  17.838  -26.907 0.1428571492
101295  20.280  18.488  -26.705 0.1428571492
93135  21.320  10.177  -19.468 0.4285714328
94139  21.581  10.770  -20.117 0.4285714328
95101  21.926  11.570  -20.379 0.4285714328
95114  21.514  11.482  -21.385 0.5714285970
60745  15.218  -20.165  -8.137 0.1428571492
59476  14.446  -20.504  -7.372 0.1428571492
61973  16.039  -18.864  -9.669 0.4285714328
61962  15.129  -18.777  -8.796 0.2857142985
60792  16.501  -18.871  -9.849 0.5714285970
61961  17.681  -18.624  -9.019 0.1428571492
73867  22.257  -7.972  -17.959 0.7142857313
76085  25.750  -5.897  -20.068 0.8571428657
76064  24.167  -6.258  -19.741 0.8571428657
78199  25.774  -4.073  -20.463 0.5714285970
80370  24.520  -2.824  -19.314 0.5714285970
83500  23.271  0.041  -17.137 0.2857142985
81374  24.495  -1.382  -17.659 0.1428571492
85710  21.998  2.493  -17.268 0.5714285970
86789  21.178  3.766  -17.618 0.8571428657
88800  20.693  5.474  -18.841 0.8571428657
87821  20.655  4.429  -18.629 0.8571428657
86823  19.922  3.542  -20.055 0.8571428657
89821  20.539  6.240  -19.252 0.8571428657
97849  21.019  14.341  -21.533 0.1428571492
96934  20.254  13.410  -23.634 0.5714285970
100494  21.592  17.334  -24.028 0.1428571492
98749  20.370  15.516  -23.622 0.1428571492
100503  21.304  17.754  -24.997 0.1428571492
98756  19.734  15.435  -24.552 0.1428571492
100511  19.625  18.056  -25.927 0.1428571492
66618  19.608  -14.831  -9.664 0.1428571492
63152  17.056  -17.879  -10.765 0.4285714328
69054  19.562  -13.131  -13.010 0.5714285970
98757  19.087  15.315  -25.470 0.1428571492
67929  18.647  -14.265  -12.984 0.5714285970
66688  18.122  -14.550  -13.112 0.5714285970
66690  16.951  -13.916  -13.175 0.2857142985
67957  18.971  -13.595  -14.139 0.5714285970
67958  18.352  -13.313  -14.365 0.5714285970
66672  16.779  -14.704  -12.579 0.4285714328
67930  16.369  -13.800  -12.806 0.2857142985
67945  17.534  -13.473  -13.734 0.4285714328
70260  20.747  -12.136  -14.947 0.4285714328
69084  20.035  -12.589  -15.302 0.5714285970
69086  18.263  -12.421  -14.955 0.5714285970
70278  20.367  -12.040  -15.836 0.5714285970
70279  19.568  -11.940  -16.012 0.5714285970
69101  18.861  -12.439  -15.302 0.4285714328
70291  20.024  -11.386  -16.341 0.7142857313
71469  19.704  -10.579  -16.380 0.4285714328
71468  20.498  -10.626  -16.413 0.4285714328
67959  17.741  -12.829  -14.330 0.4285714328
67946  16.505  -13.105  -13.347 0.2857142985
70261  18.200  -11.932  -15.230 0.4285714328
70290  20.665  -11.336  -16.086 0.7142857313
72669  20.972  -8.905  -17.183 0.7142857313
72671  19.544  -9.051  -16.719 0.4285714328
74954  20.292  -7.626  -17.519 0.7142857313
74955  19.553  -7.630  -17.216 0.5714285970
74972  19.814  -7.081  -17.986 0.7142857313
72653  21.262  -9.568  -16.662 0.5714285970
73853  20.704  -8.341  -17.307 0.7142857313
74970  21.588  -6.918  -18.022 0.7142857313
76045  20.288  -6.168  -18.584 0.7142857313
76067  21.002  -5.619  -18.847 0.7142857313
77146  20.117  -5.344  -18.727 0.7142857313
77127  19.685  -5.823  -18.447 0.4285714328
78202  19.784  -4.498  -18.947 0.4285714328
74952  22.702  -7.892  -18.059 0.5714285970
73868  21.861  -7.646  -17.878 0.5714285970
74969  22.720  -7.096  -18.288 0.5714285970
76066  21.620  -5.562  -18.619 0.5714285970
76088  21.430  -5.188  -18.981 0.7142857313
77168  21.000  -4.785  -19.468 0.7142857313
79302  21.690  -3.416  -20.187 0.7142857313
78222  20.652  -4.254  -19.560 0.7142857313
79285  20.289  -3.560  -19.519 0.5714285970
80386  20.528  -2.605  -20.547 0.5714285970
77164  24.698  -5.129  -20.275 0.7142857313
77166  22.663  -4.743  -19.419 0.5714285970
77145  22.089  -5.036  -18.826 0.5714285970
78220  22.179  -4.129  -19.839 0.7142857313
77167  21.654  -4.721  -19.350 0.7142857313
79286  19.644  -3.642  -19.341 0.4285714328
80396  21.357  -2.134  -20.815 0.7142857313
80397  20.804  -2.210  -21.048 0.7142857313
81415  21.092  -1.690  -21.055 0.7142857313
80398  19.983  -2.177  -21.120 0.5714285970
81416  20.435  -1.471  -21.145 0.7142857313
78219  23.125  -4.286  -20.095 0.5714285970
78221  21.334  -4.151  -19.769 0.7142857313
80384  21.984  -2.527  -20.501 0.8571428657
81406  21.607  -1.441  -20.590 0.8571428657
81407  21.014  -1.106  -21.035 0.7142857313
83539  19.765  -0.018  -21.328 0.2857142985
80383  22.909  -2.585  -20.163 0.7142857313
84623  20.022  1.471  -21.175 0.7142857313
81397  22.079  -1.247  -20.003 0.7142857313
82469  21.085  -0.536  -20.538 0.8571428657
82470  20.428  -0.594  -20.877 0.8571428657
83537  20.591  -0.095  -20.457 0.8571428657
83550  20.018  0.943  -21.514 0.5714285970
84614  20.390  1.556  -20.472 0.8571428657
85760  20.072  2.129  -20.756 0.8571428657
85761  19.640  2.307  -21.375 0.7142857313
83526  21.023  0.454  -20.073 0.8571428657
83527  20.669  1.040  -20.283 0.8571428657
85750  19.889  2.793  -20.622 0.8571428657
86824  19.722  3.482  -20.916 0.7142857313
90992  20.300  7.464  -21.183 0.7142857313
89867  19.460  6.539  -21.431 0.7142857313
89868  18.765  6.511  -21.977 0.7142857313
91010  19.620  7.290  -22.434 0.7142857313
92110  20.441  8.482  -21.883 0.7142857313
92123  19.862  8.391  -23.195 0.7142857313
91028  19.437  7.668  -23.164 0.7142857313
92134  19.022  8.435  -24.100 0.7142857313
93184  18.812  9.327  -24.607 0.7142857313
92135  18.201  8.469  -24.062 0.5714285970
93176  20.140  9.405  -23.624 0.7142857313
93177  19.457  9.387  -24.217 0.7142857313
93186  18.119  9.190  -24.791 0.5714285970
94173  19.167  10.184  -24.880 0.4285714328
94174  18.254  9.822  -25.168 0.5714285970
93187  17.770  9.327  -24.811 0.5714285970
94166  19.845  10.262  -24.058 0.5714285970
92144  17.449  9.135  -24.467 0.5714285970
94182  18.748  10.562  -25.642 0.5714285970
94183  18.235  10.620  -25.934 0.5714285970
93178  17.473  9.817  -24.644 0.5714285970
92126  17.156  9.580  -23.944 0.4285714328
92125  17.216  9.005  -23.136 0.4285714328
93171  17.503  10.297  -23.666 0.5714285970
95143  18.670  11.249  -25.954 0.5714285970
93148  17.381  9.546  -21.013 0.4285714328
92112  16.696  8.183  -20.976 0.4285714328
93162  17.530  9.799  -22.211 0.5714285970
95116  18.092  11.097  -21.448 0.4285714328
73825  22.643  -8.779  -15.690 0.2857142985
77143  23.554  -5.889  -19.453 0.5714285970
94160  18.299  11.822  -23.377 0.2857142985
94154  18.247  10.915  -22.447 0.4285714328
66670  18.273  -14.862  -12.538 0.5714285970
65486  17.286  -15.221  -12.520 0.5714285970
69070  19.575  -13.184  -13.905 0.4285714328
66689  17.564  -14.329  -13.246 0.5714285970
69069  20.176  -12.637  -14.404 0.5714285970
69087  17.425  -12.148  -14.455 0.4285714328
70280  18.597  -11.672  -15.595 0.4285714328
70292  19.306  -11.164  -16.085 0.5714285970
69072  16.335  -12.042  -13.745 0.2857142985
70262  17.738  -11.626  -15.039 0.2857142985
72654  20.094  -9.803  -16.597 0.5714285970
74939  23.376  -7.624  -16.884 0.2857142985
73869  18.658  -7.710  -16.898 0.2857142985
82471  19.877  -0.364  -21.067 0.7142857313
88835  19.436  5.643  -21.018 0.7142857313
92136  17.520  8.642  -23.908 0.5714285970
95128  19.629  10.935  -24.545 0.5714285970
95127  20.248  11.320  -23.841 0.5714285970
130706  17.563  10.766  -24.861 0.5714285970
130707  17.689  11.335  -25.064 0.2857142985
70293  18.748  -10.843  -15.994 0.4285714328
76065  23.347  -6.443  -19.090 0.7142857313
73852  21.568  -8.455  -17.461 0.5714285970
78218  24.147  -4.370  -20.290 0.7142857313
79301  22.571  -3.430  -20.169 0.7142857313
71456  21.205  -10.767  -15.984 0.5714285970
87842  19.661  4.206  -21.200 0.7142857313
67943  19.092  -13.743  -13.424 0.5714285970
67944  18.353  -14.014  -13.669 0.5714285970
69085  19.238  -13.001  -14.860 0.5714285970
65465  16.969  -15.796  -12.192 0.5714285970
69071  17.139  -12.570  -13.879 0.4285714328
72655  19.152  -9.823  -16.445 0.4285714328
72670  20.408  -9.017  -16.933 0.7142857313
73854  19.946  -8.286  -16.966 0.5714285970
73855  19.061  -8.270  -16.838 0.4285714328
72672  18.702  -9.055  -16.664 0.4285714328
74953  21.096  -7.668  -17.736 0.7142857313
74971  20.670  -6.971  -18.116 0.7142857313
74973  19.062  -7.082  -17.385 0.2857142985
76043  22.098  -6.123  -18.278 0.7142857313
76044  21.171  -6.209  -18.417 0.7142857313
76090  20.821  -5.072  -19.204 0.7142857313
77125  22.500  -5.837  -18.625 0.5714285970
79303  20.829  -3.300  -19.941 0.7142857313
80385  21.211  -2.714  -20.542 0.7142857313
79304  19.707  -2.808  -20.171 0.2857142985
82481  19.949  -0.942  -21.186 0.5714285970
81424  19.367  -1.482  -22.320 0.2857142985
83538  20.155  0.488  -20.839 0.8571428657
92133  19.728  8.822  -23.903 0.8571428657
130705  17.925  11.102  -23.473 0.5714285970
94140  17.663  10.521  -21.383 0.4285714328
71440  17.132  -10.768  -15.068 0.1428571492
71457  18.158  -10.656  -15.906 0.4285714328
61974  15.540  -18.392  -9.521 0.4285714328
70209  20.514  -11.683  -11.521 0.1428571492
70210  19.971  -12.198  -12.028 0.1428571492
72623  21.807  -10.272  -14.697 0.1428571492
72622  22.357  -9.438  -14.826 0.1428571492
71407  20.895  -11.107  -12.796 0.1428571492
71386  20.754  -11.372  -12.178 0.1428571492
71406  21.524  -10.281  -12.928 0.1428571492
76018  23.775  -6.884  -16.498 0.2857142985
76028  24.549  -6.546  -18.048 0.1428571492
87852  19.684  4.915  -21.000 0.5714285970
102112  19.367  19.639  -28.454 0.1428571492
86835  19.279  3.434  -21.567 0.4285714328
102113  18.404  19.542  -28.319 0.1428571492
100513  18.486  16.941  -27.012 0.1428571492
87854  18.718  5.052  -22.024 0.4285714328
88836  18.787  5.703  -21.439 0.5714285970
89869  18.244  6.246  -22.234 0.4285714328
97892  17.534  15.075  -26.370 0.2857142985
96951  18.459  13.024  -25.526 0.2857142985
96072  18.513  12.116  -25.584 0.2857142985
96950  18.745  13.344  -25.954 0.2857142985
87869  16.574  5.344  -21.359 0.1428571492
89886  18.496  6.752  -22.476 0.5714285970
92124  19.323  7.884  -23.525 0.5714285970
96952  18.003  13.902  -25.251 0.2857142985
95134  19.217  11.293  -25.272 0.4285714328
89888  17.024  6.767  -22.202 0.4285714328
91030  17.744  7.481  -22.746 0.5714285970
89889  16.109  6.866  -21.771 0.4285714328
91032  16.278  7.417  -21.619 0.2857142985
96064  17.789  11.462  -24.316 0.1428571492
96942  18.432  12.983  -24.319 0.1428571492
91014  15.521  7.432  -20.747 0.1428571492
94153  18.475  12.084  -22.405 0.1428571492
130708  18.425  12.654  -23.135 0.1428571492
97874  18.187  14.101  -24.307 0.1428571492
92113  16.040  8.027  -20.756 0.2857142985
95115  18.262  11.733  -21.489 0.2857142985
96012  17.258  12.137  -19.646 0.1428571492
96043  18.436  12.378  -21.738 0.1428571492
130709  18.434  13.228  -23.293 0.1428571492
96028  18.384  12.535  -20.855 0.1428571492
130710  18.441  13.236  -22.280 0.1428571492
130711  18.845  14.026  -21.227 0.1428571492
61987  15.663  -17.881  -10.068 0.4285714328
65446  14.968  -15.794  -10.442 0.2857142985
69034  19.928  -12.362  -11.349 0.1428571492
73809  22.730  -8.594  -14.886 0.1428571492
87853  19.250  4.653  -21.676 0.2857142985
96941  19.329  13.279  -25.497 0.2857142985
96943  18.123  13.935  -24.727 0.2857142985
96961  18.381  13.843  -26.193 0.2857142985
97866  18.149  14.804  -24.049 0.2857142985
64323  15.096  -16.635  -10.191 0.2857142985
64306  19.197  -16.651  -9.721 0.1428571492
67890  19.875  -13.224  -10.229 0.1428571492
76029  23.850  -7.008  -17.497 0.1428571492
73836  23.054  -8.244  -16.286 0.1428571492
89872  14.855  6.927  -20.466 0.1428571492
86847  19.018  3.837  -22.128 0.4285714328
88853  16.401  6.093  -21.582 0.2857142985
91046  17.989  7.986  -23.542 0.5714285970
96061  19.500  12.358  -24.999 0.4285714328
97883  17.461  14.657  -25.692 0.2857142985
96962  17.862  14.073  -26.078 0.2857142985
97890  18.503  14.265  -26.336 0.2857142985
98780  17.779  16.448  -27.216 0.1428571492
99665  17.418  17.174  -27.131 0.1428571492
100520  18.401  17.254  -27.466 0.1428571492
97865  18.326  14.049  -23.417 0.2857142985
97875  17.631  14.697  -24.795 0.2857142985
99667  18.110  16.681  -27.504 0.1428571492
100522  18.214  17.616  -27.977 0.1428571492
98766  18.466  15.335  -26.340 0.1428571492
99664  18.263  16.457  -27.115 0.1428571492
77124  25.257  -6.253  -18.478 0.2857142985
98776  17.217  16.005  -25.964 0.2857142985
97882  19.172  14.248  -26.082 0.2857142985
63153  16.066  -17.561  -10.594 0.4285714328
95133  19.720  11.657  -24.578 0.4285714328
88837  18.349  5.668  -21.955 0.4285714328
91011  18.944  6.889  -22.606 0.5714285970
91029  18.712  7.373  -23.226 0.5714285970
91045  18.494  8.051  -23.761 0.5714285970
96062  18.974  12.254  -25.606 0.2857142985
95103  17.617  11.497  -20.670 0.2857142985
91031  17.060  7.766  -22.202 0.5714285970
95135  17.908  11.577  -25.756 0.2857142985
96063  17.990  11.929  -25.190 0.2857142985
72605  21.964  -9.976  -13.882 0.1428571492
71385  21.257  -10.914  -11.790 0.1428571492
73793  22.769  -8.687  -14.101 0.1428571492
87867  18.128  4.763  -22.289 0.2857142985
88852  17.085  5.843  -22.094 0.2857142985
89887  17.873  6.596  -22.466 0.4285714328
89870  15.882  6.260  -21.034 0.2857142985
91012  16.751  7.862  -21.522 0.4285714328
63155  14.913  -17.066  -9.836 0.2857142985
73808  23.003  -7.989  -14.469 0.1428571492
97891  18.089  14.609  -26.484 0.2857142985
98774  18.026  15.772  -26.875 0.2857142985
99668  17.833  16.946  -27.661 0.1428571492
81417  19.738  -1.491  -21.522 0.2857142985
130715  18.004  17.032  -23.192 0.1428571492
98760  17.308  15.503  -24.952 0.1428571492
101270  17.438  18.130  -23.384 0.1428571492
130712  18.994  15.031  -21.246 0.1428571492
100482  18.069  17.450  -22.682 0.1428571492
98759  18.071  16.130  -24.093 0.1428571492
99649  17.319  16.167  -24.976 0.1428571492
130713  18.625  14.976  -22.270 0.1428571492
98758  18.396  15.653  -23.106 0.1428571492
130714  18.395  16.432  -22.571 0.1428571492
98750  18.318  15.104  -23.404 0.1428571492
100458  18.453  17.994  -20.831 0.1428571492
100470  18.356  17.497  -21.806 0.1428571492
99598  19.079  16.328  -20.779 0.1428571492
101256  18.120  18.676  -21.595 0.1428571492
101282  16.765  18.983  -23.859 0.1428571492
71439  21.468  -10.888  -15.097 0.2857142985
99658  17.218  16.458  -25.469 0.1428571492
99657  17.186  17.281  -24.757 0.1428571492
70277  21.037  -11.528  -15.479 0.4285714328
65464  17.817  -15.911  -12.009 0.4285714328
64331  17.948  -16.228  -11.614 0.2857142985
65484  18.216  -15.419  -12.107 0.2857142985
65463  18.304  -15.728  -11.468 0.1428571492
64320  17.273  -17.060  -11.282 0.2857142985
67928  19.099  -13.721  -12.573 0.2857142985
64332  17.477  -16.393  -11.657 0.4285714328
66652  18.584  -14.826  -11.728 0.1428571492
64319  18.087  -16.681  -11.079 0.1428571492
67912  18.697  -14.298  -12.297 0.2857142985
66671  17.636  -14.887  -12.775 0.4285714328
65485  17.720  -15.402  -12.423 0.2857142985
64334  16.238  -16.506  -11.183 0.2857142985
64322  15.724  -16.600  -10.747 0.2857142985
64333  16.738  -16.478  -11.503 0.2857142985
65466  15.997  -15.805  -11.292 0.2857142985
66653  16.424  -15.256  -11.957 0.2857142985
71470  19.112  -10.510  -16.185 0.2857142985
72656  18.379  -9.533  -16.421 0.2857142985
76046  19.442  -6.411  -18.114 0.1428571492
78189  18.893  -5.216  -18.258 0.1428571492
78188  19.419  -5.168  -18.416 0.2857142985
80415  19.545  -2.351  -23.019 0.1428571492
82488  19.376  -0.552  -22.537 0.1428571492
84624  19.847  1.322  -21.848 0.1428571492
83555  19.427  0.331  -22.757 0.1428571492
85771  19.455  1.629  -22.107 0.1428571492
85762  19.072  2.299  -21.985 0.1428571492
86849  17.686  3.992  -21.866 0.1428571492
88851  17.814  5.643  -22.249 0.1428571492
87868  17.226  4.826  -21.724 0.1428571492
92111  17.290  8.628  -21.619 0.1428571492
93149  16.675  9.441  -20.369 0.1428571492
93151  14.882  9.136  -20.249 0.1428571492
94141  16.993  10.368  -20.574 0.1428571492
94142  15.834  10.166  -20.247 0.1428571492
63141  15.199  -17.623  -9.624 0.2857142985
85763  18.509  2.314  -21.761 0.1428571492
63126  14.945  -17.915  -8.926 0.2857142985
70281  17.788  -11.008  -15.512 0.2857142985
71471  18.567  -10.219  -16.217 0.2857142985
78203  18.456  -4.440  -18.739 0.1428571492
79317  18.526  -2.737  -20.928 0.1428571492
79316  19.215  -2.522  -21.440 0.1428571492
79360  20.177  -2.736  -23.984 0.1428571492
81435  19.389  -1.521  -23.361 0.1428571492
82496  19.212  -0.456  -23.205 0.1428571492
83561  19.084  0.229  -23.157 0.1428571492
86836  18.704  3.128  -21.703 0.1428571492
93150  15.716  9.252  -20.422 0.1428571492
92091  17.159  8.754  -20.606 0.1428571492
72641  17.498  -9.481  -15.892 0.2857142985
64321  16.494  -17.067  -11.093 0.2857142985
79287  19.146  -3.851  -18.959 0.1428571492
83551  19.729  0.395  -21.899 0.1428571492
92094  14.484  8.283  -20.015 0.1428571492
87866  18.762  4.415  -22.182 0.1428571492
65445  15.566  -16.067  -10.825 0.2857142985
73839  17.652  -8.659  -16.312 0.1428571492
81452  19.404  -1.488  -24.477 0.1428571492
64295  14.070  -16.815  -9.082 0.1428571492
63142  14.635  -17.210  -9.271 0.1428571492
64296  13.451  -16.806  -8.769 0.1428571492
64308  14.496  -16.414  -9.690 0.1428571492
76062  25.939  -5.983  -19.441 0.1428571492
77123  26.279  -5.544  -18.604 0.1428571492
94110  21.781  10.755  -19.017 0.1428571492
61963  14.400  -18.388  -8.477 0.1428571492
65433  14.544  -15.926  -9.899 0.1428571492
65467  15.242  -15.108  -11.198 0.1428571492
66673  16.013  -14.055  -12.327 0.1428571492
93120  21.835  10.153  -18.638 0.1428571492
95085  21.909  11.255  -19.891 0.1428571492
67931  15.510  -13.253  -12.668 0.1428571492
92051  22.328  9.337  -18.098 0.1428571492
77141  26.789  -5.614  -19.633 0.1428571492
69088  16.915  -12.018  -14.091 0.1428571492
63154  15.405  -17.263  -10.223 0.1428571492
63127  14.065  -17.503  -8.696 0.1428571492
64309  13.656  -16.266  -9.233 0.1428571492
66654  15.874  -14.709  -11.773 0.1428571492
59491  15.532  -20.190  -8.067 0.1428571492
60791  16.886  -19.058  -9.753 0.1428571492
64310  13.154  -16.296  -8.875 0.1428571492
69099  19.858  -12.341  -15.754 0.5714285970
69100  19.377  -12.375  -15.506 0.5714285970
70259  21.166  -11.456  -14.614 0.2857142985
71472  17.916  -9.896  -16.170 0.2857142985
72673  18.210  -9.049  -16.551 0.2857142985
73856  18.030  -8.432  -16.679 0.1428571492
74956  19.092  -7.661  -17.011 0.2857142985
74967  24.348  -7.030  -19.110 0.8571428657
74981  24.385  -6.813  -19.533 0.7142857313
74983  23.361  -7.008  -18.956 0.8571428657
76042  22.725  -6.219  -18.672 0.5714285970
76061  26.344  -5.792  -19.562 0.1428571492
76068  20.661  -5.366  -18.923 0.7142857313
76087  24.401  -5.657  -20.075 0.8571428657
76089  21.065  -5.156  -19.192 0.7142857313
77126  22.250  -5.555  -18.597 0.5714285970
77128  19.150  -5.752  -18.124 0.1428571492
77142  26.368  -5.797  -19.312 0.1428571492
77144  22.943  -5.544  -18.956 0.5714285970
77161  27.205  -5.265  -20.203 0.1428571492
77162  26.497  -5.420  -20.374 0.4285714328
77169  20.531  -4.870  -19.161 0.7142857313
78200  25.391  -3.980  -20.531 0.5714285970
78201  20.152  -4.143  -19.383 0.4285714328
78216  26.302  -4.574  -20.645 0.5714285970
78223  20.322  -4.502  -19.289 0.4285714328
79272  24.880  -3.041  -19.202 0.4285714328
79284  24.832  -3.218  -19.721 0.5714285970
79347  19.926  -2.825  -23.599 0.1428571492
79361  19.765  -3.030  -23.991 0.1428571492
79362  19.179  -3.084  -23.711 0.1428571492
80342  25.704  -2.089  -18.045 0.1428571492
80343  25.203  -2.062  -18.025 0.1428571492
80371  23.969  -2.473  -19.428 0.7142857313
80414  19.946  -2.308  -23.740 0.1428571492
80425  19.865  -1.846  -24.539 0.1428571492
80426  19.942  -2.274  -24.334 0.1428571492
80427  19.305  -2.666  -24.259 0.1428571492
80437  19.649  -1.875  -24.600 0.1428571492
80438  19.367  -2.148  -24.734 0.1428571492
80444  19.272  -1.663  -24.777 0.1428571492
80445  18.868  -1.764  -24.650 0.1428571492
81384  24.108  -1.885  -18.579 0.4285714328
81434  19.907  -1.899  -23.914 0.1428571492
81443  19.685  -1.674  -24.350 0.1428571492
81444  19.489  -1.518  -24.087 0.1428571492
81445  19.223  -0.973  -23.572 0.1428571492
81456  18.881  -1.232  -24.372 0.1428571492
82482  19.607  -0.644  -21.655 0.5714285970
84625  18.772  1.913  -22.123 0.1428571492
84631  19.639  1.037  -22.460 0.1428571492
85688  23.194  2.023  -16.346 0.1428571492
86786  23.155  3.067  -16.474 0.1428571492
86801  21.202  3.106  -17.834 0.8571428657
88789  20.854  5.149  -18.114 0.8571428657
89890  15.851  7.130  -21.299 0.2857142985
91013  16.193  7.677  -21.180 0.4285714328
91033  15.954  7.348  -21.245 0.1428571492
91047  17.491  8.189  -23.132 0.5714285970
92092  16.320  8.662  -20.563 0.1428571492
92093  15.384  8.360  -20.474 0.1428571492
92109  20.741  9.069  -21.561 0.8571428657
92137  17.221  9.213  -24.076 0.5714285970
92141  18.650  8.959  -24.472 0.5714285970
92142  18.375  8.845  -24.466 0.5714285970
92143  17.863  8.881  -24.485 0.5714285970
93185  18.422  9.227  -24.716 0.5714285970
94124  22.150  11.147  -19.149 0.1428571492
94125  21.813  10.983  -19.516 0.1428571492
94143  15.321  9.625  -20.200 0.1428571492
94184  17.761  10.550  -25.515 0.7142857313
95084  22.439  11.633  -19.566 0.1428571492
95144  17.997  11.320  -26.064 0.2857142985
95145  17.721  11.233  -25.539 0.2857142985
96073  18.233  11.870  -25.619 0.2857142985
96960  18.580  13.824  -26.243 0.2857142985
97876  17.121  15.086  -25.387 0.2857142985
97884  17.067  15.254  -25.945 0.2857142985
97893  17.321  15.554  -26.216 0.2857142985
98729  20.831  14.922  -21.839 0.1428571492
98767  18.224  15.977  -26.753 0.1428571492
98768  17.124  15.685  -25.476 0.1428571492
98773  18.233  14.936  -26.526 0.2857142985
98779  17.955  16.443  -27.363 0.1428571492
99656  18.402  16.372  -26.641 0.1428571492
100519  18.619  17.490  -27.078 0.1428571492
101269  17.966  18.142  -22.378 0.1428571492
101306  18.461  17.776  -27.744 0.1428571492
102114  17.913  19.278  -28.221 0.1428571492
102117  18.169  18.902  -28.422 0.1428571492
130623  18.609  -1.007  -24.040 0.1428571492
130631  19.133  -1.124  -24.198 0.1428571492
130716  16.835  18.416  -24.288 0.1428571492
