#!ascii label  , from subject sub.01.dh.02t2 vox2ras=TkReg
1208
53651  -3.893  -37.575  60.336 0.0000000000
57596  -30.733  -34.262  50.234 0.0000000000
64677  -28.772  -30.167  49.319 0.0000000000
60817  -23.050  -31.273  53.416 0.0000000000
74096  -32.876  -21.558  38.871 0.0000000000
71803  -26.910  -22.828  43.231 0.0000000000
56267  -30.849  -34.290  56.267 0.0000000000
56391  -27.222  -34.496  52.183 0.0000000000
76248  -37.957  -19.146  41.443 0.0000000000
78329  -41.360  -17.291  38.973 0.0000000000
79445  -42.961  -15.279  37.147 0.0000000000
71695  -28.001  -24.351  51.839 0.0000000000
68203  -26.056  -26.717  46.819 0.0000000000
73954  -29.640  -20.774  49.091 0.0000000000
72889  -32.437  -21.208  46.968 0.0000000000
60828  -16.198  -31.677  52.416 0.0000000000
51244  -2.219  -39.567  62.477 0.0000000000
62119  -31.572  -31.841  50.161 0.0000000000
68111  -29.824  -26.734  54.271 0.0000000000
63357  -18.904  -30.092  48.868 0.0000000000
59806  -24.046  -32.996  46.443 0.0000000000
80676  -40.922  -15.472  31.541 0.0000000000
83793  -43.618  -11.990  36.152 0.0000000000
72963  -31.060  -22.099  40.667 0.0000000000
72924  -35.966  -21.604  44.431 0.0000000000
56253  -6.719  -36.096  56.356 0.0000000000
45303  -0.821  -45.211  59.620 0.0000000000
77320  -39.102  -18.096  40.314 0.0000000000
73928  -27.643  -21.616  50.106 0.0000000000
57551  -15.488  -35.029  51.135 0.0000000000
52446  -2.991  -38.836  61.289 0.0000000000
58708  -31.755  -33.765  47.967 0.0000000000
58672  -31.867  -33.112  50.103 0.0000000000
60857  -21.602  -30.268  51.270 0.0000000000
62130  -22.145  -31.468  47.548 0.0000000000
59762  -24.133  -31.887  50.199 0.0000000000
57558  -28.526  -34.646  51.571 0.0000000000
57617  -27.322  -34.752  48.577 0.0000000000
57620  -28.905  -35.693  48.579 0.0000000000
60795  -21.345  -30.724  55.297 0.0000000000
62075  -19.901  -30.216  52.713 0.0000000000
77379  -36.789  -18.206  35.196 0.0000000000
79493  -39.057  -16.334  32.601 0.0000000000
82773  -43.135  -13.480  36.768 0.0000000000
69436  -25.845  -24.950  44.629 0.0000000000
72961  -29.004  -22.271  41.457 0.0000000000
72912  -34.231  -21.596  45.227 0.0000000000
57514  -12.753  -35.360  54.086 0.0000000000
56276  -10.567  -35.493  55.881 0.0000000000
56233  -9.072  -35.440  57.326 0.0000000000
56295  -8.512  -36.673  53.739 0.0000000000
46558  -1.744  -44.828  58.644 0.0000000000
56372  -30.318  -34.070  53.401 0.0000000000
58626  -31.988  -32.611  53.750 0.0000000000
58584  -32.106  -32.581  56.004 0.0000000000
58581  -24.707  -32.429  56.346 0.0000000000
59728  -25.242  -33.037  52.792 0.0000000000
56284  -27.152  -33.795  55.001 0.0000000000
55055  -28.676  -34.610  54.162 0.0000000000
74089  -35.676  -21.179  40.006 0.0000000000
76288  -37.105  -18.828  39.057 0.0000000000
78349  -38.013  -17.535  37.603 0.0000000000
78363  -39.295  -17.023  36.559 0.0000000000
80623  -39.609  -15.503  35.142 0.0000000000
77360  -42.400  -16.696  37.642 0.0000000000
68153  -28.074  -26.896  50.596 0.0000000000
65869  -26.722  -28.791  47.302 0.0000000000
70558  -26.654  -24.582  48.895 0.0000000000
71762  -26.666  -23.293  47.459 0.0000000000
72906  -27.960  -21.796  45.968 0.0000000000
72908  -30.067  -21.282  45.480 0.0000000000
73986  -31.057  -20.772  47.644 0.0000000000
58606  -15.438  -33.405  53.859 0.0000000000
56358  -14.155  -35.693  52.334 0.0000000000
84815  -44.379  -11.599  31.348 0.0000000000
51221  -0.978  -39.143  62.870 0.0000000000
60898  -32.222  -32.993  46.941 0.0000000000
63349  -30.438  -30.672  49.726 0.0000000000
62077  -32.085  -31.111  52.625 0.0000000000
64655  -30.873  -30.403  52.083 0.0000000000
65817  -28.938  -28.552  51.505 0.0000000000
70488  -28.818  -25.457  52.937 0.0000000000
58667  -25.711  -33.413  49.607 0.0000000000
64618  -18.141  -29.540  54.797 0.0000000000
62099  -17.270  -30.879  50.708 0.0000000000
81716  -40.904  -14.474  34.990 0.0000000000
82793  -41.632  -12.997  33.980 0.0000000000
83820  -43.084  -12.118  32.378 0.0000000000
85755  -44.544  -10.371  34.087 0.0000000000
52520  -3.778  -39.539  56.466 0.0000000000
51354  -2.748  -40.426  58.094 0.0000000000
73012  -32.093  -22.469  39.304 0.0000000000
72920  -31.437  -21.390  44.075 0.0000000000
70645  -33.524  -22.567  42.583 0.0000000000
72967  -34.940  -21.961  41.344 0.0000000000
74034  -36.656  -20.838  42.508 0.0000000000
53714  -5.540  -36.476  58.459 0.0000000000
48885  -2.114  -41.389  60.439 0.0000000000
47636  -1.400  -41.937  60.997 0.0000000000
48867  -0.246  -41.969  60.978 0.0000000000
52447  -3.393  -38.248  60.888 0.0000000000
57622  -30.529  -34.693  48.990 0.0000000000
57623  -31.341  -34.154  48.540 0.0000000000
57577  -31.231  -33.921  50.884 0.0000000000
60830  -21.978  -30.580  52.726 0.0000000000
60858  -22.188  -30.595  50.660 0.0000000000
59747  -23.593  -31.565  52.069 0.0000000000
58652  -29.865  -34.340  51.098 0.0000000000
57594  -28.962  -35.103  49.478 0.0000000000
58687  -29.818  -34.919  49.476 0.0000000000
57644  -30.217  -35.462  47.837 0.0000000000
59696  -23.275  -31.548  56.138 0.0000000000
60783  -21.988  -30.836  56.797 0.0000000000
60806  -22.041  -30.916  54.966 0.0000000000
60815  -21.406  -30.539  53.308 0.0000000000
78416  -38.766  -16.927  32.885 0.0000000000
62147  -29.632  -31.531  47.519 0.0000000000
63373  -28.232  -30.676  47.846 0.0000000000
70642  -26.222  -23.889  43.919 0.0000000000
70662  -26.551  -24.168  42.673 0.0000000000
71804  -27.586  -22.345  42.774 0.0000000000
56325  -12.087  -35.755  53.192 0.0000000000
57496  -11.557  -35.538  54.291 0.0000000000
56324  -11.084  -35.940  53.586 0.0000000000
56275  -9.869  -35.677  55.578 0.0000000000
56322  -9.276  -36.642  53.109 0.0000000000
56312  -30.674  -34.164  54.750 0.0000000000
57504  -31.402  -33.358  54.641 0.0000000000
58595  -31.583  -33.272  55.851 0.0000000000
58565  -25.364  -33.075  57.729 0.0000000000
57465  -25.956  -33.264  56.192 0.0000000000
57466  -26.439  -33.635  56.615 0.0000000000
54976  -29.690  -34.567  56.466 0.0000000000
55011  -28.367  -34.563  55.968 0.0000000000
55013  -29.312  -34.711  55.212 0.0000000000
56340  -29.479  -34.472  53.814 0.0000000000
75188  -36.796  -20.317  40.984 0.0000000000
75206  -36.301  -20.423  40.037 0.0000000000
75189  -37.676  -19.380  40.686 0.0000000000
77330  -39.799  -18.103  39.357 0.0000000000
77342  -38.494  -18.512  38.869 0.0000000000
77357  -39.386  -17.812  37.987 0.0000000000
78350  -38.983  -17.501  37.477 0.0000000000
78351  -40.157  -17.609  37.651 0.0000000000
78364  -40.555  -16.856  36.739 0.0000000000
77344  -41.733  -17.227  38.416 0.0000000000
70530  -27.754  -25.403  51.169 0.0000000000
69369  -27.505  -26.249  49.601 0.0000000000
70541  -27.128  -24.933  49.961 0.0000000000
73953  -28.238  -21.262  48.929 0.0000000000
72874  -26.799  -22.458  48.541 0.0000000000
72875  -27.485  -21.736  48.190 0.0000000000
72895  -27.047  -22.362  47.122 0.0000000000
73983  -28.406  -21.353  47.199 0.0000000000
73996  -29.568  -21.043  47.117 0.0000000000
73975  -30.429  -20.802  48.351 0.0000000000
62045  -16.407  -30.602  54.142 0.0000000000
60793  -15.643  -31.970  54.708 0.0000000000
59723  -15.587  -32.676  53.536 0.0000000000
57531  -15.178  -34.886  51.869 0.0000000000
85775  -45.458  -10.551  31.758 0.0000000000
85781  -46.319  -10.639  30.859 0.0000000000
51223  -1.703  -39.243  62.924 0.0000000000
58709  -31.924  -33.335  48.521 0.0000000000
59809  -32.208  -33.185  47.585 0.0000000000
60886  -31.776  -32.761  48.601 0.0000000000
62149  -31.233  -32.228  47.983 0.0000000000
63350  -31.100  -31.299  49.830 0.0000000000
60807  -32.311  -31.766  54.820 0.0000000000
59741  -32.199  -32.176  53.237 0.0000000000
63285  -32.254  -30.614  54.320 0.0000000000
66914  -30.275  -27.551  54.673 0.0000000000
64632  -30.894  -29.574  53.994 0.0000000000
65800  -30.079  -28.821  53.241 0.0000000000
64653  -29.868  -29.275  52.142 0.0000000000
66937  -29.435  -27.943  53.113 0.0000000000
68131  -28.859  -26.998  52.714 0.0000000000
68110  -29.498  -26.302  53.794 0.0000000000
60897  -23.402  -32.514  46.844 0.0000000000
57536  -26.418  -33.969  52.584 0.0000000000
59750  -25.544  -33.274  51.115 0.0000000000
57574  -26.585  -34.059  50.889 0.0000000000
57640  -27.036  -35.022  47.550 0.0000000000
64607  -19.368  -29.700  55.476 0.0000000000
63325  -19.214  -29.778  50.977 0.0000000000
63324  -18.391  -30.009  51.189 0.0000000000
62112  -18.114  -30.536  49.298 0.0000000000
59776  -17.100  -32.858  48.971 0.0000000000
79443  -41.778  -15.700  36.423 0.0000000000
80637  -40.123  -14.739  34.581 0.0000000000
80625  -41.419  -15.027  35.948 0.0000000000
83801  -43.344  -12.763  36.403 0.0000000000
82783  -42.318  -12.815  35.356 0.0000000000
83799  -42.608  -12.218  35.001 0.0000000000
83819  -42.429  -12.504  32.829 0.0000000000
83805  -42.868  -11.782  34.501 0.0000000000
84807  -44.004  -10.912  33.784 0.0000000000
84794  -44.093  -10.994  35.632 0.0000000000
67016  -26.314  -27.882  46.731 0.0000000000
64707  -27.126  -29.885  46.874 0.0000000000
71886  -31.467  -23.007  38.798 0.0000000000
72987  -31.638  -22.301  40.087 0.0000000000
72900  -31.970  -21.012  46.239 0.0000000000
72919  -30.277  -21.434  44.370 0.0000000000
72910  -32.485  -21.263  45.471 0.0000000000
72913  -35.043  -21.414  45.228 0.0000000000
72923  -34.197  -21.799  44.257 0.0000000000
71795  -34.705  -22.190  43.840 0.0000000000
70667  -34.278  -22.735  42.173 0.0000000000
72938  -35.565  -22.046  42.979 0.0000000000
72951  -36.178  -21.432  42.510 0.0000000000
74014  -36.359  -21.259  43.984 0.0000000000
56232  -8.098  -35.609  57.422 0.0000000000
54967  -7.227  -35.819  58.221 0.0000000000
53715  -6.474  -36.108  58.778 0.0000000000
54942  -5.997  -36.342  57.898 0.0000000000
53732  -4.880  -37.630  56.497 0.0000000000
55001  -5.710  -36.997  55.524 0.0000000000
50163  -2.643  -41.500  57.861 0.0000000000
50137  -2.494  -41.105  58.871 0.0000000000
48919  -2.455  -42.170  58.612 0.0000000000
46537  -1.192  -44.982  59.340 0.0000000000
47664  -1.607  -43.077  59.884 0.0000000000
47663  -0.885  -43.332  60.038 0.0000000000
47635  -1.014  -42.057  61.001 0.0000000000
46503  -0.155  -43.521  60.808 0.0000000000
56216  -27.330  -34.520  58.434 0.0000000000
77296  -38.267  -18.065  42.639 0.0000000000
77319  -38.472  -18.562  40.937 0.0000000000
77310  -39.007  -17.675  41.034 0.0000000000
72828  -27.115  -22.740  50.719 0.0000000000
58649  -16.277  -33.581  50.686 0.0000000000
58635  -15.934  -33.484  51.771 0.0000000000
52361  -3.568  -37.640  63.263 0.0000000000
51245  -2.724  -38.956  62.122 0.0000000000
57624  -31.759  -33.611  48.752 0.0000000000
59781  -32.018  -32.416  50.307 0.0000000000
69291  -29.967  -25.395  55.006 0.0000000000
62113  -20.024  -29.831  49.665 0.0000000000
62128  -20.754  -30.536  48.082 0.0000000000
62103  -21.705  -30.410  49.772 0.0000000000
60873  -22.895  -31.036  49.105 0.0000000000
59778  -24.486  -32.414  48.786 0.0000000000
56392  -27.686  -34.583  51.938 0.0000000000
56425  -27.468  -34.356  50.226 0.0000000000
56410  -28.141  -34.646  50.451 0.0000000000
56448  -28.368  -35.898  48.814 0.0000000000
56463  -29.353  -35.865  46.855 0.0000000000
62028  -20.928  -30.581  56.431 0.0000000000
62036  -20.196  -30.383  54.958 0.0000000000
62047  -20.710  -30.564  54.691 0.0000000000
62088  -20.015  -29.981  51.727 0.0000000000
77378  -36.326  -18.400  35.782 0.0000000000
80664  -40.236  -15.551  31.852 0.0000000000
80603  -43.685  -14.770  37.893 0.0000000000
80612  -42.764  -14.884  36.920 0.0000000000
68222  -25.715  -26.032  45.538 0.0000000000
71835  -28.944  -22.728  40.813 0.0000000000
72962  -29.847  -22.168  40.735 0.0000000000
73989  -34.010  -20.844  47.219 0.0000000000
72902  -33.835  -21.392  46.252 0.0000000000
73997  -34.369  -21.162  46.487 0.0000000000
56278  -13.973  -35.009  54.437 0.0000000000
57479  -13.077  -34.719  55.166 0.0000000000
57441  -10.932  -34.747  57.214 0.0000000000
56256  -9.853  -35.443  56.572 0.0000000000
56255  -8.962  -35.588  56.359 0.0000000000
54987  -7.612  -36.483  55.047 0.0000000000
55023  -6.596  -37.535  54.246 0.0000000000
55046  -7.521  -37.903  53.374 0.0000000000
57560  -30.649  -34.148  52.024 0.0000000000
57561  -31.142  -33.884  51.879 0.0000000000
57522  -31.233  -33.448  53.650 0.0000000000
58610  -31.935  -32.530  54.708 0.0000000000
59713  -24.021  -32.198  54.693 0.0000000000
59726  -24.173  -32.277  53.658 0.0000000000
58607  -24.732  -32.691  54.279 0.0000000000
57501  -26.047  -33.369  54.194 0.0000000000
56335  -26.912  -34.305  53.465 0.0000000000
57467  -27.476  -34.249  56.189 0.0000000000
56309  -27.823  -34.367  54.831 0.0000000000
56367  -27.543  -34.552  52.901 0.0000000000
56369  -28.675  -34.661  52.915 0.0000000000
57539  -29.611  -34.476  52.430 0.0000000000
59682  -24.006  -31.813  56.786 0.0000000000
74088  -34.864  -21.259  39.765 0.0000000000
75224  -33.611  -21.060  37.877 0.0000000000
75205  -35.147  -20.589  39.391 0.0000000000
76286  -35.298  -19.236  38.367 0.0000000000
77352  -35.590  -18.521  37.448 0.0000000000
76277  -38.092  -18.794  39.661 0.0000000000
77341  -37.543  -18.436  38.711 0.0000000000
78360  -36.557  -17.774  37.389 0.0000000000
78361  -37.052  -17.455  36.875 0.0000000000
78377  -37.261  -17.378  35.898 0.0000000000
78388  -37.889  -16.802  34.524 0.0000000000
79468  -38.438  -16.054  34.188 0.0000000000
79441  -39.914  -16.504  35.961 0.0000000000
78365  -41.549  -16.447  36.824 0.0000000000
78366  -42.340  -16.143  36.918 0.0000000000
78331  -42.649  -16.712  38.810 0.0000000000
80602  -43.526  -15.278  38.182 0.0000000000
65826  -27.605  -28.375  49.732 0.0000000000
65852  -27.687  -29.604  48.642 0.0000000000
66976  -27.413  -27.432  49.427 0.0000000000
68166  -27.147  -26.328  48.893 0.0000000000
69410  -26.073  -25.553  47.276 0.0000000000
71726  -26.557  -23.760  49.344 0.0000000000
70575  -26.391  -24.216  48.021 0.0000000000
70593  -26.097  -24.955  47.007 0.0000000000
70608  -26.218  -24.099  46.145 0.0000000000
71782  -26.694  -23.053  45.565 0.0000000000
72916  -27.284  -22.311  44.542 0.0000000000
74009  -28.419  -21.377  44.114 0.0000000000
72907  -28.846  -21.198  45.670 0.0000000000
72887  -30.649  -20.948  46.973 0.0000000000
73987  -31.974  -20.947  47.694 0.0000000000
73977  -32.328  -20.842  48.504 0.0000000000
73988  -32.895  -21.045  47.641 0.0000000000
57483  -15.205  -33.658  55.010 0.0000000000
57532  -15.568  -34.309  52.090 0.0000000000
57516  -15.384  -34.182  53.332 0.0000000000
56301  -14.561  -35.016  54.009 0.0000000000
56327  -13.960  -35.658  53.190 0.0000000000
62148  -30.515  -31.716  47.901 0.0000000000
63359  -29.712  -30.546  48.945 0.0000000000
58655  -32.000  -32.687  52.071 0.0000000000
59752  -32.131  -32.240  51.865 0.0000000000
62090  -31.820  -31.288  51.770 0.0000000000
64644  -31.316  -30.469  52.802 0.0000000000
63327  -31.295  -30.834  51.690 0.0000000000
63337  -30.534  -30.540  50.527 0.0000000000
64669  -29.475  -30.052  50.312 0.0000000000
64668  -28.788  -29.648  49.974 0.0000000000
66956  -28.369  -27.664  51.286 0.0000000000
69341  -28.122  -25.952  51.462 0.0000000000
70487  -28.390  -24.848  52.356 0.0000000000
70476  -29.256  -25.232  53.760 0.0000000000
70464  -28.847  -24.295  54.044 0.0000000000
59748  -24.268  -31.998  51.577 0.0000000000
59763  -25.248  -32.746  50.041 0.0000000000
59791  -25.101  -33.142  48.016 0.0000000000
57616  -26.780  -34.165  48.814 0.0000000000
58727  -25.832  -34.172  47.254 0.0000000000
63267  -16.782  -29.887  55.167 0.0000000000
63296  -16.831  -30.593  53.498 0.0000000000
63284  -19.337  -29.949  54.230 0.0000000000
63310  -17.394  -30.301  52.256 0.0000000000
60841  -16.603  -31.559  51.690 0.0000000000
59760  -16.774  -32.812  50.273 0.0000000000
80651  -38.676  -15.603  33.712 0.0000000000
81727  -39.822  -14.574  33.711 0.0000000000
81744  -40.483  -13.946  33.006 0.0000000000
81717  -41.673  -13.870  35.581 0.0000000000
81729  -41.220  -13.605  34.337 0.0000000000
82809  -40.891  -13.623  32.611 0.0000000000
82830  -42.074  -13.876  31.481 0.0000000000
82825  -42.940  -12.790  31.834 0.0000000000
82831  -43.160  -13.336  31.055 0.0000000000
83821  -43.867  -11.782  31.869 0.0000000000
85770  -44.791  -10.667  32.671 0.0000000000
52495  -3.895  -37.878  58.464 0.0000000000
52482  -3.029  -38.547  59.232 0.0000000000
51369  -3.193  -39.882  57.357 0.0000000000
73013  -32.859  -21.893  39.682 0.0000000000
72932  -29.114  -21.466  43.516 0.0000000000
72933  -30.601  -21.401  43.122 0.0000000000
72946  -31.095  -21.760  41.779 0.0000000000
72921  -32.966  -21.501  45.037 0.0000000000
72935  -32.891  -21.884  43.248 0.0000000000
72947  -32.217  -22.070  42.005 0.0000000000
71837  -32.909  -22.408  41.235 0.0000000000
71863  -33.696  -22.389  40.997 0.0000000000
74067  -33.865  -21.523  39.974 0.0000000000
74069  -35.255  -21.494  40.545 0.0000000000
72993  -36.420  -21.134  41.671 0.0000000000
75172  -37.028  -20.132  41.923 0.0000000000
53652  -4.756  -36.682  60.671 0.0000000000
53674  -5.733  -36.384  60.072 0.0000000000
53694  -4.479  -37.301  58.714 0.0000000000
52521  -4.385  -38.421  57.063 0.0000000000
52541  -4.611  -38.793  55.861 0.0000000000
51314  -2.689  -39.649  60.191 0.0000000000
51292  -2.672  -39.510  60.966 0.0000000000
50071  -2.304  -40.077  61.823 0.0000000000
48899  -2.157  -42.706  59.338 0.0000000000
48870  -1.872  -41.677  60.844 0.0000000000
48835  -1.659  -40.842  61.459 0.0000000000
48833  -0.841  -40.445  61.988 0.0000000000
50069  -0.593  -40.413  61.707 0.0000000000
45301  -0.143  -44.770  60.185 0.0000000000
47661  0.064  -43.197  60.660 0.0000000000
53635  -4.859  -36.661  61.526 0.0000000000
57597  -31.181  -34.024  49.794 0.0000000000
60831  -22.835  -31.075  52.618 0.0000000000
59737  -23.578  -31.607  53.091 0.0000000000
58671  -30.325  -34.345  50.695 0.0000000000
58670  -29.831  -34.556  50.273 0.0000000000
58688  -30.257  -34.569  49.830 0.0000000000
58707  -30.218  -34.798  49.362 0.0000000000
59724  -22.699  -31.303  54.726 0.0000000000
59711  -22.619  -31.228  55.570 0.0000000000
60816  -22.358  -30.937  53.801 0.0000000000
78400  -38.234  -17.213  33.452 0.0000000000
63358  -29.092  -30.598  48.769 0.0000000000
63374  -28.937  -31.033  48.114 0.0000000000
64692  -28.180  -30.291  48.420 0.0000000000
71817  -26.913  -23.387  42.444 0.0000000000
71818  -27.463  -22.940  42.107 0.0000000000
56354  -10.852  -36.762  52.573 0.0000000000
56323  -10.077  -36.373  53.384 0.0000000000
56289  -30.784  -34.212  55.489 0.0000000000
57488  -31.181  -33.716  55.168 0.0000000000
57470  -31.245  -33.840  56.030 0.0000000000
57428  -25.699  -33.573  58.155 0.0000000000
57447  -25.846  -33.425  57.202 0.0000000000
57448  -26.246  -33.889  57.592 0.0000000000
54977  -30.020  -34.685  55.971 0.0000000000
54995  -29.674  -34.730  55.632 0.0000000000
54996  -30.032  -34.706  55.387 0.0000000000
56287  -30.061  -34.602  54.797 0.0000000000
75173  -37.339  -19.710  41.342 0.0000000000
75207  -37.150  -19.625  40.163 0.0000000000
78328  -40.417  -17.623  39.436 0.0000000000
77343  -39.502  -18.138  38.566 0.0000000000
78338  -40.432  -17.724  38.688 0.0000000000
78339  -41.155  -17.322  38.209 0.0000000000
70507  -27.705  -24.745  51.407 0.0000000000
70542  -27.504  -25.273  50.589 0.0000000000
70529  -27.377  -24.726  50.809 0.0000000000
73973  -28.353  -21.213  47.881 0.0000000000
73974  -29.350  -20.962  48.192 0.0000000000
62059  -16.558  -30.950  53.258 0.0000000000
60814  -15.908  -31.758  53.512 0.0000000000
59736  -15.792  -32.581  52.539 0.0000000000
86708  -46.047  -9.841  32.407 0.0000000000
85776  -46.134  -10.429  31.424 0.0000000000
85772  -46.362  -9.909  31.986 0.0000000000
52380  -2.486  -38.501  63.151 0.0000000000
52379  -2.085  -38.639  63.392 0.0000000000
51224  -2.084  -39.352  62.851 0.0000000000
60875  -31.622  -32.449  49.540 0.0000000000
62133  -31.305  -32.304  49.125 0.0000000000
63351  -31.395  -31.647  50.028 0.0000000000
62048  -32.383  -31.223  54.567 0.0000000000
63271  -32.388  -30.706  55.404 0.0000000000
66928  -30.302  -28.257  54.281 0.0000000000
66927  -29.955  -27.905  53.976 0.0000000000
66938  -29.740  -28.031  53.540 0.0000000000
68122  -29.604  -27.457  53.709 0.0000000000
68121  -29.288  -26.789  53.465 0.0000000000
60882  -18.108  -31.259  48.306 0.0000000000
60883  -18.947  -31.296  47.589 0.0000000000
56390  -26.793  -34.336  52.355 0.0000000000
57557  -26.447  -34.086  51.738 0.0000000000
56407  -26.890  -34.355  51.549 0.0000000000
63347  -19.146  -29.851  49.260 0.0000000000
63335  -18.344  -29.983  50.216 0.0000000000
62126  -18.570  -30.417  48.768 0.0000000000
81770  -41.154  -15.017  31.526 0.0000000000
79444  -42.484  -15.457  36.759 0.0000000000
79459  -41.946  -15.307  36.369 0.0000000000
79460  -42.153  -15.391  36.504 0.0000000000
83800  -43.061  -12.214  35.509 0.0000000000
84793  -43.611  -11.504  35.462 0.0000000000
84796  -43.434  -11.419  34.635 0.0000000000
67036  -25.919  -27.418  45.866 0.0000000000
72985  -29.850  -22.725  40.047 0.0000000000
71884  -30.221  -23.433  39.201 0.0000000000
72986  -30.519  -22.577  39.803 0.0000000000
73011  -31.208  -22.701  39.300 0.0000000000
72901  -32.896  -21.343  46.264 0.0000000000
71786  -35.682  -21.648  44.646 0.0000000000
71796  -35.261  -22.089  44.071 0.0000000000
71809  -35.210  -22.340  43.117 0.0000000000
71810  -35.496  -22.029  43.704 0.0000000000
72939  -35.809  -21.745  43.383 0.0000000000
56231  -6.990  -35.809  57.352 0.0000000000
56207  -6.989  -35.965  57.878 0.0000000000
56230  -6.373  -36.152  57.064 0.0000000000
54984  -5.493  -36.907  56.174 0.0000000000
54985  -6.145  -36.544  55.817 0.0000000000
48935  -2.624  -42.735  57.480 0.0000000000
46520  -0.760  -44.332  59.902 0.0000000000
47662  -0.496  -43.762  60.252 0.0000000000
46519  -0.241  -44.131  60.500 0.0000000000
72811  -27.857  -22.040  51.798 0.0000000000
52404  -3.706  -37.974  62.250 0.0000000000
52382  -3.668  -37.795  62.779 0.0000000000
52403  -3.155  -38.363  62.378 0.0000000000
52427  -3.060  -38.660  61.895 0.0000000000
57645  -30.932  -35.068  47.689 0.0000000000
57598  -31.599  -33.573  49.489 0.0000000000
58689  -31.846  -33.293  49.229 0.0000000000
62102  -21.106  -30.041  50.390 0.0000000000
62114  -20.885  -30.064  49.162 0.0000000000
60859  -23.106  -31.185  50.271 0.0000000000
60860  -23.431  -31.450  49.652 0.0000000000
60874  -23.627  -31.629  48.941 0.0000000000
56393  -28.142  -34.600  51.544 0.0000000000
56409  -27.817  -34.469  50.896 0.0000000000
56394  -28.387  -34.541  50.912 0.0000000000
56428  -28.457  -35.523  49.268 0.0000000000
57619  -28.162  -35.748  48.246 0.0000000000
56462  -29.010  -35.711  46.942 0.0000000000
57643  -29.401  -35.712  47.591 0.0000000000
60796  -21.946  -30.904  55.895 0.0000000000
60782  -21.399  -30.716  56.170 0.0000000000
60768  -21.538  -30.676  57.057 0.0000000000
62037  -20.811  -30.580  55.566 0.0000000000
60842  -21.505  -30.273  52.081 0.0000000000
62076  -20.810  -30.192  52.541 0.0000000000
62089  -20.887  -29.950  51.469 0.0000000000
62101  -20.106  -29.798  50.722 0.0000000000
69427  -25.879  -24.900  45.597 0.0000000000
68239  -25.735  -25.968  44.235 0.0000000000
71834  -28.264  -22.797  41.344 0.0000000000
73979  -34.425  -20.285  48.229 0.0000000000
73999  -36.110  -20.872  46.282 0.0000000000
56277  -13.483  -35.145  54.390 0.0000000000
57498  -12.839  -35.134  54.602 0.0000000000
57477  -11.399  -35.448  55.265 0.0000000000
57478  -12.148  -35.105  55.435 0.0000000000
57458  -11.049  -35.190  56.397 0.0000000000
57457  -10.287  -35.299  56.852 0.0000000000
56257  -10.445  -35.373  56.457 0.0000000000
56296  -9.175  -36.145  54.053 0.0000000000
56274  -9.012  -35.788  55.178 0.0000000000
56273  -8.332  -36.297  54.734 0.0000000000
56254  -7.855  -35.991  56.007 0.0000000000
55004  -7.824  -36.865  54.311 0.0000000000
55025  -8.013  -37.319  53.554 0.0000000000
57540  -30.223  -34.220  52.567 0.0000000000
57541  -30.764  -33.780  52.829 0.0000000000
57521  -30.745  -33.819  53.671 0.0000000000
58596  -31.729  -32.880  55.290 0.0000000000
58597  -32.058  -32.447  55.494 0.0000000000
59697  -23.945  -32.144  55.738 0.0000000000
58593  -24.701  -32.594  55.246 0.0000000000
57485  -26.603  -33.505  55.585 0.0000000000
57484  -26.072  -33.207  55.151 0.0000000000
57502  -26.642  -33.601  54.569 0.0000000000
57520  -26.503  -33.833  53.544 0.0000000000
56307  -27.004  -34.096  54.105 0.0000000000
56241  -27.793  -34.532  57.444 0.0000000000
56240  -27.166  -34.374  57.269 0.0000000000
55032  -28.348  -34.533  54.828 0.0000000000
56337  -27.896  -34.561  53.879 0.0000000000
56368  -28.100  -34.656  52.730 0.0000000000
56338  -28.425  -34.633  53.579 0.0000000000
56341  -30.007  -34.292  53.920 0.0000000000
56370  -29.247  -34.581  53.054 0.0000000000
56371  -29.813  -34.364  53.224 0.0000000000
58564  -24.685  -32.317  57.737 0.0000000000
75204  -34.518  -20.955  39.297 0.0000000000
76275  -36.694  -19.454  39.446 0.0000000000
76274  -35.744  -19.747  39.120 0.0000000000
76287  -36.221  -18.936  38.581 0.0000000000
76298  -35.662  -18.784  38.080 0.0000000000
75190  -38.179  -18.900  40.255 0.0000000000
76264  -38.622  -18.589  40.011 0.0000000000
77355  -37.867  -17.998  38.264 0.0000000000
78347  -36.700  -17.908  37.812 0.0000000000
78348  -37.198  -17.691  37.745 0.0000000000
78362  -38.099  -17.110  36.747 0.0000000000
78378  -38.089  -16.720  35.699 0.0000000000
78379  -39.052  -16.487  35.751 0.0000000000
78352  -41.385  -17.022  37.502 0.0000000000
78353  -42.145  -16.653  37.344 0.0000000000
79428  -43.129  -15.921  38.190 0.0000000000
66967  -27.620  -27.574  50.042 0.0000000000
65825  -27.414  -28.210  49.490 0.0000000000
69368  -27.217  -25.544  49.394 0.0000000000
68183  -26.470  -26.537  48.037 0.0000000000
69386  -26.522  -25.339  48.285 0.0000000000
71708  -26.855  -23.812  50.333 0.0000000000
72852  -26.787  -22.587  49.439 0.0000000000
72884  -26.938  -22.448  47.774 0.0000000000
71744  -26.501  -23.344  48.389 0.0000000000
70594  -26.328  -24.379  47.182 0.0000000000
70607  -26.094  -24.719  46.691 0.0000000000
72896  -27.777  -21.831  46.716 0.0000000000
71773  -26.834  -22.887  46.542 0.0000000000
71783  -27.181  -22.266  45.760 0.0000000000
71794  -27.078  -22.464  45.204 0.0000000000
72917  -27.706  -21.835  44.839 0.0000000000
72897  -28.643  -21.320  46.454 0.0000000000
73985  -30.077  -20.940  47.428 0.0000000000
72886  -30.235  -20.956  46.996 0.0000000000
72888  -31.534  -21.008  46.969 0.0000000000
73957  -32.613  -20.713  49.358 0.0000000000
73978  -33.402  -20.536  48.571 0.0000000000
59709  -15.570  -32.333  54.507 0.0000000000
59694  -15.521  -32.331  55.146 0.0000000000
58580  -15.312  -32.992  55.548 0.0000000000
58592  -15.360  -33.241  54.779 0.0000000000
57552  -15.801  -34.314  50.953 0.0000000000
56359  -14.696  -35.134  52.281 0.0000000000
57515  -15.153  -34.639  52.602 0.0000000000
56329  -14.903  -34.736  53.402 0.0000000000
56328  -14.421  -35.243  53.162 0.0000000000
56300  -14.232  -35.356  53.748 0.0000000000
51242  -0.909  -39.532  62.382 0.0000000000
59808  -32.166  -33.388  46.939 0.0000000000
60919  -31.982  -32.725  47.153 0.0000000000
62132  -30.839  -31.803  48.942 0.0000000000
62131  -30.613  -31.324  48.715 0.0000000000
63360  -30.389  -30.921  48.807 0.0000000000
57542  -31.360  -33.413  52.584 0.0000000000
57562  -31.595  -33.471  51.595 0.0000000000
58641  -31.962  -32.614  52.750 0.0000000000
60832  -32.292  -31.628  52.858 0.0000000000
60845  -32.024  -31.568  52.084 0.0000000000
60861  -32.080  -31.684  51.270 0.0000000000
64643  -30.640  -29.689  53.220 0.0000000000
64633  -31.256  -30.046  53.678 0.0000000000
64656  -31.253  -30.657  52.242 0.0000000000
63313  -31.453  -30.761  52.319 0.0000000000
63338  -30.908  -30.791  50.825 0.0000000000
64662  -30.829  -30.573  51.408 0.0000000000
64660  -29.700  -29.399  51.556 0.0000000000
65828  -29.129  -29.237  50.962 0.0000000000
65827  -28.398  -28.775  50.463 0.0000000000
65816  -28.480  -28.400  51.137 0.0000000000
69328  -28.730  -26.047  52.557 0.0000000000
68130  -28.496  -26.651  51.937 0.0000000000
70509  -28.349  -25.489  52.133 0.0000000000
69305  -29.622  -25.372  54.463 0.0000000000
70466  -29.756  -24.864  55.144 0.0000000000
71664  -28.396  -23.557  53.317 0.0000000000
62129  -21.604  -30.958  47.758 0.0000000000
62143  -20.792  -31.006  47.102 0.0000000000
62144  -21.586  -31.496  46.876 0.0000000000
59727  -24.738  -32.698  53.117 0.0000000000
59738  -24.217  -32.114  52.631 0.0000000000
59739  -24.777  -32.643  52.230 0.0000000000
59764  -25.727  -33.447  50.411 0.0000000000
59779  -25.278  -33.029  49.018 0.0000000000
56445  -27.643  -34.663  49.413 0.0000000000
57592  -26.867  -33.984  49.931 0.0000000000
63282  -17.271  -29.897  54.160 0.0000000000
62044  -16.780  -30.334  53.932 0.0000000000
62060  -19.804  -30.255  53.548 0.0000000000
63299  -19.103  -29.999  52.950 0.0000000000
63334  -17.794  -30.337  50.664 0.0000000000
63311  -18.272  -29.950  52.121 0.0000000000
63323  -17.641  -30.349  51.371 0.0000000000
62087  -16.996  -30.910  51.483 0.0000000000
60855  -16.945  -31.782  50.827 0.0000000000
60870  -17.084  -32.109  49.911 0.0000000000
79469  -38.825  -15.829  34.823 0.0000000000
80635  -38.694  -15.610  34.147 0.0000000000
81743  -39.843  -14.701  32.714 0.0000000000
81728  -40.509  -14.092  34.084 0.0000000000
81705  -43.103  -14.042  37.052 0.0000000000
80627  -42.668  -14.270  36.793 0.0000000000
81718  -42.364  -13.706  36.370 0.0000000000
82782  -41.750  -13.111  34.759 0.0000000000
82810  -41.237  -13.264  33.134 0.0000000000
82823  -41.275  -13.723  32.061 0.0000000000
82811  -41.980  -12.705  33.303 0.0000000000
82824  -42.259  -13.015  32.242 0.0000000000
83823  -43.234  -12.651  31.636 0.0000000000
83824  -43.754  -12.339  31.284 0.0000000000
84812  -44.317  -11.150  32.505 0.0000000000
85765  -44.697  -10.556  33.137 0.0000000000
85756  -45.203  -9.872  34.423 0.0000000000
52506  -3.801  -39.047  57.666 0.0000000000
65851  -27.096  -28.738  48.483 0.0000000000
64691  -27.395  -29.629  47.906 0.0000000000
73023  -32.532  -22.074  39.115 0.0000000000
72918  -29.047  -21.191  44.593 0.0000000000
74022  -28.733  -21.364  43.854 0.0000000000
74010  -28.855  -21.274  44.048 0.0000000000
72934  -32.004  -21.564  42.976 0.0000000000
72911  -33.333  -21.518  45.522 0.0000000000
72922  -33.507  -21.613  44.649 0.0000000000
71807  -33.768  -22.393  43.184 0.0000000000
72936  -33.522  -21.784  43.718 0.0000000000
71806  -33.271  -22.316  42.938 0.0000000000
71819  -32.693  -22.308  42.036 0.0000000000
71836  -32.692  -22.328  41.642 0.0000000000
70686  -33.273  -22.504  41.673 0.0000000000
71839  -34.710  -22.312  41.565 0.0000000000
72966  -34.374  -22.181  41.054 0.0000000000
72989  -33.756  -21.874  40.380 0.0000000000
72990  -34.662  -21.784  40.788 0.0000000000
74068  -34.401  -21.546  40.164 0.0000000000
72991  -35.182  -21.640  41.108 0.0000000000
72952  -36.444  -21.176  42.351 0.0000000000
72969  -36.095  -21.457  41.729 0.0000000000
74051  -36.625  -20.756  41.759 0.0000000000
75155  -37.140  -20.163  42.901 0.0000000000
53696  -6.593  -36.133  59.455 0.0000000000
53695  -5.540  -36.400  59.234 0.0000000000
53713  -4.823  -37.247  57.679 0.0000000000
53747  -5.247  -37.775  55.199 0.0000000000
51336  -2.831  -39.071  58.848 0.0000000000
51315  -2.751  -39.139  59.498 0.0000000000
51335  -2.684  -39.951  59.100 0.0000000000
48900  -2.267  -41.754  59.583 0.0000000000
50113  -2.393  -40.752  59.891 0.0000000000
50091  -2.370  -40.517  60.978 0.0000000000
48871  -2.078  -41.213  60.887 0.0000000000
47692  -2.245  -43.995  58.146 0.0000000000
47675  -2.031  -43.711  59.071 0.0000000000
47651  -1.379  -42.384  60.584 0.0000000000
47652  -1.777  -42.392  60.444 0.0000000000
48869  -1.585  -41.769  60.984 0.0000000000
48854  -1.698  -41.313  61.125 0.0000000000
48834  -1.364  -40.671  61.677 0.0000000000
48853  -1.384  -41.396  61.210 0.0000000000
48868  -0.473  -42.230  60.867 0.0000000000
48852  -0.753  -41.088  61.381 0.0000000000
48851  -0.385  -41.145  61.252 0.0000000000
50068  -0.424  -40.573  61.570 0.0000000000
45321  -0.143  -45.451  59.461 0.0000000000
46518  0.105  -44.267  60.304 0.0000000000
52428  -3.578  -38.120  61.618 0.0000000000
57578  -31.609  -33.494  50.537 0.0000000000
60843  -22.225  -30.577  51.789 0.0000000000
60844  -22.955  -31.075  51.409 0.0000000000
59761  -23.625  -31.533  51.101 0.0000000000
57559  -28.831  -34.564  51.003 0.0000000000
56411  -28.496  -34.774  50.037 0.0000000000
57575  -28.952  -34.672  50.175 0.0000000000
58686  -29.369  -34.983  49.453 0.0000000000
57595  -29.405  -35.305  49.175 0.0000000000
57621  -29.836  -35.354  48.706 0.0000000000
58706  -30.159  -34.998  49.157 0.0000000000
59681  -23.206  -31.503  57.110 0.0000000000
59695  -22.562  -31.180  56.497 0.0000000000
60805  -21.380  -30.680  54.324 0.0000000000
77387  -37.310  -18.331  34.369 0.0000000000
70624  -26.336  -23.974  45.071 0.0000000000
69450  -25.976  -25.089  43.475 0.0000000000
72944  -28.386  -22.109  42.367 0.0000000000
57513  -12.252  -35.501  53.853 0.0000000000
57512  -11.736  -35.620  53.695 0.0000000000
56298  -10.765  -35.735  54.869 0.0000000000
56297  -10.019  -36.029  54.479 0.0000000000
56321  -8.704  -37.256  52.935 0.0000000000
56342  -30.493  -34.103  54.089 0.0000000000
57503  -30.994  -33.811  54.314 0.0000000000
57489  -31.483  -33.294  55.226 0.0000000000
59699  -31.922  -32.858  56.108 0.0000000000
58582  -25.353  -32.896  56.838 0.0000000000
58594  -25.327  -33.003  55.744 0.0000000000
56262  -26.973  -33.801  56.009 0.0000000000
54992  -28.347  -34.472  56.942 0.0000000000
54993  -28.786  -34.551  56.440 0.0000000000
55012  -28.823  -34.657  55.509 0.0000000000
55033  -28.944  -34.639  54.728 0.0000000000
55056  -29.125  -34.584  54.172 0.0000000000
55035  -29.619  -34.571  54.541 0.0000000000
56311  -30.231  -34.398  54.494 0.0000000000
75187  -36.459  -20.679  40.630 0.0000000000
76276  -37.489  -19.074  39.636 0.0000000000
77321  -39.845  -17.848  39.777 0.0000000000
77329  -39.091  -18.482  39.437 0.0000000000
77356  -38.748  -17.904  38.170 0.0000000000
77359  -42.103  -16.907  37.782 0.0000000000
69340  -27.816  -25.743  51.028 0.0000000000
68152  -27.704  -26.670  49.994 0.0000000000
69355  -27.690  -25.855  50.406 0.0000000000
69354  -27.384  -25.468  49.900 0.0000000000
72853  -27.267  -21.855  48.868 0.0000000000
72885  -27.606  -21.725  47.423 0.0000000000
73994  -28.474  -21.395  46.827 0.0000000000
73984  -29.165  -21.075  47.469 0.0000000000
62035  -16.052  -30.536  55.191 0.0000000000
60804  -15.850  -31.362  54.473 0.0000000000
60803  -15.713  -32.052  54.158 0.0000000000
84816  -45.289  -10.928  31.324 0.0000000000
84820  -44.960  -11.715  30.395 0.0000000000
84817  -45.979  -10.710  30.991 0.0000000000
84821  -46.131  -10.948  30.383 0.0000000000
51222  -1.274  -39.323  62.646 0.0000000000
58728  -31.964  -33.877  47.233 0.0000000000
59792  -31.998  -33.110  48.186 0.0000000000
60899  -32.073  -32.906  47.472 0.0000000000
62150  -31.645  -32.657  47.965 0.0000000000
63361  -31.171  -31.845  49.591 0.0000000000
59729  -32.196  -32.188  54.270 0.0000000000
60818  -32.341  -31.696  53.891 0.0000000000
62062  -32.377  -31.102  53.567 0.0000000000
65783  -30.969  -29.144  54.454 0.0000000000
65792  -30.519  -28.978  53.948 0.0000000000
65801  -30.415  -29.198  53.452 0.0000000000
64642  -30.340  -29.372  52.972 0.0000000000
64654  -30.192  -29.498  52.406 0.0000000000
65809  -29.982  -29.092  52.718 0.0000000000
65808  -29.665  -28.818  52.455 0.0000000000
66947  -28.976  -27.971  52.339 0.0000000000
66957  -28.689  -27.925  51.821 0.0000000000
69329  -29.000  -26.400  53.028 0.0000000000
69319  -29.171  -25.967  53.303 0.0000000000
70454  -29.498  -24.323  55.320 0.0000000000
60896  -22.567  -31.949  47.073 0.0000000000
58624  -25.900  -33.441  52.873 0.0000000000
59740  -25.362  -33.183  52.031 0.0000000000
58636  -25.960  -33.670  51.911 0.0000000000
58650  -26.026  -33.825  51.051 0.0000000000
58668  -26.218  -33.724  50.199 0.0000000000
57618  -27.677  -35.383  48.333 0.0000000000
64619  -18.898  -29.608  54.850 0.0000000000
63312  -19.163  -29.948  51.933 0.0000000000
62100  -17.579  -30.718  49.996 0.0000000000
60856  -17.201  -31.411  50.132 0.0000000000
60871  -17.316  -31.497  49.249 0.0000000000
59777  -17.403  -32.016  48.541 0.0000000000
80609  -40.690  -15.666  35.908 0.0000000000
80624  -40.323  -15.422  35.450 0.0000000000
80610  -40.985  -15.533  36.071 0.0000000000
82784  -42.895  -13.103  36.313 0.0000000000
82794  -42.057  -12.604  34.236 0.0000000000
83804  -42.466  -12.205  34.374 0.0000000000
83815  -42.832  -11.787  33.542 0.0000000000
84811  -43.344  -11.521  32.985 0.0000000000
84806  -43.425  -11.383  33.655 0.0000000000
84797  -43.986  -10.908  34.778 0.0000000000
85752  -44.600  -10.430  35.031 0.0000000000
52540  -4.032  -39.840  55.149 0.0000000000
66992  -26.554  -27.702  47.720 0.0000000000
65879  -26.110  -28.844  46.021 0.0000000000
72909  -31.324  -21.254  45.261 0.0000000000
74003  -32.169  -21.242  44.706 0.0000000000
71784  -34.833  -21.767  44.551 0.0000000000
72937  -34.165  -22.091  43.601 0.0000000000
70646  -34.041  -22.806  42.684 0.0000000000
70666  -33.712  -22.678  42.112 0.0000000000
70647  -34.582  -22.673  42.704 0.0000000000
70668  -34.807  -22.585  42.337 0.0000000000
71840  -35.199  -22.196  41.837 0.0000000000
72968  -35.514  -21.755  41.557 0.0000000000
72950  -35.624  -21.956  42.427 0.0000000000
74027  -36.759  -20.756  43.479 0.0000000000
56208  -8.564  -35.495  58.049 0.0000000000
54944  -7.873  -35.619  58.496 0.0000000000
53716  -7.179  -35.869  58.901 0.0000000000
54966  -6.490  -36.120  58.140 0.0000000000
54965  -5.528  -36.532  58.242 0.0000000000
54964  -5.167  -37.033  56.941 0.0000000000
46538  -1.353  -44.113  59.424 0.0000000000
47650  -0.445  -43.025  60.496 0.0000000000
47649  -0.137  -43.036  60.692 0.0000000000
56215  -26.669  -34.303  57.967 0.0000000000
54956  -29.594  -34.369  57.182 0.0000000000
77309  -38.512  -18.125  41.579 0.0000000000
78320  -40.904  -17.096  39.795 0.0000000000
72798  -27.668  -23.080  52.037 0.0000000000
71694  -27.411  -23.854  51.291 0.0000000000
72810  -27.490  -22.852  51.673 0.0000000000
73907  -27.586  -21.995  51.132 0.0000000000
73908  -28.448  -21.147  51.193 0.0000000000
73929  -28.823  -20.796  49.953 0.0000000000
59746  -16.385  -32.527  51.469 0.0000000000
52381  -2.932  -38.279  62.813 0.0000000000
51225  -2.402  -39.001  62.699 0.0000000000
57646  -31.584  -34.591  47.190 0.0000000000
59780  -31.943  -32.872  49.416 0.0000000000
60876  -31.845  -32.068  50.326 0.0000000000
69307  -29.882  -26.205  54.402 0.0000000000
62127  -19.433  -30.292  48.450 0.0000000000
62115  -21.859  -30.578  48.828 0.0000000000
60872  -22.391  -30.731  49.739 0.0000000000
62116  -22.289  -31.099  48.277 0.0000000000
60884  -22.868  -31.492  48.114 0.0000000000
60885  -23.531  -32.101  47.874 0.0000000000
59790  -24.287  -32.638  47.457 0.0000000000
56424  -27.041  -34.247  50.785 0.0000000000
56426  -27.902  -34.734  49.920 0.0000000000
56446  -27.840  -35.156  49.114 0.0000000000
56427  -28.161  -35.125  49.561 0.0000000000
57662  -29.820  -35.742  47.089 0.0000000000
62027  -20.376  -30.354  55.822 0.0000000000
62046  -20.105  -30.416  54.215 0.0000000000
62061  -20.564  -30.458  53.640 0.0000000000
63336  -19.251  -29.689  50.060 0.0000000000
76306  -35.993  -18.713  35.945 0.0000000000
79446  -43.133  -15.139  37.312 0.0000000000
80613  -43.325  -14.657  37.361 0.0000000000
81706  -43.627  -13.869  37.321 0.0000000000
84787  -44.386  -11.353  36.545 0.0000000000
72890  -33.223  -21.293  46.887 0.0000000000
72903  -34.661  -21.376  45.962 0.0000000000
72904  -35.323  -21.274  45.866 0.0000000000
72914  -35.727  -21.466  45.202 0.0000000000
74005  -36.372  -21.235  45.013 0.0000000000
56234  -9.734  -35.256  57.386 0.0000000000
54986  -6.923  -36.410  55.450 0.0000000000
55003  -7.066  -36.919  54.661 0.0000000000
55024  -7.288  -37.356  53.932 0.0000000000
57576  -30.790  -34.178  51.213 0.0000000000
58625  -31.646  -32.988  53.219 0.0000000000
58609  -31.680  -32.981  54.221 0.0000000000
59698  -31.914  -33.040  56.531 0.0000000000
59725  -23.326  -31.599  54.089 0.0000000000
58623  -25.371  -33.084  53.658 0.0000000000
58608  -25.390  -33.031  54.709 0.0000000000
57519  -26.005  -33.439  53.569 0.0000000000
56366  -27.087  -34.447  52.944 0.0000000000
56239  -26.739  -34.045  56.963 0.0000000000
56263  -27.001  -33.957  56.339 0.0000000000
56286  -27.911  -34.427  55.645 0.0000000000
56285  -27.462  -34.120  55.514 0.0000000000
56308  -27.463  -34.234  54.460 0.0000000000
56336  -27.306  -34.436  53.632 0.0000000000
57537  -28.457  -34.707  52.204 0.0000000000
56339  -28.930  -34.605  53.628 0.0000000000
57538  -28.971  -34.740  52.124 0.0000000000
58637  -29.423  -34.502  51.550 0.0000000000
58653  -30.348  -34.271  51.500 0.0000000000
59667  -23.860  -31.636  57.686 0.0000000000
59712  -23.285  -31.707  55.158 0.0000000000
74087  -33.927  -21.239  39.440 0.0000000000
75216  -33.412  -21.203  38.403 0.0000000000
74097  -33.540  -21.134  38.845 0.0000000000
75217  -34.094  -20.632  38.615 0.0000000000
75218  -34.872  -19.899  38.746 0.0000000000
76285  -34.500  -19.656  37.939 0.0000000000
75208  -37.859  -19.103  40.064 0.0000000000
76278  -38.531  -18.640  39.556 0.0000000000
76289  -37.865  -18.700  39.242 0.0000000000
77340  -36.715  -18.483  38.494 0.0000000000
77353  -36.090  -18.315  37.809 0.0000000000
77367  -36.100  -18.153  36.607 0.0000000000
77368  -36.658  -17.866  36.041 0.0000000000
78387  -37.302  -17.408  34.897 0.0000000000
79456  -38.583  -16.290  35.070 0.0000000000
79457  -39.418  -15.896  35.352 0.0000000000
79442  -40.729  -15.998  36.204 0.0000000000
78367  -42.777  -15.779  37.123 0.0000000000
77331  -42.014  -17.185  38.660 0.0000000000
77332  -42.263  -17.056  38.629 0.0000000000
78341  -42.721  -16.620  38.304 0.0000000000
78354  -42.694  -16.307  37.571 0.0000000000
79434  -43.138  -15.439  37.548 0.0000000000
65837  -27.895  -29.229  49.363 0.0000000000
64676  -28.127  -29.861  48.948 0.0000000000
68167  -27.475  -26.921  49.438 0.0000000000
66975  -27.108  -27.469  48.838 0.0000000000
71725  -26.505  -23.006  48.947 0.0000000000
68202  -25.836  -25.678  46.458 0.0000000000
69426  -25.880  -24.989  46.284 0.0000000000
71793  -26.877  -22.797  44.576 0.0000000000
72930  -27.313  -22.309  44.162 0.0000000000
72931  -27.877  -21.796  43.550 0.0000000000
72898  -29.822  -21.053  46.586 0.0000000000
72899  -30.912  -21.120  46.261 0.0000000000
73955  -30.775  -20.814  49.215 0.0000000000
73976  -31.411  -20.792  48.465 0.0000000000
73956  -31.739  -20.804  49.279 0.0000000000
58621  -15.638  -33.464  52.857 0.0000000000
57500  -15.254  -33.978  54.374 0.0000000000
57499  -15.101  -34.267  54.575 0.0000000000
56279  -14.420  -34.613  54.683 0.0000000000
55006  -14.027  -35.376  54.048 0.0000000000
56326  -13.125  -35.637  53.413 0.0000000000
56357  -13.473  -35.972  52.399 0.0000000000
56356  -12.625  -36.070  52.429 0.0000000000
85773  -46.922  -9.621  31.999 0.0000000000
85782  -46.952  -10.469  30.613 0.0000000000
63375  -30.052  -31.023  48.191 0.0000000000
58654  -32.109  -32.971  51.337 0.0000000000
59751  -32.217  -32.595  51.331 0.0000000000
59766  -32.200  -32.109  50.861 0.0000000000
62105  -31.770  -31.469  50.807 0.0000000000
63300  -31.988  -30.597  53.317 0.0000000000
64634  -31.628  -30.358  53.392 0.0000000000
64645  -31.671  -30.556  52.957 0.0000000000
63314  -31.654  -30.849  52.368 0.0000000000
63328  -31.613  -31.120  51.397 0.0000000000
62104  -31.612  -31.514  50.526 0.0000000000
63339  -31.458  -31.282  50.691 0.0000000000
64661  -30.393  -30.224  51.182 0.0000000000
64670  -30.250  -30.394  50.420 0.0000000000
63348  -29.824  -30.420  49.604 0.0000000000
64678  -29.478  -30.378  49.542 0.0000000000
65838  -28.504  -29.458  49.762 0.0000000000
66968  -27.968  -27.744  50.675 0.0000000000
66945  -28.479  -27.059  51.675 0.0000000000
68139  -28.310  -26.730  51.289 0.0000000000
69356  -28.054  -26.321  50.917 0.0000000000
70508  -28.032  -25.100  51.782 0.0000000000
69306  -29.662  -25.879  54.141 0.0000000000
70477  -29.314  -25.675  53.631 0.0000000000
70465  -29.482  -24.884  54.662 0.0000000000
70475  -28.675  -24.589  53.126 0.0000000000
71679  -28.252  -23.951  52.466 0.0000000000
59749  -24.958  -32.564  51.208 0.0000000000
59807  -24.849  -33.192  46.934 0.0000000000
58685  -26.263  -33.733  49.228 0.0000000000
57639  -26.513  -34.550  47.836 0.0000000000
58705  -26.224  -33.869  48.202 0.0000000000
58684  -25.688  -33.504  48.666 0.0000000000
58704  -25.677  -33.640  47.881 0.0000000000
58726  -25.393  -33.576  47.323 0.0000000000
62058  -16.721  -30.585  53.743 0.0000000000
63268  -19.815  -30.047  55.245 0.0000000000
64620  -19.381  -29.821  54.950 0.0000000000
63283  -18.323  -29.693  54.241 0.0000000000
63298  -18.060  -29.741  53.248 0.0000000000
63297  -17.089  -30.401  53.199 0.0000000000
62074  -16.702  -30.907  52.341 0.0000000000
79483  -38.539  -16.279  33.247 0.0000000000
80662  -38.800  -15.687  32.968 0.0000000000
80636  -39.194  -15.309  34.506 0.0000000000
80652  -39.114  -15.056  33.302 0.0000000000
80663  -39.467  -15.500  32.447 0.0000000000
81757  -39.936  -15.003  32.116 0.0000000000
81758  -40.650  -14.533  31.903 0.0000000000
80626  -42.224  -14.846  36.498 0.0000000000
81745  -40.826  -13.655  33.655 0.0000000000
81759  -41.255  -14.222  31.719 0.0000000000
82829  -41.538  -14.092  31.630 0.0000000000
84813  -45.064  -10.669  31.960 0.0000000000
85771  -45.360  -10.280  32.385 0.0000000000
86700  -45.941  -9.689  32.912 0.0000000000
53672  -3.686  -37.826  59.331 0.0000000000
52494  -3.485  -38.461  58.533 0.0000000000
51355  -3.070  -39.450  58.227 0.0000000000
51387  -3.131  -40.317  56.531 0.0000000000
51368  -2.825  -40.796  57.166 0.0000000000
64708  -27.760  -30.317  47.657 0.0000000000
65890  -25.757  -28.016  45.233 0.0000000000
72945  -29.663  -21.755  42.130 0.0000000000
74004  -32.624  -21.365  44.944 0.0000000000
74011  -32.310  -21.420  43.912 0.0000000000
74024  -32.884  -21.560  43.793 0.0000000000
72964  -32.155  -22.136  41.086 0.0000000000
72988  -32.759  -22.162  40.444 0.0000000000
70711  -33.451  -22.498  41.257 0.0000000000
71862  -33.132  -22.383  40.949 0.0000000000
74086  -33.423  -21.572  39.717 0.0000000000
74050  -35.854  -21.485  41.321 0.0000000000
74070  -36.168  -21.174  40.882 0.0000000000
74071  -36.479  -20.938  41.351 0.0000000000
76247  -37.414  -19.631  41.728 0.0000000000
74015  -36.818  -20.758  44.489 0.0000000000
53653  -5.991  -36.468  60.905 0.0000000000
53673  -4.635  -36.939  59.744 0.0000000000
52507  -4.049  -38.010  57.969 0.0000000000
55002  -6.193  -37.067  55.013 0.0000000000
53748  -5.986  -37.836  54.524 0.0000000000
52464  -3.082  -38.527  60.041 0.0000000000
52463  -2.886  -38.949  60.687 0.0000000000
51268  -2.613  -39.489  61.554 0.0000000000
50051  -2.233  -39.810  62.220 0.0000000000
48934  -2.447  -43.454  57.815 0.0000000000
48918  -2.358  -43.140  58.423 0.0000000000
48884  -1.991  -42.221  60.169 0.0000000000
50090  -2.026  -41.095  61.093 0.0000000000
50070  -2.200  -40.928  61.238 0.0000000000
50050  -2.075  -40.198  62.059 0.0000000000
50031  -1.840  -40.009  62.630 0.0000000000
50030  -1.526  -39.778  62.507 0.0000000000
50029  -1.157  -39.873  62.418 0.0000000000
50048  -0.900  -40.218  62.113 0.0000000000
50047  -0.577  -40.112  61.999 0.0000000000
45322  -0.583  -45.712  59.274 0.0000000000
44107  -0.433  -46.527  59.075 0.0000000000
45302  -0.433  -45.010  59.978 0.0000000000
46502  0.033  -43.762  60.859 0.0000000000
46521  -1.112  -43.710  59.743 0.0000000000
50049  -1.327  -40.222  62.165 0.0000000000
51243  -0.924  -39.889  62.667 0.0000000000
53693  -3.815  -37.838  58.742 0.0000000000
54917  -5.882  -36.384  57.328 0.0000000000
54918  -5.907  -36.373  57.673 0.0000000000
54941  -5.739  -36.489  57.438 0.0000000000
54943  -6.442  -36.294  58.214 0.0000000000
54975  -29.218  -34.419  56.870 0.0000000000
54994  -29.236  -34.708  56.011 0.0000000000
55005  -13.843  -35.286  54.218 0.0000000000
55014  -29.761  -34.690  54.934 0.0000000000
55015  -30.049  -34.684  55.065 0.0000000000
55026  -13.686  -35.435  53.936 0.0000000000
55027  -14.012  -35.488  53.784 0.0000000000
55034  -29.383  -34.610  54.617 0.0000000000
55048  -13.800  -35.559  53.578 0.0000000000
55049  -14.063  -35.531  53.544 0.0000000000
55054  -28.331  -34.584  54.100 0.0000000000
55057  -29.478  -34.513  54.267 0.0000000000
56186  -6.128  -35.967  57.499 0.0000000000
56187  -6.115  -36.288  57.655 0.0000000000
56205  -6.133  -36.282  57.410 0.0000000000
56206  -6.420  -36.144  57.623 0.0000000000
56229  -5.857  -36.454  57.040 0.0000000000
56244  -30.304  -34.434  56.679 0.0000000000
56251  -5.652  -36.639  56.700 0.0000000000
56252  -6.036  -36.402  56.529 0.0000000000
56266  -30.378  -34.517  55.786 0.0000000000
56288  -30.318  -34.526  55.089 0.0000000000
56299  -13.220  -35.344  54.079 0.0000000000
56302  -14.916  -34.545  54.382 0.0000000000
56303  -15.140  -34.336  54.346 0.0000000000
56310  -29.820  -34.504  54.388 0.0000000000
56330  -15.142  -34.385  53.981 0.0000000000
56365  -26.743  -34.245  52.999 0.0000000000
56408  -27.359  -34.435  51.275 0.0000000000
56447  -27.982  -35.779  49.000 0.0000000000
57440  -10.332  -35.081  57.293 0.0000000000
57449  -27.347  -34.316  56.704 0.0000000000
57450  -27.462  -34.438  57.073 0.0000000000
57464  -15.256  -33.370  55.243 0.0000000000
57486  -27.639  -34.300  55.851 0.0000000000
57487  -27.747  -34.401  56.164 0.0000000000
57497  -12.184  -35.362  54.589 0.0000000000
57593  -27.261  -34.356  49.372 0.0000000000
58585  -32.225  -32.392  55.915 0.0000000000
58622  -24.753  -32.721  53.686 0.0000000000
58638  -29.970  -34.320  51.880 0.0000000000
58639  -30.323  -34.254  52.013 0.0000000000
58640  -31.818  -33.034  52.278 0.0000000000
58651  -29.353  -34.530  50.660 0.0000000000
58669  -29.353  -34.727  49.879 0.0000000000
58729  -32.077  -33.421  47.734 0.0000000000
59693  -15.563  -32.246  54.772 0.0000000000
59710  -15.498  -32.764  54.301 0.0000000000
59722  -15.585  -32.442  54.044 0.0000000000
59765  -32.187  -32.613  50.722 0.0000000000
59789  -17.685  -32.559  47.881 0.0000000000
60794  -15.688  -31.355  55.288 0.0000000000
60813  -15.666  -32.252  53.793 0.0000000000
60829  -21.423  -30.372  52.676 0.0000000000
62117  -30.631  -31.012  49.093 0.0000000000
62118  -30.769  -31.226  49.239 0.0000000000
62120  -31.732  -31.777  50.412 0.0000000000
62166  -21.257  -31.904  46.496 0.0000000000
62172  -31.716  -32.555  47.280 0.0000000000
62173  -31.896  -32.723  47.436 0.0000000000
63281  -16.929  -30.386  53.736 0.0000000000
63326  -31.013  -30.711  51.525 0.0000000000
63340  -31.658  -31.196  50.977 0.0000000000
63346  -18.648  -29.924  49.569 0.0000000000
63356  -18.637  -30.135  49.144 0.0000000000
63362  -31.354  -31.908  49.809 0.0000000000
63376  -30.409  -31.251  48.399 0.0000000000
64693  -28.777  -30.538  48.658 0.0000000000
65791  -30.211  -28.501  53.874 0.0000000000
65799  -29.731  -28.542  52.959 0.0000000000
65836  -27.334  -28.346  49.249 0.0000000000
66946  -28.631  -27.370  51.999 0.0000000000
66955  -28.410  -27.065  51.435 0.0000000000
66966  -27.364  -27.891  49.474 0.0000000000
68129  -28.498  -26.815  51.810 0.0000000000
68138  -28.432  -26.839  51.570 0.0000000000
68221  -25.765  -25.413  45.961 0.0000000000
69290  -29.712  -25.255  54.717 0.0000000000
69318  -28.887  -25.799  52.939 0.0000000000
69409  -25.963  -25.180  46.765 0.0000000000
70489  -29.139  -25.588  53.387 0.0000000000
70531  -28.037  -25.508  51.665 0.0000000000
70643  -32.930  -22.327  42.366 0.0000000000
70644  -33.143  -22.391  42.451 0.0000000000
70664  -32.954  -22.391  42.135 0.0000000000
70665  -33.261  -22.505  42.130 0.0000000000
70685  -32.964  -22.432  41.891 0.0000000000
70687  -33.880  -22.591  41.557 0.0000000000
70688  -34.497  -22.562  41.809 0.0000000000
70689  -34.915  -22.464  41.953 0.0000000000
70712  -33.707  -22.512  41.251 0.0000000000
71678  -27.794  -23.497  51.949 0.0000000000
71743  -26.566  -22.882  48.641 0.0000000000
71774  -27.359  -22.093  46.279 0.0000000000
71785  -35.376  -21.662  44.656 0.0000000000
71797  -35.616  -21.816  44.175 0.0000000000
71805  -32.755  -22.164  42.518 0.0000000000
71808  -34.428  -22.515  43.218 0.0000000000
71820  -33.372  -22.304  43.083 0.0000000000
71821  -33.543  -22.298  43.180 0.0000000000
71822  -35.189  -22.365  42.327 0.0000000000
71838  -34.255  -22.438  41.385 0.0000000000
72851  -26.605  -22.773  49.085 0.0000000000
72873  -26.618  -22.724  48.860 0.0000000000
72948  -33.368  -22.121  43.251 0.0000000000
72949  -33.595  -22.131  43.325 0.0000000000
72965  -32.739  -22.326  40.906 0.0000000000
72970  -36.445  -21.172  42.080 0.0000000000
72992  -36.312  -21.205  41.414 0.0000000000
73952  -27.426  -21.757  49.329 0.0000000000
73995  -29.032  -21.132  46.944 0.0000000000
74012  -32.870  -21.461  44.429 0.0000000000
74013  -33.300  -21.561  44.229 0.0000000000
74021  -28.523  -21.452  43.742 0.0000000000
74023  -32.514  -21.596  43.483 0.0000000000
74025  -33.161  -21.528  44.035 0.0000000000
74026  -36.363  -21.221  43.069 0.0000000000
74033  -36.422  -21.189  42.594 0.0000000000
74049  -35.603  -21.507  41.096 0.0000000000
75209  -38.292  -18.770  39.926 0.0000000000
76263  -38.338  -18.779  40.583 0.0000000000
76290  -38.293  -18.665  39.353 0.0000000000
77339  -36.338  -18.557  38.312 0.0000000000
77345  -42.231  -17.032  38.270 0.0000000000
77346  -42.473  -16.758  37.898 0.0000000000
77354  -37.013  -18.063  38.208 0.0000000000
77358  -41.758  -17.144  38.025 0.0000000000
78340  -42.443  -16.906  38.591 0.0000000000
79421  -42.650  -16.612  39.192 0.0000000000
79435  -43.288  -15.017  37.478 0.0000000000
79458  -40.119  -16.005  35.716 0.0000000000
80611  -42.514  -15.151  36.733 0.0000000000
81719  -42.863  -13.715  36.726 0.0000000000
82822  -40.764  -13.884  32.352 0.0000000000
83814  -42.445  -12.277  33.439 0.0000000000
84786  -43.838  -11.455  35.983 0.0000000000
