#!ascii label  , from subject sub.01.dh.02t2 vox2ras=TkReg
1449
94197  -38.334  -2.690  25.743 0.0000000000
87907  -48.822  -7.663  14.254 0.0000000000
99357  -45.181  3.567  25.574 0.0000000000
88887  -46.364  -8.203  21.866 0.0000000000
91063  -44.349  -4.910  30.642 0.0000000000
93307  -42.575  -3.779  15.998 0.0000000000
98532  -45.688  2.504  14.915 0.0000000000
103008  -41.034  7.228  13.340 0.0000000000
89839  -37.039  -6.079  36.532 0.0000000000
87782  -41.314  -8.401  24.011 0.0000000000
88945  -43.407  -7.856  17.836 0.0000000000
92267  -41.168  -4.189  20.952 0.0000000000
99336  -50.136  3.946  26.804 0.0000000000
96785  -49.191  0.608  20.685 0.0000000000
100264  -45.546  4.460  22.280 0.0000000000
99430  -40.914  3.963  17.312 0.0000000000
103829  -45.728  8.124  17.257 0.0000000000
86879  -45.240  -9.679  13.163 0.0000000000
98383  -35.238  2.423  28.409 0.0000000000
98431  -40.552  1.785  23.849 0.0000000000
91125  -51.302  -5.024  25.174 0.0000000000
88826  -45.759  -6.943  26.556 0.0000000000
87734  -39.372  -8.415  28.887 0.0000000000
92156  -37.134  -4.815  32.311 0.0000000000
88998  -45.685  -7.660  13.585 0.0000000000
91282  -44.494  -5.256  10.185 0.0000000000
95111  -44.579  -1.264  21.065 0.0000000000
96842  -45.994  0.227  14.367 0.0000000000
96075  -44.795  -0.409  9.511 0.0000000000
97694  -41.274  1.912  10.390 0.0000000000
99483  -37.499  3.088  11.673 0.0000000000
89986  -39.455  -5.959  25.097 0.0000000000
90035  -40.469  -6.598  21.702 0.0000000000
93236  -40.590  -3.379  23.608 0.0000000000
102023  -51.013  6.050  25.111 0.0000000000
100257  -48.655  4.224  24.156 0.0000000000
102039  -48.065  6.738  22.605 0.0000000000
102061  -45.402  7.069  20.592 0.0000000000
86871  -47.221  -9.004  13.528 0.0000000000
99270  -34.219  3.194  31.650 0.0000000000
98372  -37.209  3.205  29.410 0.0000000000
91104  -45.166  -5.637  28.200 0.0000000000
87744  -42.517  -8.423  28.172 0.0000000000
89940  -41.679  -6.236  30.008 0.0000000000
92098  -37.368  -4.473  33.904 0.0000000000
93183  -32.476  -3.913  29.938 0.0000000000
95064  -31.353  -1.470  28.797 0.0000000000
93181  -29.560  -3.574  30.514 0.0000000000
88936  -48.114  -7.145  19.204 0.0000000000
91229  -41.985  -5.750  16.738 0.0000000000
88983  -43.834  -7.489  15.519 0.0000000000
91259  -42.808  -5.690  14.298 0.0000000000
90146  -44.132  -6.516  11.309 0.0000000000
93328  -43.733  -3.650  12.985 0.0000000000
99368  -43.162  3.494  24.789 0.0000000000
96755  -42.760  0.135  22.581 0.0000000000
98445  -45.447  1.714  23.016 0.0000000000
98498  -48.390  1.633  17.451 0.0000000000
96813  -48.083  0.422  17.521 0.0000000000
97651  -47.628  1.497  14.083 0.0000000000
96868  -46.822  0.106  11.415 0.0000000000
98576  -45.674  2.383  11.540 0.0000000000
97706  -43.523  1.754  9.497 0.0000000000
98574  -43.504  2.692  11.738 0.0000000000
102108  -40.723  6.281  16.278 0.0000000000
99462  -39.176  3.453  14.445 0.0000000000
101228  -38.348  5.023  14.110 0.0000000000
100332  -36.857  4.465  12.374 0.0000000000
102144  -38.319  6.516  12.609 0.0000000000
87813  -44.244  -9.081  22.451 0.0000000000
88917  -45.093  -8.447  19.691 0.0000000000
87840  -42.341  -8.093  20.179 0.0000000000
90068  -41.430  -6.543  19.030 0.0000000000
93292  -41.571  -3.922  18.405 0.0000000000
99333  -47.738  3.599  27.084 0.0000000000
97553  -47.743  1.246  23.647 0.0000000000
98429  -49.320  2.331  24.559 0.0000000000
98458  -47.507  2.570  21.688 0.0000000000
98495  -45.490  2.564  18.536 0.0000000000
98517  -43.602  2.896  17.003 0.0000000000
100283  -43.270  4.629  19.906 0.0000000000
102087  -43.089  6.985  18.475 0.0000000000
103854  -43.024  8.028  15.407 0.0000000000
86888  -43.532  -9.162  12.486 0.0000000000
96730  -36.113  0.148  26.072 0.0000000000
95947  -39.252  -0.755  24.553 0.0000000000
98402  -38.006  2.716  26.652 0.0000000000
98404  -40.240  3.249  27.301 0.0000000000
99328  -42.428  3.340  28.036 0.0000000000
98345  -42.238  3.377  31.561 0.0000000000
99312  -45.439  3.570  29.309 0.0000000000
90025  -48.690  -6.529  23.361 0.0000000000
89989  -48.575  -6.464  25.986 0.0000000000
87785  -46.411  -7.752  24.474 0.0000000000
86757  -43.790  -9.395  25.247 0.0000000000
87762  -40.287  -8.797  26.209 0.0000000000
89872  -43.056  -6.093  33.643 0.0000000000
92062  -39.255  -4.602  36.399 0.0000000000
92119  -39.451  -4.330  33.568 0.0000000000
92177  -40.858  -4.671  30.882 0.0000000000
89931  -38.448  -6.824  31.030 0.0000000000
94186  -36.013  -3.083  27.096 0.0000000000
91251  -49.353  -6.097  13.664 0.0000000000
88948  -46.355  -7.625  17.680 0.0000000000
90116  -47.476  -6.729  14.372 0.0000000000
89012  -47.920  -7.131  12.750 0.0000000000
87931  -46.050  -8.392  11.520 0.0000000000
87942  -44.631  -7.868  10.535 0.0000000000
90151  -43.306  -6.292  9.667 0.0000000000
95092  -41.356  -1.587  23.302 0.0000000000
94232  -42.812  -2.538  20.658 0.0000000000
95139  -43.504  -1.559  18.434 0.0000000000
95977  -46.970  -0.514  20.947 0.0000000000
96010  -45.309  -0.283  17.965 0.0000000000
95166  -44.380  -1.560  14.931 0.0000000000
95190  -45.228  -1.733  12.269 0.0000000000
94324  -45.583  -2.576  9.302 0.0000000000
93353  -43.335  -3.564  10.039 0.0000000000
98557  -41.064  2.795  13.149 0.0000000000
98585  -39.397  2.301  11.627 0.0000000000
97659  -39.032  1.482  12.963 0.0000000000
97645  -36.796  2.142  13.206 0.0000000000
99448  -35.324  3.142  14.820 0.0000000000
92224  -38.918  -4.419  25.310 0.0000000000
92231  -39.927  -4.448  24.101 0.0000000000
93225  -39.273  -3.598  25.028 0.0000000000
102027  -49.731  5.936  24.299 0.0000000000
102050  -47.962  7.110  21.742 0.0000000000
87906  -48.006  -8.495  14.426 0.0000000000
91078  -44.034  -5.118  29.479 0.0000000000
89952  -43.504  -6.171  28.838 0.0000000000
91077  -43.141  -5.253  29.664 0.0000000000
91052  -31.538  -5.412  30.459 0.0000000000
92188  -30.899  -4.123  29.672 0.0000000000
90047  -48.595  -7.130  21.123 0.0000000000
88920  -47.912  -7.411  19.924 0.0000000000
92319  -42.209  -4.638  16.401 0.0000000000
90114  -42.762  -6.322  15.500 0.0000000000
92332  -42.869  -4.686  14.496 0.0000000000
92340  -43.313  -4.681  13.461 0.0000000000
93320  -43.152  -3.945  14.495 0.0000000000
99356  -44.000  3.667  25.708 0.0000000000
98434  -44.062  2.451  23.182 0.0000000000
99380  -45.795  2.723  23.926 0.0000000000
98509  -46.778  2.205  16.970 0.0000000000
97628  -48.228  1.509  16.233 0.0000000000
98533  -46.742  2.336  14.621 0.0000000000
98548  -47.330  2.032  13.235 0.0000000000
98546  -45.665  2.439  13.734 0.0000000000
98575  -44.641  2.600  11.642 0.0000000000
98545  -44.517  2.576  13.967 0.0000000000
102119  -41.174  6.838  15.009 0.0000000000
101223  -39.714  5.883  14.663 0.0000000000
102128  -39.690  6.291  13.452 0.0000000000
101236  -38.799  5.994  13.001 0.0000000000
102146  -39.750  6.778  12.489 0.0000000000
86779  -42.350  -9.063  23.101 0.0000000000
87826  -43.394  -8.959  21.436 0.0000000000
87810  -41.584  -8.223  21.950 0.0000000000
92266  -40.684  -4.788  21.340 0.0000000000
90046  -40.811  -6.676  20.505 0.0000000000
92276  -40.740  -4.832  20.431 0.0000000000
92299  -41.224  -4.907  18.317 0.0000000000
92277  -41.187  -4.260  20.044 0.0000000000
99347  -49.009  3.362  26.410 0.0000000000
98416  -48.845  2.387  25.344 0.0000000000
99361  -49.806  3.283  25.384 0.0000000000
99382  -47.025  4.057  23.058 0.0000000000
99390  -48.294  2.874  22.893 0.0000000000
99394  -46.892  3.114  21.989 0.0000000000
98471  -46.516  2.523  20.609 0.0000000000
99405  -45.293  3.271  20.755 0.0000000000
98482  -44.536  3.170  19.529 0.0000000000
100274  -44.349  4.466  21.101 0.0000000000
102922  -45.782  7.648  19.300 0.0000000000
102074  -44.102  7.087  19.582 0.0000000000
102954  -44.162  7.683  17.764 0.0000000000
102969  -43.179  7.744  16.703 0.0000000000
103842  -44.756  8.105  16.402 0.0000000000
86889  -44.466  -9.257  12.145 0.0000000000
97528  -35.221  1.398  27.227 0.0000000000
97533  -36.784  1.505  26.230 0.0000000000
98393  -36.084  2.156  27.441 0.0000000000
98357  -38.468  3.340  30.042 0.0000000000
98386  -38.933  3.338  28.696 0.0000000000
98387  -39.775  3.208  28.776 0.0000000000
98405  -40.910  3.193  27.927 0.0000000000
98389  -41.364  3.228  29.337 0.0000000000
99261  -42.725  3.426  32.792 0.0000000000
99295  -43.545  3.369  30.851 0.0000000000
99282  -45.495  3.552  31.359 0.0000000000
100223  -46.866  3.936  29.697 0.0000000000
100208  -47.356  4.206  31.360 0.0000000000
91145  -50.680  -5.506  23.474 0.0000000000
91133  -50.589  -5.468  24.449 0.0000000000
89979  -48.320  -6.444  26.811 0.0000000000
88836  -46.719  -6.997  25.704 0.0000000000
88845  -47.481  -6.861  24.999 0.0000000000
87775  -45.945  -7.745  25.411 0.0000000000
87783  -45.075  -8.862  24.355 0.0000000000
86749  -44.872  -8.740  25.735 0.0000000000
87743  -41.239  -8.677  28.378 0.0000000000
86740  -41.572  -9.244  27.243 0.0000000000
87752  -39.587  -8.634  27.102 0.0000000000
90936  -37.831  -5.561  36.592 0.0000000000
92117  -38.222  -3.820  33.914 0.0000000000
92140  -38.715  -3.975  32.777 0.0000000000
92142  -40.851  -4.739  32.207 0.0000000000
92158  -39.327  -4.730  32.093 0.0000000000
91058  -39.657  -5.550  31.412 0.0000000000
91034  -38.258  -5.484  31.716 0.0000000000
95071  -34.930  -1.717  27.149 0.0000000000
94183  -33.722  -2.119  27.734 0.0000000000
91253  -50.244  -5.893  14.704 0.0000000000
88932  -43.845  -8.164  18.526 0.0000000000
88934  -46.099  -7.975  18.840 0.0000000000
88947  -45.280  -7.910  17.864 0.0000000000
88997  -44.678  -7.697  14.056 0.0000000000
88985  -45.652  -7.641  14.700 0.0000000000
88986  -46.699  -7.290  14.293 0.0000000000
88987  -47.351  -7.022  13.736 0.0000000000
88999  -46.685  -7.501  13.235 0.0000000000
89011  -46.763  -7.765  12.420 0.0000000000
89010  -45.696  -7.682  12.524 0.0000000000
91276  -44.175  -5.547  10.944 0.0000000000
89030  -44.468  -7.281  10.668 0.0000000000
89040  -44.273  -6.354  9.938 0.0000000000
89038  -43.679  -6.709  9.755 0.0000000000
90158  -44.178  -5.840  9.494 0.0000000000
96739  -39.748  0.204  24.116 0.0000000000
95949  -40.566  -1.122  23.996 0.0000000000
96743  -40.546  0.176  23.672 0.0000000000
95963  -43.996  -0.576  22.018 0.0000000000
95103  -43.435  -1.195  22.102 0.0000000000
95110  -43.822  -1.419  21.523 0.0000000000
94242  -43.432  -2.171  20.195 0.0000000000
95129  -43.948  -1.614  19.673 0.0000000000
96761  -48.813  0.591  22.346 0.0000000000
96760  -47.899  0.260  22.256 0.0000000000
95979  -48.442  -0.020  20.546 0.0000000000
96824  -47.357  0.514  16.471 0.0000000000
96800  -47.004  0.305  17.587 0.0000000000
96031  -45.602  0.100  16.143 0.0000000000
96021  -44.965  -0.285  16.929 0.0000000000
96038  -45.392  -0.094  15.164 0.0000000000
95174  -44.680  -1.549  13.980 0.0000000000
96054  -45.937  -0.545  13.046 0.0000000000
96885  -46.130  0.142  9.794 0.0000000000
95199  -46.146  -1.086  10.395 0.0000000000
95214  -45.546  -1.572  8.982 0.0000000000
94331  -44.396  -3.117  8.505 0.0000000000
95212  -44.260  -1.856  9.355 0.0000000000
93345  -43.121  -3.406  10.817 0.0000000000
95205  -44.122  -1.444  10.186 0.0000000000
98609  -42.308  2.184  9.564 0.0000000000
96867  -43.326  0.808  11.172 0.0000000000
99442  -42.263  3.451  17.093 0.0000000000
98543  -41.999  2.758  14.299 0.0000000000
98529  -41.665  3.024  15.297 0.0000000000
98554  -38.407  3.236  12.785 0.0000000000
98570  -39.198  2.710  12.271 0.0000000000
98584  -38.244  2.639  11.661 0.0000000000
97670  -38.839  1.636  11.941 0.0000000000
97669  -37.911  1.744  11.757 0.0000000000
97646  -37.390  1.758  13.467 0.0000000000
97667  -36.938  2.369  11.713 0.0000000000
101233  -36.545  5.346  13.406 0.0000000000
99460  -36.353  4.042  13.721 0.0000000000
100322  -36.148  4.557  14.310 0.0000000000
100320  -34.900  3.898  15.109 0.0000000000
88843  -40.238  -7.128  24.176 0.0000000000
88855  -40.748  -7.283  23.063 0.0000000000
90011  -40.300  -6.405  23.322 0.0000000000
92242  -40.328  -4.721  23.327 0.0000000000
93249  -40.768  -4.038  22.988 0.0000000000
99375  -50.135  4.110  24.963 0.0000000000
101156  -49.562  5.099  24.622 0.0000000000
101162  -48.317  5.214  24.042 0.0000000000
101166  -46.573  5.283  22.948 0.0000000000
101171  -45.271  5.414  21.974 0.0000000000
102049  -47.203  6.840  21.699 0.0000000000
102904  -47.473  7.460  20.172 0.0000000000
86880  -46.375  -9.314  12.733 0.0000000000
98370  -34.528  2.848  29.660 0.0000000000
98384  -36.578  2.811  28.489 0.0000000000
98355  -35.644  3.457  30.523 0.0000000000
88819  -45.455  -6.492  27.149 0.0000000000
87756  -44.327  -7.924  27.470 0.0000000000
88811  -43.984  -6.959  28.151 0.0000000000
88809  -41.910  -7.886  29.020 0.0000000000
88800  -39.806  -7.848  29.671 0.0000000000
90956  -37.332  -5.743  35.033 0.0000000000
92114  -35.721  -5.173  32.849 0.0000000000
93193  -33.282  -3.295  28.956 0.0000000000
95066  -32.836  -1.972  28.173 0.0000000000
94174  -31.661  -2.552  28.982 0.0000000000
94173  -30.706  -2.673  29.336 0.0000000000
90090  -42.379  -6.867  17.060 0.0000000000
88970  -43.790  -7.551  16.381 0.0000000000
90103  -43.153  -7.070  15.878 0.0000000000
90115  -43.221  -6.906  15.057 0.0000000000
89008  -43.865  -7.317  13.650 0.0000000000
90136  -44.191  -6.856  12.165 0.0000000000
90135  -43.610  -6.649  12.919 0.0000000000
91275  -43.876  -5.635  11.699 0.0000000000
92348  -44.265  -4.144  11.758 0.0000000000
98424  -41.031  3.050  24.603 0.0000000000
97550  -41.897  1.752  23.321 0.0000000000
98433  -42.723  2.244  23.195 0.0000000000
97564  -44.137  0.983  22.493 0.0000000000
95964  -44.910  -0.331  21.818 0.0000000000
97599  -48.819  1.326  19.578 0.0000000000
96804  -49.090  0.762  18.853 0.0000000000
97630  -49.048  1.023  17.455 0.0000000000
97641  -48.414  1.114  16.253 0.0000000000
96844  -47.518  0.985  14.876 0.0000000000
96852  -46.643  0.209  13.408 0.0000000000
97662  -47.505  1.413  12.985 0.0000000000
98593  -46.857  1.569  10.924 0.0000000000
98603  -45.727  1.625  9.981 0.0000000000
96875  -44.579  0.587  9.864 0.0000000000
98602  -44.927  2.188  9.827 0.0000000000
98589  -43.661  2.662  10.686 0.0000000000
98588  -42.543  2.702  10.774 0.0000000000
101204  -40.640  5.264  17.391 0.0000000000
99451  -40.214  3.457  15.706 0.0000000000
101214  -39.473  4.880  15.706 0.0000000000
100323  -38.470  4.379  14.411 0.0000000000
99469  -37.586  3.901  12.772 0.0000000000
99476  -37.017  3.485  11.916 0.0000000000
101234  -37.560  4.909  12.389 0.0000000000
102142  -37.115  5.742  12.325 0.0000000000
103017  -37.810  6.499  12.664 0.0000000000
87829  -45.652  -8.521  21.825 0.0000000000
88901  -45.962  -8.381  21.140 0.0000000000
87843  -44.737  -8.652  20.905 0.0000000000
87856  -43.923  -8.462  19.877 0.0000000000
88916  -42.646  -7.849  19.073 0.0000000000
88886  -41.167  -7.607  21.537 0.0000000000
88914  -41.528  -7.177  19.607 0.0000000000
88930  -42.270  -7.418  18.564 0.0000000000
91217  -41.573  -5.737  17.654 0.0000000000
91228  -41.732  -5.273  17.141 0.0000000000
93301  -42.249  -3.566  16.917 0.0000000000
99345  -47.082  3.378  26.279 0.0000000000
99371  -46.625  2.764  24.551 0.0000000000
98414  -47.673  2.429  24.860 0.0000000000
97545  -49.039  1.620  24.251 0.0000000000
97568  -49.333  1.570  22.797 0.0000000000
99385  -49.272  3.058  23.738 0.0000000000
98448  -49.123  1.892  22.294 0.0000000000
97589  -48.883  1.368  20.599 0.0000000000
97598  -48.232  1.637  19.269 0.0000000000
98496  -46.636  2.211  18.146 0.0000000000
98508  -45.632  2.524  17.322 0.0000000000
98531  -44.474  2.681  15.237 0.0000000000
98507  -44.560  2.789  17.679 0.0000000000
99433  -43.202  3.422  18.186 0.0000000000
99420  -42.037  4.119  18.190 0.0000000000
101180  -44.071  5.499  20.820 0.0000000000
101188  -42.889  5.581  19.623 0.0000000000
101196  -41.345  5.364  18.252 0.0000000000
102097  -41.494  6.593  17.090 0.0000000000
102967  -41.884  7.163  16.252 0.0000000000
102996  -42.108  7.496  14.809 0.0000000000
95939  -37.194  -1.053  25.827 0.0000000000
95081  -38.870  -2.061  25.278 0.0000000000
96733  -37.398  0.245  25.486 0.0000000000
97541  -38.436  1.081  24.890 0.0000000000
98422  -38.660  1.996  24.988 0.0000000000
98394  -37.269  2.720  27.535 0.0000000000
98403  -39.135  3.104  26.903 0.0000000000
98413  -39.902  3.104  26.221 0.0000000000
99354  -41.712  3.361  26.014 0.0000000000
99341  -42.578  3.365  26.947 0.0000000000
99342  -43.726  3.506  26.750 0.0000000000
99293  -41.064  3.398  31.102 0.0000000000
99309  -42.665  3.363  30.225 0.0000000000
99320  -43.397  3.461  28.838 0.0000000000
99331  -45.725  3.680  27.380 0.0000000000
99323  -46.558  3.661  28.124 0.0000000000
99325  -48.199  3.921  27.687 0.0000000000
100241  -49.145  4.263  27.797 0.0000000000
90037  -49.379  -6.459  21.942 0.0000000000
88889  -47.903  -7.233  22.042 0.0000000000
89981  -50.160  -6.066  26.721 0.0000000000
91123  -49.779  -5.916  25.161 0.0000000000
90013  -48.567  -6.516  24.214 0.0000000000
88858  -47.737  -7.001  23.980 0.0000000000
88873  -46.648  -7.858  22.756 0.0000000000
87798  -45.548  -8.645  23.511 0.0000000000
86781  -43.946  -9.339  23.433 0.0000000000
86766  -42.479  -9.332  24.195 0.0000000000
86747  -43.236  -9.268  26.369 0.0000000000
86755  -41.533  -9.233  25.132 0.0000000000
87772  -40.539  -8.246  24.963 0.0000000000
87771  -39.749  -7.622  25.266 0.0000000000
92064  -40.832  -4.007  36.349 0.0000000000
90974  -37.995  -5.066  34.964 0.0000000000
92101  -39.967  -4.600  34.513 0.0000000000
92102  -40.883  -4.900  34.667 0.0000000000
90975  -41.516  -5.361  33.884 0.0000000000
91013  -42.506  -5.337  32.095 0.0000000000
92162  -42.622  -4.783  30.818 0.0000000000
91060  -41.155  -5.159  30.407 0.0000000000
88793  -40.223  -7.030  30.287 0.0000000000
88799  -38.718  -8.043  29.538 0.0000000000
94190  -37.521  -2.605  26.268 0.0000000000
95074  -36.253  -1.572  26.547 0.0000000000
96728  -34.951  -0.186  26.797 0.0000000000
97527  -34.135  0.989  27.622 0.0000000000
98381  -32.852  2.037  29.074 0.0000000000
90107  -50.998  -6.563  15.289 0.0000000000
90119  -49.853  -6.378  14.240 0.0000000000
89001  -49.031  -7.006  13.729 0.0000000000
88919  -46.895  -7.837  19.890 0.0000000000
90070  -47.734  -7.064  17.957 0.0000000000
88960  -45.499  -7.672  16.830 0.0000000000
90092  -47.104  -7.001  15.979 0.0000000000
90105  -48.018  -6.296  14.973 0.0000000000
90117  -47.911  -6.385  14.118 0.0000000000
90138  -48.785  -6.798  13.081 0.0000000000
87914  -48.358  -7.509  13.158 0.0000000000
87922  -47.509  -7.931  12.543 0.0000000000
86892  -46.902  -8.446  12.224 0.0000000000
86900  -45.512  -8.821  11.301 0.0000000000
89020  -45.564  -7.947  11.518 0.0000000000
87930  -45.398  -8.267  10.925 0.0000000000
86899  -44.903  -9.005  11.492 0.0000000000
87928  -43.756  -8.414  10.956 0.0000000000
87940  -43.252  -7.947  10.527 0.0000000000
90144  -42.727  -6.490  10.103 0.0000000000
95086  -39.604  -1.868  24.812 0.0000000000
94209  -40.998  -2.365  23.441 0.0000000000
93250  -41.382  -3.420  22.578 0.0000000000
96754  -41.991  0.056  22.860 0.0000000000
94219  -42.121  -2.373  22.418 0.0000000000
93261  -42.241  -3.040  21.092 0.0000000000
93271  -42.231  -3.110  20.106 0.0000000000
94250  -42.706  -2.346  18.564 0.0000000000
94259  -42.697  -2.459  17.403 0.0000000000
97552  -46.779  1.338  23.246 0.0000000000
96759  -46.716  0.019  22.105 0.0000000000
95976  -45.958  -0.819  20.950 0.0000000000
96002  -47.750  -0.000  19.416 0.0000000000
96000  -46.438  -0.372  19.043 0.0000000000
95122  -45.489  -0.991  20.087 0.0000000000
95140  -44.286  -0.786  17.729 0.0000000000
95149  -43.477  -1.478  17.202 0.0000000000
94277  -43.411  -2.604  15.396 0.0000000000
94285  -43.638  -2.923  14.255 0.0000000000
94309  -44.993  -2.917  11.034 0.0000000000
96063  -46.367  -0.565  11.983 0.0000000000
94317  -45.540  -2.689  10.285 0.0000000000
92363  -45.201  -3.751  9.634 0.0000000000
91296  -44.343  -4.485  8.886 0.0000000000
92367  -43.202  -5.102  9.424 0.0000000000
96067  -44.110  -0.269  10.841 0.0000000000
98544  -43.276  2.679  14.194 0.0000000000
98558  -42.218  2.787  13.044 0.0000000000
98572  -41.281  2.730  12.005 0.0000000000
98542  -40.758  3.056  14.400 0.0000000000
98571  -40.217  2.619  12.165 0.0000000000
98586  -40.561  2.289  11.344 0.0000000000
97671  -39.877  1.511  12.136 0.0000000000
97660  -40.096  1.382  13.353 0.0000000000
97649  -40.281  1.370  14.715 0.0000000000
98553  -36.487  2.760  13.091 0.0000000000
98539  -36.276  2.477  13.942 0.0000000000
103896  -42.094  8.268  12.323 0.0000000000
103030  -40.982  7.857  11.903 0.0000000000
103894  -40.204  8.182  12.730 0.0000000000
103006  -38.945  7.583  13.655 0.0000000000
102127  -38.025  6.793  14.142 0.0000000000
93217  -38.716  -3.592  25.550 0.0000000000
94198  -39.108  -2.771  25.253 0.0000000000
91064  -44.938  -4.981  30.456 0.0000000000
91079  -45.014  -4.913  29.590 0.0000000000
92195  -44.281  -4.795  29.884 0.0000000000
92194  -43.664  -4.889  29.893 0.0000000000
88903  -47.541  -7.618  20.964 0.0000000000
92325  -42.577  -4.642  15.508 0.0000000000
93313  -42.928  -3.735  15.176 0.0000000000
99369  -44.365  3.485  24.694 0.0000000000
99370  -45.536  3.263  24.630 0.0000000000
98520  -46.821  2.307  15.787 0.0000000000
98547  -46.647  2.307  13.491 0.0000000000
102130  -40.865  6.743  14.222 0.0000000000
102129  -40.191  6.386  13.963 0.0000000000
102138  -40.592  6.742  13.566 0.0000000000
102137  -40.231  6.728  12.940 0.0000000000
86778  -41.718  -8.676  23.453 0.0000000000
87811  -42.011  -8.691  22.418 0.0000000000
87795  -41.375  -8.227  23.027 0.0000000000
91178  -40.532  -5.571  20.795 0.0000000000
99335  -49.464  3.918  26.977 0.0000000000
99348  -49.665  3.419  26.213 0.0000000000
99349  -50.349  3.829  26.111 0.0000000000
99388  -46.688  3.764  22.598 0.0000000000
99393  -45.691  3.548  21.662 0.0000000000
98456  -45.969  3.177  21.325 0.0000000000
99404  -44.730  3.652  20.868 0.0000000000
99392  -44.859  3.955  21.415 0.0000000000
102939  -45.276  7.797  18.551 0.0000000000
102955  -44.957  7.855  17.793 0.0000000000
102971  -44.575  7.856  17.232 0.0000000000
103828  -45.012  7.927  17.172 0.0000000000
85942  -44.599  -9.877  13.466 0.0000000000
97524  -35.063  1.951  27.786 0.0000000000
97529  -35.912  1.663  26.969 0.0000000000
98358  -39.361  3.383  30.171 0.0000000000
99308  -39.500  3.311  29.203 0.0000000000
98375  -39.869  3.233  29.473 0.0000000000
98388  -40.529  3.094  29.036 0.0000000000
98376  -40.754  3.254  29.803 0.0000000000
99264  -45.505  3.547  32.521 0.0000000000
99283  -46.385  3.848  30.924 0.0000000000
91134  -51.331  -5.047  24.238 0.0000000000
87766  -45.694  -7.503  26.060 0.0000000000
87774  -45.299  -8.550  25.276 0.0000000000
87765  -45.121  -8.109  26.410 0.0000000000
87742  -39.992  -8.713  28.139 0.0000000000
87741  -38.988  -8.488  27.983 0.0000000000
87751  -38.658  -7.956  27.018 0.0000000000
87740  -38.110  -8.114  27.988 0.0000000000
93172  -37.894  -3.736  33.065 0.0000000000
92139  -37.744  -4.200  32.656 0.0000000000
92157  -38.233  -4.750  32.123 0.0000000000
91035  -39.057  -5.303  31.698 0.0000000000
91033  -37.404  -5.447  31.869 0.0000000000
93200  -34.928  -3.541  27.642 0.0000000000
94184  -34.297  -2.650  27.646 0.0000000000
90094  -48.771  -5.747  15.887 0.0000000000
88946  -44.270  -8.006  17.876 0.0000000000
90152  -44.254  -6.151  10.376 0.0000000000
90159  -44.383  -5.768  9.784 0.0000000000
91289  -44.462  -5.038  9.437 0.0000000000
97543  -39.990  1.289  24.084 0.0000000000
96740  -40.184  0.672  23.896 0.0000000000
97548  -40.475  1.025  23.729 0.0000000000
95974  -44.474  -0.870  21.553 0.0000000000
95120  -44.030  -1.712  20.667 0.0000000000
95121  -44.667  -1.277  20.245 0.0000000000
96775  -49.216  0.762  21.651 0.0000000000
96774  -48.563  0.152  21.288 0.0000000000
96834  -47.142  0.583  15.578 0.0000000000
96823  -46.517  0.374  16.302 0.0000000000
96833  -46.259  0.355  15.358 0.0000000000
96047  -45.261  -0.549  14.132 0.0000000000
96851  -45.897  -0.053  13.699 0.0000000000
96884  -45.573  0.227  9.531 0.0000000000
96083  -45.777  -0.514  9.320 0.0000000000
96082  -45.249  -0.550  9.238 0.0000000000
95213  -44.786  -1.529  8.952 0.0000000000
95206  -44.482  -1.104  9.558 0.0000000000
97704  -41.776  1.981  9.603 0.0000000000
97695  -42.051  1.624  10.070 0.0000000000
99431  -41.729  3.817  17.546 0.0000000000
99453  -42.058  3.236  16.240 0.0000000000
99441  -41.423  3.552  16.782 0.0000000000
99484  -37.922  3.144  11.944 0.0000000000
98569  -38.450  3.020  12.317 0.0000000000
97682  -38.606  2.014  11.364 0.0000000000
97681  -37.726  2.231  11.459 0.0000000000
97668  -37.242  2.016  11.721 0.0000000000
97680  -37.173  2.436  11.464 0.0000000000
89998  -40.022  -6.217  23.979 0.0000000000
100253  -50.438  4.629  25.315 0.0000000000
101157  -50.373  5.430  24.906 0.0000000000
102032  -48.841  6.247  23.729 0.0000000000
102031  -47.899  5.963  23.514 0.0000000000
101161  -47.372  5.158  23.527 0.0000000000
101167  -47.267  5.957  23.078 0.0000000000
102038  -46.782  6.246  22.384 0.0000000000
102905  -48.681  7.404  20.243 0.0000000000
102884  -47.826  7.264  21.069 0.0000000000
102923  -46.988  7.839  19.213 0.0000000000
86863  -47.227  -9.182  14.718 0.0000000000
98353  -33.817  3.065  30.933 0.0000000000
98354  -34.966  3.278  30.525 0.0000000000
99286  -34.610  3.313  31.297 0.0000000000
89964  -44.663  -6.023  27.905 0.0000000000
88812  -44.407  -6.500  27.936 0.0000000000
89953  -44.150  -6.182  28.251 0.0000000000
89941  -42.752  -6.107  29.469 0.0000000000
88803  -42.738  -6.687  29.220 0.0000000000
88802  -42.237  -6.971  29.476 0.0000000000
88808  -41.280  -8.080  29.041 0.0000000000
88801  -41.025  -7.404  29.576 0.0000000000
92191  -33.725  -4.293  30.074 0.0000000000
93191  -33.702  -3.952  29.618 0.0000000000
93190  -33.106  -3.664  29.648 0.0000000000
94175  -32.619  -2.960  28.992 0.0000000000
93189  -32.119  -3.467  29.547 0.0000000000
93188  -31.196  -3.442  29.404 0.0000000000
93186  -29.799  -3.123  30.004 0.0000000000
90091  -43.007  -7.335  16.610 0.0000000000
90102  -42.586  -6.505  16.265 0.0000000000
90126  -42.851  -6.240  14.801 0.0000000000
90127  -43.187  -6.650  14.080 0.0000000000
88996  -43.820  -7.430  14.566 0.0000000000
91260  -43.073  -5.766  13.487 0.0000000000
91268  -43.502  -5.617  12.586 0.0000000000
92347  -43.873  -4.643  12.123 0.0000000000
93337  -44.131  -3.835  12.189 0.0000000000
99367  -41.896  3.357  24.849 0.0000000000
99377  -42.478  3.145  23.961 0.0000000000
98444  -44.609  1.733  22.820 0.0000000000
96757  -44.576  0.252  22.254 0.0000000000
97565  -45.231  1.017  22.606 0.0000000000
97608  -48.614  1.471  18.404 0.0000000000
97619  -49.079  1.108  18.190 0.0000000000
97618  -48.780  1.378  17.422 0.0000000000
97640  -47.784  1.461  15.356 0.0000000000
96853  -47.311  0.896  13.772 0.0000000000
98562  -46.569  2.262  12.410 0.0000000000
98563  -47.243  1.963  12.176 0.0000000000
98577  -46.517  2.119  11.416 0.0000000000
98604  -46.168  1.483  10.260 0.0000000000
98591  -45.746  2.196  10.598 0.0000000000
98612  -45.054  1.681  9.512 0.0000000000
102096  -40.737  5.916  16.932 0.0000000000
100307  -39.678  4.618  16.120 0.0000000000
101215  -39.938  5.495  16.113 0.0000000000
101221  -38.631  4.747  14.657 0.0000000000
100328  -37.951  4.355  13.516 0.0000000000
100327  -37.595  4.604  12.712 0.0000000000
101235  -37.965  5.334  12.954 0.0000000000
101243  -38.489  6.322  12.628 0.0000000000
101242  -38.093  5.939  12.353 0.0000000000
102143  -37.603  6.190  12.419 0.0000000000
103018  -37.977  6.825  12.636 0.0000000000
87828  -44.903  -8.708  21.713 0.0000000000
87827  -44.205  -8.862  21.509 0.0000000000
87825  -42.453  -8.648  21.363 0.0000000000
87841  -43.230  -8.529  20.489 0.0000000000
87855  -43.147  -8.236  19.439 0.0000000000
87854  -42.577  -7.959  19.509 0.0000000000
88871  -40.695  -7.184  22.072 0.0000000000
88885  -40.700  -7.078  21.251 0.0000000000
90058  -41.044  -6.504  19.891 0.0000000000
88929  -41.790  -7.167  18.987 0.0000000000
90069  -41.755  -6.886  18.506 0.0000000000
90080  -41.937  -6.778  17.822 0.0000000000
90079  -41.555  -6.347  18.305 0.0000000000
92309  -41.593  -4.692  17.494 0.0000000000
92310  -41.877  -4.318  16.982 0.0000000000
93300  -41.790  -3.881  17.504 0.0000000000
99359  -47.438  2.867  25.350 0.0000000000
99360  -48.044  2.752  25.598 0.0000000000
98428  -48.661  1.989  24.737 0.0000000000
97546  -49.300  1.777  24.177 0.0000000000
96747  -49.334  1.274  23.020 0.0000000000
100251  -49.330  4.296  24.467 0.0000000000
99374  -49.606  3.475  24.412 0.0000000000
99373  -49.079  3.770  24.163 0.0000000000
98446  -47.914  2.679  22.280 0.0000000000
98447  -48.471  2.550  22.576 0.0000000000
98460  -49.097  1.608  21.756 0.0000000000
98459  -48.565  1.826  21.404 0.0000000000
97588  -48.444  1.552  20.043 0.0000000000
98472  -47.705  1.917  20.237 0.0000000000
98484  -46.516  2.271  19.383 0.0000000000
99412  -43.663  3.826  19.671 0.0000000000
98493  -43.707  3.267  18.445 0.0000000000
99422  -43.529  3.549  18.890 0.0000000000
99421  -42.760  3.875  18.517 0.0000000000
100292  -43.030  4.204  19.162 0.0000000000
102047  -44.737  5.967  21.340 0.0000000000
102060  -44.505  6.689  20.357 0.0000000000
102073  -43.351  6.689  19.259 0.0000000000
102072  -42.479  6.089  18.965 0.0000000000
101187  -42.113  5.395  18.916 0.0000000000
101197  -41.902  5.974  18.546 0.0000000000
102085  -41.558  6.157  18.007 0.0000000000
102086  -42.391  6.678  18.154 0.0000000000
103840  -43.186  7.935  16.104 0.0000000000
102968  -42.509  7.471  16.510 0.0000000000
102983  -42.383  7.553  15.644 0.0000000000
103853  -42.533  7.719  15.084 0.0000000000
87918  -42.688  -8.523  11.994 0.0000000000
95938  -36.613  -0.733  26.099 0.0000000000
95942  -37.724  -0.719  25.430 0.0000000000
96732  -36.776  0.182  25.813 0.0000000000
98410  -37.118  1.650  26.100 0.0000000000
97537  -37.749  1.065  25.279 0.0000000000
98411  -37.717  1.973  25.693 0.0000000000
98412  -38.849  2.729  25.787 0.0000000000
98385  -37.748  3.157  28.502 0.0000000000
98396  -39.486  3.228  27.933 0.0000000000
98395  -38.415  3.121  27.681 0.0000000000
99353  -40.722  3.253  26.010 0.0000000000
99339  -40.545  3.251  26.679 0.0000000000
99327  -41.571  3.258  28.290 0.0000000000
99329  -43.525  3.424  27.793 0.0000000000
99278  -42.110  3.367  31.970 0.0000000000
99277  -41.261  3.436  31.704 0.0000000000
98344  -41.840  3.424  31.363 0.0000000000
98378  -42.145  3.401  30.537 0.0000000000
99311  -44.414  3.499  29.580 0.0000000000
99310  -43.428  3.422  29.873 0.0000000000
99321  -44.473  3.531  28.582 0.0000000000
99322  -45.551  3.613  28.349 0.0000000000
99313  -46.521  3.687  29.084 0.0000000000
100224  -47.566  4.137  29.408 0.0000000000
100233  -47.679  4.036  28.640 0.0000000000
100234  -48.397  4.225  28.489 0.0000000000
100240  -48.609  4.102  27.759 0.0000000000
91159  -51.451  -4.963  22.270 0.0000000000
90026  -49.307  -6.249  23.002 0.0000000000
91157  -49.978  -5.856  22.697 0.0000000000
90036  -48.677  -6.760  22.413 0.0000000000
88875  -48.090  -6.877  23.034 0.0000000000
89980  -49.274  -6.435  26.724 0.0000000000
89990  -49.598  -6.205  25.758 0.0000000000
89991  -50.271  -5.842  26.148 0.0000000000
90001  -49.297  -6.202  24.789 0.0000000000
90000  -48.690  -6.475  25.140 0.0000000000
88844  -46.960  -7.259  24.648 0.0000000000
88857  -46.882  -7.523  23.706 0.0000000000
88874  -47.386  -7.345  22.889 0.0000000000
87799  -46.260  -8.137  23.592 0.0000000000
87815  -45.999  -8.426  22.680 0.0000000000
86758  -44.643  -9.064  25.167 0.0000000000
86768  -44.291  -9.281  24.316 0.0000000000
86767  -43.408  -9.444  24.293 0.0000000000
86756  -42.741  -9.485  25.254 0.0000000000
87755  -43.231  -8.611  27.423 0.0000000000
87764  -43.939  -8.692  26.794 0.0000000000
86741  -42.528  -9.108  27.210 0.0000000000
86745  -41.099  -9.289  26.301 0.0000000000
86754  -40.817  -8.992  25.637 0.0000000000
87761  -39.445  -7.957  26.038 0.0000000000
89906  -43.626  -5.650  32.424 0.0000000000
92063  -39.888  -4.021  36.563 0.0000000000
90972  -36.899  -5.530  34.192 0.0000000000
90973  -37.609  -5.112  34.627 0.0000000000
92100  -39.098  -4.441  34.491 0.0000000000
92120  -40.524  -4.869  33.426 0.0000000000
92159  -40.332  -4.794  31.645 0.0000000000
92160  -41.292  -4.552  31.310 0.0000000000
91038  -42.253  -4.778  31.334 0.0000000000
92161  -41.979  -4.556  30.960 0.0000000000
92178  -41.579  -4.706  30.693 0.0000000000
89932  -39.616  -6.271  31.009 0.0000000000
88792  -39.136  -7.342  30.357 0.0000000000
88791  -37.988  -7.638  30.253 0.0000000000
93206  -36.302  -3.565  27.016 0.0000000000
92211  -36.653  -4.766  27.208 0.0000000000
92216  -36.605  -4.164  26.954 0.0000000000
93207  -36.933  -3.507  26.650 0.0000000000
95075  -36.993  -1.669  26.299 0.0000000000
94189  -36.453  -2.581  26.742 0.0000000000
95933  -34.707  -0.780  27.022 0.0000000000
95934  -35.255  -1.076  26.826 0.0000000000
94178  -31.943  -1.935  28.566 0.0000000000
95065  -32.407  -1.385  28.266 0.0000000000
97521  -32.034  1.348  28.895 0.0000000000
97522  -33.321  1.312  28.249 0.0000000000
98369  -33.365  2.557  29.811 0.0000000000
88976  -51.734  -7.130  15.567 0.0000000000
91252  -49.756  -5.960  14.127 0.0000000000
90120  -50.351  -6.193  14.709 0.0000000000
88989  -49.860  -7.030  14.566 0.0000000000
89002  -49.389  -6.524  13.889 0.0000000000
88918  -45.670  -8.368  20.096 0.0000000000
88971  -44.647  -7.670  16.116 0.0000000000
88973  -46.477  -7.285  15.403 0.0000000000
90104  -47.253  -6.798  15.176 0.0000000000
89000  -47.565  -7.066  13.132 0.0000000000
90128  -48.245  -6.580  13.256 0.0000000000
90137  -48.449  -6.700  13.146 0.0000000000
89013  -48.508  -7.029  12.929 0.0000000000
87923  -48.125  -7.358  12.757 0.0000000000
87921  -46.640  -8.296  12.062 0.0000000000
86891  -46.377  -8.837  11.799 0.0000000000
86901  -45.907  -8.617  11.276 0.0000000000
89019  -44.794  -7.317  11.784 0.0000000000
89031  -45.182  -7.862  10.798 0.0000000000
87929  -44.658  -8.513  10.903 0.0000000000
87920  -44.281  -8.799  11.416 0.0000000000
87941  -43.933  -7.910  10.454 0.0000000000
89028  -43.314  -7.234  10.037 0.0000000000
89018  -42.584  -7.452  10.635 0.0000000000
95085  -38.892  -1.410  24.974 0.0000000000
95952  -41.011  -0.776  23.631 0.0000000000
95091  -40.833  -1.651  23.780 0.0000000000
93237  -41.177  -2.905  23.189 0.0000000000
94218  -41.545  -2.385  22.989 0.0000000000
97562  -42.241  1.078  22.834 0.0000000000
97561  -41.684  0.592  23.052 0.0000000000
95109  -43.267  -1.694  21.910 0.0000000000
95102  -42.815  -1.557  22.416 0.0000000000
94224  -42.775  -2.275  21.665 0.0000000000
93251  -42.096  -2.974  21.899 0.0000000000
94251  -43.265  -2.044  19.320 0.0000000000
95148  -43.105  -1.867  17.667 0.0000000000
98426  -47.337  2.252  24.393 0.0000000000
98425  -46.750  2.305  24.024 0.0000000000
98437  -47.114  1.838  23.811 0.0000000000
96773  -47.520  -0.176  21.533 0.0000000000
96772  -46.924  -0.321  21.555 0.0000000000
95966  -46.469  -0.408  21.463 0.0000000000
96814  -48.614  0.614  17.874 0.0000000000
96792  -48.381  0.222  19.316 0.0000000000
96802  -47.956  0.241  18.544 0.0000000000
96011  -46.420  0.113  18.062 0.0000000000
96012  -47.124  -0.026  18.666 0.0000000000
95999  -45.734  -0.421  18.725 0.0000000000
95131  -45.779  -0.698  19.401 0.0000000000
95130  -44.792  -0.881  19.072 0.0000000000
95158  -44.279  -1.191  15.697 0.0000000000
95150  -44.190  -0.916  16.608 0.0000000000
95157  -43.670  -1.647  16.144 0.0000000000
95165  -43.901  -1.791  15.443 0.0000000000
94278  -43.921  -2.039  15.075 0.0000000000
94286  -44.052  -2.224  14.518 0.0000000000
95181  -44.887  -1.734  12.938 0.0000000000
94293  -44.221  -2.614  13.369 0.0000000000
94301  -44.774  -2.431  12.078 0.0000000000
96861  -46.904  0.126  12.333 0.0000000000
96055  -46.514  -0.200  12.704 0.0000000000
95207  -45.878  -1.799  9.843 0.0000000000
93361  -45.308  -3.297  8.939 0.0000000000
92369  -44.798  -4.307  9.111 0.0000000000
93368  -44.970  -3.380  8.567 0.0000000000
93360  -43.705  -3.497  9.214 0.0000000000
92368  -43.611  -4.488  9.162 0.0000000000
92360  -42.950  -4.663  9.891 0.0000000000
91274  -42.508  -5.592  10.388 0.0000000000
93352  -42.875  -4.022  10.612 0.0000000000
97697  -43.956  1.281  9.806 0.0000000000
96874  -44.047  0.738  10.352 0.0000000000
96860  -43.284  0.273  11.874 0.0000000000
96061  -43.678  -0.340  11.607 0.0000000000
98518  -44.516  2.731  16.509 0.0000000000
98530  -43.060  2.892  15.686 0.0000000000
99450  -39.467  3.654  15.339 0.0000000000
99464  -40.612  3.262  15.227 0.0000000000
98541  -39.668  3.120  14.004 0.0000000000
98556  -39.966  2.774  13.187 0.0000000000
97684  -40.707  1.766  11.366 0.0000000000
97683  -39.775  1.947  11.472 0.0000000000
97648  -39.238  1.442  14.228 0.0000000000
97635  -37.441  1.680  14.638 0.0000000000
97634  -36.684  1.973  14.216 0.0000000000
98568  -36.763  2.832  12.041 0.0000000000
99468  -36.569  3.598  13.001 0.0000000000
99459  -35.832  3.545  14.356 0.0000000000
99467  -36.274  3.198  13.582 0.0000000000
98538  -35.704  2.818  14.474 0.0000000000
103909  -40.742  8.363  12.039 0.0000000000
103029  -40.809  8.044  11.914 0.0000000000
103893  -39.560  7.907  13.311 0.0000000000
91122  -39.156  -5.217  25.149 0.0000000000
91130  -39.561  -5.256  24.570 0.0000000000
92230  -39.402  -4.412  24.732 0.0000000000
93226  -39.819  -3.548  24.434 0.0000000000
102033  -49.911  6.629  23.563 0.0000000000
102872  -48.942  7.145  22.329 0.0000000000
102885  -48.887  7.337  21.491 0.0000000000
102906  -49.864  7.213  20.328 0.0000000000
98341  -33.799  2.820  32.167 0.0000000000
99271  -34.780  3.308  32.216 0.0000000000
91091  -44.420  -5.485  28.692 0.0000000000
91090  -43.671  -5.507  29.181 0.0000000000
89942  -43.277  -5.720  29.293 0.0000000000
91076  -42.301  -5.490  29.990 0.0000000000
92173  -32.209  -4.555  30.232 0.0000000000
92189  -31.630  -4.058  29.752 0.0000000000
92172  -31.212  -4.740  29.999 0.0000000000
91240  -42.438  -5.561  15.912 0.0000000000
91250  -42.661  -5.523  15.088 0.0000000000
92339  -42.928  -5.193  13.917 0.0000000000
92333  -43.195  -4.248  14.110 0.0000000000
93321  -43.431  -3.713  13.957 0.0000000000
99378  -43.569  3.169  23.805 0.0000000000
99379  -44.769  3.056  23.823 0.0000000000
98435  -45.156  2.333  23.323 0.0000000000
98510  -47.906  1.817  16.680 0.0000000000
98511  -48.485  1.589  17.061 0.0000000000
98521  -47.654  2.012  15.472 0.0000000000
98534  -47.505  2.093  14.346 0.0000000000
98561  -45.655  2.446  12.601 0.0000000000
98560  -44.564  2.578  12.766 0.0000000000
102118  -40.523  6.364  15.176 0.0000000000
101230  -39.635  6.123  13.947 0.0000000000
101229  -38.982  5.873  13.751 0.0000000000
102136  -39.397  6.425  12.934 0.0000000000
102145  -39.110  6.718  12.554 0.0000000000
86794  -43.304  -9.271  22.334 0.0000000000
87812  -43.807  -9.060  21.910 0.0000000000
86793  -42.658  -9.045  22.092 0.0000000000
91168  -40.413  -5.704  21.768 0.0000000000
90045  -40.515  -6.410  21.005 0.0000000000
91191  -40.727  -5.625  19.933 0.0000000000
91192  -41.020  -5.981  19.332 0.0000000000
91205  -41.203  -5.721  18.667 0.0000000000
92288  -40.829  -4.900  19.604 0.0000000000
92289  -41.213  -4.438  19.143 0.0000000000
93281  -41.604  -3.687  19.554 0.0000000000
99334  -48.625  3.824  27.096 0.0000000000
99346  -48.154  3.149  26.180 0.0000000000
98408  -49.238  3.063  26.064 0.0000000000
98417  -49.356  2.799  25.623 0.0000000000
100256  -47.912  4.289  23.689 0.0000000000
99384  -48.641  3.261  23.446 0.0000000000
99383  -47.539  3.773  23.115 0.0000000000
99395  -47.366  2.871  22.082 0.0000000000
98483  -45.286  2.868  19.905 0.0000000000
99414  -44.924  3.297  20.390 0.0000000000
99413  -44.428  3.436  20.038 0.0000000000
99403  -43.950  4.061  20.421 0.0000000000
102902  -45.279  7.325  20.044 0.0000000000
102921  -44.728  7.435  19.403 0.0000000000
102920  -43.990  7.332  19.094 0.0000000000
102937  -43.606  7.361  18.421 0.0000000000
102936  -43.013  7.211  18.022 0.0000000000
102953  -43.431  7.539  17.557 0.0000000000
102970  -43.971  7.832  16.983 0.0000000000
103841  -43.672  8.098  16.179 0.0000000000
86878  -44.238  -9.639  13.020 0.0000000000
87919  -43.608  -8.725  11.686 0.0000000000
97532  -36.104  1.200  26.421 0.0000000000
97535  -36.478  0.683  25.979 0.0000000000
98401  -36.913  1.992  26.606 0.0000000000
98356  -37.774  3.268  29.880 0.0000000000
98373  -38.199  3.282  29.327 0.0000000000
99316  -39.466  3.298  28.952 0.0000000000
98397  -40.346  3.188  28.265 0.0000000000
98398  -41.047  3.126  28.606 0.0000000000
99318  -41.542  3.232  28.843 0.0000000000
99280  -43.579  3.383  31.787 0.0000000000
99294  -42.798  3.299  31.059 0.0000000000
99296  -44.452  3.453  30.589 0.0000000000
99297  -45.414  3.546  30.288 0.0000000000
99298  -46.308  3.698  29.949 0.0000000000
100213  -47.067  4.132  30.328 0.0000000000
91146  -51.399  -5.032  23.264 0.0000000000
91144  -49.905  -5.784  23.686 0.0000000000
89988  -47.610  -6.490  26.093 0.0000000000
89999  -47.956  -6.538  25.400 0.0000000000
88837  -47.428  -6.698  25.542 0.0000000000
87776  -46.515  -7.440  25.057 0.0000000000
87784  -45.825  -8.363  24.451 0.0000000000
86748  -44.316  -9.011  26.006 0.0000000000
86734  -42.042  -8.934  27.777 0.0000000000
87753  -40.564  -9.107  27.270 0.0000000000
92116  -36.809  -4.516  33.274 0.0000000000
93148  -37.725  -4.032  34.012 0.0000000000
93158  -37.909  -3.770  33.707 0.0000000000
93173  -38.272  -3.695  33.369 0.0000000000
92141  -39.829  -4.593  32.596 0.0000000000
91059  -40.261  -5.271  30.964 0.0000000000
89921  -38.761  -5.981  31.454 0.0000000000
89920  -37.819  -6.189  31.493 0.0000000000
91101  -35.815  -5.069  27.901 0.0000000000
93201  -35.693  -3.623  27.338 0.0000000000
94185  -35.503  -2.610  27.162 0.0000000000
95070  -34.142  -1.570  27.430 0.0000000000
91243  -50.821  -5.887  15.396 0.0000000000
91242  -50.004  -5.689  14.832 0.0000000000
91241  -49.342  -5.763  14.255 0.0000000000
88933  -44.828  -8.296  19.035 0.0000000000
88984  -44.677  -7.742  15.124 0.0000000000
89021  -46.288  -8.134  11.830 0.0000000000
89039  -44.070  -6.606  9.819 0.0000000000
89029  -44.019  -7.289  10.141 0.0000000000
90157  -43.788  -6.030  9.442 0.0000000000
96738  -38.826  0.219  24.562 0.0000000000
95948  -40.032  -0.888  24.223 0.0000000000
96742  -40.176  -0.292  23.932 0.0000000000
95951  -40.461  -0.593  23.875 0.0000000000
96756  -43.647  0.162  22.441 0.0000000000
95962  -43.197  -0.651  22.436 0.0000000000
94233  -43.451  -2.108  21.106 0.0000000000
96745  -48.294  0.735  23.060 0.0000000000
95978  -47.879  -0.190  20.770 0.0000000000
96825  -48.062  0.582  16.725 0.0000000000
96812  -47.467  0.386  17.214 0.0000000000
96811  -46.782  0.330  17.126 0.0000000000
96022  -45.892  0.184  17.112 0.0000000000
96030  -44.786  -0.435  15.931 0.0000000000
96037  -44.768  -0.786  15.063 0.0000000000
96046  -44.755  -1.098  14.535 0.0000000000
95175  -45.235  -1.098  13.349 0.0000000000
95182  -45.491  -1.230  12.636 0.0000000000
96876  -46.590  0.284  10.557 0.0000000000
96068  -46.467  -0.468  10.930 0.0000000000
96076  -46.276  -0.448  10.127 0.0000000000
95215  -45.874  -0.920  9.337 0.0000000000
95221  -45.209  -2.264  8.511 0.0000000000
94332  -44.793  -2.734  8.449 0.0000000000
94323  -44.707  -2.251  8.587 0.0000000000
94322  -44.300  -2.639  8.820 0.0000000000
94315  -43.794  -2.568  9.641 0.0000000000
97705  -42.549  1.888  9.539 0.0000000000
97696  -43.142  1.564  10.131 0.0000000000
97686  -42.546  1.468  10.724 0.0000000000
99454  -42.811  3.150  16.694 0.0000000000
99471  -38.799  3.406  13.788 0.0000000000
98540  -39.156  3.249  13.866 0.0000000000
98555  -38.979  3.093  13.175 0.0000000000
97647  -38.247  1.578  13.820 0.0000000000
97658  -38.096  1.652  12.665 0.0000000000
97657  -37.315  1.823  12.443 0.0000000000
101240  -36.775  5.292  12.535 0.0000000000
100326  -36.514  4.569  13.157 0.0000000000
99458  -35.163  3.764  14.919 0.0000000000
100321  -35.335  4.086  14.932 0.0000000000
100313  -35.552  4.690  15.412 0.0000000000
87781  -40.911  -7.825  23.770 0.0000000000
87794  -41.045  -7.777  23.216 0.0000000000
90024  -40.431  -6.480  22.453 0.0000000000
91131  -39.938  -5.395  23.987 0.0000000000
91143  -40.174  -5.664  23.479 0.0000000000
91156  -40.359  -5.588  22.784 0.0000000000
92254  -40.657  -4.592  22.356 0.0000000000
92255  -41.133  -4.129  21.767 0.0000000000
99362  -50.231  3.956  25.369 0.0000000000
100252  -49.944  4.489  24.812 0.0000000000
101155  -48.969  4.865  24.397 0.0000000000
102026  -49.062  5.514  24.305 0.0000000000
101160  -46.917  4.819  23.298 0.0000000000
100259  -46.148  4.473  22.753 0.0000000000
102037  -46.018  5.776  22.303 0.0000000000
102048  -45.819  6.611  21.422 0.0000000000
102883  -46.870  7.193  20.982 0.0000000000
102903  -46.197  7.427  20.314 0.0000000000
102940  -46.296  8.053  18.194 0.0000000000
86890  -45.518  -9.293  12.009 0.0000000000
98371  -35.906  3.286  29.658 0.0000000000
99287  -35.377  3.481  31.213 0.0000000000
99288  -36.365  3.552  30.804 0.0000000000
99305  -36.899  3.338  30.084 0.0000000000
89976  -45.898  -6.258  27.140 0.0000000000
87757  -44.881  -7.592  27.069 0.0000000000
88818  -44.807  -6.887  27.411 0.0000000000
87746  -44.052  -7.531  27.892 0.0000000000
87745  -43.555  -7.845  28.076 0.0000000000
88810  -42.947  -7.198  28.794 0.0000000000
87735  -40.387  -8.318  29.016 0.0000000000
89858  -36.817  -6.352  35.364 0.0000000000
89857  -35.988  -6.817  35.355 0.0000000000
89871  -36.271  -6.368  34.520 0.0000000000
90994  -36.062  -5.923  33.817 0.0000000000
90993  -35.414  -5.710  33.126 0.0000000000
92115  -36.251  -5.141  33.350 0.0000000000
93194  -33.746  -3.620  28.929 0.0000000000
94180  -33.292  -2.688  28.349 0.0000000000
94176  -33.069  -3.155  28.975 0.0000000000
94179  -32.456  -2.254  28.526 0.0000000000
95061  -30.988  -2.094  29.101 0.0000000000
88957  -42.963  -7.566  17.248 0.0000000000
88958  -43.665  -7.690  17.159 0.0000000000
89009  -44.608  -7.403  12.902 0.0000000000
90145  -43.832  -6.275  12.095 0.0000000000
92355  -44.072  -5.100  11.426 0.0000000000
92356  -44.455  -4.545  11.067 0.0000000000
97549  -41.207  1.154  23.342 0.0000000000
98432  -41.409  2.492  23.874 0.0000000000
98442  -42.907  1.517  22.759 0.0000000000
98443  -43.589  1.685  22.749 0.0000000000
97563  -43.192  0.938  22.561 0.0000000000
97600  -49.262  1.050  20.121 0.0000000000
96794  -49.188  0.652  19.729 0.0000000000
97609  -49.185  1.098  19.124 0.0000000000
96815  -48.963  0.828  18.078 0.0000000000
96827  -48.893  0.810  17.576 0.0000000000
97617  -48.537  1.533  16.810 0.0000000000
97629  -48.756  1.242  16.810 0.0000000000
96836  -48.370  0.795  16.441 0.0000000000
96835  -47.892  0.863  15.939 0.0000000000
96843  -46.878  0.536  14.562 0.0000000000
96862  -47.279  0.734  12.703 0.0000000000
96869  -47.195  0.671  11.704 0.0000000000
97674  -47.389  1.306  11.935 0.0000000000
96877  -46.989  0.632  11.000 0.0000000000
97700  -46.780  0.842  10.614 0.0000000000
97709  -45.843  0.665  9.802 0.0000000000
97708  -45.449  1.116  9.717 0.0000000000
96883  -45.018  0.404  9.527 0.0000000000
97707  -44.510  1.319  9.534 0.0000000000
98611  -44.170  2.027  9.254 0.0000000000
98590  -44.758  2.472  10.635 0.0000000000
98601  -43.875  2.428  9.842 0.0000000000
98610  -43.126  2.102  9.520 0.0000000000
98600  -42.808  2.448  9.945 0.0000000000
98599  -41.775  2.370  10.085 0.0000000000
100298  -40.807  4.618  17.632 0.0000000000
99440  -40.556  3.694  16.508 0.0000000000
100308  -40.297  4.499  16.785 0.0000000000
99439  -39.782  3.954  16.127 0.0000000000
100315  -38.791  4.502  14.953 0.0000000000
99449  -38.833  3.952  14.884 0.0000000000
99461  -38.499  3.791  14.109 0.0000000000
99478  -37.988  3.374  12.489 0.0000000000
99477  -37.455  3.487  12.165 0.0000000000
99482  -37.190  3.047  11.512 0.0000000000
100333  -37.258  4.327  12.352 0.0000000000
101241  -37.374  5.310  12.296 0.0000000000
102133  -36.947  5.957  12.764 0.0000000000
102134  -37.568  6.431  13.094 0.0000000000
88902  -46.626  -8.078  20.962 0.0000000000
87844  -45.356  -8.532  21.022 0.0000000000
87858  -45.136  -8.545  20.499 0.0000000000
87842  -44.050  -8.681  20.698 0.0000000000
87857  -44.734  -8.527  20.020 0.0000000000
87868  -43.946  -8.320  19.189 0.0000000000
87867  -43.508  -8.205  18.895 0.0000000000
88931  -43.047  -7.969  18.547 0.0000000000
88872  -41.126  -7.718  22.444 0.0000000000
87824  -41.698  -8.031  20.968 0.0000000000
88898  -40.739  -6.909  20.794 0.0000000000
88899  -41.222  -7.308  20.531 0.0000000000
88915  -42.127  -7.638  19.396 0.0000000000
88944  -42.634  -7.476  17.809 0.0000000000
91218  -41.917  -6.309  17.259 0.0000000000
92318  -41.848  -4.925  16.892 0.0000000000
99344  -46.000  3.620  26.408 0.0000000000
99358  -46.335  3.332  25.442 0.0000000000
99372  -47.291  2.590  24.782 0.0000000000
98427  -47.992  2.017  24.634 0.0000000000
98406  -48.422  2.685  25.647 0.0000000000
97544  -48.329  1.584  24.234 0.0000000000
97554  -48.666  1.264  23.683 0.0000000000
96762  -49.341  1.033  22.498 0.0000000000
98440  -49.227  2.468  23.386 0.0000000000
97580  -49.313  1.330  21.927 0.0000000000
97590  -49.338  1.100  21.056 0.0000000000
97607  -48.081  1.736  18.579 0.0000000000
98485  -47.499  1.879  18.891 0.0000000000
98497  -47.767  1.884  17.851 0.0000000000
98519  -45.698  2.602  16.123 0.0000000000
98494  -44.349  3.032  18.795 0.0000000000
98506  -43.737  3.082  17.929 0.0000000000
99443  -43.016  3.250  17.461 0.0000000000
99432  -42.489  3.626  17.848 0.0000000000
101170  -44.646  5.163  21.425 0.0000000000
100273  -43.761  4.769  20.555 0.0000000000
102059  -43.555  6.013  20.174 0.0000000000
101179  -43.454  5.302  20.269 0.0000000000
100282  -42.552  4.829  19.277 0.0000000000
100290  -41.647  4.683  18.467 0.0000000000
100289  -41.129  4.774  18.124 0.0000000000
101195  -40.874  5.005  17.941 0.0000000000
101205  -41.086  5.884  17.593 0.0000000000
102098  -42.150  6.946  17.412 0.0000000000
102109  -41.238  6.758  15.872 0.0000000000
102982  -41.703  7.189  15.342 0.0000000000
102995  -41.470  7.177  14.428 0.0000000000
103009  -41.895  7.569  13.901 0.0000000000
94196  -37.943  -2.135  25.824 0.0000000000
95080  -38.274  -1.617  25.435 0.0000000000
95943  -38.485  -0.692  24.945 0.0000000000
96734  -38.061  0.204  25.020 0.0000000000
97542  -39.261  1.260  24.526 0.0000000000
98423  -40.031  2.606  24.772 0.0000000000
99366  -41.015  3.283  25.219 0.0000000000
99340  -41.332  3.279  27.162 0.0000000000
99355  -42.825  3.488  25.853 0.0000000000
99343  -44.864  3.683  26.574 0.0000000000
98377  -41.495  3.358  30.141 0.0000000000
98390  -41.972  3.351  29.873 0.0000000000
99319  -42.266  3.360  29.161 0.0000000000
99330  -44.628  3.596  27.577 0.0000000000
99332  -46.777  3.598  27.221 0.0000000000
99324  -47.529  3.804  27.999 0.0000000000
100235  -49.504  4.909  28.810 0.0000000000
91158  -50.755  -5.501  22.464 0.0000000000
91169  -50.067  -5.929  21.631 0.0000000000
88888  -47.085  -7.714  21.900 0.0000000000
91132  -49.849  -5.803  24.586 0.0000000000
90014  -49.253  -6.157  23.933 0.0000000000
90012  -48.073  -6.643  24.732 0.0000000000
88859  -48.270  -6.717  23.636 0.0000000000
87814  -45.198  -8.752  22.592 0.0000000000
87797  -44.739  -9.039  23.432 0.0000000000
86795  -43.684  -9.328  22.864 0.0000000000
86780  -43.189  -9.413  23.345 0.0000000000
86765  -41.763  -8.941  24.080 0.0000000000
86746  -42.094  -9.453  26.273 0.0000000000
87773  -41.273  -8.737  24.552 0.0000000000
88834  -39.974  -7.504  24.829 0.0000000000
88833  -39.618  -6.857  25.039 0.0000000000
89985  -38.973  -5.987  25.549 0.0000000000
91121  -38.659  -5.242  25.655 0.0000000000
93216  -38.178  -3.656  26.038 0.0000000000
91040  -43.817  -4.972  31.138 0.0000000000
93124  -41.286  -3.438  36.976 0.0000000000
92065  -41.737  -4.059  36.363 0.0000000000
90957  -37.775  -5.569  35.462 0.0000000000
90958  -38.344  -5.241  35.459 0.0000000000
92081  -38.939  -4.856  35.379 0.0000000000
92099  -38.166  -4.395  34.428 0.0000000000
92082  -39.582  -4.488  35.467 0.0000000000
92083  -40.394  -4.466  35.537 0.0000000000
92084  -41.299  -4.579  35.622 0.0000000000
92085  -42.233  -4.621  35.707 0.0000000000
90959  -41.795  -5.206  34.956 0.0000000000
90976  -42.398  -5.721  34.278 0.0000000000
90996  -42.287  -5.708  33.216 0.0000000000
90995  -41.514  -5.209  32.725 0.0000000000
89889  -43.035  -5.845  32.752 0.0000000000
89905  -43.140  -5.550  32.267 0.0000000000
91039  -42.961  -5.018  31.265 0.0000000000
92163  -43.258  -4.854  30.725 0.0000000000
92180  -43.056  -4.897  30.292 0.0000000000
91061  -41.932  -5.078  30.355 0.0000000000
89934  -41.316  -5.696  30.251 0.0000000000
89933  -40.765  -6.106  30.387 0.0000000000
89939  -41.090  -6.656  30.082 0.0000000000
89919  -36.759  -6.189  31.394 0.0000000000
89930  -37.300  -7.014  30.945 0.0000000000
89929  -36.312  -6.686  30.505 0.0000000000
88798  -37.646  -7.975  29.034 0.0000000000
87733  -38.525  -8.317  28.708 0.0000000000
93208  -37.607  -3.639  26.366 0.0000000000
94191  -37.959  -3.132  26.176 0.0000000000
95073  -35.619  -1.637  26.810 0.0000000000
95937  -35.782  -0.734  26.500 0.0000000000
96729  -35.386  0.245  26.577 0.0000000000
97523  -34.473  1.755  27.979 0.0000000000
95069  -33.271  -1.502  27.785 0.0000000000
97526  -33.582  0.798  27.823 0.0000000000
98382  -33.933  2.242  28.793 0.0000000000
97507  -32.377  1.827  31.578 0.0000000000
98340  -33.078  2.404  31.773 0.0000000000
98336  -33.289  2.255  32.429 0.0000000000
88975  -50.872  -7.210  15.306 0.0000000000
88990  -50.399  -6.660  14.784 0.0000000000
88974  -50.440  -7.446  15.238 0.0000000000
87908  -49.463  -7.389  14.590 0.0000000000
88988  -49.286  -7.225  14.245 0.0000000000
88935  -47.376  -7.426  18.655 0.0000000000
88959  -44.532  -7.720  17.041 0.0000000000
88972  -45.593  -7.623  15.784 0.0000000000
90093  -47.807  -6.459  16.164 0.0000000000
90106  -48.694  -5.816  14.573 0.0000000000
90118  -48.786  -6.128  13.755 0.0000000000
90129  -48.877  -6.457  13.482 0.0000000000
87913  -47.901  -8.260  13.303 0.0000000000
86881  -47.101  -8.673  12.589 0.0000000000
87927  -42.962  -8.270  11.104 0.0000000000
94203  -39.621  -2.874  24.815 0.0000000000
94204  -40.157  -2.625  24.369 0.0000000000
95087  -40.371  -1.740  24.275 0.0000000000
94208  -40.617  -2.348  23.924 0.0000000000
96744  -41.355  0.069  23.277 0.0000000000
95953  -41.678  -0.764  23.084 0.0000000000
95961  -42.407  -0.738  22.700 0.0000000000
95101  -41.970  -1.568  22.787 0.0000000000
93260  -41.692  -3.620  21.513 0.0000000000
93270  -41.687  -3.642  20.557 0.0000000000
93282  -42.110  -3.076  19.047 0.0000000000
94241  -42.741  -2.526  19.664 0.0000000000
93293  -42.093  -3.139  17.955 0.0000000000
94267  -42.749  -2.929  16.311 0.0000000000
98436  -46.196  2.049  23.496 0.0000000000
97551  -45.975  1.348  23.049 0.0000000000
97567  -47.289  0.707  22.867 0.0000000000
97566  -46.254  0.744  22.726 0.0000000000
96758  -45.575  0.228  22.201 0.0000000000
95965  -45.791  -0.365  21.671 0.0000000000
95112  -45.174  -1.078  20.766 0.0000000000
96784  -48.796  0.174  20.229 0.0000000000
95990  -48.231  0.031  20.073 0.0000000000
95989  -47.411  -0.320  20.109 0.0000000000
96001  -47.119  -0.296  19.373 0.0000000000
95988  -46.471  -0.671  19.998 0.0000000000
94268  -43.160  -2.173  16.614 0.0000000000
94276  -42.892  -3.250  15.713 0.0000000000
93314  -43.336  -3.388  14.677 0.0000000000
94292  -43.696  -3.191  13.635 0.0000000000
93338  -44.508  -3.523  11.594 0.0000000000
93346  -44.858  -3.657  10.658 0.0000000000
96062  -45.890  -0.920  12.368 0.0000000000
95191  -45.725  -1.406  11.800 0.0000000000
95192  -46.158  -1.051  11.174 0.0000000000
95198  -45.866  -1.716  10.789 0.0000000000
94310  -45.415  -2.200  11.319 0.0000000000
94316  -45.176  -3.200  10.493 0.0000000000
93354  -45.248  -3.514  10.063 0.0000000000
92362  -44.893  -4.277  9.877 0.0000000000
91297  -44.436  -4.586  9.012 0.0000000000
91287  -43.476  -5.464  9.365 0.0000000000
93367  -44.516  -3.516  8.591 0.0000000000
91281  -42.940  -5.644  9.673 0.0000000000
96074  -44.480  -0.307  10.078 0.0000000000
98559  -43.393  2.636  12.913 0.0000000000
98573  -42.371  2.778  11.852 0.0000000000
98587  -41.507  2.635  10.977 0.0000000000
99452  -41.068  3.289  15.882 0.0000000000
98528  -41.045  3.208  15.198 0.0000000000
98598  -41.108  2.219  10.649 0.0000000000
97693  -40.727  2.031  11.046 0.0000000000
97672  -41.155  1.492  12.438 0.0000000000
97636  -38.387  1.487  15.096 0.0000000000
98582  -36.991  2.853  11.472 0.0000000000
99447  -34.817  3.533  15.324 0.0000000000
103830  -46.886  8.252  16.900 0.0000000000
103855  -43.961  8.475  15.283 0.0000000000
103867  -43.216  8.332  14.302 0.0000000000
103866  -42.549  7.855  14.487 0.0000000000
103880  -42.447  8.037  13.487 0.0000000000
103022  -41.731  7.698  13.008 0.0000000000
103895  -41.349  8.047  11.996 0.0000000000
103021  -41.137  7.649  12.378 0.0000000000
103007  -40.647  7.257  12.640 0.0000000000
103020  -40.249  7.498  12.346 0.0000000000
103019  -39.022  7.319  12.717 0.0000000000
103005  -38.234  6.909  13.311 0.0000000000
102135  -37.836  6.632  13.598 0.0000000000
86735  -42.406  -8.815  27.694 0.0000000000
86742  -43.075  -9.026  26.993 0.0000000000
86805  -42.884  -9.027  21.634 0.0000000000
86806  -43.058  -9.189  21.827 0.0000000000
87736  -40.964  -8.161  29.028 0.0000000000
87754  -42.642  -8.749  27.623 0.0000000000
87763  -43.356  -8.920  26.902 0.0000000000
87796  -41.838  -8.689  22.996 0.0000000000
87839  -41.736  -7.812  20.399 0.0000000000
87869  -44.366  -8.421  19.509 0.0000000000
87943  -44.997  -7.834  10.594 0.0000000000
88794  -40.798  -6.824  30.143 0.0000000000
88817  -44.296  -7.328  27.744 0.0000000000
88824  -39.412  -7.362  25.581 0.0000000000
88825  -45.142  -7.376  26.858 0.0000000000
88835  -46.017  -7.278  25.919 0.0000000000
88856  -41.080  -7.762  22.948 0.0000000000
88900  -41.762  -7.655  19.996 0.0000000000
89840  -37.557  -5.879  36.087 0.0000000000
89859  -37.360  -6.001  35.693 0.0000000000
89890  -43.715  -5.983  33.103 0.0000000000
89922  -39.290  -5.765  31.429 0.0000000000
89951  -42.995  -6.526  29.095 0.0000000000
89997  -39.752  -6.051  24.524 0.0000000000
90057  -40.667  -6.166  20.400 0.0000000000
90130  -49.396  -6.091  13.693 0.0000000000
91012  -41.693  -4.816  31.780 0.0000000000
91036  -39.799  -5.163  31.648 0.0000000000
91037  -41.804  -4.582  31.314 0.0000000000
91062  -42.563  -5.095  30.200 0.0000000000
91075  -41.684  -5.483  30.225 0.0000000000
91105  -45.865  -5.696  28.239 0.0000000000
91204  -40.898  -5.452  19.276 0.0000000000
91261  -49.251  -6.154  13.552 0.0000000000
91262  -49.339  -5.900  13.689 0.0000000000
91288  -44.066  -5.059  9.095 0.0000000000
92097  -36.860  -4.868  33.629 0.0000000000
92118  -38.608  -3.924  33.747 0.0000000000
92179  -42.288  -4.870  30.582 0.0000000000
92181  -43.842  -4.794  30.359 0.0000000000
92182  -44.431  -4.787  30.227 0.0000000000
92190  -32.111  -3.965  29.897 0.0000000000
92196  -44.689  -4.742  30.003 0.0000000000
92209  -35.308  -4.465  27.853 0.0000000000
92298  -40.922  -5.062  18.943 0.0000000000
92361  -43.422  -4.089  9.533 0.0000000000
92370  -45.175  -3.840  9.249 0.0000000000
92374  -44.212  -4.226  8.779 0.0000000000
92375  -44.628  -4.069  8.748 0.0000000000
92376  -45.046  -3.834  8.813 0.0000000000
93147  -37.597  -4.001  33.730 0.0000000000
93157  -37.439  -4.047  33.335 0.0000000000
93159  -38.245  -3.695  33.663 0.0000000000
93184  -32.781  -4.135  30.186 0.0000000000
93355  -45.397  -3.305  9.532 0.0000000000
93366  -44.069  -3.591  8.684 0.0000000000
94188  -35.960  -2.103  26.787 0.0000000000
94225  -43.349  -1.896  21.590 0.0000000000
94260  -43.100  -1.989  17.230 0.0000000000
94302  -45.286  -1.929  11.867 0.0000000000
94333  -45.280  -2.652  8.688 0.0000000000
95079  -37.606  -1.640  25.831 0.0000000000
95138  -42.956  -2.017  18.029 0.0000000000
95208  -45.992  -1.057  9.668 0.0000000000
95220  -45.004  -2.025  8.461 0.0000000000
95936  -35.208  -0.506  26.709 0.0000000000
95941  -37.140  -0.417  25.713 0.0000000000
95975  -45.151  -0.824  21.344 0.0000000000
95991  -48.531  0.009  20.290 0.0000000000
96013  -47.478  -0.020  19.007 0.0000000000
96084  -46.058  -0.551  9.598 0.0000000000
96746  -49.091  0.967  23.117 0.0000000000
96783  -48.613  0.174  19.759 0.0000000000
96793  -48.859  0.399  19.424 0.0000000000
96801  -47.348  0.268  17.936 0.0000000000
96803  -48.698  0.517  18.670 0.0000000000
96826  -48.681  0.777  17.014 0.0000000000
97536  -36.991  1.098  25.825 0.0000000000
97555  -49.229  1.632  23.627 0.0000000000
97579  -49.089  1.419  21.364 0.0000000000
97656  -36.874  2.280  12.297 0.0000000000
97679  -36.922  2.589  11.552 0.0000000000
97687  -46.616  1.378  10.541 0.0000000000
97688  -46.995  1.254  10.901 0.0000000000
97698  -45.796  1.298  9.969 0.0000000000
97699  -46.260  1.097  10.213 0.0000000000
98343  -41.386  3.415  31.096 0.0000000000
98360  -41.034  3.365  30.604 0.0000000000
98361  -41.702  3.427  30.803 0.0000000000
98362  -42.248  3.393  31.179 0.0000000000
98374  -39.086  3.391  29.426 0.0000000000
98380  -32.313  1.820  29.397 0.0000000000
98392  -35.390  2.032  27.679 0.0000000000
98400  -36.260  1.769  26.857 0.0000000000
98407  -48.852  2.828  25.931 0.0000000000
98415  -48.167  2.408  25.182 0.0000000000
98421  -38.122  1.573  25.177 0.0000000000
98438  -47.708  1.744  24.180 0.0000000000
98439  -48.816  2.735  23.138 0.0000000000
98457  -46.395  2.972  21.375 0.0000000000
98470  -45.853  3.041  20.939 0.0000000000
98473  -48.426  1.641  20.572 0.0000000000
98552  -36.114  2.942  13.894 0.0000000000
98578  -47.004  1.715  11.294 0.0000000000
98583  -37.424  2.709  11.438 0.0000000000
98592  -46.488  1.669  10.627 0.0000000000
98613  -45.393  1.499  9.711 0.0000000000
99279  -42.738  3.303  31.847 0.0000000000
99306  -37.381  3.281  29.993 0.0000000000
99307  -39.262  3.362  29.066 0.0000000000
99314  -47.192  3.836  28.662 0.0000000000
99317  -39.696  3.232  29.083 0.0000000000
99381  -46.355  2.484  23.985 0.0000000000
99387  -45.936  3.969  22.429 0.0000000000
99389  -47.696  3.003  22.549 0.0000000000
99423  -44.091  3.387  19.389 0.0000000000
99463  -39.956  3.235  14.898 0.0000000000
99470  -38.253  3.539  13.254 0.0000000000
100255  -47.223  4.395  23.340 0.0000000000
100260  -46.707  4.435  23.075 0.0000000000
100263  -44.990  4.468  21.719 0.0000000000
100281  -42.036  4.875  18.872 0.0000000000
100291  -42.342  4.441  18.750 0.0000000000
100299  -41.339  4.310  17.921 0.0000000000
100316  -39.242  4.364  15.507 0.0000000000
101165  -45.836  5.111  22.548 0.0000000000
101186  -41.724  5.075  18.696 0.0000000000
101222  -39.040  5.130  15.009 0.0000000000
102938  -44.439  7.602  18.524 0.0000000000
102951  -42.118  7.135  16.947 0.0000000000
102952  -42.664  7.291  17.357 0.0000000000
102956  -45.558  7.947  17.959 0.0000000000
102984  -42.855  7.767  16.085 0.0000000000
103004  -37.937  6.624  12.863 0.0000000000
103818  -46.438  8.236  17.516 0.0000000000
103819  -46.871  8.250  17.649 0.0000000000
