#!ascii label  , from subject sub.01.dh.02t2 vox2ras=TkReg
1542
67120  -34.999  -28.347  42.692 0.0000000000
77362  -49.450  -18.366  38.113 0.0000000000
70737  -41.918  -24.840  39.717 0.0000000000
50116  -9.798  -42.139  60.874 0.0000000000
65841  -34.848  -28.633  47.850 0.0000000000
52434  -24.449  -41.013  61.777 0.0000000000
53645  -33.753  -39.129  61.977 0.0000000000
58599  -39.754  -34.412  55.611 0.0000000000
64636  -39.481  -29.435  53.623 0.0000000000
52569  -17.878  -39.632  54.745 0.0000000000
54871  -20.843  -38.383  61.804 0.0000000000
55008  -21.482  -37.773  55.641 0.0000000000
51398  -30.386  -40.610  56.308 0.0000000000
53757  -35.521  -39.282  55.764 0.0000000000
70543  -36.622  -25.352  49.998 0.0000000000
69395  -39.599  -25.914  47.843 0.0000000000
74092  -45.926  -21.809  39.044 0.0000000000
67149  -38.282  -27.467  40.907 0.0000000000
79470  -46.399  -17.428  33.592 0.0000000000
47666  -6.389  -43.884  60.666 0.0000000000
68113  -36.094  -26.117  53.159 0.0000000000
68242  -32.259  -27.338  44.906 0.0000000000
51433  -24.691  -41.142  54.608 0.0000000000
51262  -29.148  -41.254  63.132 0.0000000000
70610  -42.504  -24.640  45.621 0.0000000000
80682  -54.458  -14.956  31.172 0.0000000000
57524  -37.416  -35.757  53.233 0.0000000000
60833  -38.513  -32.957  52.261 0.0000000000
55007  -19.827  -38.247  55.131 0.0000000000
53787  -33.669  -38.983  53.332 0.0000000000
55060  -36.305  -37.727  53.515 0.0000000000
54998  -38.562  -37.324  56.306 0.0000000000
68208  -35.903  -26.740  46.410 0.0000000000
69377  -38.345  -25.954  48.840 0.0000000000
68230  -37.103  -27.477  45.611 0.0000000000
75220  -47.736  -20.531  38.299 0.0000000000
77312  -46.364  -18.968  42.086 0.0000000000
79429  -51.131  -16.456  38.097 0.0000000000
50211  -7.591  -42.568  56.463 0.0000000000
48887  -7.628  -43.054  60.832 0.0000000000
65812  -37.528  -28.797  50.391 0.0000000000
66931  -38.259  -27.437  52.741 0.0000000000
66960  -34.821  -27.593  50.193 0.0000000000
69357  -33.414  -26.499  49.093 0.0000000000
65853  -33.135  -27.925  46.918 0.0000000000
52450  -21.745  -40.192  61.288 0.0000000000
51235  -22.058  -41.183  64.055 0.0000000000
48844  -23.304  -42.782  63.589 0.0000000000
47630  -25.899  -43.540  63.311 0.0000000000
53798  -23.104  -38.800  52.365 0.0000000000
52621  -25.195  -40.215  52.514 0.0000000000
51346  -32.135  -40.843  59.215 0.0000000000
50153  -29.543  -42.181  59.360 0.0000000000
52439  -31.285  -40.334  62.090 0.0000000000
50028  -30.520  -41.060  64.861 0.0000000000
52508  -13.356  -40.422  57.729 0.0000000000
53640  -14.501  -38.038  61.342 0.0000000000
56131  -14.319  -36.915  64.522 0.0000000000
69506  -39.830  -25.970  40.762 0.0000000000
69451  -39.847  -25.677  43.253 0.0000000000
71823  -40.904  -23.746  42.694 0.0000000000
80701  -56.181  -15.557  29.648 0.0000000000
51246  -9.253  -41.358  64.505 0.0000000000
59655  -39.474  -33.070  58.751 0.0000000000
63260  -40.059  -30.557  56.832 0.0000000000
62050  -39.542  -31.944  54.497 0.0000000000
63329  -38.348  -30.459  51.009 0.0000000000
53720  -17.497  -38.748  57.678 0.0000000000
56159  -19.505  -37.296  61.522 0.0000000000
54949  -19.563  -37.933  58.584 0.0000000000
56214  -21.060  -37.669  58.720 0.0000000000
53705  -22.968  -38.821  58.012 0.0000000000
52624  -28.043  -39.791  52.503 0.0000000000
52602  -30.567  -39.820  53.470 0.0000000000
52533  -33.338  -40.185  56.455 0.0000000000
52502  -34.826  -39.417  58.727 0.0000000000
54978  -36.882  -38.019  58.425 0.0000000000
56201  -38.465  -35.777  59.120 0.0000000000
52567  -15.963  -39.916  54.646 0.0000000000
71665  -37.163  -24.294  53.744 0.0000000000
73873  -40.167  -22.152  55.584 0.0000000000
71697  -39.297  -23.904  52.014 0.0000000000
71710  -40.733  -23.521  50.408 0.0000000000
73014  -44.117  -23.287  39.772 0.0000000000
74052  -42.241  -22.123  42.379 0.0000000000
76250  -44.519  -20.188  41.421 0.0000000000
42854  -3.428  -46.832  64.687 0.0000000000
67122  -36.765  -28.272  42.454 0.0000000000
68336  -37.709  -26.995  38.229 0.0000000000
71915  -42.193  -23.876  37.535 0.0000000000
73050  -43.466  -22.751  36.721 0.0000000000
74118  -45.708  -21.722  36.566 0.0000000000
76321  -46.901  -19.666  35.779 0.0000000000
78381  -47.307  -17.829  35.136 0.0000000000
77405  -45.091  -18.297  33.439 0.0000000000
50032  -7.441  -42.435  64.309 0.0000000000
48819  -5.525  -43.248  65.270 0.0000000000
46450  -4.109  -45.455  64.796 0.0000000000
69234  -39.466  -25.461  58.683 0.0000000000
65768  -40.085  -28.521  56.441 0.0000000000
68085  -38.767  -26.473  55.474 0.0000000000
69266  -37.677  -24.962  55.374 0.0000000000
70490  -35.314  -25.660  51.481 0.0000000000
69411  -34.336  -25.948  47.345 0.0000000000
67068  -33.430  -27.626  44.368 0.0000000000
53594  -20.685  -39.190  65.023 0.0000000000
53753  -22.766  -39.018  55.348 0.0000000000
51359  -24.763  -40.487  58.548 0.0000000000
51395  -27.916  -41.386  55.734 0.0000000000
50151  -26.960  -42.403  59.460 0.0000000000
52437  -26.715  -40.719  62.726 0.0000000000
51216  -27.938  -41.632  64.410 0.0000000000
50213  -9.227  -42.114  56.453 0.0000000000
51356  -11.579  -41.518  57.599 0.0000000000
51317  -11.096  -41.227  60.305 0.0000000000
68243  -38.866  -27.406  44.216 0.0000000000
69418  -41.370  -25.271  46.634 0.0000000000
71764  -43.505  -24.152  47.918 0.0000000000
71799  -42.889  -23.349  44.336 0.0000000000
80628  -48.856  -15.782  34.958 0.0000000000
82797  -50.513  -14.411  34.290 0.0000000000
82816  -52.180  -14.338  33.970 0.0000000000
80679  -51.823  -16.006  32.308 0.0000000000
81753  -54.963  -14.088  33.408 0.0000000000
57543  -37.113  -35.880  52.257 0.0000000000
58642  -37.415  -34.998  51.833 0.0000000000
57580  -36.698  -35.605  50.214 0.0000000000
55074  -34.966  -38.339  51.750 0.0000000000
56395  -36.125  -37.149  51.750 0.0000000000
56345  -37.087  -36.489  53.521 0.0000000000
67042  -35.377  -27.467  45.100 0.0000000000
68229  -36.103  -27.271  45.750 0.0000000000
67071  -36.410  -28.074  44.163 0.0000000000
76300  -48.610  -19.632  37.927 0.0000000000
77333  -48.405  -18.960  40.114 0.0000000000
77348  -49.263  -18.393  39.223 0.0000000000
78342  -50.006  -17.821  38.950 0.0000000000
78355  -49.930  -17.682  37.847 0.0000000000
50165  -8.934  -42.325  58.769 0.0000000000
48921  -7.578  -42.884  58.604 0.0000000000
50115  -8.848  -42.491  61.145 0.0000000000
65831  -35.712  -28.740  48.735 0.0000000000
65810  -36.150  -27.520  50.536 0.0000000000
65830  -34.688  -28.017  49.265 0.0000000000
66979  -33.782  -27.507  48.696 0.0000000000
65855  -33.995  -28.392  47.091 0.0000000000
54866  -16.698  -37.538  62.564 0.0000000000
51303  -23.119  -41.346  61.100 0.0000000000
50079  -22.827  -41.813  62.460 0.0000000000
50080  -23.632  -42.266  62.273 0.0000000000
47629  -24.815  -43.972  63.211 0.0000000000
50082  -25.482  -41.866  62.606 0.0000000000
51328  -32.899  -40.272  60.299 0.0000000000
52473  -31.969  -40.581  60.575 0.0000000000
53625  -32.382  -39.847  62.270 0.0000000000
53596  -31.978  -39.868  63.659 0.0000000000
53680  -15.983  -38.255  59.775 0.0000000000
54904  -15.619  -37.850  61.121 0.0000000000
54865  -15.737  -37.609  62.669 0.0000000000
70413  -39.697  -24.236  58.585 0.0000000000
69508  -41.422  -25.102  40.194 0.0000000000
70713  -40.883  -24.885  41.296 0.0000000000
70691  -41.387  -23.742  41.727 0.0000000000
58586  -39.897  -34.191  56.558 0.0000000000
60786  -39.891  -32.515  56.162 0.0000000000
59716  -39.641  -33.665  54.746 0.0000000000
62078  -38.630  -31.845  52.029 0.0000000000
62106  -37.614  -31.830  50.069 0.0000000000
63341  -37.575  -30.747  49.811 0.0000000000
52526  -17.735  -39.279  56.177 0.0000000000
53704  -18.683  -38.340  58.381 0.0000000000
53737  -18.906  -38.618  56.549 0.0000000000
56282  -20.714  -37.628  55.300 0.0000000000
56236  -20.672  -37.456  57.351 0.0000000000
56261  -21.581  -37.615  57.186 0.0000000000
54930  -22.005  -38.367  58.625 0.0000000000
54972  -22.318  -38.234  56.830 0.0000000000
52647  -29.449  -39.722  51.579 0.0000000000
53773  -34.904  -38.971  54.192 0.0000000000
53772  -33.452  -39.305  54.645 0.0000000000
52556  -34.619  -39.779  56.060 0.0000000000
52516  -34.491  -39.933  57.692 0.0000000000
52517  -35.229  -39.515  57.715 0.0000000000
53708  -35.748  -38.676  58.938 0.0000000000
53726  -36.750  -38.619  57.849 0.0000000000
56268  -38.893  -36.501  55.895 0.0000000000
56246  -38.939  -36.497  56.994 0.0000000000
57453  -39.388  -35.355  57.504 0.0000000000
58567  -39.322  -34.639  58.317 0.0000000000
52568  -16.902  -39.651  54.670 0.0000000000
70512  -36.307  -24.842  51.366 0.0000000000
71682  -38.413  -23.974  52.873 0.0000000000
70536  -37.927  -24.979  50.779 0.0000000000
69378  -39.242  -25.650  48.516 0.0000000000
70546  -39.511  -24.737  49.777 0.0000000000
70547  -40.086  -24.396  49.277 0.0000000000
71728  -40.942  -23.896  49.606 0.0000000000
71745  -41.081  -24.253  48.779 0.0000000000
74090  -44.983  -22.457  39.969 0.0000000000
75192  -44.299  -21.130  40.926 0.0000000000
76265  -44.814  -20.738  40.741 0.0000000000
77286  -47.168  -18.905  43.414 0.0000000000
73033  -42.866  -23.307  37.132 0.0000000000
73049  -42.504  -22.695  36.446 0.0000000000
74131  -43.687  -21.795  35.339 0.0000000000
75250  -44.719  -20.616  35.173 0.0000000000
75235  -46.800  -20.536  36.259 0.0000000000
76334  -45.278  -19.561  34.698 0.0000000000
77380  -45.980  -19.010  34.820 0.0000000000
47677  -6.515  -43.837  59.551 0.0000000000
46523  -5.467  -45.038  60.540 0.0000000000
52349  -9.245  -40.501  66.780 0.0000000000
50033  -8.291  -41.936  64.761 0.0000000000
52348  -8.766  -41.189  67.032 0.0000000000
51196  -6.998  -42.320  66.951 0.0000000000
48801  -5.323  -43.097  66.317 0.0000000000
47596  -4.689  -44.153  65.016 0.0000000000
47580  -4.736  -43.979  66.542 0.0000000000
45196  -4.607  -45.153  66.233 0.0000000000
63272  -39.949  -30.707  55.716 0.0000000000
64598  -40.057  -29.503  57.220 0.0000000000
65779  -39.932  -28.695  55.325 0.0000000000
66929  -36.452  -26.744  52.566 0.0000000000
68101  -38.734  -26.864  54.655 0.0000000000
68099  -37.142  -25.811  54.048 0.0000000000
68084  -37.944  -25.628  55.269 0.0000000000
69293  -36.705  -25.451  53.821 0.0000000000
70467  -36.464  -25.058  53.579 0.0000000000
69308  -35.434  -25.826  52.349 0.0000000000
68184  -33.500  -26.873  47.344 0.0000000000
69372  -33.875  -25.872  48.632 0.0000000000
68205  -33.439  -26.818  46.464 0.0000000000
68226  -33.662  -26.991  45.804 0.0000000000
67039  -33.264  -27.349  45.071 0.0000000000
56160  -19.956  -37.159  61.077 0.0000000000
56138  -20.006  -37.259  62.978 0.0000000000
53605  -20.515  -38.610  63.626 0.0000000000
52595  -24.028  -39.893  53.512 0.0000000000
53784  -22.938  -38.971  53.411 0.0000000000
52548  -23.727  -40.315  55.496 0.0000000000
52512  -24.224  -39.967  57.948 0.0000000000
51374  -24.703  -40.919  57.567 0.0000000000
52575  -29.190  -40.185  54.196 0.0000000000
52574  -28.250  -40.349  54.184 0.0000000000
51376  -29.158  -40.974  56.581 0.0000000000
50128  -29.358  -42.245  60.474 0.0000000000
50152  -28.244  -42.609  59.710 0.0000000000
48878  -27.761  -42.204  61.236 0.0000000000
50125  -26.427  -41.367  60.509 0.0000000000
51283  -27.563  -41.203  62.502 0.0000000000
51237  -27.272  -41.379  64.181 0.0000000000
52396  -28.817  -41.189  64.097 0.0000000000
56179  -36.122  -37.320  61.109 0.0000000000
51357  -12.451  -41.162  58.006 0.0000000000
51318  -12.052  -40.636  60.029 0.0000000000
51337  -11.611  -41.307  58.938 0.0000000000
56109  -14.565  -36.332  65.796 0.0000000000
67148  -37.553  -27.889  41.244 0.0000000000
67099  -37.475  -28.001  43.143 0.0000000000
67101  -39.008  -26.934  43.192 0.0000000000
70625  -41.067  -24.829  44.440 0.0000000000
69438  -40.689  -25.457  44.591 0.0000000000
69429  -41.621  -25.123  45.807 0.0000000000
70578  -42.330  -24.472  47.446 0.0000000000
70596  -42.463  -24.669  46.533 0.0000000000
75143  -42.616  -20.742  43.757 0.0000000000
74016  -42.258  -21.770  43.998 0.0000000000
72927  -43.304  -22.448  44.285 0.0000000000
78391  -47.261  -17.006  34.716 0.0000000000
79461  -47.971  -16.883  35.099 0.0000000000
79471  -47.156  -16.689  34.072 0.0000000000
81746  -48.481  -15.596  33.622 0.0000000000
81748  -49.831  -14.733  33.584 0.0000000000
82798  -51.512  -14.327  34.362 0.0000000000
81749  -50.648  -14.608  33.639 0.0000000000
79532  -52.255  -16.648  30.746 0.0000000000
79531  -50.904  -16.847  30.701 0.0000000000
80680  -52.542  -15.866  31.952 0.0000000000
81765  -53.770  -14.281  32.678 0.0000000000
81775  -54.536  -14.573  31.670 0.0000000000
81777  -55.987  -14.930  31.528 0.0000000000
78450  -56.680  -17.248  30.670 0.0000000000
58611  -38.634  -35.138  53.798 0.0000000000
59715  -39.403  -33.857  53.994 0.0000000000
58627  -38.207  -34.763  53.084 0.0000000000
59753  -37.560  -33.823  51.040 0.0000000000
53752  -19.168  -38.681  55.578 0.0000000000
53802  -33.904  -38.688  52.009 0.0000000000
55036  -35.272  -38.387  53.327 0.0000000000
53774  -36.080  -38.457  54.789 0.0000000000
53759  -37.490  -38.333  56.030 0.0000000000
55038  -36.798  -37.748  54.322 0.0000000000
56315  -38.064  -36.165  54.442 0.0000000000
69391  -35.633  -25.886  47.829 0.0000000000
69362  -36.862  -25.649  49.368 0.0000000000
69392  -36.648  -26.100  47.694 0.0000000000
68187  -37.273  -26.633  47.102 0.0000000000
68189  -38.836  -26.552  47.268 0.0000000000
76279  -47.121  -20.676  39.464 0.0000000000
76267  -46.654  -20.270  40.286 0.0000000000
76268  -47.601  -19.405  40.513 0.0000000000
77313  -47.414  -18.826  41.773 0.0000000000
79437  -51.507  -15.803  37.620 0.0000000000
48901  -7.002  -43.243  59.101 0.0000000000
48886  -6.971  -43.324  60.223 0.0000000000
65804  -38.661  -28.675  52.079 0.0000000000
65795  -39.309  -28.474  53.618 0.0000000000
65802  -37.412  -27.620  51.373 0.0000000000
66951  -36.500  -27.177  51.315 0.0000000000
66939  -35.490  -26.861  51.587 0.0000000000
68132  -34.765  -26.424  51.108 0.0000000000
66958  -33.780  -27.065  49.710 0.0000000000
66977  -33.470  -27.256  47.825 0.0000000000
68204  -32.928  -27.363  46.248 0.0000000000
53641  -21.406  -39.063  61.263 0.0000000000
52413  -21.037  -39.507  63.482 0.0000000000
51279  -21.861  -40.715  62.146 0.0000000000
48826  -22.872  -42.588  64.558 0.0000000000
46484  -25.205  -44.391  63.751 0.0000000000
52620  -24.296  -39.848  52.698 0.0000000000
51451  -25.104  -41.206  53.832 0.0000000000
51361  -31.219  -41.178  57.803 0.0000000000
50204  -30.117  -41.382  57.524 0.0000000000
51345  -31.312  -41.191  58.774 0.0000000000
51308  -30.744  -41.114  61.268 0.0000000000
51286  -30.380  -40.974  62.252 0.0000000000
52397  -29.797  -40.773  64.139 0.0000000000
52398  -31.050  -40.409  63.841 0.0000000000
52523  -14.659  -39.882  56.455 0.0000000000
52509  -13.856  -40.132  57.315 0.0000000000
53655  -13.328  -39.160  60.606 0.0000000000
53620  -13.072  -38.385  62.175 0.0000000000
54864  -14.741  -37.697  62.736 0.0000000000
68286  -39.338  -26.313  41.027 0.0000000000
68272  -39.351  -26.336  41.915 0.0000000000
69467  -39.744  -25.660  42.307 0.0000000000
70669  -40.602  -24.315  43.055 0.0000000000
70649  -41.525  -23.938  43.809 0.0000000000
78423  -45.608  -17.745  32.186 0.0000000000
79485  -47.069  -16.998  33.383 0.0000000000
78424  -46.208  -17.528  32.084 0.0000000000
79533  -53.465  -16.556  30.262 0.0000000000
80692  -55.633  -15.143  30.270 0.0000000000
79547  -54.680  -16.460  29.429 0.0000000000
79548  -55.344  -16.137  29.141 0.0000000000
51293  -10.153  -41.368  61.810 0.0000000000
50074  -9.184  -41.575  63.010 0.0000000000
61998  -39.614  -31.482  59.589 0.0000000000
60758  -39.689  -32.293  58.207 0.0000000000
62031  -40.015  -31.566  56.480 0.0000000000
62064  -39.503  -31.175  54.017 0.0000000000
60820  -38.960  -32.925  53.017 0.0000000000
62079  -38.850  -31.233  52.686 0.0000000000
63316  -39.082  -30.308  52.469 0.0000000000
64657  -38.115  -29.486  50.781 0.0000000000
65832  -36.234  -29.138  48.889 0.0000000000
54925  -16.878  -38.174  60.328 0.0000000000
54888  -18.082  -37.633  61.655 0.0000000000
54947  -18.319  -38.239  59.394 0.0000000000
56190  -19.409  -37.753  59.878 0.0000000000
56174  -20.241  -37.384  60.261 0.0000000000
54988  -19.655  -38.219  56.384 0.0000000000
56213  -20.606  -37.585  58.400 0.0000000000
54910  -21.099  -37.849  59.999 0.0000000000
53684  -21.854  -38.593  59.424 0.0000000000
52468  -22.984  -39.805  60.212 0.0000000000
53662  -23.856  -39.774  60.077 0.0000000000
52601  -29.582  -39.943  53.409 0.0000000000
52551  -30.534  -40.067  55.149 0.0000000000
53786  -32.581  -39.398  53.707 0.0000000000
52578  -32.079  -39.790  54.536 0.0000000000
52531  -31.760  -40.316  56.122 0.0000000000
51380  -32.655  -40.733  57.728 0.0000000000
51348  -33.675  -40.256  59.135 0.0000000000
53687  -34.096  -39.331  60.379 0.0000000000
53646  -34.521  -38.583  62.206 0.0000000000
53688  -34.778  -38.795  60.119 0.0000000000
54937  -36.296  -37.571  59.845 0.0000000000
56199  -36.962  -36.978  59.796 0.0000000000
54979  -37.530  -37.960  57.855 0.0000000000
56223  -37.647  -36.991  59.050 0.0000000000
56200  -38.068  -36.178  59.671 0.0000000000
57407  -38.385  -34.954  60.219 0.0000000000
52524  -15.507  -39.405  56.601 0.0000000000
71642  -38.345  -23.888  55.552 0.0000000000
71656  -38.855  -23.645  54.577 0.0000000000
71668  -39.404  -23.255  53.595 0.0000000000
72812  -39.882  -23.042  52.458 0.0000000000
70537  -38.987  -24.762  50.726 0.0000000000
72829  -40.114  -23.291  51.619 0.0000000000
71887  -42.932  -23.775  40.401 0.0000000000
71865  -42.556  -23.499  41.051 0.0000000000
72994  -43.310  -22.896  41.161 0.0000000000
74037  -43.316  -21.047  42.214 0.0000000000
75144  -43.407  -20.244  43.706 0.0000000000
76235  -45.541  -19.240  42.361 0.0000000000
76218  -44.775  -19.296  43.636 0.0000000000
65943  -34.853  -28.772  41.511 0.0000000000
67121  -35.836  -28.343  42.519 0.0000000000
65966  -35.268  -28.807  40.865 0.0000000000
67168  -36.723  -28.180  40.605 0.0000000000
67169  -37.572  -27.819  40.292 0.0000000000
67190  -38.285  -27.296  39.383 0.0000000000
68320  -39.316  -26.505  39.083 0.0000000000
69526  -40.537  -25.802  39.368 0.0000000000
69544  -41.038  -25.440  38.864 0.0000000000
70762  -42.530  -24.692  39.029 0.0000000000
71901  -43.602  -23.810  39.092 0.0000000000
71917  -44.009  -23.151  38.036 0.0000000000
73036  -44.950  -22.768  37.947 0.0000000000
74116  -43.149  -22.304  35.971 0.0000000000
74117  -44.485  -22.252  36.461 0.0000000000
74099  -46.232  -21.845  38.304 0.0000000000
75226  -46.970  -20.952  37.048 0.0000000000
75236  -47.360  -20.378  36.735 0.0000000000
77369  -48.343  -19.278  36.476 0.0000000000
78368  -49.029  -18.228  36.305 0.0000000000
77382  -47.919  -18.940  35.940 0.0000000000
78380  -46.569  -18.059  34.937 0.0000000000
78389  -45.742  -17.911  33.798 0.0000000000
78422  -44.559  -17.949  32.150 0.0000000000
50073  -8.640  -41.939  62.824 0.0000000000
48856  -7.762  -42.667  62.657 0.0000000000
47623  -6.621  -43.312  63.109 0.0000000000
51197  -7.547  -42.056  66.789 0.0000000000
48809  -6.541  -42.698  65.322 0.0000000000
47622  -6.085  -43.629  63.586 0.0000000000
47637  -5.215  -44.721  63.065 0.0000000000
46471  -4.321  -45.328  63.401 0.0000000000
45258  -3.239  -46.227  63.078 0.0000000000
45227  -3.751  -45.869  64.909 0.0000000000
70411  -38.805  -24.622  57.909 0.0000000000
65739  -40.181  -28.484  58.690 0.0000000000
66920  -39.630  -27.912  54.772 0.0000000000
68086  -39.492  -26.964  55.873 0.0000000000
68054  -38.816  -25.555  57.470 0.0000000000
69252  -38.525  -25.055  56.969 0.0000000000
71630  -38.072  -24.435  55.749 0.0000000000
70468  -37.014  -24.637  54.050 0.0000000000
70491  -35.717  -24.991  51.973 0.0000000000
70534  -36.001  -25.190  50.396 0.0000000000
69331  -34.703  -25.985  50.952 0.0000000000
69359  -34.461  -25.809  49.369 0.0000000000
69374  -35.385  -25.744  48.622 0.0000000000
69412  -34.934  -26.143  47.239 0.0000000000
67041  -34.697  -27.253  45.287 0.0000000000
67095  -33.729  -27.876  43.425 0.0000000000
65882  -32.642  -29.067  45.369 0.0000000000
65881  -31.970  -28.693  45.292 0.0000000000
67038  -31.661  -28.071  45.314 0.0000000000
68240  -31.580  -28.358  43.916 0.0000000000
67093  -32.102  -27.974  43.800 0.0000000000
67094  -32.713  -27.967  43.525 0.0000000000
67118  -32.968  -28.288  42.412 0.0000000000
67144  -33.595  -28.459  41.897 0.0000000000
51234  -21.389  -40.231  64.504 0.0000000000
55051  -21.430  -37.739  54.222 0.0000000000
55053  -22.354  -38.643  53.976 0.0000000000
55010  -22.334  -38.520  55.475 0.0000000000
53723  -22.726  -38.847  57.089 0.0000000000
53706  -23.670  -39.349  58.511 0.0000000000
52470  -24.526  -40.225  60.435 0.0000000000
52598  -26.893  -40.684  53.088 0.0000000000
52572  -26.683  -41.188  53.699 0.0000000000
50246  -26.272  -41.469  55.998 0.0000000000
50203  -29.020  -41.365  57.322 0.0000000000
50202  -27.899  -41.934  57.364 0.0000000000
50223  -26.005  -41.525  56.548 0.0000000000
50176  -25.494  -41.572  58.828 0.0000000000
51323  -25.875  -40.575  60.448 0.0000000000
52453  -25.240  -40.435  61.643 0.0000000000
51259  -26.080  -41.159  63.597 0.0000000000
48828  -27.174  -42.401  64.031 0.0000000000
50212  -8.355  -42.208  56.567 0.0000000000
50140  -9.765  -42.198  59.598 0.0000000000
51388  -11.549  -41.605  55.729 0.0000000000
50238  -10.308  -41.762  55.230 0.0000000000
50190  -9.943  -42.043  57.313 0.0000000000
50141  -10.562  -41.737  59.276 0.0000000000
51316  -10.466  -41.501  60.950 0.0000000000
51270  -10.755  -40.704  62.563 0.0000000000
54835  -13.052  -37.148  64.592 0.0000000000
67072  -37.268  -27.947  43.977 0.0000000000
68231  -38.438  -27.428  45.094 0.0000000000
68212  -40.123  -26.343  46.230 0.0000000000
68244  -39.595  -26.593  44.083 0.0000000000
68233  -40.468  -26.154  45.466 0.0000000000
69417  -40.714  -25.806  46.721 0.0000000000
70563  -41.921  -24.420  48.105 0.0000000000
72953  -41.881  -22.436  42.583 0.0000000000
71812  -41.559  -23.256  43.430 0.0000000000
70627  -42.626  -24.241  44.713 0.0000000000
78369  -49.638  -17.584  36.669 0.0000000000
79447  -50.079  -16.559  36.139 0.0000000000
80614  -51.069  -15.284  36.174 0.0000000000
80639  -47.792  -16.067  34.028 0.0000000000
80641  -49.298  -15.010  34.552 0.0000000000
81707  -51.289  -14.791  35.976 0.0000000000
81723  -52.407  -14.352  35.981 0.0000000000
82789  -53.585  -13.831  35.528 0.0000000000
79503  -50.827  -16.278  32.460 0.0000000000
80657  -52.236  -14.881  33.211 0.0000000000
82827  -54.176  -13.940  33.295 0.0000000000
80693  -56.238  -15.387  30.618 0.0000000000
56396  -36.667  -36.454  51.496 0.0000000000
57563  -37.025  -35.613  51.274 0.0000000000
55090  -35.518  -37.617  51.268 0.0000000000
56374  -36.655  -36.746  52.400 0.0000000000
67096  -34.741  -27.986  43.450 0.0000000000
67070  -35.473  -27.951  44.307 0.0000000000
67097  -35.661  -28.143  43.417 0.0000000000
77361  -48.928  -19.011  38.414 0.0000000000
77347  -48.696  -18.988  39.428 0.0000000000
78332  -49.913  -17.938  40.331 0.0000000000
50139  -8.938  -42.448  59.988 0.0000000000
50164  -8.196  -42.623  59.206 0.0000000000
65840  -33.986  -27.878  48.301 0.0000000000
54849  -17.266  -37.229  63.248 0.0000000000
54867  -17.657  -37.483  62.470 0.0000000000
51304  -23.980  -41.383  61.495 0.0000000000
50101  -23.289  -41.717  61.781 0.0000000000
51281  -24.558  -41.468  61.987 0.0000000000
50081  -24.953  -41.912  62.208 0.0000000000
53663  -33.268  -39.613  61.278 0.0000000000
52458  -32.594  -39.997  61.572 0.0000000000
53644  -33.053  -39.621  61.790 0.0000000000
53626  -32.934  -39.458  62.568 0.0000000000
54886  -16.149  -37.720  61.851 0.0000000000
70714  -41.665  -24.374  40.841 0.0000000000
59701  -39.834  -33.458  55.842 0.0000000000
60877  -37.343  -32.573  49.759 0.0000000000
60863  -38.004  -32.287  50.701 0.0000000000
53736  -18.103  -38.992  56.708 0.0000000000
53751  -18.533  -39.040  55.941 0.0000000000
56283  -21.104  -37.548  55.855 0.0000000000
54989  -21.368  -37.648  56.207 0.0000000000
54971  -21.953  -37.872  57.355 0.0000000000
54990  -21.746  -37.846  56.481 0.0000000000
53756  -34.373  -39.547  55.277 0.0000000000
52535  -34.953  -39.690  56.803 0.0000000000
53740  -35.613  -39.374  56.952 0.0000000000
53725  -35.930  -39.191  57.786 0.0000000000
53741  -36.334  -39.000  56.764 0.0000000000
57491  -39.595  -35.177  55.723 0.0000000000
57471  -39.351  -35.732  56.293 0.0000000000
57472  -39.758  -34.983  56.451 0.0000000000
57454  -39.822  -34.720  57.040 0.0000000000
52546  -17.242  -39.363  55.663 0.0000000000
70535  -36.916  -24.963  50.656 0.0000000000
70513  -37.312  -24.653  51.559 0.0000000000
70560  -39.689  -24.971  48.913 0.0000000000
69379  -39.898  -25.331  48.321 0.0000000000
70561  -40.510  -24.654  48.559 0.0000000000
69396  -40.404  -25.462  47.705 0.0000000000
74091  -45.380  -22.173  39.517 0.0000000000
75193  -45.151  -21.366  40.216 0.0000000000
75210  -45.798  -21.496  39.579 0.0000000000
75148  -47.099  -19.942  43.591 0.0000000000
73048  -41.550  -22.495  36.106 0.0000000000
76319  -45.182  -19.989  35.000 0.0000000000
76333  -44.497  -19.826  34.559 0.0000000000
47676  -5.954  -44.443  60.005 0.0000000000
46540  -5.386  -45.116  59.350 0.0000000000
47665  -5.891  -44.484  61.046 0.0000000000
51199  -8.950  -41.126  66.589 0.0000000000
52340  -9.299  -40.474  67.363 0.0000000000
48800  -5.033  -43.493  66.532 0.0000000000
47582  -5.587  -44.015  67.454 0.0000000000
64624  -39.912  -29.787  54.800 0.0000000000
65786  -39.642  -28.711  54.349 0.0000000000
68114  -36.801  -26.499  53.277 0.0000000000
69309  -35.860  -25.556  53.006 0.0000000000
68112  -35.571  -25.903  52.680 0.0000000000
68225  -32.855  -27.272  45.482 0.0000000000
67067  -32.557  -27.584  44.474 0.0000000000
54890  -20.369  -37.428  61.183 0.0000000000
54870  -20.451  -37.822  62.287 0.0000000000
53623  -20.795  -38.778  62.644 0.0000000000
52570  -24.016  -40.329  54.372 0.0000000000
51411  -24.463  -40.890  55.679 0.0000000000
52528  -24.059  -40.297  56.701 0.0000000000
51392  -24.854  -41.212  56.553 0.0000000000
52550  -29.673  -40.332  55.091 0.0000000000
51416  -29.109  -40.765  55.354 0.0000000000
51397  -29.554  -40.622  56.018 0.0000000000
50105  -29.216  -41.999  61.469 0.0000000000
50127  -28.540  -42.385  60.857 0.0000000000
50084  -28.357  -41.666  62.094 0.0000000000
50103  -27.481  -41.640  61.716 0.0000000000
50083  -27.936  -41.485  62.265 0.0000000000
52417  -27.691  -41.105  63.407 0.0000000000
52418  -28.953  -41.183  63.721 0.0000000000
56164  -36.733  -36.711  61.539 0.0000000000
53619  -12.505  -39.069  61.699 0.0000000000
67124  -38.331  -27.565  41.853 0.0000000000
70626  -41.607  -24.583  44.816 0.0000000000
69439  -41.260  -25.192  45.240 0.0000000000
70609  -42.036  -24.842  45.869 0.0000000000
74018  -43.678  -21.448  44.174 0.0000000000
74017  -42.822  -21.398  44.228 0.0000000000
81761  -49.599  -15.311  33.295 0.0000000000
81762  -50.456  -15.050  33.348 0.0000000000
80690  -53.257  -16.035  31.090 0.0000000000
80689  -52.605  -16.269  31.325 0.0000000000
80681  -53.784  -15.084  31.643 0.0000000000
81776  -55.367  -14.503  31.635 0.0000000000
81784  -55.128  -14.707  30.896 0.0000000000
57505  -38.041  -35.622  53.869 0.0000000000
58628  -38.838  -34.689  53.550 0.0000000000
58656  -37.337  -34.474  51.019 0.0000000000
58657  -37.556  -34.384  51.676 0.0000000000
58673  -37.075  -34.396  49.929 0.0000000000
55059  -35.868  -37.975  53.007 0.0000000000
55058  -35.186  -38.299  52.601 0.0000000000
55037  -35.864  -38.201  53.859 0.0000000000
53775  -36.663  -38.172  54.945 0.0000000000
56314  -37.530  -36.386  54.044 0.0000000000
57506  -38.631  -35.664  54.421 0.0000000000
69413  -35.777  -26.234  47.062 0.0000000000
69414  -36.474  -26.493  46.914 0.0000000000
68209  -36.776  -26.908  46.345 0.0000000000
68210  -37.814  -27.039  46.352 0.0000000000
68188  -38.257  -26.745  47.247 0.0000000000
75212  -47.319  -20.832  38.895 0.0000000000
76280  -47.744  -20.180  39.357 0.0000000000
77314  -48.441  -18.517  42.041 0.0000000000
77300  -47.802  -18.733  42.730 0.0000000000
77301  -48.803  -18.616  42.819 0.0000000000
79430  -51.705  -15.845  38.610 0.0000000000
48902  -7.591  -42.937  59.716 0.0000000000
65803  -38.150  -28.219  51.613 0.0000000000
66961  -35.340  -27.471  50.541 0.0000000000
66950  -35.888  -27.260  50.928 0.0000000000
66940  -36.145  -26.979  51.812 0.0000000000
66949  -35.104  -27.237  50.957 0.0000000000
66948  -34.541  -27.060  50.736 0.0000000000
66959  -34.207  -27.288  50.022 0.0000000000
65839  -33.530  -27.856  48.008 0.0000000000
66978  -33.545  -27.542  48.201 0.0000000000
66994  -33.322  -27.637  47.619 0.0000000000
66993  -33.161  -27.643  46.955 0.0000000000
67017  -32.317  -27.863  46.017 0.0000000000
52433  -21.319  -39.806  62.324 0.0000000000
50060  -23.252  -42.526  63.069 0.0000000000
50059  -22.788  -42.138  63.531 0.0000000000
48843  -23.064  -42.624  64.011 0.0000000000
47646  -25.226  -43.449  62.810 0.0000000000
52596  -24.637  -40.590  53.458 0.0000000000
52597  -25.799  -40.906  53.277 0.0000000000
51362  -31.969  -40.895  58.198 0.0000000000
52457  -31.758  -40.454  61.214 0.0000000000
51326  -31.363  -40.981  60.074 0.0000000000
52420  -30.854  -40.425  62.995 0.0000000000
52399  -31.832  -40.045  64.043 0.0000000000
52522  -13.999  -40.292  56.263 0.0000000000
52510  -14.802  -39.545  57.486 0.0000000000
53657  -14.880  -38.164  60.661 0.0000000000
53656  -13.946  -38.928  60.376 0.0000000000
53639  -13.917  -38.304  61.457 0.0000000000
54884  -14.402  -37.950  61.918 0.0000000000
54848  -16.317  -37.296  63.376 0.0000000000
54847  -15.306  -37.334  63.505 0.0000000000
69485  -39.809  -25.780  41.369 0.0000000000
70690  -40.834  -24.309  42.023 0.0000000000
71811  -41.056  -23.753  43.303 0.0000000000
79545  -52.498  -16.947  29.520 0.0000000000
79534  -54.183  -16.467  29.952 0.0000000000
79546  -53.665  -16.975  29.412 0.0000000000
51248  -10.396  -40.624  63.640 0.0000000000
53541  -9.604  -39.084  67.135 0.0000000000
60744  -39.513  -32.336  59.174 0.0000000000
60798  -39.745  -32.670  55.181 0.0000000000
62039  -39.828  -31.730  55.454 0.0000000000
63286  -39.775  -30.965  54.744 0.0000000000
60819  -38.628  -33.576  52.730 0.0000000000
60808  -39.290  -33.048  53.878 0.0000000000
62091  -38.390  -31.501  51.240 0.0000000000
63315  -38.739  -30.633  51.795 0.0000000000
64646  -38.534  -29.610  51.382 0.0000000000
64663  -37.149  -29.804  49.466 0.0000000000
54926  -17.917  -38.165  60.037 0.0000000000
53682  -17.861  -38.292  59.401 0.0000000000
54968  -19.124  -38.224  58.234 0.0000000000
54948  -18.906  -38.217  58.955 0.0000000000
54928  -19.400  -37.926  59.341 0.0000000000
56191  -19.931  -37.631  59.299 0.0000000000
56192  -20.569  -37.588  59.344 0.0000000000
56193  -20.949  -37.683  59.423 0.0000000000
53683  -21.430  -38.218  59.686 0.0000000000
54929  -21.389  -38.020  59.144 0.0000000000
54931  -22.493  -38.462  58.238 0.0000000000
53685  -22.875  -38.905  59.061 0.0000000000
53661  -23.283  -39.535  59.886 0.0000000000
52626  -30.030  -39.819  52.519 0.0000000000
52625  -29.022  -39.868  52.500 0.0000000000
52576  -30.087  -39.976  54.316 0.0000000000
52577  -31.043  -39.882  54.399 0.0000000000
53801  -32.657  -39.168  52.411 0.0000000000
52628  -31.945  -39.483  52.895 0.0000000000
52554  -33.142  -39.816  55.552 0.0000000000
52579  -32.713  -39.572  54.960 0.0000000000
52553  -32.293  -39.968  55.433 0.0000000000
52552  -31.430  -40.035  55.270 0.0000000000
52532  -32.580  -40.238  56.160 0.0000000000
52513  -32.216  -40.470  56.553 0.0000000000
52514  -32.699  -40.501  56.911 0.0000000000
52501  -34.052  -40.121  58.590 0.0000000000
52489  -33.965  -39.696  59.745 0.0000000000
52490  -34.638  -39.203  59.465 0.0000000000
53707  -34.977  -38.994  59.301 0.0000000000
53709  -36.483  -38.265  58.611 0.0000000000
54957  -36.020  -38.069  59.626 0.0000000000
54958  -36.531  -37.746  59.111 0.0000000000
56198  -36.342  -37.287  60.365 0.0000000000
56222  -37.079  -37.337  59.186 0.0000000000
54997  -37.903  -38.110  56.707 0.0000000000
56224  -38.499  -36.374  58.387 0.0000000000
57420  -38.240  -35.667  59.944 0.0000000000
57421  -38.437  -35.268  59.672 0.0000000000
58554  -39.482  -33.869  58.510 0.0000000000
58553  -38.961  -34.417  59.177 0.0000000000
59654  -39.233  -33.664  59.163 0.0000000000
52544  -15.332  -39.821  55.583 0.0000000000
53702  -16.785  -38.549  58.660 0.0000000000
71654  -37.679  -24.200  54.618 0.0000000000
71655  -38.440  -23.762  54.756 0.0000000000
71666  -37.931  -23.987  53.880 0.0000000000
71696  -38.642  -24.203  52.240 0.0000000000
71683  -39.271  -23.437  53.027 0.0000000000
72800  -39.795  -22.925  53.317 0.0000000000
69363  -37.669  -25.780  49.403 0.0000000000
70545  -38.476  -25.437  49.902 0.0000000000
71727  -40.085  -24.181  49.785 0.0000000000
71709  -40.004  -23.995  50.696 0.0000000000
72830  -40.812  -23.067  51.025 0.0000000000
72854  -41.228  -23.261  50.397 0.0000000000
72855  -41.897  -23.100  50.094 0.0000000000
71888  -43.519  -23.625  39.874 0.0000000000
71866  -43.336  -23.432  40.633 0.0000000000
72995  -44.085  -22.966  40.418 0.0000000000
75175  -43.981  -20.687  41.455 0.0000000000
75191  -43.742  -21.148  41.426 0.0000000000
76233  -43.783  -20.219  42.422 0.0000000000
76216  -43.215  -20.307  43.160 0.0000000000
76217  -44.039  -19.945  43.283 0.0000000000
76252  -46.843  -19.317  41.227 0.0000000000
76251  -45.770  -19.642  41.649 0.0000000000
77311  -45.843  -19.141  42.252 0.0000000000
76219  -45.543  -19.195  44.029 0.0000000000
44052  -2.906  -46.832  63.530 0.0000000000
44051  -2.671  -47.334  63.178 0.0000000000
42862  -2.968  -47.220  64.184 0.0000000000
67188  -36.808  -28.123  39.538 0.0000000000
67203  -37.674  -27.517  38.742 0.0000000000
68319  -38.495  -26.973  38.924 0.0000000000
68301  -38.834  -26.933  39.692 0.0000000000
69525  -39.920  -26.012  38.785 0.0000000000
69543  -40.429  -25.527  38.520 0.0000000000
70785  -41.502  -24.465  37.888 0.0000000000
70786  -42.393  -24.479  38.269 0.0000000000
70787  -42.913  -24.469  38.567 0.0000000000
73034  -43.683  -23.044  37.447 0.0000000000
73024  -44.579  -22.959  38.341 0.0000000000
73035  -44.520  -22.735  37.494 0.0000000000
74132  -44.459  -21.440  35.497 0.0000000000
74106  -45.398  -22.395  37.558 0.0000000000
74107  -46.379  -21.652  37.321 0.0000000000
74119  -46.438  -21.236  36.590 0.0000000000
75252  -46.283  -20.281  35.634 0.0000000000
76307  -47.320  -19.990  36.333 0.0000000000
76308  -47.995  -19.754  36.739 0.0000000000
76322  -47.547  -19.605  36.175 0.0000000000
77390  -45.477  -18.779  34.338 0.0000000000
77391  -46.237  -18.261  34.743 0.0000000000
46522  -4.988  -45.504  60.104 0.0000000000
50055  -9.393  -41.387  63.431 0.0000000000
50054  -8.880  -41.597  63.811 0.0000000000
50017  -8.086  -41.911  65.525 0.0000000000
50053  -7.994  -42.242  63.477 0.0000000000
50052  -7.446  -42.578  63.674 0.0000000000
48855  -7.056  -43.031  62.639 0.0000000000
48837  -6.889  -42.933  63.679 0.0000000000
52338  -7.866  -41.823  67.017 0.0000000000
48802  -5.807  -42.890  66.149 0.0000000000
50007  -6.562  -42.524  66.364 0.0000000000
48820  -6.082  -43.158  64.888 0.0000000000
47609  -5.987  -43.470  64.335 0.0000000000
47638  -5.655  -44.340  62.608 0.0000000000
47621  -5.379  -44.335  63.602 0.0000000000
46435  -4.491  -44.789  65.250 0.0000000000
46451  -4.428  -45.016  64.329 0.0000000000
45245  -3.974  -45.484  63.802 0.0000000000
45259  -3.804  -45.763  63.286 0.0000000000
45244  -3.539  -45.824  64.077 0.0000000000
45197  -5.002  -45.148  66.604 0.0000000000
69214  -40.091  -25.761  59.059 0.0000000000
69213  -39.427  -25.007  58.737 0.0000000000
69233  -38.990  -25.175  58.207 0.0000000000
62010  -39.792  -31.417  58.644 0.0000000000
63241  -39.827  -30.477  59.041 0.0000000000
63250  -40.078  -30.486  57.990 0.0000000000
64586  -40.090  -29.483  58.366 0.0000000000
65756  -40.101  -28.412  57.620 0.0000000000
66932  -38.993  -27.741  53.478 0.0000000000
66933  -39.410  -28.014  54.067 0.0000000000
66919  -39.166  -27.375  54.281 0.0000000000
66904  -39.319  -27.163  55.106 0.0000000000
68069  -39.265  -26.563  56.392 0.0000000000
66890  -39.806  -27.357  56.784 0.0000000000
68055  -39.338  -26.439  57.314 0.0000000000
68068  -38.660  -26.022  56.460 0.0000000000
69281  -37.705  -25.260  55.274 0.0000000000
68067  -38.429  -25.397  56.488 0.0000000000
69267  -37.981  -25.074  55.738 0.0000000000
70445  -38.312  -24.707  56.349 0.0000000000
70444  -37.872  -24.690  55.561 0.0000000000
71641  -37.889  -24.342  55.457 0.0000000000
70457  -37.443  -24.657  54.766 0.0000000000
70478  -35.529  -25.539  52.260 0.0000000000
70479  -36.021  -25.024  52.850 0.0000000000
70511  -35.585  -25.279  51.092 0.0000000000
68155  -33.949  -26.487  49.870 0.0000000000
69330  -34.568  -26.234  50.935 0.0000000000
69358  -33.862  -26.198  49.468 0.0000000000
69389  -34.041  -25.829  47.812 0.0000000000
69373  -34.580  -25.762  48.610 0.0000000000
69360  -35.133  -25.685  49.320 0.0000000000
69390  -34.789  -25.866  47.910 0.0000000000
67040  -33.976  -27.346  45.181 0.0000000000
67069  -34.477  -27.667  44.461 0.0000000000
65892  -31.146  -29.070  44.284 0.0000000000
67092  -30.983  -28.428  43.476 0.0000000000
68223  -31.659  -27.978  44.718 0.0000000000
68270  -31.347  -28.141  42.999 0.0000000000
67117  -31.568  -28.282  42.496 0.0000000000
54889  -18.893  -37.472  61.566 0.0000000000
54868  -18.659  -37.396  62.433 0.0000000000
56147  -19.472  -37.258  62.483 0.0000000000
54852  -20.174  -37.940  63.648 0.0000000000
51256  -21.593  -40.477  63.235 0.0000000000
53769  -22.801  -39.146  54.406 0.0000000000
55031  -22.500  -38.695  54.802 0.0000000000
53738  -22.533  -38.735  56.202 0.0000000000
53739  -23.030  -39.591  56.207 0.0000000000
52499  -24.426  -39.847  58.946 0.0000000000
52486  -24.606  -40.048  59.698 0.0000000000
52599  -27.631  -40.000  53.346 0.0000000000
51436  -27.769  -40.944  54.464 0.0000000000
52573  -27.432  -40.733  53.840 0.0000000000
51414  -27.536  -41.302  55.077 0.0000000000
51413  -26.687  -41.413  55.353 0.0000000000
51394  -27.311  -41.388  55.625 0.0000000000
50180  -29.761  -41.753  58.307 0.0000000000
50178  -27.469  -42.351  58.439 0.0000000000
50201  -26.715  -41.977  57.436 0.0000000000
50177  -26.328  -42.068  58.569 0.0000000000
50200  -25.533  -41.614  57.644 0.0000000000
51305  -26.663  -40.632  61.642 0.0000000000
51344  -26.113  -40.976  60.301 0.0000000000
52472  -26.380  -40.501  61.575 0.0000000000
52471  -25.711  -40.397  61.052 0.0000000000
52436  -25.943  -40.561  62.623 0.0000000000
52415  -25.938  -40.877  63.270 0.0000000000
51238  -27.740  -41.395  64.190 0.0000000000
50023  -27.351  -41.745  64.267 0.0000000000
50024  -27.775  -42.020  64.517 0.0000000000
51219  -30.121  -40.867  64.970 0.0000000000
52374  -29.545  -40.920  64.618 0.0000000000
50027  -29.993  -41.499  64.982 0.0000000000
53647  -35.012  -38.277  61.967 0.0000000000
50189  -9.020  -42.195  57.567 0.0000000000
51373  -13.678  -40.533  56.759 0.0000000000
51390  -12.875  -41.198  56.173 0.0000000000
51372  -13.189  -40.847  57.192 0.0000000000
51370  -11.566  -41.611  56.544 0.0000000000
50215  -10.939  -41.838  55.958 0.0000000000
50191  -10.816  -41.830  56.977 0.0000000000
50214  -10.121  -42.011  56.229 0.0000000000
50117  -10.389  -41.828  60.222 0.0000000000
51294  -10.925  -40.989  61.471 0.0000000000
54846  -14.089  -37.334  63.746 0.0000000000
54862  -13.063  -38.049  62.721 0.0000000000
54836  -13.831  -37.044  64.490 0.0000000000
73862  -40.206  -22.022  56.304 0.0000000000
67146  -36.246  -28.493  41.894 0.0000000000
67098  -36.564  -28.182  43.302 0.0000000000
67073  -38.166  -27.676  43.935 0.0000000000
68232  -39.669  -26.644  45.388 0.0000000000
68258  -39.325  -26.300  42.875 0.0000000000
69437  -40.038  -25.628  43.906 0.0000000000
69428  -41.067  -25.652  45.773 0.0000000000
68245  -40.158  -26.263  44.873 0.0000000000
68213  -40.657  -26.056  46.056 0.0000000000
69397  -41.002  -25.225  47.283 0.0000000000
70577  -41.531  -24.770  47.455 0.0000000000
71763  -42.863  -24.262  47.760 0.0000000000
72972  -42.680  -22.754  41.582 0.0000000000
71843  -42.128  -23.050  41.594 0.0000000000
72926  -42.552  -22.397  44.249 0.0000000000
72940  -41.950  -22.347  43.414 0.0000000000
71798  -42.135  -23.320  44.027 0.0000000000
78382  -48.640  -17.691  35.689 0.0000000000
79462  -48.831  -16.344  35.162 0.0000000000
78383  -49.424  -16.901  35.774 0.0000000000
79463  -49.706  -16.088  35.607 0.0000000000
79448  -50.842  -15.929  36.386 0.0000000000
79464  -50.252  -15.961  35.927 0.0000000000
80653  -47.487  -16.380  33.747 0.0000000000
80654  -48.039  -15.987  33.559 0.0000000000
82795  -49.296  -14.410  34.006 0.0000000000
81731  -49.062  -14.756  34.073 0.0000000000
81732  -49.751  -14.586  34.343 0.0000000000
81720  -50.005  -14.894  34.835 0.0000000000
81721  -50.885  -14.520  35.058 0.0000000000
81722  -51.894  -14.451  35.609 0.0000000000
82786  -51.157  -14.370  34.622 0.0000000000
82799  -52.553  -14.214  34.559 0.0000000000
82800  -53.460  -13.845  34.773 0.0000000000
82801  -54.159  -13.760  35.037 0.0000000000
79518  -51.573  -16.475  31.745 0.0000000000
79504  -51.466  -16.083  32.407 0.0000000000
80670  -51.581  -15.421  32.965 0.0000000000
82826  -53.730  -13.996  33.280 0.0000000000
81734  -54.772  -14.394  34.374 0.0000000000
81754  -55.376  -14.719  33.577 0.0000000000
57544  -37.562  -35.164  52.543 0.0000000000
55073  -34.331  -38.384  51.174 0.0000000000
55089  -34.952  -38.057  50.833 0.0000000000
55075  -35.706  -37.859  52.150 0.0000000000
56373  -36.232  -37.407  52.617 0.0000000000
56344  -36.666  -37.113  53.303 0.0000000000
57523  -36.904  -36.346  52.979 0.0000000000
67043  -36.275  -27.717  44.973 0.0000000000
76291  -48.170  -20.035  38.425 0.0000000000
77334  -48.929  -18.553  40.216 0.0000000000
78323  -50.957  -17.207  41.063 0.0000000000
79416  -51.489  -16.552  40.196 0.0000000000
78333  -50.751  -17.223  39.708 0.0000000000
78343  -50.609  -17.136  38.534 0.0000000000
50188  -8.073  -42.529  57.782 0.0000000000
50187  -7.630  -42.769  57.262 0.0000000000
50138  -8.216  -42.704  60.370 0.0000000000
65820  -36.672  -28.804  49.546 0.0000000000
65811  -36.860  -27.696  50.749 0.0000000000
65819  -35.671  -27.844  50.029 0.0000000000
65818  -34.973  -27.993  49.949 0.0000000000
66971  -34.414  -27.607  49.703 0.0000000000
65829  -34.233  -27.786  48.942 0.0000000000
65854  -33.312  -27.998  47.360 0.0000000000
56134  -16.949  -36.918  64.075 0.0000000000
51302  -22.294  -40.879  61.324 0.0000000000
51280  -22.539  -41.348  61.918 0.0000000000
48862  -23.622  -42.899  62.912 0.0000000000
47628  -23.823  -43.591  63.579 0.0000000000
47644  -24.001  -43.238  62.817 0.0000000000
48864  -25.416  -42.672  62.567 0.0000000000
51327  -32.318  -40.578  60.101 0.0000000000
52474  -32.482  -40.322  60.815 0.0000000000
52440  -32.003  -40.177  61.944 0.0000000000
53624  -31.883  -40.134  62.297 0.0000000000
53607  -31.760  -40.100  62.714 0.0000000000
53608  -32.188  -39.726  63.011 0.0000000000
53597  -32.232  -39.773  63.840 0.0000000000
54885  -15.247  -37.784  61.942 0.0000000000
69507  -40.596  -25.531  40.529 0.0000000000
71841  -41.139  -23.550  42.267 0.0000000000
59670  -39.742  -33.175  57.866 0.0000000000
59686  -39.895  -33.311  56.865 0.0000000000
59768  -38.065  -33.015  51.020 0.0000000000
60846  -38.287  -32.553  51.470 0.0000000000
62107  -37.980  -31.188  50.554 0.0000000000
63342  -37.991  -30.314  50.432 0.0000000000
53703  -17.994  -38.410  58.697 0.0000000000
53721  -18.655  -38.477  57.613 0.0000000000
53722  -19.232  -38.356  57.042 0.0000000000
56281  -20.328  -37.849  54.690 0.0000000000
56258  -20.293  -37.850  55.812 0.0000000000
56259  -20.694  -37.542  56.339 0.0000000000
56260  -21.218  -37.469  56.742 0.0000000000
56237  -21.280  -37.545  57.749 0.0000000000
54950  -21.581  -37.871  58.305 0.0000000000
54970  -21.709  -37.770  57.769 0.0000000000
54951  -22.044  -38.085  57.963 0.0000000000
54952  -22.447  -38.321  57.599 0.0000000000
53755  -33.716  -39.621  55.341 0.0000000000
52555  -33.899  -39.871  55.885 0.0000000000
52534  -34.159  -40.052  56.729 0.0000000000
52503  -35.466  -39.253  58.322 0.0000000000
57435  -38.821  -35.292  58.693 0.0000000000
58568  -39.820  -34.206  57.578 0.0000000000
52545  -16.279  -39.453  55.742 0.0000000000
53750  -16.745  -39.232  56.088 0.0000000000
53735  -17.021  -39.064  56.648 0.0000000000
70492  -36.660  -24.553  52.511 0.0000000000
71681  -37.390  -24.211  53.130 0.0000000000
70493  -37.738  -24.376  52.368 0.0000000000
70514  -38.465  -24.542  51.707 0.0000000000
70559  -39.082  -25.379  49.203 0.0000000000
71746  -41.695  -24.144  48.800 0.0000000000
72996  -44.687  -22.711  40.137 0.0000000000
74074  -44.605  -22.102  40.473 0.0000000000
77299  -46.762  -18.722  42.804 0.0000000000
81710  -53.401  -14.210  36.664 0.0000000000
68337  -38.669  -26.480  38.299 0.0000000000
71914  -41.121  -23.780  37.082 0.0000000000
73032  -41.880  -23.147  36.867 0.0000000000
75249  -44.044  -21.043  34.893 0.0000000000
75233  -45.166  -21.252  35.853 0.0000000000
75234  -46.030  -20.966  35.999 0.0000000000
75251  -45.573  -20.481  35.398 0.0000000000
76320  -45.927  -19.582  35.030 0.0000000000
46505  -5.447  -44.985  61.538 0.0000000000
52362  -9.425  -40.518  66.148 0.0000000000
51208  -9.042  -41.188  66.019 0.0000000000
51207  -8.299  -41.695  65.835 0.0000000000
51188  -7.416  -42.173  66.995 0.0000000000
49997  -5.892  -42.752  66.653 0.0000000000
47589  -4.965  -43.275  65.868 0.0000000000
47597  -4.996  -43.487  65.402 0.0000000000
47588  -4.634  -43.790  65.900 0.0000000000
46434  -4.182  -45.354  65.034 0.0000000000
46413  -4.759  -44.581  66.676 0.0000000000
46414  -5.384  -44.514  67.053 0.0000000000
64611  -40.102  -29.625  56.040 0.0000000000
66930  -37.276  -26.921  52.702 0.0000000000
66918  -38.462  -27.031  53.861 0.0000000000
66917  -37.603  -26.670  53.548 0.0000000000
68100  -38.058  -26.402  54.505 0.0000000000
68083  -37.501  -25.499  54.663 0.0000000000
69279  -37.046  -25.208  54.187 0.0000000000
70456  -36.988  -24.983  54.155 0.0000000000
69370  -33.431  -26.554  48.273 0.0000000000
69371  -33.460  -26.385  48.534 0.0000000000
69388  -33.605  -26.223  47.922 0.0000000000
68185  -33.708  -26.267  47.219 0.0000000000
68186  -33.959  -25.934  47.194 0.0000000000
68206  -34.155  -26.409  46.710 0.0000000000
56148  -20.044  -37.120  61.933 0.0000000000
53622  -20.490  -38.213  63.059 0.0000000000
52391  -20.556  -38.902  64.138 0.0000000000
50039  -22.446  -41.891  64.831 0.0000000000
51214  -22.032  -41.014  65.226 0.0000000000
53785  -23.560  -39.428  53.000 0.0000000000
53770  -23.339  -39.662  53.915 0.0000000000
53754  -23.164  -39.748  54.952 0.0000000000
52600  -28.612  -39.941  53.394 0.0000000000
52549  -28.973  -40.602  54.703 0.0000000000
51415  -28.383  -41.008  55.010 0.0000000000
51396  -28.735  -41.039  55.992 0.0000000000
48909  -27.341  -42.481  60.207 0.0000000000
48908  -26.685  -42.146  60.223 0.0000000000
48893  -27.154  -42.131  60.887 0.0000000000
51325  -26.936  -41.160  61.425 0.0000000000
52456  -27.112  -40.847  62.296 0.0000000000
52416  -26.741  -40.823  63.386 0.0000000000
52438  -27.213  -40.876  62.703 0.0000000000
52395  -27.704  -41.144  64.001 0.0000000000
52372  -28.174  -41.423  64.287 0.0000000000
51339  -13.078  -40.374  58.642 0.0000000000
51358  -13.016  -40.597  58.148 0.0000000000
51338  -12.692  -40.670  59.037 0.0000000000
51295  -11.630  -40.484  61.122 0.0000000000
51271  -11.371  -40.477  61.989 0.0000000000
56120  -14.804  -36.588  65.039 0.0000000000
67147  -36.827  -28.231  41.583 0.0000000000
67123  -37.581  -27.989  42.202 0.0000000000
67100  -38.363  -27.535  42.919 0.0000000000
67074  -38.896  -27.349  43.650 0.0000000000
69452  -40.350  -25.060  43.585 0.0000000000
70595  -41.887  -24.828  46.625 0.0000000000
70579  -42.995  -24.430  47.204 0.0000000000
75156  -42.177  -20.894  43.338 0.0000000000
74035  -42.161  -21.515  42.786 0.0000000000
74028  -42.130  -21.261  43.606 0.0000000000
79472  -47.770  -16.359  34.573 0.0000000000
79473  -48.231  -16.263  34.861 0.0000000000
81747  -48.993  -15.195  33.665 0.0000000000
82796  -49.617  -14.414  34.016 0.0000000000
82814  -50.122  -14.397  33.853 0.0000000000
82815  -51.054  -14.306  33.903 0.0000000000
79519  -52.261  -16.357  31.459 0.0000000000
80671  -52.991  -14.839  32.604 0.0000000000
80672  -53.645  -14.620  32.212 0.0000000000
81774  -53.925  -14.511  31.989 0.0000000000
81766  -54.795  -14.234  32.511 0.0000000000
81767  -55.655  -14.724  32.535 0.0000000000
79549  -56.647  -16.265  29.858 0.0000000000
58598  -39.514  -34.897  55.140 0.0000000000
58613  -39.593  -34.432  54.926 0.0000000000
58612  -39.279  -34.717  54.279 0.0000000000
59730  -38.475  -34.054  52.882 0.0000000000
59742  -38.121  -33.868  52.534 0.0000000000
58643  -37.711  -34.447  52.237 0.0000000000
59754  -37.783  -33.634  51.567 0.0000000000
59767  -37.606  -33.375  50.505 0.0000000000
53767  -18.637  -39.205  55.012 0.0000000000
55028  -20.005  -38.222  53.855 0.0000000000
56305  -20.691  -37.647  54.216 0.0000000000
56306  -21.176  -37.613  54.802 0.0000000000
53818  -32.773  -38.953  51.204 0.0000000000
53803  -34.685  -38.535  52.336 0.0000000000
53788  -34.605  -38.650  52.962 0.0000000000
53758  -36.793  -38.507  55.625 0.0000000000
55016  -36.999  -38.006  55.053 0.0000000000
55017  -37.786  -37.662  55.297 0.0000000000
56313  -37.103  -36.968  53.922 0.0000000000
55039  -37.448  -37.132  54.418 0.0000000000
55018  -38.485  -37.048  55.602 0.0000000000
56291  -38.436  -36.513  55.059 0.0000000000
57490  -39.165  -35.646  55.230 0.0000000000
69375  -36.289  -25.765  48.592 0.0000000000
69376  -37.259  -25.922  48.637 0.0000000000
69393  -37.745  -26.346  47.940 0.0000000000
69394  -38.763  -26.266  47.885 0.0000000000
69415  -39.235  -26.343  47.336 0.0000000000
75211  -46.560  -21.199  39.219 0.0000000000
75194  -45.876  -20.879  39.903 0.0000000000
76269  -48.071  -19.108  40.302 0.0000000000
77322  -47.619  -18.955  41.055 0.0000000000
77287  -48.216  -19.027  43.104 0.0000000000
80597  -52.353  -15.397  39.035 0.0000000000
80604  -52.028  -15.213  37.972 0.0000000000
48937  -7.525  -42.889  57.751 0.0000000000
47708  -6.505  -43.569  57.370 0.0000000000
47694  -6.536  -43.733  58.446 0.0000000000
64635  -39.213  -29.629  52.780 0.0000000000
65794  -38.872  -28.527  52.673 0.0000000000
65793  -38.464  -28.020  52.328 0.0000000000
66942  -37.709  -27.371  52.181 0.0000000000
66941  -37.074  -27.230  51.784 0.0000000000
68125  -35.831  -26.628  52.288 0.0000000000
68124  -35.395  -26.214  51.930 0.0000000000
68133  -34.974  -26.790  51.324 0.0000000000
68141  -34.137  -26.686  50.221 0.0000000000
68154  -33.644  -26.728  49.527 0.0000000000
66969  -33.605  -27.235  49.044 0.0000000000
68169  -33.371  -26.922  48.652 0.0000000000
68168  -33.477  -26.755  48.124 0.0000000000
68224  -32.061  -27.491  45.356 0.0000000000
51257  -22.232  -41.301  62.891 0.0000000000
46483  -24.427  -44.281  64.006 0.0000000000
53799  -23.663  -39.431  52.025 0.0000000000
51450  -24.641  -41.038  53.932 0.0000000000
51378  -30.767  -41.103  57.014 0.0000000000
51377  -29.826  -41.001  56.798 0.0000000000
50205  -30.693  -41.336  57.619 0.0000000000
50181  -30.625  -41.480  58.187 0.0000000000
50154  -30.521  -41.623  59.158 0.0000000000
50129  -30.305  -41.730  60.253 0.0000000000
50106  -29.985  -41.809  61.078 0.0000000000
51307  -30.007  -41.579  61.758 0.0000000000
51285  -29.300  -41.512  62.321 0.0000000000
52419  -29.986  -40.816  63.548 0.0000000000
52375  -30.462  -40.726  64.442 0.0000000000
53595  -31.665  -40.114  63.315 0.0000000000
52376  -31.290  -40.526  64.233 0.0000000000
51220  -30.877  -40.802  64.561 0.0000000000
52497  -14.049  -39.641  58.386 0.0000000000
52496  -13.401  -40.178  58.225 0.0000000000
52449  -12.974  -39.305  60.765 0.0000000000
53638  -13.196  -38.911  61.178 0.0000000000
54863  -13.702  -37.917  62.584 0.0000000000
56132  -15.010  -36.845  64.260 0.0000000000
68285  -38.851  -26.865  40.547 0.0000000000
68271  -38.866  -26.931  41.445 0.0000000000
69486  -40.353  -25.205  41.712 0.0000000000
69468  -40.249  -25.008  42.666 0.0000000000
70648  -40.976  -24.549  43.930 0.0000000000
79484  -46.349  -17.483  32.864 0.0000000000
79498  -46.321  -17.502  32.433 0.0000000000
79499  -47.020  -17.175  32.612 0.0000000000
79544  -51.298  -16.856  29.675 0.0000000000
80691  -54.613  -15.592  30.448 0.0000000000
80699  -55.134  -15.940  29.626 0.0000000000
80700  -55.645  -15.666  29.454 0.0000000000
50094  -9.316  -41.926  62.114 0.0000000000
51269  -9.837  -41.241  62.935 0.0000000000
51247  -9.689  -41.144  63.970 0.0000000000
53557  -9.487  -39.660  66.827 0.0000000000
62021  -40.039  -31.468  57.584 0.0000000000
60772  -39.927  -32.383  57.201 0.0000000000
63302  -39.671  -30.394  54.061 0.0000000000
62049  -39.330  -32.393  54.110 0.0000000000
60834  -38.762  -32.157  52.736 0.0000000000
62063  -39.030  -31.914  53.603 0.0000000000
63301  -39.288  -30.590  53.304 0.0000000000
64647  -38.869  -29.344  52.032 0.0000000000
64664  -37.695  -29.700  50.065 0.0000000000
65821  -37.284  -29.246  49.848 0.0000000000
54906  -17.537  -37.986  60.960 0.0000000000
54907  -18.654  -37.727  60.740 0.0000000000
54927  -18.884  -38.041  59.849 0.0000000000
56172  -19.141  -37.724  60.257 0.0000000000
54909  -20.643  -37.587  60.478 0.0000000000
54969  -19.556  -38.067  57.556 0.0000000000
56235  -20.167  -37.683  56.907 0.0000000000
56212  -20.092  -37.637  58.011 0.0000000000
56175  -20.677  -37.571  59.904 0.0000000000
54891  -20.896  -38.027  61.040 0.0000000000
53659  -21.473  -38.495  60.238 0.0000000000
53642  -21.922  -39.783  60.694 0.0000000000
53660  -22.306  -39.314  60.131 0.0000000000
52451  -22.695  -40.407  60.553 0.0000000000
52469  -23.590  -40.051  60.377 0.0000000000
52452  -24.121  -40.733  61.173 0.0000000000
52646  -28.459  -39.734  51.600 0.0000000000
52603  -31.558  -39.679  53.595 0.0000000000
53771  -32.696  -39.461  54.482 0.0000000000
51399  -31.136  -40.657  56.416 0.0000000000
51379  -31.812  -40.753  57.084 0.0000000000
51363  -32.738  -40.742  58.567 0.0000000000
52515  -33.525  -40.426  57.583 0.0000000000
51364  -33.396  -40.510  58.590 0.0000000000
51347  -33.094  -40.452  59.504 0.0000000000
52488  -33.326  -40.083  60.117 0.0000000000
52476  -33.773  -39.524  60.508 0.0000000000
53664  -33.813  -39.309  61.047 0.0000000000
53665  -34.534  -38.682  61.359 0.0000000000
54911  -35.034  -38.419  61.415 0.0000000000
54935  -35.153  -38.436  60.973 0.0000000000
53689  -35.594  -38.383  59.779 0.0000000000
54936  -35.757  -37.999  60.416 0.0000000000
56180  -36.739  -36.774  60.739 0.0000000000
56165  -37.207  -36.447  61.120 0.0000000000
53742  -37.143  -38.576  56.700 0.0000000000
53727  -37.375  -38.390  57.294 0.0000000000
54980  -38.356  -37.366  57.481 0.0000000000
54960  -37.937  -37.330  58.353 0.0000000000
54959  -37.254  -37.570  58.681 0.0000000000
56181  -37.484  -36.324  60.522 0.0000000000
57406  -38.163  -35.541  60.404 0.0000000000
58539  -38.494  -34.430  59.982 0.0000000000
52543  -14.500  -40.104  55.462 0.0000000000
52511  -15.306  -39.266  57.205 0.0000000000
52525  -16.044  -39.187  56.361 0.0000000000
53733  -15.544  -39.128  57.074 0.0000000000
71643  -38.840  -23.509  55.864 0.0000000000
71667  -38.928  -23.652  53.948 0.0000000000
72774  -39.698  -22.804  55.001 0.0000000000
72775  -40.036  -22.543  54.417 0.0000000000
70544  -37.409  -25.414  50.052 0.0000000000
70515  -39.248  -24.377  51.318 0.0000000000
72813  -40.756  -22.660  52.042 0.0000000000
70738  -42.695  -24.223  39.858 0.0000000000
70715  -42.480  -23.986  40.547 0.0000000000
74053  -42.818  -22.026  42.037 0.0000000000
74073  -43.676  -21.992  41.229 0.0000000000
74054  -43.377  -21.383  41.889 0.0000000000
74036  -42.904  -21.224  42.404 0.0000000000
75157  -42.637  -20.695  42.906 0.0000000000
75132  -43.373  -20.709  44.088 0.0000000000
76266  -45.462  -20.509  40.699 0.0000000000
76234  -44.843  -19.414  42.600 0.0000000000
77298  -45.727  -18.882  42.830 0.0000000000
77297  -45.127  -18.951  43.204 0.0000000000
76206  -44.136  -20.070  43.832 0.0000000000
44065  -2.834  -46.881  62.640 0.0000000000
65920  -34.554  -28.553  42.047 0.0000000000
65944  -35.583  -28.695  41.702 0.0000000000
67167  -36.066  -28.551  41.084 0.0000000000
67189  -37.710  -27.672  39.352 0.0000000000
67170  -38.289  -27.393  40.034 0.0000000000
68302  -39.661  -26.351  40.138 0.0000000000
68321  -39.953  -26.164  39.453 0.0000000000
68303  -40.212  -25.996  39.873 0.0000000000
69527  -41.263  -25.374  39.577 0.0000000000
70760  -40.928  -25.001  38.266 0.0000000000
70761  -41.706  -24.995  38.765 0.0000000000
70739  -43.254  -24.002  39.455 0.0000000000
71889  -43.988  -23.375  39.362 0.0000000000
71916  -43.324  -23.918  38.116 0.0000000000
71902  -44.021  -23.330  38.723 0.0000000000
73015  -44.711  -22.972  39.392 0.0000000000
73016  -45.252  -22.586  39.018 0.0000000000
74098  -45.620  -22.322  38.656 0.0000000000
74115  -42.121  -22.143  35.879 0.0000000000
73051  -44.032  -22.670  37.043 0.0000000000
74105  -44.830  -22.502  37.161 0.0000000000
75219  -47.110  -21.233  38.061 0.0000000000
75227  -47.591  -20.526  37.405 0.0000000000
76299  -48.114  -20.044  37.669 0.0000000000
76309  -48.458  -19.644  37.297 0.0000000000
77370  -48.915  -18.938  36.968 0.0000000000
77371  -49.482  -18.153  37.384 0.0000000000
77383  -48.680  -18.509  36.154 0.0000000000
77381  -46.521  -18.737  35.099 0.0000000000
78390  -46.458  -17.665  34.471 0.0000000000
78405  -45.488  -17.916  32.957 0.0000000000
50093  -8.537  -42.359  62.050 0.0000000000
50114  -8.171  -42.724  61.398 0.0000000000
50072  -8.193  -42.338  62.621 0.0000000000
48873  -7.608  -42.908  61.850 0.0000000000
48872  -6.845  -43.341  61.480 0.0000000000
47639  -6.387  -43.592  62.515 0.0000000000
52347  -8.320  -41.541  67.013 0.0000000000
51198  -8.140  -41.631  66.816 0.0000000000
50016  -7.345  -42.290  65.586 0.0000000000
50015  -6.605  -42.582  65.754 0.0000000000
48821  -6.759  -42.757  64.673 0.0000000000
47654  -6.065  -43.938  61.675 0.0000000000
47653  -5.730  -44.508  61.804 0.0000000000
46490  -5.478  -44.803  62.122 0.0000000000
46452  -4.975  -44.503  64.152 0.0000000000
46472  -4.862  -44.875  63.524 0.0000000000
44036  -3.246  -46.458  64.514 0.0000000000
45209  -4.137  -45.791  65.344 0.0000000000
44010  -4.157  -45.988  65.434 0.0000000000
70391  -39.898  -24.838  58.894 0.0000000000
70390  -39.489  -24.601  58.666 0.0000000000
63231  -39.733  -30.547  59.868 0.0000000000
66905  -39.827  -27.715  55.695 0.0000000000
66875  -39.914  -27.327  58.031 0.0000000000
68040  -39.545  -26.137  58.435 0.0000000000
68039  -39.123  -25.559  58.101 0.0000000000
68053  -38.565  -25.343  56.995 0.0000000000
69253  -38.727  -25.138  57.645 0.0000000000
69232  -38.704  -24.884  57.659 0.0000000000
70431  -38.603  -24.468  57.247 0.0000000000
70480  -36.645  -24.651  53.367 0.0000000000
71680  -36.890  -24.380  53.227 0.0000000000
69320  -34.861  -26.072  51.174 0.0000000000
69343  -34.598  -25.932  50.176 0.0000000000
70532  -35.011  -25.764  50.340 0.0000000000
70533  -35.363  -25.536  50.422 0.0000000000
69345  -35.491  -25.530  49.910 0.0000000000
69361  -35.960  -25.524  49.454 0.0000000000
68207  -35.059  -26.613  46.562 0.0000000000
68227  -34.446  -26.922  45.902 0.0000000000
68228  -35.256  -27.033  45.837 0.0000000000
65856  -34.520  -28.844  46.829 0.0000000000
65871  -33.193  -28.516  46.123 0.0000000000
65870  -32.831  -28.086  46.457 0.0000000000
67037  -31.542  -28.540  44.583 0.0000000000
68241  -31.955  -27.741  44.348 0.0000000000
68255  -31.210  -28.235  43.257 0.0000000000
68256  -31.658  -28.145  43.460 0.0000000000
67066  -32.174  -27.728  44.218 0.0000000000
65917  -31.626  -28.515  41.585 0.0000000000
67119  -34.095  -28.211  42.444 0.0000000000
65919  -34.182  -28.436  41.949 0.0000000000
54851  -18.656  -37.287  63.084 0.0000000000
56126  -19.709  -37.519  63.889 0.0000000000
52412  -20.669  -39.067  63.809 0.0000000000
56333  -21.096  -37.549  53.527 0.0000000000
55009  -21.894  -38.132  55.564 0.0000000000
54991  -22.144  -38.301  56.140 0.0000000000
53724  -23.353  -39.522  57.464 0.0000000000
53686  -23.951  -39.535  59.553 0.0000000000
52622  -26.196  -40.444  52.368 0.0000000000
51434  -25.940  -41.373  54.378 0.0000000000
51412  -25.567  -41.433  55.710 0.0000000000
50226  -28.773  -41.163  56.629 0.0000000000
50225  -28.269  -41.477  56.538 0.0000000000
50179  -28.669  -42.105  58.390 0.0000000000
50224  -27.133  -41.570  56.322 0.0000000000
51393  -25.435  -41.434  56.396 0.0000000000
50199  -25.031  -41.400  57.139 0.0000000000
51375  -25.066  -41.138  58.347 0.0000000000
51360  -25.247  -40.895  59.042 0.0000000000
50150  -26.111  -41.635  59.722 0.0000000000
51343  -25.615  -40.799  59.763 0.0000000000
52500  -24.996  -40.348  59.361 0.0000000000
52487  -25.247  -40.319  60.130 0.0000000000
52435  -25.078  -40.818  62.320 0.0000000000
51282  -25.181  -41.201  62.608 0.0000000000
51258  -25.635  -41.153  63.101 0.0000000000
50062  -26.033  -41.747  63.126 0.0000000000
52394  -26.678  -40.890  63.938 0.0000000000
50041  -26.902  -41.737  63.995 0.0000000000
48846  -26.595  -42.497  63.548 0.0000000000
52373  -28.776  -41.305  64.414 0.0000000000
51217  -28.657  -41.557  64.634 0.0000000000
51371  -12.310  -41.334  56.929 0.0000000000
50167  -10.706  -41.735  58.104 0.0000000000
50166  -9.818  -42.078  58.445 0.0000000000
56119  -13.927  -36.793  65.156 0.0000000000
67044  -37.213  -27.789  44.742 0.0000000000
67045  -37.782  -27.762  44.459 0.0000000000
68211  -39.051  -26.717  46.526 0.0000000000
69416  -39.903  -26.183  47.105 0.0000000000
68257  -38.957  -27.000  42.380 0.0000000000
70576  -40.939  -24.889  47.848 0.0000000000
70562  -41.277  -24.516  48.261 0.0000000000
71864  -41.842  -23.526  41.441 0.0000000000
71842  -41.616  -23.083  42.039 0.0000000000
71824  -41.254  -23.054  42.824 0.0000000000
70611  -43.345  -24.648  45.472 0.0000000000
70597  -43.176  -24.662  46.396 0.0000000000
78356  -50.492  -17.024  37.493 0.0000000000
78370  -50.452  -16.726  36.739 0.0000000000
79436  -51.049  -16.360  37.178 0.0000000000
79449  -51.342  -15.852  36.969 0.0000000000
80615  -51.593  -15.219  36.844 0.0000000000
80640  -48.589  -15.677  34.539 0.0000000000
81730  -48.473  -15.483  33.865 0.0000000000
80629  -49.328  -15.514  35.075 0.0000000000
80630  -50.416  -15.330  35.615 0.0000000000
81700  -52.338  -14.636  37.273 0.0000000000
81708  -52.042  -14.530  36.388 0.0000000000
81709  -52.753  -14.245  36.488 0.0000000000
82775  -53.220  -13.986  35.985 0.0000000000
82787  -51.797  -14.343  34.911 0.0000000000
82788  -52.766  -14.161  35.476 0.0000000000
82776  -53.736  -13.926  36.081 0.0000000000
82777  -54.082  -14.002  35.966 0.0000000000
80669  -50.229  -15.738  32.980 0.0000000000
81750  -51.666  -14.711  33.551 0.0000000000
81764  -53.243  -14.442  32.847 0.0000000000
81751  -52.917  -14.422  33.280 0.0000000000
82817  -53.370  -13.988  33.829 0.0000000000
82818  -54.217  -13.778  34.125 0.0000000000
81785  -55.734  -14.783  30.934 0.0000000000
79535  -56.567  -16.188  30.816 0.0000000000
42876  -2.504  -47.585  62.964 0.0000000000
44020  -3.837  -46.267  65.082 0.0000000000
44064  -2.601  -47.259  62.960 0.0000000000
46422  -4.431  -45.445  65.577 0.0000000000
46423  -4.478  -44.830  65.953 0.0000000000
46488  -4.185  -45.615  62.881 0.0000000000
46489  -4.860  -45.243  62.462 0.0000000000
47607  -4.834  -44.378  64.560 0.0000000000
47608  -5.380  -43.826  64.564 0.0000000000
47631  -26.498  -43.252  63.671 0.0000000000
47645  -24.561  -43.370  62.749 0.0000000000
48793  -5.107  -43.598  66.788 0.0000000000
48807  -5.383  -43.108  65.797 0.0000000000
48808  -6.065  -42.915  65.680 0.0000000000
48829  -27.641  -42.422  64.311 0.0000000000
48836  -6.366  -43.193  64.241 0.0000000000
48838  -7.453  -42.722  63.232 0.0000000000
48845  -26.076  -42.606  63.041 0.0000000000
48863  -24.341  -42.803  62.316 0.0000000000
48879  -28.114  -42.344  61.117 0.0000000000
48892  -26.650  -41.796  60.626 0.0000000000
48894  -27.845  -42.462  60.689 0.0000000000
48907  -26.439  -41.740  60.271 0.0000000000
50006  -5.856  -42.797  66.407 0.0000000000
50008  -7.296  -42.246  66.345 0.0000000000
50025  -28.378  -42.010  64.733 0.0000000000
50040  -26.387  -41.438  63.748 0.0000000000
50042  -27.363  -42.043  64.275 0.0000000000
50061  -25.436  -41.458  62.758 0.0000000000
50063  -26.513  -41.766  63.632 0.0000000000
50085  -28.796  -41.808  61.883 0.0000000000
50092  -8.067  -42.596  62.110 0.0000000000
50102  -23.915  -41.796  61.749 0.0000000000
50104  -28.320  -42.096  61.554 0.0000000000
50126  -26.832  -41.463  61.056 0.0000000000
50149  -25.589  -41.215  59.354 0.0000000000
50222  -25.358  -41.462  56.839 0.0000000000
50245  -25.952  -41.484  56.075 0.0000000000
51187  -6.805  -42.130  66.948 0.0000000000
51206  -7.701  -41.994  66.392 0.0000000000
51209  -9.451  -40.852  65.636 0.0000000000
51215  -27.582  -41.680  64.318 0.0000000000
51226  -8.545  -41.669  65.541 0.0000000000
51236  -26.530  -41.198  63.997 0.0000000000
51260  -27.629  -41.060  62.994 0.0000000000
51261  -28.202  -41.202  63.135 0.0000000000
51263  -30.001  -41.069  62.935 0.0000000000
51284  -28.395  -41.404  62.613 0.0000000000
51306  -27.003  -40.906  61.822 0.0000000000
51324  -26.493  -40.782  61.065 0.0000000000
51381  -33.098  -40.666  58.113 0.0000000000
51432  -24.163  -40.690  55.028 0.0000000000
51435  -27.071  -41.331  54.403 0.0000000000
52350  -9.513  -39.969  66.386 0.0000000000
52393  -26.241  -40.968  63.805 0.0000000000
52414  -25.427  -40.949  62.887 0.0000000000
52454  -26.134  -40.416  61.982 0.0000000000
52455  -26.763  -40.596  62.108 0.0000000000
52459  -33.022  -39.755  61.385 0.0000000000
52475  -33.233  -39.818  60.781 0.0000000000
52498  -14.596  -39.376  58.108 0.0000000000
52529  -30.173  -40.206  55.761 0.0000000000
52530  -30.881  -40.160  55.910 0.0000000000
52571  -24.403  -40.812  54.061 0.0000000000
53593  -20.419  -38.663  64.678 0.0000000000
53606  -20.700  -38.987  63.383 0.0000000000
53621  -13.639  -38.185  62.063 0.0000000000
53643  -32.668  -39.805  61.917 0.0000000000
53666  -34.910  -38.400  61.721 0.0000000000
54869  -19.184  -37.354  62.006 0.0000000000
54883  -13.907  -38.099  62.011 0.0000000000
54903  -14.910  -37.913  61.386 0.0000000000
54908  -19.160  -37.446  61.079 0.0000000000
55029  -21.662  -37.900  54.791 0.0000000000
56173  -19.512  -37.469  60.518 0.0000000000
56238  -21.634  -37.670  57.521 0.0000000000
56290  -37.864  -36.778  54.645 0.0000000000
56343  -36.283  -37.562  53.105 0.0000000000
59731  -39.054  -33.998  53.257 0.0000000000
60809  -39.528  -32.731  54.464 0.0000000000
65872  -33.966  -28.935  46.213 0.0000000000
65921  -35.167  -28.652  42.144 0.0000000000
66970  -34.076  -27.509  49.218 0.0000000000
67145  -33.940  -28.391  41.906 0.0000000000
68098  -36.562  -25.796  53.687 0.0000000000
68123  -35.063  -26.101  51.381 0.0000000000
68140  -33.800  -26.811  49.828 0.0000000000
68318  -38.011  -27.344  38.913 0.0000000000
69280  -37.405  -25.182  54.743 0.0000000000
69294  -37.057  -25.399  54.158 0.0000000000
69321  -35.131  -25.967  51.580 0.0000000000
69342  -34.312  -26.306  50.272 0.0000000000
69344  -35.009  -25.750  49.929 0.0000000000
69387  -33.504  -26.535  48.040 0.0000000000
70412  -39.087  -24.345  58.298 0.0000000000
70494  -38.317  -24.286  52.308 0.0000000000
70510  -35.098  -25.738  50.770 0.0000000000
70763  -43.174  -24.335  39.029 0.0000000000
72772  -38.619  -23.706  55.032 0.0000000000
72773  -38.980  -23.574  55.000 0.0000000000
72785  -39.235  -23.377  54.538 0.0000000000
72786  -39.619  -23.000  54.094 0.0000000000
72801  -40.414  -22.436  52.959 0.0000000000
72925  -42.255  -22.406  43.932 0.0000000000
72971  -42.177  -22.548  42.011 0.0000000000
73025  -45.125  -22.712  38.479 0.0000000000
73849  -40.295  -22.067  56.913 0.0000000000
74029  -42.325  -21.212  44.030 0.0000000000
74072  -43.139  -22.418  41.518 0.0000000000
74075  -45.058  -22.025  40.051 0.0000000000
75131  -42.892  -20.885  44.122 0.0000000000
75142  -42.238  -20.911  43.565 0.0000000000
75158  -43.233  -20.721  42.468 0.0000000000
75174  -43.621  -20.780  41.936 0.0000000000
75267  -44.264  -20.496  34.743 0.0000000000
76232  -43.180  -20.449  42.751 0.0000000000
76249  -43.928  -20.415  41.768 0.0000000000
76253  -47.338  -19.049  41.114 0.0000000000
76292  -48.476  -19.613  38.898 0.0000000000
77284  -45.440  -18.893  43.538 0.0000000000
80638  -47.431  -16.341  34.027 0.0000000000
80656  -51.835  -14.982  33.313 0.0000000000
81733  -50.294  -14.591  34.562 0.0000000000
81752  -53.498  -14.112  33.287 0.0000000000
81763  -51.049  -14.903  33.437 0.0000000000
81783  -54.707  -14.847  31.002 0.0000000000
82790  -54.048  -13.786  35.671 0.0000000000
82812  -49.194  -14.595  33.939 0.0000000000
82813  -49.438  -14.534  33.883 0.0000000000
