#!ascii label  , from subject sub.01.dh.02t2 vox2ras=TkReg
1395
57508  -43.132  -35.454  55.054 0.0000000000
41884  -29.875  -48.602  62.512 0.0000000000
67108  -46.989  -27.827  43.639 0.0000000000
56504  -36.905  -36.266  45.329 0.0000000000
65833  -40.739  -28.704  49.910 0.0000000000
46567  -39.025  -44.465  58.609 0.0000000000
48994  -31.354  -42.287  53.194 0.0000000000
47888  -35.816  -43.125  47.256 0.0000000000
47627  -21.379  -43.726  63.780 0.0000000000
69440  -49.163  -25.434  44.016 0.0000000000
45481  -24.625  -45.265  51.273 0.0000000000
57602  -39.498  -35.453  49.817 0.0000000000
60903  -40.292  -32.343  47.516 0.0000000000
62093  -42.960  -31.644  52.011 0.0000000000
51419  -41.276  -40.242  56.615 0.0000000000
46659  -37.474  -44.731  52.284 0.0000000000
52651  -38.072  -39.375  51.254 0.0000000000
52742  -36.931  -40.070  45.851 0.0000000000
70696  -50.518  -24.455  41.141 0.0000000000
44061  -24.802  -46.885  63.377 0.0000000000
47712  -23.336  -43.771  57.419 0.0000000000
44150  -26.956  -46.648  57.589 0.0000000000
67020  -43.606  -27.111  46.488 0.0000000000
41920  -35.129  -47.803  61.036 0.0000000000
45377  -31.031  -45.504  58.160 0.0000000000
45418  -35.432  -45.882  55.206 0.0000000000
47822  -33.688  -43.638  49.885 0.0000000000
50036  -19.032  -40.528  63.579 0.0000000000
70497  -44.731  -24.009  52.495 0.0000000000
68149  -48.233  -25.984  50.351 0.0000000000
71777  -47.519  -23.316  46.809 0.0000000000
67004  -51.216  -27.210  47.615 0.0000000000
67111  -53.477  -27.172  44.086 0.0000000000
50219  -19.738  -41.421  56.292 0.0000000000
46638  -27.531  -44.147  53.561 0.0000000000
57545  -40.703  -35.915  52.256 0.0000000000
58659  -41.769  -33.888  51.193 0.0000000000
58630  -43.078  -33.946  53.396 0.0000000000
55019  -41.942  -37.892  55.484 0.0000000000
52580  -39.518  -39.725  54.205 0.0000000000
53806  -40.075  -37.940  52.616 0.0000000000
55108  -38.891  -37.569  50.797 0.0000000000
65973  -47.348  -29.039  40.772 0.0000000000
65952  -48.884  -28.716  41.803 0.0000000000
41868  -27.153  -48.413  62.892 0.0000000000
44101  -26.357  -46.675  60.282 0.0000000000
42925  -28.278  -47.963  60.247 0.0000000000
58797  -37.014  -33.968  44.078 0.0000000000
63365  -41.519  -30.875  48.527 0.0000000000
62191  -40.142  -30.937  45.311 0.0000000000
64713  -40.794  -28.941  47.283 0.0000000000
67076  -41.935  -27.801  44.803 0.0000000000
66980  -41.914  -27.391  48.174 0.0000000000
45320  -37.155  -45.943  59.823 0.0000000000
42987  -35.463  -47.473  58.032 0.0000000000
44179  -37.558  -46.326  56.751 0.0000000000
46715  -36.878  -43.843  49.723 0.0000000000
46694  -35.630  -44.832  50.748 0.0000000000
47856  -34.528  -43.843  48.505 0.0000000000
55182  -36.712  -37.953  45.779 0.0000000000
69337  -46.828  -25.126  51.653 0.0000000000
69398  -50.818  -25.156  47.995 0.0000000000
69419  -51.951  -25.455  46.852 0.0000000000
67058  -52.957  -27.083  45.712 0.0000000000
70637  -52.792  -25.038  44.788 0.0000000000
71874  -54.678  -23.926  40.984 0.0000000000
48841  -19.913  -41.751  63.741 0.0000000000
50123  -19.182  -41.400  60.223 0.0000000000
48890  -20.984  -42.067  59.758 0.0000000000
46635  -23.921  -44.392  53.957 0.0000000000
47767  -22.799  -43.190  53.893 0.0000000000
46690  -23.709  -44.564  50.524 0.0000000000
47727  -31.351  -43.592  56.424 0.0000000000
46616  -28.717  -44.012  56.424 0.0000000000
48978  -29.949  -42.816  53.857 0.0000000000
57649  -37.836  -36.017  47.440 0.0000000000
58767  -37.924  -34.414  45.873 0.0000000000
58713  -39.487  -34.231  48.440 0.0000000000
60879  -41.957  -32.434  49.543 0.0000000000
63330  -41.601  -30.246  51.366 0.0000000000
47714  -40.221  -42.689  57.428 0.0000000000
46619  -38.677  -44.301  55.727 0.0000000000
48983  -38.414  -42.631  54.949 0.0000000000
50288  -37.486  -41.864  51.676 0.0000000000
50316  -37.483  -41.562  48.694 0.0000000000
49107  -37.045  -42.280  46.084 0.0000000000
52704  -37.455  -39.448  48.470 0.0000000000
55142  -37.819  -37.741  48.207 0.0000000000
69489  -49.733  -25.874  41.558 0.0000000000
74058  -48.776  -21.574  41.960 0.0000000000
45267  -22.902  -45.480  63.472 0.0000000000
47670  -22.557  -43.750  60.665 0.0000000000
46531  -24.179  -45.188  60.130 0.0000000000
45394  -25.079  -45.384  56.814 0.0000000000
44190  -25.329  -45.878  54.767 0.0000000000
60950  -38.074  -32.514  44.543 0.0000000000
67127  -43.332  -27.511  43.252 0.0000000000
67080  -45.567  -27.577  44.686 0.0000000000
41900  -32.527  -48.292  61.941 0.0000000000
42946  -30.140  -47.756  59.779 0.0000000000
42971  -32.961  -47.284  59.501 0.0000000000
45400  -33.428  -45.174  57.276 0.0000000000
47761  -33.957  -43.321  54.575 0.0000000000
44223  -36.588  -46.170  53.362 0.0000000000
46657  -34.761  -44.230  52.808 0.0000000000
49011  -33.437  -42.239  52.213 0.0000000000
59703  -45.165  -33.020  56.055 0.0000000000
44063  -30.542  -46.955  62.867 0.0000000000
46550  -34.224  -44.309  59.857 0.0000000000
47701  -37.435  -42.920  59.112 0.0000000000
63273  -44.660  -30.672  55.258 0.0000000000
65787  -43.003  -28.615  54.460 0.0000000000
68115  -41.896  -26.930  53.190 0.0000000000
71669  -43.078  -23.147  53.734 0.0000000000
68135  -42.316  -26.054  51.381 0.0000000000
68157  -44.108  -26.413  49.644 0.0000000000
68193  -45.903  -26.832  48.128 0.0000000000
67000  -47.308  -27.221  47.451 0.0000000000
71732  -48.796  -23.818  49.153 0.0000000000
66985  -49.790  -26.940  48.336 0.0000000000
67054  -49.498  -27.431  45.852 0.0000000000
65909  -50.489  -28.279  43.767 0.0000000000
70674  -53.853  -24.327  42.937 0.0000000000
51300  -17.310  -40.527  61.192 0.0000000000
50276  -18.477  -42.105  53.166 0.0000000000
48941  -21.769  -42.331  56.792 0.0000000000
48989  -20.471  -41.843  53.115 0.0000000000
44153  -28.760  -46.510  58.218 0.0000000000
45430  -26.725  -45.222  55.446 0.0000000000
45458  -26.174  -45.175  53.092 0.0000000000
45485  -28.106  -45.694  51.745 0.0000000000
57525  -41.528  -35.780  53.213 0.0000000000
57547  -42.090  -34.504  52.632 0.0000000000
58614  -42.786  -34.609  53.673 0.0000000000
55042  -42.217  -37.074  55.191 0.0000000000
55040  -41.073  -37.677  54.388 0.0000000000
56347  -41.157  -36.635  53.492 0.0000000000
56375  -40.572  -36.694  52.640 0.0000000000
67130  -46.303  -27.822  42.523 0.0000000000
65924  -46.960  -28.036  42.249 0.0000000000
65951  -47.887  -28.567  41.645 0.0000000000
67132  -47.894  -27.915  42.791 0.0000000000
41869  -28.048  -48.491  63.075 0.0000000000
41894  -27.348  -47.986  61.381 0.0000000000
41896  -28.832  -48.455  61.497 0.0000000000
56532  -36.093  -36.744  43.341 0.0000000000
57707  -36.888  -35.462  44.686 0.0000000000
64682  -40.767  -29.557  48.743 0.0000000000
64697  -40.994  -30.131  48.057 0.0000000000
65857  -40.834  -28.645  48.277 0.0000000000
65858  -41.256  -28.030  47.797 0.0000000000
65844  -41.267  -27.983  48.684 0.0000000000
45338  -38.271  -45.473  59.133 0.0000000000
44137  -37.611  -46.659  58.766 0.0000000000
45381  -38.587  -45.496  57.751 0.0000000000
47874  -36.209  -43.277  47.877 0.0000000000
46728  -36.017  -44.148  49.215 0.0000000000
47873  -35.282  -43.494  47.770 0.0000000000
47871  -33.304  -42.847  47.322 0.0000000000
55199  -36.664  -37.490  45.196 0.0000000000
53949  -36.530  -38.606  44.553 0.0000000000
55214  -36.300  -37.637  44.010 0.0000000000
70617  -49.451  -24.850  45.774 0.0000000000
69430  -50.283  -25.379  45.268 0.0000000000
70620  -52.404  -25.386  45.619 0.0000000000
69442  -51.163  -25.583  44.783 0.0000000000
47612  -20.866  -43.033  64.159 0.0000000000
48860  -20.751  -42.521  62.343 0.0000000000
48877  -21.507  -42.915  61.716 0.0000000000
46651  -24.407  -45.070  52.547 0.0000000000
47784  -23.331  -43.912  52.155 0.0000000000
45480  -24.164  -45.021  50.762 0.0000000000
45526  -23.695  -45.652  49.270 0.0000000000
45503  -24.491  -45.439  50.368 0.0000000000
47745  -31.667  -42.955  55.293 0.0000000000
47744  -30.404  -43.251  55.578 0.0000000000
48979  -30.834  -42.552  53.949 0.0000000000
57626  -38.743  -35.642  48.902 0.0000000000
58712  -38.887  -34.888  48.379 0.0000000000
57627  -39.285  -34.922  48.951 0.0000000000
59756  -42.472  -33.273  51.419 0.0000000000
59785  -41.845  -32.955  50.003 0.0000000000
62092  -42.802  -32.051  51.275 0.0000000000
63344  -42.229  -31.245  49.973 0.0000000000
63332  -42.744  -31.364  51.964 0.0000000000
50228  -40.790  -41.301  56.954 0.0000000000
48968  -39.584  -42.300  56.338 0.0000000000
50248  -39.821  -41.425  56.127 0.0000000000
52629  -38.436  -39.645  52.499 0.0000000000
51461  -38.046  -40.672  52.809 0.0000000000
51467  -37.531  -40.703  51.259 0.0000000000
50298  -37.391  -41.742  50.693 0.0000000000
51475  -37.463  -40.679  50.295 0.0000000000
51500  -37.470  -40.577  48.089 0.0000000000
52669  -37.638  -39.513  50.191 0.0000000000
55125  -39.111  -36.958  50.494 0.0000000000
53884  -37.982  -37.869  49.076 0.0000000000
56431  -38.635  -36.558  49.262 0.0000000000
55162  -37.999  -37.097  48.114 0.0000000000
45281  -23.677  -45.742  62.925 0.0000000000
45295  -23.396  -45.219  61.969 0.0000000000
45296  -24.143  -45.689  61.902 0.0000000000
44128  -26.218  -46.411  58.173 0.0000000000
45353  -25.480  -45.731  58.536 0.0000000000
45373  -25.611  -45.903  57.442 0.0000000000
45413  -24.996  -45.642  55.506 0.0000000000
44172  -25.996  -46.427  56.050 0.0000000000
59832  -39.109  -33.000  47.057 0.0000000000
59850  -38.162  -33.258  45.447 0.0000000000
60939  -39.244  -32.022  46.018 0.0000000000
63414  -40.255  -30.421  44.495 0.0000000000
62202  -39.751  -30.901  44.652 0.0000000000
64742  -40.165  -29.831  43.327 0.0000000000
67048  -43.125  -27.338  45.565 0.0000000000
67104  -43.064  -27.563  44.035 0.0000000000
67078  -43.594  -27.363  44.755 0.0000000000
67079  -44.578  -27.357  44.723 0.0000000000
67021  -44.718  -27.046  46.450 0.0000000000
41901  -33.427  -47.896  61.586 0.0000000000
42927  -32.943  -48.248  60.845 0.0000000000
41936  -33.977  -48.425  60.443 0.0000000000
44159  -35.989  -47.095  57.073 0.0000000000
44158  -34.676  -46.736  57.366 0.0000000000
45401  -34.368  -45.534  56.497 0.0000000000
46617  -33.859  -44.053  55.801 0.0000000000
45417  -34.879  -45.146  55.281 0.0000000000
46644  -37.852  -44.243  53.957 0.0000000000
45433  -37.814  -45.540  54.782 0.0000000000
45465  -37.248  -45.617  52.891 0.0000000000
46693  -34.859  -44.563  50.983 0.0000000000
46679  -35.397  -44.958  51.595 0.0000000000
47806  -34.377  -43.976  51.227 0.0000000000
47788  -34.278  -43.233  52.058 0.0000000000
50348  -37.224  -41.537  45.728 0.0000000000
47685  -35.856  -43.639  59.151 0.0000000000
50160  -40.993  -41.638  59.028 0.0000000000
63274  -44.918  -31.282  55.588 0.0000000000
66906  -43.781  -27.501  55.636 0.0000000000
68103  -43.296  -26.650  55.204 0.0000000000
65797  -42.268  -28.168  53.913 0.0000000000
69295  -42.781  -25.516  54.920 0.0000000000
71685  -43.983  -23.456  52.943 0.0000000000
70495  -42.829  -24.571  52.363 0.0000000000
70517  -43.474  -24.730  51.744 0.0000000000
68144  -43.682  -26.107  50.317 0.0000000000
69335  -44.952  -25.015  51.311 0.0000000000
69350  -47.243  -25.721  51.159 0.0000000000
68147  -46.754  -26.066  50.442 0.0000000000
68160  -47.105  -26.377  49.760 0.0000000000
66982  -46.893  -26.903  48.191 0.0000000000
66983  -47.872  -26.904  48.282 0.0000000000
71752  -48.615  -23.488  48.227 0.0000000000
66987  -51.375  -26.662  47.998 0.0000000000
68164  -50.400  -26.055  49.130 0.0000000000
67003  -50.313  -27.271  47.646 0.0000000000
67002  -49.349  -27.172  47.597 0.0000000000
67055  -50.446  -27.711  46.113 0.0000000000
65897  -50.008  -27.809  44.379 0.0000000000
67056  -51.363  -27.911  46.041 0.0000000000
67086  -53.349  -26.920  44.838 0.0000000000
65899  -52.229  -28.410  44.946 0.0000000000
65911  -52.668  -28.715  44.193 0.0000000000
70720  -50.104  -25.078  41.065 0.0000000000
68275  -51.656  -25.974  42.432 0.0000000000
69492  -53.129  -24.996  42.029 0.0000000000
50173  -19.460  -41.396  58.156 0.0000000000
50172  -18.535  -41.101  58.302 0.0000000000
50218  -18.790  -41.383  56.324 0.0000000000
50260  -18.297  -41.831  54.434 0.0000000000
50261  -19.444  -41.611  54.578 0.0000000000
47682  -23.023  -43.740  59.147 0.0000000000
48926  -22.297  -42.916  58.376 0.0000000000
48952  -22.335  -42.812  56.387 0.0000000000
48990  -21.382  -42.043  53.230 0.0000000000
46707  -21.245  -44.464  48.888 0.0000000000
44133  -31.409  -46.559  59.042 0.0000000000
42968  -29.795  -47.228  59.144 0.0000000000
45376  -30.019  -45.603  58.299 0.0000000000
47757  -28.433  -43.544  55.027 0.0000000000
46614  -27.283  -44.724  55.979 0.0000000000
46628  -26.989  -44.613  54.726 0.0000000000
46627  -26.531  -45.140  54.356 0.0000000000
46652  -26.916  -44.587  52.712 0.0000000000
44278  -27.512  -46.459  50.787 0.0000000000
56416  -40.110  -35.796  50.997 0.0000000000
57582  -40.279  -35.102  50.526 0.0000000000
57565  -41.263  -34.561  51.662 0.0000000000
58645  -42.488  -33.798  52.286 0.0000000000
60835  -43.626  -32.359  52.809 0.0000000000
52558  -41.409  -39.440  56.160 0.0000000000
51439  -40.216  -40.149  55.350 0.0000000000
53760  -40.647  -38.903  55.000 0.0000000000
53789  -39.566  -38.818  53.057 0.0000000000
53804  -38.802  -38.872  52.039 0.0000000000
53840  -38.199  -38.312  50.459 0.0000000000
53821  -39.372  -37.859  51.711 0.0000000000
56397  -39.706  -36.814  51.331 0.0000000000
65953  -49.607  -28.991  41.837 0.0000000000
42885  -25.442  -47.327  63.406 0.0000000000
44086  -25.461  -46.555  61.783 0.0000000000
42909  -26.872  -47.371  61.317 0.0000000000
42923  -27.125  -47.103  59.884 0.0000000000
42964  -27.017  -46.858  58.597 0.0000000000
62154  -41.011  -31.489  47.361 0.0000000000
62176  -40.439  -31.476  46.484 0.0000000000
62177  -40.818  -31.143  46.618 0.0000000000
63403  -40.793  -30.091  45.778 0.0000000000
64734  -41.130  -29.188  44.825 0.0000000000
65905  -41.554  -28.369  44.251 0.0000000000
67046  -41.571  -27.983  45.391 0.0000000000
67018  -41.622  -27.737  46.181 0.0000000000
66996  -42.923  -26.925  47.604 0.0000000000
44104  -36.248  -46.575  60.317 0.0000000000
42951  -35.418  -48.073  59.912 0.0000000000
42975  -36.979  -47.237  58.606 0.0000000000
44160  -36.941  -47.036  57.252 0.0000000000
44178  -36.727  -46.649  56.266 0.0000000000
47824  -37.365  -43.619  50.645 0.0000000000
46680  -36.677  -44.970  51.046 0.0000000000
46695  -36.411  -44.674  50.567 0.0000000000
46727  -35.199  -44.323  49.248 0.0000000000
47843  -34.340  -44.100  49.508 0.0000000000
47841  -32.869  -43.403  48.487 0.0000000000
47855  -33.472  -43.562  48.060 0.0000000000
53939  -36.948  -39.200  45.962 0.0000000000
52750  -36.537  -39.603  44.009 0.0000000000
72802  -45.990  -22.478  53.176 0.0000000000
70520  -46.328  -24.507  52.144 0.0000000000
70500  -47.005  -23.731  52.497 0.0000000000
70521  -47.264  -24.315  52.099 0.0000000000
70538  -48.413  -24.753  50.779 0.0000000000
70600  -48.470  -23.848  46.531 0.0000000000
70582  -49.578  -24.296  47.944 0.0000000000
70583  -50.174  -24.688  47.557 0.0000000000
69399  -51.554  -25.500  47.544 0.0000000000
68194  -51.998  -26.149  47.598 0.0000000000
67057  -52.243  -27.664  46.160 0.0000000000
68214  -52.760  -26.257  46.420 0.0000000000
68215  -53.116  -26.235  45.854 0.0000000000
68234  -53.447  -26.213  45.112 0.0000000000
71849  -50.936  -24.042  40.910 0.0000000000
70698  -53.022  -24.717  41.151 0.0000000000
70722  -52.994  -24.276  40.294 0.0000000000
50037  -19.544  -41.187  64.195 0.0000000000
50057  -18.862  -40.682  62.625 0.0000000000
48859  -19.889  -41.727  62.609 0.0000000000
50124  -20.068  -41.674  60.011 0.0000000000
50174  -20.402  -41.618  57.975 0.0000000000
46612  -23.743  -44.258  55.668 0.0000000000
47754  -22.834  -43.276  54.924 0.0000000000
47768  -23.422  -43.739  53.324 0.0000000000
47801  -22.608  -43.284  51.234 0.0000000000
47818  -22.440  -43.334  50.011 0.0000000000
46708  -22.286  -44.604  48.840 0.0000000000
46724  -23.164  -45.434  48.834 0.0000000000
46598  -30.973  -44.301  57.185 0.0000000000
46597  -29.869  -44.267  57.372 0.0000000000
47726  -30.194  -43.689  56.593 0.0000000000
47743  -29.230  -43.505  55.863 0.0000000000
47770  -28.431  -43.528  54.008 0.0000000000
56505  -37.209  -36.532  45.909 0.0000000000
57690  -37.510  -35.465  45.818 0.0000000000
57669  -37.863  -35.049  46.591 0.0000000000
58732  -39.378  -33.742  47.837 0.0000000000
59795  -39.836  -33.418  48.177 0.0000000000
58694  -41.013  -33.858  49.819 0.0000000000
59783  -40.695  -33.384  49.005 0.0000000000
60889  -41.089  -32.337  48.549 0.0000000000
62135  -41.567  -31.558  48.548 0.0000000000
63353  -41.877  -30.909  49.318 0.0000000000
64666  -40.984  -29.553  50.485 0.0000000000
47702  -39.811  -43.694  58.241 0.0000000000
46581  -38.855  -44.918  57.206 0.0000000000
46620  -39.221  -43.543  56.192 0.0000000000
47763  -38.383  -43.691  55.038 0.0000000000
47776  -38.002  -43.559  54.219 0.0000000000
51437  -38.850  -40.859  54.448 0.0000000000
50271  -37.792  -42.080  53.614 0.0000000000
49013  -37.581  -42.909  52.185 0.0000000000
49030  -37.509  -42.804  51.141 0.0000000000
47859  -37.027  -43.192  48.939 0.0000000000
49091  -36.986  -42.648  47.253 0.0000000000
49106  -36.035  -42.631  46.501 0.0000000000
50323  -37.457  -41.642  47.655 0.0000000000
51512  -37.388  -40.709  47.080 0.0000000000
52720  -37.326  -39.637  47.466 0.0000000000
53863  -37.745  -38.644  49.782 0.0000000000
53903  -37.533  -38.527  47.842 0.0000000000
53923  -37.278  -38.643  46.746 0.0000000000
55183  -37.029  -37.460  46.199 0.0000000000
69470  -48.853  -25.787  42.051 0.0000000000
70716  -47.289  -23.928  40.571 0.0000000000
70718  -48.852  -24.350  40.761 0.0000000000
71847  -49.618  -23.356  41.394 0.0000000000
71848  -50.396  -23.595  41.209 0.0000000000
73001  -50.495  -23.110  40.772 0.0000000000
46480  -21.909  -44.387  63.329 0.0000000000
47657  -22.025  -43.662  61.815 0.0000000000
46513  -22.868  -44.484  61.509 0.0000000000
46529  -23.026  -44.142  60.184 0.0000000000
46564  -23.757  -44.282  58.008 0.0000000000
45315  -25.126  -45.714  60.023 0.0000000000
46565  -24.300  -44.743  58.527 0.0000000000
46575  -23.826  -44.395  56.953 0.0000000000
46613  -24.252  -44.748  55.540 0.0000000000
46626  -24.353  -45.013  54.618 0.0000000000
45441  -24.896  -45.449  53.124 0.0000000000
58783  -37.411  -34.663  44.871 0.0000000000
59865  -37.584  -33.366  44.321 0.0000000000
62201  -38.916  -31.596  44.927 0.0000000000
67129  -45.191  -27.721  42.864 0.0000000000
67081  -46.581  -27.777  44.660 0.0000000000
41898  -30.705  -48.935  61.949 0.0000000000
41915  -30.533  -48.723  61.155 0.0000000000
41934  -31.227  -48.329  60.673 0.0000000000
42970  -31.784  -47.190  59.582 0.0000000000
44134  -32.440  -46.549  58.976 0.0000000000
42972  -34.005  -47.774  58.972 0.0000000000
44135  -33.592  -46.767  58.422 0.0000000000
45399  -32.691  -45.195  57.729 0.0000000000
46599  -32.297  -44.455  57.182 0.0000000000
47746  -32.877  -43.068  55.493 0.0000000000
48981  -32.938  -42.467  54.246 0.0000000000
45419  -38.033  -45.591  55.718 0.0000000000
44196  -37.448  -46.148  55.582 0.0000000000
44194  -35.946  -46.219  54.693 0.0000000000
45463  -35.995  -45.483  52.230 0.0000000000
45444  -35.610  -45.618  53.139 0.0000000000
46630  -35.120  -44.800  54.115 0.0000000000
47762  -34.429  -43.678  54.183 0.0000000000
48996  -33.662  -42.565  53.485 0.0000000000
49125  -35.465  -42.254  45.538 0.0000000000
57492  -43.546  -35.525  55.776 0.0000000000
58616  -43.830  -34.339  55.153 0.0000000000
50021  -20.168  -41.485  65.361 0.0000000000
46461  -21.811  -44.557  64.610 0.0000000000
46462  -22.252  -45.136  64.511 0.0000000000
45255  -23.273  -46.046  64.491 0.0000000000
42886  -26.420  -47.793  63.613 0.0000000000
41855  -27.276  -48.168  63.737 0.0000000000
41870  -28.915  -48.111  63.150 0.0000000000
41872  -30.506  -48.143  62.864 0.0000000000
42900  -31.881  -47.710  62.356 0.0000000000
42912  -32.674  -47.535  62.074 0.0000000000
44090  -33.627  -46.582  61.497 0.0000000000
46533  -33.416  -44.602  60.542 0.0000000000
45317  -34.949  -45.754  60.742 0.0000000000
45335  -36.270  -45.268  59.969 0.0000000000
46553  -37.447  -44.610  59.441 0.0000000000
46554  -38.457  -44.585  59.221 0.0000000000
47689  -39.628  -43.473  58.873 0.0000000000
48930  -40.852  -42.285  58.373 0.0000000000
50183  -41.496  -41.494  58.127 0.0000000000
54999  -43.327  -37.021  56.487 0.0000000000
59718  -44.192  -33.600  54.878 0.0000000000
60822  -44.346  -32.125  53.867 0.0000000000
62066  -44.083  -31.334  53.638 0.0000000000
66892  -43.975  -27.970  56.065 0.0000000000
64627  -43.968  -29.261  55.076 0.0000000000
64639  -43.018  -30.188  53.639 0.0000000000
64638  -42.517  -29.334  53.742 0.0000000000
65805  -41.448  -28.455  52.546 0.0000000000
65813  -41.132  -28.157  51.717 0.0000000000
69310  -42.250  -25.093  53.891 0.0000000000
68127  -41.977  -26.071  52.429 0.0000000000
68142  -41.868  -26.722  51.002 0.0000000000
66963  -42.546  -26.828  50.010 0.0000000000
68170  -43.425  -26.705  49.068 0.0000000000
68191  -43.859  -26.677  48.271 0.0000000000
69348  -45.417  -25.454  50.767 0.0000000000
68158  -45.135  -26.244  49.534 0.0000000000
68192  -44.893  -26.667  48.143 0.0000000000
67022  -45.737  -27.277  46.490 0.0000000000
67051  -46.154  -27.572  45.618 0.0000000000
67052  -47.202  -27.529  45.625 0.0000000000
71712  -48.349  -23.655  50.383 0.0000000000
69364  -48.636  -25.508  50.330 0.0000000000
70550  -50.016  -25.046  48.868 0.0000000000
68163  -49.760  -26.176  49.471 0.0000000000
68162  -48.835  -26.186  49.767 0.0000000000
67001  -48.333  -27.115  47.517 0.0000000000
67053  -48.349  -27.322  45.644 0.0000000000
67082  -47.711  -27.615  44.596 0.0000000000
67110  -48.865  -27.661  43.728 0.0000000000
65927  -49.771  -28.469  42.639 0.0000000000
64757  -50.300  -29.140  42.193 0.0000000000
65885  -51.887  -28.161  45.625 0.0000000000
65910  -51.648  -28.633  43.923 0.0000000000
64758  -51.097  -29.392  42.464 0.0000000000
68246  -51.620  -25.853  43.903 0.0000000000
70656  -53.261  -24.852  44.149 0.0000000000
69459  -54.067  -25.745  43.919 0.0000000000
71827  -54.190  -24.060  42.268 0.0000000000
68263  -54.404  -25.681  43.020 0.0000000000
67133  -53.617  -27.452  43.234 0.0000000000
50122  -18.301  -41.136  60.421 0.0000000000
48891  -21.606  -42.699  60.516 0.0000000000
48925  -21.580  -42.245  57.901 0.0000000000
50198  -21.165  -41.813  56.974 0.0000000000
48963  -22.386  -42.754  55.451 0.0000000000
50263  -21.260  -41.776  54.808 0.0000000000
50262  -20.419  -41.595  54.689 0.0000000000
48988  -19.656  -41.840  53.088 0.0000000000
41931  -29.046  -47.954  59.946 0.0000000000
42966  -28.137  -47.026  58.574 0.0000000000
44151  -27.565  -46.523  57.736 0.0000000000
45398  -28.266  -45.363  57.273 0.0000000000
45397  -27.759  -45.844  57.207 0.0000000000
44193  -26.821  -46.150  56.405 0.0000000000
44207  -26.115  -46.062  54.720 0.0000000000
45442  -25.550  -45.657  53.737 0.0000000000
45482  -25.400  -45.337  51.517 0.0000000000
46640  -29.106  -43.940  52.776 0.0000000000
46639  -28.494  -43.932  53.071 0.0000000000
46653  -27.920  -44.589  52.418 0.0000000000
46674  -27.238  -44.715  51.977 0.0000000000
45505  -25.965  -45.470  50.870 0.0000000000
45504  -25.232  -45.600  50.536 0.0000000000
56348  -41.970  -36.031  53.904 0.0000000000
57526  -42.166  -35.113  53.292 0.0000000000
57507  -42.648  -35.334  54.235 0.0000000000
56317  -42.467  -36.504  54.919 0.0000000000
56316  -41.685  -36.726  54.325 0.0000000000
67131  -47.307  -27.895  42.824 0.0000000000
65925  -47.552  -28.113  42.250 0.0000000000
41883  -28.914  -48.445  62.374 0.0000000000
56516  -36.478  -36.539  44.406 0.0000000000
57722  -36.339  -35.670  43.692 0.0000000000
64673  -40.719  -29.319  49.648 0.0000000000
65843  -40.781  -28.656  49.132 0.0000000000
65834  -41.173  -28.008  49.615 0.0000000000
46566  -38.606  -45.034  58.921 0.0000000000
45358  -38.552  -45.420  58.590 0.0000000000
45359  -38.877  -44.977  58.131 0.0000000000
70655  -48.414  -25.255  43.506 0.0000000000
70634  -49.471  -25.215  44.842 0.0000000000
70635  -51.299  -25.379  45.443 0.0000000000
69441  -50.044  -25.701  44.468 0.0000000000
47626  -21.043  -43.023  63.195 0.0000000000
47642  -21.195  -42.965  62.679 0.0000000000
47643  -21.534  -43.519  62.643 0.0000000000
46673  -24.421  -45.177  51.911 0.0000000000
46672  -23.947  -44.756  51.659 0.0000000000
48980  -31.863  -42.433  54.247 0.0000000000
47760  -31.228  -42.682  54.547 0.0000000000
57601  -38.911  -36.006  49.524 0.0000000000
60847  -42.777  -32.607  51.472 0.0000000000
51400  -41.087  -40.703  56.728 0.0000000000
50227  -40.250  -41.458  56.622 0.0000000000
51418  -40.606  -40.504  56.202 0.0000000000
51468  -37.899  -40.267  51.993 0.0000000000
52650  -37.672  -40.073  50.739 0.0000000000
51488  -37.495  -40.390  49.240 0.0000000000
56432  -39.070  -36.454  49.951 0.0000000000
56451  -38.323  -36.460  48.420 0.0000000000
44074  -24.401  -46.341  63.080 0.0000000000
45282  -24.246  -45.945  62.577 0.0000000000
44085  -24.708  -46.193  62.285 0.0000000000
44149  -26.147  -46.438  57.002 0.0000000000
45395  -25.564  -46.064  56.401 0.0000000000
60902  -39.773  -32.538  47.259 0.0000000000
60921  -38.905  -32.619  46.392 0.0000000000
60922  -39.434  -32.367  46.688 0.0000000000
64733  -40.755  -29.754  44.658 0.0000000000
63425  -40.230  -30.079  43.800 0.0000000000
67049  -44.134  -27.281  45.594 0.0000000000
41919  -34.412  -47.978  61.263 0.0000000000
41937  -34.538  -48.396  60.610 0.0000000000
44177  -35.662  -46.497  55.952 0.0000000000
44176  -34.950  -46.208  56.399 0.0000000000
45402  -35.049  -45.907  55.844 0.0000000000
46643  -37.640  -44.763  53.493 0.0000000000
47823  -34.272  -44.142  50.419 0.0000000000
47805  -33.872  -43.258  50.853 0.0000000000
51532  -36.944  -40.714  45.380 0.0000000000
68102  -42.722  -26.470  54.570 0.0000000000
71686  -45.038  -23.294  53.015 0.0000000000
71670  -44.291  -22.722  53.493 0.0000000000
70496  -43.737  -24.125  52.312 0.0000000000
70518  -44.392  -24.552  51.816 0.0000000000
68148  -47.602  -26.125  50.529 0.0000000000
68161  -47.960  -26.361  49.805 0.0000000000
68174  -47.471  -26.610  49.013 0.0000000000
71768  -47.862  -23.085  47.454 0.0000000000
72893  -48.176  -23.059  47.955 0.0000000000
71769  -48.391  -23.428  47.577 0.0000000000
66986  -50.658  -26.876  48.234 0.0000000000
67027  -50.857  -27.555  46.902 0.0000000000
65900  -53.066  -27.884  44.821 0.0000000000
65912  -53.328  -28.310  43.825 0.0000000000
69491  -52.044  -25.452  41.642 0.0000000000
51255  -18.209  -40.205  62.924 0.0000000000
50196  -19.577  -41.444  57.193 0.0000000000
50241  -19.020  -41.603  55.423 0.0000000000
47711  -22.725  -43.377  57.881 0.0000000000
47723  -22.769  -43.386  56.882 0.0000000000
47836  -21.003  -43.514  49.224 0.0000000000
44155  -31.253  -46.010  58.574 0.0000000000
44132  -30.318  -46.432  58.750 0.0000000000
44154  -30.669  -45.874  58.465 0.0000000000
47769  -27.751  -43.858  54.514 0.0000000000
47756  -27.700  -44.044  55.338 0.0000000000
46637  -26.635  -44.800  53.746 0.0000000000
57564  -40.623  -35.314  51.535 0.0000000000
58629  -42.580  -34.292  53.009 0.0000000000
58646  -42.815  -33.791  52.815 0.0000000000
59744  -43.154  -33.209  52.568 0.0000000000
53762  -42.271  -38.407  55.993 0.0000000000
52557  -40.705  -39.471  55.478 0.0000000000
53761  -41.302  -38.463  55.301 0.0000000000
55061  -40.739  -37.541  53.637 0.0000000000
53776  -40.597  -38.375  54.366 0.0000000000
53790  -40.219  -38.279  53.154 0.0000000000
52630  -39.060  -38.981  52.687 0.0000000000
53805  -39.555  -38.230  52.295 0.0000000000
53820  -38.857  -38.225  51.441 0.0000000000
55076  -39.988  -37.648  52.339 0.0000000000
56376  -41.059  -36.041  52.814 0.0000000000
55093  -40.185  -37.161  52.224 0.0000000000
56398  -40.166  -36.450  51.674 0.0000000000
56415  -39.586  -36.332  50.754 0.0000000000
65972  -46.468  -29.046  40.506 0.0000000000
64770  -48.257  -29.241  41.120 0.0000000000
42898  -26.513  -47.756  62.605 0.0000000000
42897  -25.898  -47.169  62.265 0.0000000000
42924  -27.753  -47.733  60.386 0.0000000000
42910  -27.462  -47.875  61.078 0.0000000000
42942  -27.083  -46.926  59.162 0.0000000000
42943  -27.723  -47.262  59.297 0.0000000000
58796  -36.760  -34.757  44.055 0.0000000000
63379  -41.186  -30.731  47.617 0.0000000000
64714  -40.815  -29.538  46.940 0.0000000000
64723  -40.954  -29.486  45.743 0.0000000000
64722  -40.832  -29.809  45.311 0.0000000000
65894  -41.369  -28.568  45.102 0.0000000000
65883  -41.192  -28.605  46.004 0.0000000000
66995  -41.758  -27.432  47.159 0.0000000000
67019  -42.510  -27.257  46.384 0.0000000000
44105  -36.829  -46.360  59.926 0.0000000000
42952  -36.511  -47.276  59.615 0.0000000000
42953  -37.170  -46.953  59.155 0.0000000000
44161  -37.537  -46.739  57.866 0.0000000000
42989  -37.030  -47.197  57.905 0.0000000000
46696  -36.973  -44.106  50.205 0.0000000000
46714  -36.492  -44.107  49.623 0.0000000000
47842  -33.535  -43.578  49.002 0.0000000000
53938  -36.701  -38.551  45.460 0.0000000000
52741  -36.745  -39.639  45.100 0.0000000000
72803  -46.395  -22.500  52.818 0.0000000000
71688  -46.742  -23.246  52.686 0.0000000000
72835  -47.445  -22.461  50.786 0.0000000000
72816  -47.131  -22.531  51.696 0.0000000000
71698  -47.736  -23.527  51.333 0.0000000000
70522  -47.969  -24.633  51.434 0.0000000000
71699  -48.172  -24.172  51.041 0.0000000000
70632  -47.321  -24.203  44.403 0.0000000000
70616  -48.205  -23.822  45.790 0.0000000000
70601  -49.068  -24.196  46.931 0.0000000000
70603  -51.306  -25.253  46.659 0.0000000000
70602  -50.286  -24.849  46.715 0.0000000000
69400  -52.167  -25.762  47.160 0.0000000000
68195  -52.427  -26.322  47.062 0.0000000000
69420  -52.465  -25.693  46.420 0.0000000000
70621  -53.015  -25.135  45.262 0.0000000000
69432  -52.855  -25.436  45.749 0.0000000000
69433  -53.269  -25.541  45.293 0.0000000000
71872  -51.258  -24.068  40.420 0.0000000000
50058  -19.420  -41.187  63.200 0.0000000000
48876  -20.696  -42.198  60.989 0.0000000000
48875  -20.127  -41.806  61.672 0.0000000000
50148  -20.234  -41.641  58.969 0.0000000000
46625  -23.923  -44.267  54.934 0.0000000000
47755  -23.439  -43.721  54.411 0.0000000000
47802  -23.412  -44.036  51.163 0.0000000000
47819  -23.202  -43.825  50.240 0.0000000000
47838  -22.741  -43.909  49.424 0.0000000000
46709  -23.339  -44.685  49.356 0.0000000000
44301  -24.100  -45.999  49.314 0.0000000000
47759  -30.568  -42.843  54.656 0.0000000000
47758  -29.415  -43.103  54.637 0.0000000000
47771  -29.260  -43.352  53.430 0.0000000000
57668  -37.694  -35.791  46.928 0.0000000000
58731  -38.878  -34.366  47.792 0.0000000000
58658  -40.972  -34.486  50.896 0.0000000000
58674  -40.745  -34.332  50.111 0.0000000000
58675  -41.292  -33.856  50.330 0.0000000000
59784  -41.243  -33.140  49.562 0.0000000000
60878  -41.438  -32.611  49.225 0.0000000000
59797  -40.853  -32.941  48.910 0.0000000000
60890  -41.729  -32.086  48.875 0.0000000000
62136  -41.938  -31.937  49.030 0.0000000000
63343  -41.714  -30.608  50.317 0.0000000000
47703  -40.403  -42.971  57.974 0.0000000000
47713  -39.842  -43.516  57.507 0.0000000000
47730  -39.747  -42.967  56.776 0.0000000000
48967  -39.182  -42.230  55.705 0.0000000000
47749  -38.827  -43.231  55.662 0.0000000000
48999  -37.960  -42.599  54.112 0.0000000000
51438  -39.575  -40.495  54.841 0.0000000000
51453  -39.062  -40.212  54.163 0.0000000000
51460  -37.675  -41.067  52.093 0.0000000000
50280  -37.983  -41.340  53.448 0.0000000000
50279  -37.660  -41.852  52.738 0.0000000000
50309  -37.490  -41.617  49.706 0.0000000000
49066  -37.347  -42.517  49.244 0.0000000000
47875  -36.826  -43.095  48.235 0.0000000000
49078  -37.241  -42.473  48.321 0.0000000000
53864  -38.043  -37.935  49.498 0.0000000000
53883  -37.718  -38.317  48.886 0.0000000000
56468  -37.923  -36.469  47.738 0.0000000000
55161  -37.591  -37.356  47.339 0.0000000000
56467  -37.672  -36.421  47.231 0.0000000000
56487  -37.456  -36.503  46.576 0.0000000000
72998  -48.063  -22.793  40.774 0.0000000000
72999  -48.583  -22.781  41.172 0.0000000000
71870  -49.381  -23.938  41.117 0.0000000000
71846  -49.230  -23.149  41.410 0.0000000000
72977  -50.120  -22.684  41.290 0.0000000000
72978  -50.519  -23.227  41.082 0.0000000000
74076  -50.169  -21.638  41.031 0.0000000000
46498  -22.621  -44.833  62.790 0.0000000000
46497  -22.196  -44.195  62.299 0.0000000000
45313  -23.748  -45.305  61.257 0.0000000000
46514  -23.417  -44.953  61.307 0.0000000000
46530  -23.628  -44.877  60.479 0.0000000000
46547  -23.533  -44.254  59.259 0.0000000000
46548  -24.188  -44.897  59.543 0.0000000000
44100  -25.442  -46.183  60.712 0.0000000000
45372  -24.990  -45.258  57.935 0.0000000000
45352  -24.829  -45.208  58.956 0.0000000000
46576  -24.395  -44.825  57.427 0.0000000000
46593  -24.402  -44.927  56.389 0.0000000000
45427  -24.934  -45.635  54.232 0.0000000000
58766  -37.630  -34.857  45.519 0.0000000000
59866  -37.893  -33.235  44.839 0.0000000000
60949  -37.769  -32.825  44.138 0.0000000000
62190  -39.644  -31.603  45.789 0.0000000000
62215  -39.137  -31.049  43.824 0.0000000000
65895  -41.625  -28.153  44.679 0.0000000000
67125  -41.902  -27.935  43.837 0.0000000000
67128  -44.232  -27.531  43.047 0.0000000000
67106  -44.964  -27.358  43.790 0.0000000000
67107  -45.929  -27.759  43.701 0.0000000000
41899  -31.670  -48.812  62.011 0.0000000000
41916  -31.413  -48.697  61.329 0.0000000000
41917  -32.368  -48.491  61.269 0.0000000000
42949  -33.348  -48.051  60.224 0.0000000000
42948  -32.114  -47.877  60.250 0.0000000000
42974  -35.976  -47.588  58.853 0.0000000000
42973  -35.010  -47.980  58.929 0.0000000000
42986  -34.680  -47.528  58.273 0.0000000000
45380  -33.978  -45.940  57.399 0.0000000000
44157  -33.895  -46.374  57.772 0.0000000000
45379  -33.324  -45.810  58.021 0.0000000000
47729  -33.349  -43.631  55.928 0.0000000000
47747  -33.729  -43.456  55.236 0.0000000000
48964  -32.523  -42.714  54.862 0.0000000000
48965  -33.239  -42.881  54.869 0.0000000000
46602  -38.711  -44.815  56.462 0.0000000000
45420  -38.428  -45.103  55.953 0.0000000000
44224  -37.083  -46.073  53.609 0.0000000000
44210  -37.263  -46.141  54.475 0.0000000000
44209  -36.603  -46.269  54.129 0.0000000000
45511  -36.369  -45.071  51.050 0.0000000000
45489  -36.605  -45.269  51.549 0.0000000000
45488  -36.003  -45.182  51.319 0.0000000000
46658  -35.275  -44.980  52.499 0.0000000000
46642  -35.227  -44.899  53.420 0.0000000000
46641  -34.796  -44.244  53.733 0.0000000000
49012  -33.960  -42.708  52.301 0.0000000000
48997  -34.040  -42.740  52.678 0.0000000000
50277  -32.740  -41.944  51.837 0.0000000000
49126  -36.429  -42.164  45.383 0.0000000000
50020  -19.633  -40.957  65.057 0.0000000000
45236  -22.214  -45.116  65.189 0.0000000000
42871  -25.553  -47.247  64.550 0.0000000000
42889  -30.182  -47.632  63.027 0.0000000000
42899  -31.008  -47.861  62.730 0.0000000000
44076  -31.194  -47.167  62.532 0.0000000000
42913  -33.492  -47.313  61.724 0.0000000000
45298  -33.003  -45.812  61.445 0.0000000000
47683  -34.084  -43.600  59.968 0.0000000000
46549  -33.751  -43.959  60.113 0.0000000000
45316  -34.167  -45.543  60.620 0.0000000000
46535  -35.165  -45.318  60.333 0.0000000000
45318  -35.761  -45.715  60.373 0.0000000000
46551  -35.362  -44.725  59.810 0.0000000000
47700  -37.038  -43.149  59.027 0.0000000000
47686  -36.874  -43.830  59.180 0.0000000000
47687  -37.857  -43.481  59.212 0.0000000000
48915  -39.539  -42.680  59.315 0.0000000000
47690  -40.249  -43.025  58.510 0.0000000000
48916  -40.328  -42.550  58.990 0.0000000000
50182  -41.235  -41.752  58.467 0.0000000000
51365  -41.800  -40.791  58.382 0.0000000000
51382  -41.752  -40.883  57.779 0.0000000000
56293  -43.341  -36.428  56.070 0.0000000000
59702  -44.758  -33.743  55.956 0.0000000000
60799  -44.873  -32.687  55.459 0.0000000000
62040  -44.772  -31.730  55.197 0.0000000000
62051  -44.486  -31.452  54.497 0.0000000000
63288  -44.050  -30.456  54.456 0.0000000000
66923  -43.850  -28.101  55.454 0.0000000000
65789  -43.975  -28.542  55.433 0.0000000000
65788  -43.693  -28.646  55.011 0.0000000000
63287  -43.673  -30.370  54.201 0.0000000000
64626  -43.355  -29.714  54.384 0.0000000000
64625  -42.941  -29.252  54.267 0.0000000000
66935  -42.181  -27.358  53.826 0.0000000000
65796  -41.870  -28.737  53.344 0.0000000000
66934  -41.818  -27.542  53.201 0.0000000000
66943  -41.398  -27.483  52.248 0.0000000000
72788  -43.147  -22.618  54.389 0.0000000000
70469  -42.506  -24.145  54.396 0.0000000000
70481  -42.515  -24.276  53.344 0.0000000000
69332  -42.463  -25.345  52.000 0.0000000000
66962  -41.803  -27.206  50.187 0.0000000000
68143  -42.623  -26.506  50.487 0.0000000000
68156  -43.167  -26.625  49.851 0.0000000000
68171  -44.487  -26.589  48.952 0.0000000000
69336  -45.923  -25.066  51.505 0.0000000000
69349  -46.375  -25.593  50.993 0.0000000000
68159  -46.168  -26.217  49.597 0.0000000000
68172  -45.513  -26.514  48.862 0.0000000000
66998  -45.323  -26.903  47.304 0.0000000000
67023  -46.734  -27.410  46.548 0.0000000000
72862  -48.129  -22.793  49.481 0.0000000000
70548  -48.849  -24.718  49.972 0.0000000000
70565  -50.197  -24.827  48.320 0.0000000000
68177  -50.175  -26.550  48.867 0.0000000000
68176  -49.322  -26.618  49.034 0.0000000000
66984  -48.847  -26.916  48.343 0.0000000000
67025  -48.876  -27.211  46.689 0.0000000000
67083  -49.099  -27.505  44.504 0.0000000000
65928  -50.834  -28.832  43.008 0.0000000000
65886  -52.555  -27.930  45.526 0.0000000000
65929  -51.584  -29.130  43.101 0.0000000000
68259  -50.369  -26.149  42.975 0.0000000000
68273  -50.234  -26.248  42.332 0.0000000000
69473  -53.236  -24.813  42.908 0.0000000000
69457  -52.569  -25.351  43.437 0.0000000000
70657  -53.721  -24.687  43.809 0.0000000000
70639  -53.961  -24.828  44.084 0.0000000000
70658  -54.142  -24.655  43.508 0.0000000000
71873  -54.276  -23.800  41.276 0.0000000000
70699  -53.751  -24.165  41.918 0.0000000000
71851  -54.481  -23.943  41.531 0.0000000000
69475  -54.489  -25.306  42.402 0.0000000000
68262  -54.014  -26.263  43.429 0.0000000000
50099  -19.173  -41.387  61.432 0.0000000000
50077  -18.706  -40.971  61.927 0.0000000000
50146  -18.382  -41.104  59.357 0.0000000000
50217  -17.851  -41.312  56.477 0.0000000000
50267  -18.289  -42.075  53.662 0.0000000000
48975  -17.944  -42.177  53.980 0.0000000000
50275  -18.184  -42.281  53.273 0.0000000000
49003  -18.057  -42.508  52.746 0.0000000000
47658  -22.397  -43.869  61.366 0.0000000000
47669  -22.095  -43.330  61.066 0.0000000000
47680  -22.197  -43.174  60.232 0.0000000000
48942  -22.252  -42.845  57.376 0.0000000000
48905  -21.928  -42.632  59.281 0.0000000000
48924  -21.069  -41.776  58.060 0.0000000000
50221  -21.317  -41.927  56.160 0.0000000000
48977  -22.318  -42.675  54.499 0.0000000000
48976  -21.746  -42.056  54.161 0.0000000000
50270  -20.914  -41.693  53.958 0.0000000000
50243  -20.861  -41.673  55.484 0.0000000000
50269  -19.977  -41.714  53.843 0.0000000000
45525  -22.262  -45.267  48.623 0.0000000000
45524  -21.539  -45.555  48.717 0.0000000000
41933  -30.365  -48.292  60.412 0.0000000000
41932  -29.553  -48.132  60.149 0.0000000000
44131  -29.274  -46.730  58.567 0.0000000000
42967  -28.959  -47.272  58.936 0.0000000000
44130  -28.658  -46.870  58.417 0.0000000000
42985  -28.083  -46.619  57.900 0.0000000000
44152  -28.162  -46.523  58.018 0.0000000000
47725  -29.321  -43.933  56.743 0.0000000000
46577  -29.561  -45.027  57.743 0.0000000000
46596  -28.788  -44.722  57.093 0.0000000000
46594  -27.344  -45.462  56.561 0.0000000000
45416  -26.813  -45.622  56.060 0.0000000000
45396  -27.211  -45.970  56.622 0.0000000000
44192  -26.401  -46.121  55.645 0.0000000000
45415  -26.601  -45.686  55.490 0.0000000000
45443  -26.144  -45.552  54.129 0.0000000000
45457  -25.508  -45.318  52.567 0.0000000000
46654  -28.867  -44.609  52.515 0.0000000000
45460  -28.607  -45.429  52.140 0.0000000000
45459  -27.961  -45.187  51.941 0.0000000000
45484  -27.479  -45.330  51.460 0.0000000000
44277  -26.388  -46.018  50.402 0.0000000000
45506  -26.768  -45.474  50.906 0.0000000000
44276  -25.779  -45.845  50.350 0.0000000000
57546  -41.348  -35.132  52.486 0.0000000000
55020  -42.449  -37.389  55.538 0.0000000000
53777  -41.168  -37.965  54.762 0.0000000000
55041  -41.706  -37.396  54.951 0.0000000000
55062  -41.266  -37.195  54.162 0.0000000000
56346  -40.645  -37.096  53.154 0.0000000000
55077  -40.375  -37.510  52.794 0.0000000000
67154  -45.951  -27.939  41.714 0.0000000000
65950  -46.654  -28.287  41.405 0.0000000000
65926  -48.554  -28.084  42.661 0.0000000000
41881  -27.238  -48.180  61.922 0.0000000000
41882  -27.984  -48.491  62.173 0.0000000000
41895  -27.912  -48.174  61.187 0.0000000000
41912  -28.157  -48.057  60.558 0.0000000000
64683  -41.249  -30.396  48.828 0.0000000000
64696  -40.758  -29.260  47.791 0.0000000000
65875  -41.095  -28.369  46.951 0.0000000000
65874  -40.900  -28.634  47.600 0.0000000000
44118  -37.921  -45.924  59.333 0.0000000000
44138  -38.063  -46.073  58.993 0.0000000000
44162  -38.158  -46.156  58.272 0.0000000000
44180  -38.077  -46.111  57.468 0.0000000000
47858  -36.467  -43.720  48.857 0.0000000000
46729  -36.362  -44.031  49.218 0.0000000000
47857  -35.631  -43.845  48.566 0.0000000000
47872  -34.308  -43.368  47.551 0.0000000000
47885  -33.661  -42.570  46.819 0.0000000000
70633  -48.516  -24.730  44.508 0.0000000000
70618  -50.746  -25.205  45.905 0.0000000000
70619  -51.620  -25.384  45.845 0.0000000000
70604  -51.954  -25.471  46.286 0.0000000000
70636  -51.952  -25.289  45.140 0.0000000000
48842  -20.449  -42.398  63.449 0.0000000000
46650  -23.934  -44.482  52.867 0.0000000000
45502  -23.921  -45.202  50.013 0.0000000000
45527  -24.250  -45.727  49.721 0.0000000000
44302  -24.581  -46.151  49.392 0.0000000000
57650  -38.286  -35.455  47.687 0.0000000000
58692  -39.847  -34.455  49.229 0.0000000000
59755  -42.075  -33.512  51.033 0.0000000000
59769  -41.868  -33.361  50.548 0.0000000000
60864  -42.473  -32.534  50.717 0.0000000000
62108  -42.479  -31.865  50.299 0.0000000000
63331  -42.376  -31.234  51.325 0.0000000000
63318  -42.077  -30.468  52.238 0.0000000000
48954  -40.435  -42.031  57.300 0.0000000000
47731  -40.110  -42.426  57.100 0.0000000000
48953  -40.043  -41.964  56.811 0.0000000000
50247  -39.393  -41.583  55.572 0.0000000000
52605  -39.024  -39.584  53.434 0.0000000000
52604  -38.455  -40.080  53.137 0.0000000000
52688  -37.541  -39.252  49.311 0.0000000000
55124  -38.626  -37.326  49.890 0.0000000000
55143  -38.219  -37.438  48.885 0.0000000000
45280  -23.101  -45.264  62.683 0.0000000000
45314  -24.440  -45.547  60.723 0.0000000000
44115  -26.651  -46.653  59.156 0.0000000000
44114  -25.792  -46.144  59.449 0.0000000000
45414  -25.576  -46.177  55.758 0.0000000000
44191  -25.712  -46.211  55.221 0.0000000000
59831  -38.650  -33.223  46.493 0.0000000000
60938  -38.766  -32.386  45.817 0.0000000000
63402  -40.581  -30.490  45.609 0.0000000000
62203  -40.054  -30.733  44.832 0.0000000000
63424  -39.810  -30.417  43.707 0.0000000000
67047  -42.217  -27.531  45.482 0.0000000000
67103  -42.259  -27.771  44.160 0.0000000000
67077  -42.697  -27.533  44.776 0.0000000000
67105  -43.959  -27.269  43.902 0.0000000000
67050  -45.162  -27.357  45.594 0.0000000000
41918  -33.483  -48.303  61.060 0.0000000000
46600  -33.502  -44.386  56.481 0.0000000000
46601  -34.208  -44.679  55.883 0.0000000000
47748  -34.279  -43.796  54.799 0.0000000000
46632  -38.045  -44.576  54.580 0.0000000000
45434  -38.233  -45.062  55.321 0.0000000000
46631  -37.703  -45.160  54.188 0.0000000000
45445  -37.518  -45.620  53.877 0.0000000000
44241  -36.939  -46.047  53.134 0.0000000000
46678  -34.789  -44.380  51.857 0.0000000000
47787  -33.757  -42.701  51.526 0.0000000000
49127  -37.037  -41.992  45.441 0.0000000000
45283  -30.923  -46.135  62.507 0.0000000000
47684  -34.729  -43.444  59.512 0.0000000000
48911  -35.537  -42.241  59.508 0.0000000000
51350  -40.642  -40.917  59.564 0.0000000000
62032  -44.899  -31.452  56.470 0.0000000000
60800  -45.187  -32.357  55.919 0.0000000000
62033  -45.162  -31.706  56.048 0.0000000000
63261  -44.914  -30.744  56.003 0.0000000000
64599  -44.553  -29.613  55.823 0.0000000000
66922  -43.508  -27.783  55.030 0.0000000000
66921  -42.698  -27.348  54.438 0.0000000000
68116  -42.148  -26.423  53.642 0.0000000000
72790  -44.709  -21.890  53.953 0.0000000000
72789  -43.722  -22.349  54.189 0.0000000000
71684  -43.134  -23.809  52.862 0.0000000000
70516  -42.936  -24.989  51.823 0.0000000000
69333  -43.110  -25.385  51.361 0.0000000000
68136  -43.047  -25.916  50.814 0.0000000000
69346  -43.645  -25.601  50.831 0.0000000000
69347  -44.420  -25.502  50.694 0.0000000000
68173  -46.522  -26.531  48.898 0.0000000000
72892  -47.708  -22.719  48.072 0.0000000000
72881  -48.205  -22.971  48.589 0.0000000000
71733  -49.276  -24.306  48.860 0.0000000000
69381  -51.164  -25.676  48.254 0.0000000000
69380  -50.579  -25.489  48.707 0.0000000000
68178  -50.903  -26.251  48.551 0.0000000000
67026  -49.895  -27.442  46.836 0.0000000000
67084  -50.209  -27.647  45.246 0.0000000000
67085  -50.826  -27.817  45.615 0.0000000000
65898  -51.192  -27.978  44.996 0.0000000000
69511  -49.547  -25.321  41.037 0.0000000000
68288  -50.445  -26.112  41.841 0.0000000000
68289  -51.159  -25.936  41.865 0.0000000000
69472  -52.514  -25.527  42.569 0.0000000000
69474  -53.616  -24.389  42.536 0.0000000000
69494  -54.348  -25.408  41.311 0.0000000000
70700  -54.518  -24.450  41.644 0.0000000000
51301  -17.841  -40.694  61.376 0.0000000000
50147  -19.326  -41.340  59.179 0.0000000000
50195  -18.671  -41.209  57.293 0.0000000000
50240  -17.851  -41.667  55.385 0.0000000000
50268  -18.970  -41.709  53.593 0.0000000000
47681  -22.617  -43.488  59.612 0.0000000000
48906  -22.433  -43.084  59.020 0.0000000000
47697  -22.708  -43.399  58.755 0.0000000000
49025  -22.126  -42.885  51.913 0.0000000000
48991  -22.109  -42.618  53.492 0.0000000000
49006  -20.938  -42.047  52.273 0.0000000000
49005  -19.936  -42.059  52.334 0.0000000000
49057  -19.814  -42.717  49.740 0.0000000000
47835  -20.015  -43.390  49.169 0.0000000000
46706  -20.270  -44.295  49.004 0.0000000000
45523  -20.563  -45.261  49.220 0.0000000000
42969  -30.735  -47.165  59.419 0.0000000000
45355  -29.449  -46.201  58.384 0.0000000000
45354  -29.037  -46.359  58.259 0.0000000000
47742  -28.299  -43.865  55.840 0.0000000000
46615  -28.109  -44.398  56.362 0.0000000000
47741  -27.823  -44.216  55.889 0.0000000000
45429  -26.486  -45.543  54.904 0.0000000000
44256  -27.890  -46.011  51.449 0.0000000000
57581  -39.846  -35.668  50.538 0.0000000000
58644  -41.853  -34.255  52.015 0.0000000000
58660  -42.173  -33.802  51.722 0.0000000000
59743  -42.716  -33.404  52.086 0.0000000000
59757  -42.931  -32.853  51.870 0.0000000000
60848  -43.191  -32.340  52.094 0.0000000000
52536  -41.683  -39.830  56.752 0.0000000000
52581  -40.158  -39.446  54.713 0.0000000000
52606  -39.838  -39.014  53.818 0.0000000000
52670  -37.889  -38.977  50.566 0.0000000000
55091  -39.257  -37.620  51.360 0.0000000000
55092  -39.721  -37.370  51.750 0.0000000000
55109  -39.367  -37.099  51.096 0.0000000000
64790  -47.693  -29.884  40.537 0.0000000000
44075  -25.104  -46.778  62.717 0.0000000000
42908  -26.076  -46.969  61.649 0.0000000000
44087  -26.047  -46.755  61.159 0.0000000000
44129  -26.932  -46.780  58.357 0.0000000000
42983  -27.270  -46.797  58.150 0.0000000000
60904  -40.783  -31.985  47.660 0.0000000000
60923  -40.055  -31.988  46.793 0.0000000000
62153  -40.665  -31.827  47.247 0.0000000000
63394  -40.685  -30.924  46.299 0.0000000000
63395  -40.840  -30.520  46.479 0.0000000000
64744  -41.106  -28.976  43.986 0.0000000000
42929  -35.662  -47.394  60.488 0.0000000000
41938  -35.174  -48.158  60.804 0.0000000000
42988  -36.419  -47.331  57.944 0.0000000000
47807  -37.566  -43.825  51.645 0.0000000000
46681  -37.167  -44.665  51.162 0.0000000000
46713  -35.784  -44.458  49.918 0.0000000000
46712  -34.964  -44.593  50.094 0.0000000000
49065  -33.240  -43.325  49.500 0.0000000000
47854  -32.545  -43.168  47.868 0.0000000000
51531  -36.663  -40.595  44.465 0.0000000000
72791  -45.604  -22.087  53.404 0.0000000000
70498  -45.725  -23.922  52.633 0.0000000000
70499  -46.574  -23.837  52.605 0.0000000000
72804  -46.889  -22.766  52.398 0.0000000000
69338  -47.537  -25.146  51.578 0.0000000000
69351  -48.029  -25.509  51.004 0.0000000000
71790  -47.846  -23.439  46.342 0.0000000000
71779  -48.618  -23.760  47.283 0.0000000000
70584  -50.861  -25.061  47.317 0.0000000000
68179  -51.522  -26.125  48.031 0.0000000000
66988  -51.748  -26.457  47.800 0.0000000000
67005  -52.017  -26.807  47.453 0.0000000000
67028  -51.769  -27.457  46.900 0.0000000000
67006  -52.374  -26.705  47.132 0.0000000000
67029  -52.520  -26.923  46.712 0.0000000000
67030  -52.861  -26.629  46.212 0.0000000000
69421  -52.928  -25.801  45.982 0.0000000000
68248  -53.714  -26.247  44.307 0.0000000000
70697  -51.720  -24.613  40.841 0.0000000000
70723  -53.760  -23.948  40.808 0.0000000000
50078  -19.245  -41.165  62.355 0.0000000000
50100  -19.888  -41.604  60.880 0.0000000000
47724  -23.402  -43.905  56.335 0.0000000000
47739  -22.778  -43.395  55.887 0.0000000000
47740  -23.372  -43.786  55.368 0.0000000000
47783  -22.600  -43.172  52.648 0.0000000000
46579  -31.522  -44.971  57.709 0.0000000000
46578  -30.517  -44.914  57.778 0.0000000000
57689  -37.144  -35.625  45.263 0.0000000000
57691  -37.745  -34.971  46.097 0.0000000000
58747  -38.412  -34.350  46.973 0.0000000000
59812  -38.965  -33.595  47.319 0.0000000000
59813  -39.577  -32.961  47.516 0.0000000000
59814  -39.992  -32.871  47.959 0.0000000000
57603  -40.190  -34.645  49.823 0.0000000000
58693  -40.629  -33.995  49.419 0.0000000000
58714  -40.174  -33.752  48.779 0.0000000000
59796  -40.429  -32.931  48.415 0.0000000000
62122  -41.833  -31.265  48.912 0.0000000000
62123  -42.109  -31.582  49.341 0.0000000000
64674  -41.187  -30.121  49.549 0.0000000000
65822  -40.702  -28.930  50.322 0.0000000000
45382  -38.888  -44.956  57.743 0.0000000000
46582  -39.313  -44.445  57.768 0.0000000000
46603  -39.301  -44.142  56.775 0.0000000000
47775  -37.763  -43.932  53.531 0.0000000000
47789  -37.645  -43.903  52.718 0.0000000000
51417  -39.948  -40.745  55.591 0.0000000000
50265  -39.556  -41.154  55.427 0.0000000000
50264  -38.992  -41.492  55.073 0.0000000000
51452  -38.495  -40.594  53.700 0.0000000000
50272  -38.267  -41.626  54.264 0.0000000000
48998  -37.665  -43.006  53.314 0.0000000000
47845  -37.130  -43.396  49.744 0.0000000000
49048  -37.430  -42.653  50.171 0.0000000000
49090  -36.312  -42.973  47.193 0.0000000000
50331  -37.398  -41.656  46.624 0.0000000000
51522  -37.290  -40.773  46.167 0.0000000000
52732  -37.060  -39.866  46.574 0.0000000000
53839  -37.812  -38.823  50.271 0.0000000000
53922  -36.854  -38.369  46.073 0.0000000000
55200  -36.922  -36.925  45.686 0.0000000000
69454  -48.990  -25.620  43.018 0.0000000000
69453  -48.096  -25.494  42.588 0.0000000000
69469  -48.064  -25.487  41.565 0.0000000000
69487  -48.227  -25.157  40.814 0.0000000000
70717  -47.907  -24.364  40.584 0.0000000000
69510  -48.936  -25.019  40.748 0.0000000000
70719  -49.627  -24.590  40.987 0.0000000000
70695  -49.942  -23.985  41.302 0.0000000000
72976  -49.197  -22.603  41.534 0.0000000000
71871  -50.768  -23.562  40.800 0.0000000000
73018  -50.282  -23.086  40.386 0.0000000000
71891  -50.649  -23.648  39.989 0.0000000000
46512  -22.358  -44.081  61.743 0.0000000000
45294  -22.999  -44.949  62.244 0.0000000000
46546  -23.047  -43.897  59.568 0.0000000000
47698  -23.223  -43.729  58.435 0.0000000000
44099  -24.857  -45.980  61.506 0.0000000000
45334  -25.203  -45.587  59.359 0.0000000000
45333  -24.658  -45.327  59.802 0.0000000000
46592  -23.902  -44.465  56.171 0.0000000000
46636  -24.369  -45.065  53.553 0.0000000000
45456  -24.839  -45.390  52.153 0.0000000000
57708  -37.272  -35.321  45.150 0.0000000000
58782  -37.034  -34.966  44.525 0.0000000000
58784  -37.840  -33.809  45.043 0.0000000000
59877  -37.084  -33.342  43.466 0.0000000000
62175  -39.910  -31.820  46.467 0.0000000000
62189  -39.134  -31.860  45.666 0.0000000000
60958  -37.938  -32.059  43.840 0.0000000000
67126  -42.441  -27.721  43.443 0.0000000000
67153  -45.304  -27.840  41.935 0.0000000000
41897  -29.766  -48.750  61.759 0.0000000000
41935  -31.928  -48.403  60.816 0.0000000000
42947  -31.041  -47.730  60.082 0.0000000000
44156  -31.921  -46.169  58.682 0.0000000000
42950  -34.407  -48.318  59.829 0.0000000000
44136  -34.246  -47.284  58.221 0.0000000000
45357  -32.828  -46.093  58.566 0.0000000000
45356  -32.326  -46.110  58.612 0.0000000000
45378  -32.126  -45.642  58.216 0.0000000000
46580  -32.157  -45.057  57.720 0.0000000000
47728  -32.543  -43.543  56.257 0.0000000000
45404  -38.299  -45.575  56.673 0.0000000000
45403  -37.822  -45.906  56.171 0.0000000000
44195  -36.633  -46.413  55.145 0.0000000000
45490  -37.121  -45.267  51.987 0.0000000000
45464  -36.682  -45.601  52.342 0.0000000000
44240  -36.685  -45.963  52.829 0.0000000000
44222  -36.156  -46.009  52.924 0.0000000000
44208  -36.044  -46.046  53.722 0.0000000000
45432  -35.465  -45.475  54.261 0.0000000000
45431  -35.114  -44.961  54.573 0.0000000000
46629  -34.739  -44.412  54.578 0.0000000000
47774  -34.412  -43.340  53.292 0.0000000000
47773  -34.041  -43.125  53.997 0.0000000000
48982  -33.591  -42.875  54.352 0.0000000000
48995  -32.571  -42.112  53.310 0.0000000000
58600  -43.582  -34.837  55.306 0.0000000000
58601  -44.060  -34.639  55.832 0.0000000000
50019  -19.137  -40.458  64.558 0.0000000000
50038  -19.976  -41.467  64.723 0.0000000000
48825  -20.364  -42.154  64.596 0.0000000000
47613  -21.246  -43.646  64.663 0.0000000000
46481  -22.324  -45.058  63.906 0.0000000000
45254  -22.694  -45.632  64.642 0.0000000000
45268  -23.330  -45.938  63.923 0.0000000000
44073  -23.878  -46.227  63.627 0.0000000000
44060  -24.335  -46.710  63.857 0.0000000000
42884  -24.803  -47.078  63.722 0.0000000000
41871  -29.948  -48.162  62.957 0.0000000000
41885  -30.796  -48.492  62.526 0.0000000000
41886  -31.703  -48.299  62.358 0.0000000000
41887  -32.141  -48.160  62.298 0.0000000000
44077  -31.644  -46.870  62.190 0.0000000000
42911  -32.122  -47.262  62.140 0.0000000000
42901  -32.350  -48.002  62.256 0.0000000000
41902  -33.897  -47.673  61.522 0.0000000000
42914  -34.140  -47.258  61.435 0.0000000000
45299  -33.727  -45.771  61.084 0.0000000000
45300  -34.431  -45.975  61.038 0.0000000000
44102  -34.845  -46.398  61.053 0.0000000000
44103  -35.445  -46.520  60.762 0.0000000000
45319  -36.594  -45.887  60.102 0.0000000000
46552  -36.480  -44.618  59.533 0.0000000000
45336  -36.991  -45.342  59.779 0.0000000000
45337  -37.730  -45.525  59.526 0.0000000000
46555  -39.066  -44.065  59.020 0.0000000000
48914  -38.639  -42.622  59.368 0.0000000000
47688  -38.929  -43.529  59.218 0.0000000000
48943  -40.774  -42.179  57.727 0.0000000000
50207  -41.250  -41.459  57.529 0.0000000000
50229  -41.231  -41.167  57.203 0.0000000000
51401  -41.534  -40.649  57.125 0.0000000000
52518  -42.489  -39.552  57.899 0.0000000000
51402  -42.093  -40.268  57.566 0.0000000000
52559  -42.063  -39.242  56.533 0.0000000000
53743  -42.492  -38.766  56.721 0.0000000000
55021  -43.018  -37.240  56.045 0.0000000000
56292  -42.920  -36.777  55.606 0.0000000000
56318  -43.122  -36.168  55.483 0.0000000000
58615  -43.402  -34.350  54.470 0.0000000000
59717  -43.764  -33.778  54.432 0.0000000000
59732  -43.677  -33.470  53.894 0.0000000000
60810  -44.550  -32.419  54.656 0.0000000000
59733  -44.236  -32.885  54.095 0.0000000000
60821  -43.843  -32.654  53.415 0.0000000000
60836  -44.009  -31.959  53.255 0.0000000000
62080  -43.670  -31.582  52.888 0.0000000000
65758  -44.322  -28.681  56.179 0.0000000000
65769  -44.262  -28.719  55.793 0.0000000000
68088  -43.867  -27.559  55.948 0.0000000000
65780  -44.140  -28.785  55.529 0.0000000000
64612  -44.306  -29.553  55.350 0.0000000000
63303  -43.628  -30.742  53.602 0.0000000000
63319  -42.932  -31.008  52.516 0.0000000000
64649  -42.583  -30.223  53.038 0.0000000000
64648  -41.780  -29.539  52.848 0.0000000000
63317  -41.623  -29.921  52.058 0.0000000000
64658  -41.233  -29.213  51.706 0.0000000000
65823  -40.894  -28.324  50.679 0.0000000000
69322  -42.192  -25.249  52.934 0.0000000000
68126  -41.753  -26.839  52.764 0.0000000000
68134  -41.637  -26.694  51.842 0.0000000000
66952  -41.373  -27.397  51.271 0.0000000000
66972  -41.919  -27.448  49.140 0.0000000000
66973  -42.565  -26.940  49.494 0.0000000000
66981  -42.629  -26.987  48.658 0.0000000000
68190  -43.190  -26.780  48.416 0.0000000000
66997  -44.229  -26.822  47.367 0.0000000000
70519  -45.371  -24.563  52.039 0.0000000000
68145  -44.767  -25.915  50.133 0.0000000000
68146  -45.813  -25.853  50.202 0.0000000000
66999  -46.307  -27.154  47.365 0.0000000000
71770  -48.901  -23.855  47.734 0.0000000000
71753  -49.155  -24.034  48.423 0.0000000000
69366  -50.000  -25.532  49.294 0.0000000000
70549  -49.439  -24.809  49.236 0.0000000000
69365  -49.298  -25.535  49.747 0.0000000000
68175  -48.396  -26.643  49.087 0.0000000000
67024  -47.784  -27.313  46.602 0.0000000000
67109  -48.139  -27.692  43.489 0.0000000000
65907  -48.754  -27.775  43.347 0.0000000000
65896  -49.523  -27.708  44.164 0.0000000000
65908  -49.407  -27.874  43.630 0.0000000000
65884  -51.503  -28.051  45.577 0.0000000000
69455  -49.766  -25.924  43.512 0.0000000000
69456  -50.680  -26.037  43.871 0.0000000000
69443  -52.325  -25.352  44.281 0.0000000000
68261  -51.989  -25.828  43.218 0.0000000000
69444  -52.866  -24.967  44.281 0.0000000000
70638  -53.486  -24.933  44.594 0.0000000000
69445  -53.902  -25.395  44.384 0.0000000000
70675  -54.377  -24.477  42.629 0.0000000000
69460  -54.360  -25.245  43.454 0.0000000000
50098  -18.187  -40.963  61.279 0.0000000000
50097  -17.756  -40.738  61.119 0.0000000000
48974  -17.387  -42.481  54.283 0.0000000000
48904  -21.100  -41.894  58.681 0.0000000000
50175  -20.976  -41.709  57.606 0.0000000000
50197  -20.414  -41.579  57.062 0.0000000000
48951  -21.926  -42.282  55.902 0.0000000000
48962  -21.874  -42.243  55.054 0.0000000000
50244  -21.464  -41.970  55.487 0.0000000000
50220  -20.597  -41.611  56.250 0.0000000000
50242  -20.017  -41.463  55.458 0.0000000000
49004  -18.927  -42.033  52.564 0.0000000000
41914  -29.635  -48.547  60.879 0.0000000000
41913  -28.737  -48.187  60.482 0.0000000000
42944  -28.503  -47.669  59.657 0.0000000000
42945  -29.340  -47.720  59.571 0.0000000000
42984  -27.571  -46.737  58.077 0.0000000000
45375  -28.739  -45.830  57.876 0.0000000000
46595  -27.880  -45.063  56.793 0.0000000000
45374  -28.032  -46.165  57.702 0.0000000000
44175  -27.708  -46.322  57.564 0.0000000000
44174  -27.234  -46.354  57.072 0.0000000000
44173  -26.593  -46.384  56.615 0.0000000000
44206  -25.650  -45.899  54.474 0.0000000000
44221  -25.948  -45.904  54.372 0.0000000000
45428  -25.357  -45.765  54.230 0.0000000000
48992  -29.729  -42.973  53.341 0.0000000000
47785  -29.454  -43.691  52.811 0.0000000000
45483  -26.356  -44.927  51.790 0.0000000000
45528  -24.835  -45.800  49.897 0.0000000000
42887  -28.780  -47.815  63.614 0.0000000000
42926  -32.535  -48.213  60.694 0.0000000000
42928  -34.887  -47.184  61.083 0.0000000000
42930  -36.340  -47.072  60.138 0.0000000000
42965  -27.542  -46.916  58.541 0.0000000000
44091  -34.298  -46.550  61.224 0.0000000000
44116  -36.698  -46.788  59.924 0.0000000000
44117  -37.359  -46.435  59.499 0.0000000000
44205  -25.318  -45.802  54.462 0.0000000000
44220  -25.813  -45.775  54.196 0.0000000000
44239  -36.380  -45.771  52.597 0.0000000000
45253  -22.225  -45.155  64.770 0.0000000000
45510  -36.100  -45.024  50.876 0.0000000000
45539  -23.259  -45.999  48.750 0.0000000000
46534  -34.520  -45.106  60.237 0.0000000000
46618  -34.316  -44.247  55.287 0.0000000000
46675  -27.665  -44.901  51.910 0.0000000000
47699  -36.446  -43.256  59.018 0.0000000000
47750  -39.303  -42.877  56.146 0.0000000000
47844  -36.853  -43.702  49.352 0.0000000000
48824  -19.963  -41.644  64.325 0.0000000000
48861  -21.300  -42.936  62.378 0.0000000000
48931  -41.219  -41.893  58.227 0.0000000000
48944  -41.201  -41.935  57.976 0.0000000000
48966  -33.625  -43.109  54.778 0.0000000000
50121  -17.654  -40.795  60.632 0.0000000000
50161  -41.438  -41.245  58.628 0.0000000000
50206  -40.824  -41.740  57.414 0.0000000000
50249  -40.373  -41.172  56.492 0.0000000000
50259  -17.712  -41.973  54.713 0.0000000000
51278  -18.071  -40.584  61.929 0.0000000000
53763  -42.761  -37.762  56.017 0.0000000000
59770  -42.189  -32.926  50.409 0.0000000000
60888  -40.603  -32.511  48.179 0.0000000000
62041  -45.022  -31.863  55.667 0.0000000000
62065  -43.872  -31.217  53.338 0.0000000000
62081  -43.952  -31.638  53.245 0.0000000000
63262  -45.037  -31.400  55.818 0.0000000000
63304  -43.969  -30.861  53.896 0.0000000000
63354  -42.154  -31.257  49.499 0.0000000000
63413  -39.980  -30.610  44.271 0.0000000000
64637  -42.006  -29.241  53.365 0.0000000000
64650  -43.111  -30.537  53.166 0.0000000000
64665  -40.689  -29.137  50.097 0.0000000000
65906  -41.819  -27.963  44.342 0.0000000000
66907  -43.988  -28.137  55.767 0.0000000000
67075  -41.573  -28.109  44.994 0.0000000000
67102  -41.870  -27.954  44.092 0.0000000000
68247  -52.155  -25.618  43.740 0.0000000000
68260  -51.187  -26.082  43.151 0.0000000000
68274  -50.830  -26.156  42.422 0.0000000000
68287  -49.963  -26.270  41.985 0.0000000000
69334  -43.990  -25.053  51.186 0.0000000000
69431  -50.897  -25.381  45.397 0.0000000000
69446  -54.194  -24.958  43.905 0.0000000000
69458  -52.969  -24.925  43.795 0.0000000000
69471  -49.643  -26.095  42.489 0.0000000000
69488  -48.861  -25.559  41.202 0.0000000000
69490  -50.730  -25.414  41.352 0.0000000000
69493  -53.476  -24.545  42.353 0.0000000000
69509  -48.453  -24.752  40.666 0.0000000000
69512  -50.021  -25.457  41.227 0.0000000000
70564  -49.654  -24.534  48.628 0.0000000000
70673  -53.464  -24.686  43.544 0.0000000000
70694  -47.541  -25.001  41.093 0.0000000000
71671  -45.277  -22.595  53.362 0.0000000000
71672  -45.754  -22.572  53.250 0.0000000000
71687  -46.023  -23.104  53.100 0.0000000000
71689  -47.203  -23.366  52.199 0.0000000000
71778  -48.235  -23.574  46.836 0.0000000000
71828  -54.402  -24.090  41.962 0.0000000000
71850  -54.284  -23.899  41.798 0.0000000000
71869  -48.761  -23.421  40.995 0.0000000000
71893  -54.326  -23.841  40.598 0.0000000000
72792  -46.046  -22.059  53.115 0.0000000000
