#!ascii label  , from subject sub.01.dh.02t2 vox2ras=TkReg
1191
102875  -51.066  7.484  22.390 0.0000000000
116802  -42.583  26.359  18.635 0.0000000000
106701  -40.806  12.312  23.229 0.0000000000
108826  -48.621  15.360  19.859 0.0000000000
114018  -46.371  22.724  13.676 0.0000000000
113309  -46.235  21.945  20.040 0.0000000000
111022  -47.538  18.187  15.844 0.0000000000
108132  -42.598  14.648  18.566 0.0000000000
99264  -45.505  3.547  32.521 0.0000000000
101958  -48.682  6.479  29.760 0.0000000000
114681  -36.031  23.811  14.090 0.0000000000
116117  -40.842  25.026  11.503 0.0000000000
114733  -45.663  23.714  8.026 0.0000000000
103762  -46.871  8.525  23.039 0.0000000000
112566  -41.309  20.732  20.292 0.0000000000
108079  -46.821  14.435  23.487 0.0000000000
103845  -50.003  8.759  16.643 0.0000000000
106079  -45.636  10.636  11.786 0.0000000000
104595  -42.110  9.946  14.710 0.0000000000
102905  -48.681  7.404  20.243 0.0000000000
112649  -47.752  20.162  11.292 0.0000000000
111840  -47.955  20.030  14.329 0.0000000000
111079  -47.496  18.040  12.332 0.0000000000
111038  -44.779  18.357  15.393 0.0000000000
100203  -48.304  5.081  32.976 0.0000000000
101093  -46.595  5.510  32.319 0.0000000000
115340  -34.272  24.911  15.621 0.0000000000
116130  -43.172  24.797  10.121 0.0000000000
102844  -44.388  6.986  25.069 0.0000000000
105212  -43.240  10.329  23.692 0.0000000000
116790  -38.944  26.478  19.985 0.0000000000
115275  -42.040  25.414  21.185 0.0000000000
110986  -48.631  18.273  20.673 0.0000000000
110954  -47.462  19.155  22.383 0.0000000000
108816  -49.135  15.721  21.648 0.0000000000
106002  -48.055  11.675  19.633 0.0000000000
106760  -49.631  12.762  17.942 0.0000000000
104616  -48.854  9.186  13.490 0.0000000000
106028  -47.514  11.881  16.980 0.0000000000
107497  -41.905  13.573  15.643 0.0000000000
116071  -44.897  25.818  15.624 0.0000000000
115320  -44.404  24.668  19.167 0.0000000000
113328  -45.324  21.608  16.673 0.0000000000
112591  -48.036  19.911  18.156 0.0000000000
110244  -47.466  17.287  19.316 0.0000000000
108117  -45.674  14.548  19.097 0.0000000000
109548  -45.593  16.993  17.829 0.0000000000
111002  -43.210  18.166  17.164 0.0000000000
100225  -48.695  4.564  29.731 0.0000000000
101138  -50.167  5.767  28.948 0.0000000000
102834  -51.152  7.810  26.129 0.0000000000
115323  -33.723  24.952  18.476 0.0000000000
114639  -36.477  23.080  17.829 0.0000000000
114663  -39.912  23.464  15.940 0.0000000000
116078  -41.577  25.117  14.407 0.0000000000
115379  -43.687  24.558  12.986 0.0000000000
113392  -44.567  22.087  10.566 0.0000000000
112684  -46.129  20.191  8.005 0.0000000000
113432  -46.126  21.620  6.111 0.0000000000
101994  -45.211  5.868  28.084 0.0000000000
102847  -48.306  7.533  25.453 0.0000000000
103765  -50.336  8.607  23.409 0.0000000000
109502  -40.914  16.587  21.917 0.0000000000
113284  -44.977  21.947  21.252 0.0000000000
110226  -44.414  17.687  21.130 0.0000000000
107404  -44.083  13.468  22.933 0.0000000000
105971  -45.849  11.820  22.611 0.0000000000
104561  -49.183  9.195  20.109 0.0000000000
102944  -51.379  6.931  18.929 0.0000000000
102973  -49.000  7.193  15.804 0.0000000000
103870  -46.488  8.615  13.546 0.0000000000
103897  -43.314  8.929  11.972 0.0000000000
106036  -44.474  11.711  16.445 0.0000000000
105309  -43.527  10.949  12.632 0.0000000000
104621  -41.001  8.881  12.437 0.0000000000
102029  -51.200  7.220  23.930 0.0000000000
102873  -49.645  7.154  22.139 0.0000000000
102886  -50.129  7.195  21.259 0.0000000000
111117  -48.061  18.542  9.972 0.0000000000
111866  -48.468  19.088  12.210 0.0000000000
110337  -47.758  17.817  11.131 0.0000000000
111078  -46.615  18.160  12.315 0.0000000000
105963  -42.561  11.397  23.641 0.0000000000
116029  -40.730  26.138  19.317 0.0000000000
109515  -48.897  16.134  20.325 0.0000000000
109510  -49.131  16.490  21.383 0.0000000000
108827  -49.210  15.061  20.004 0.0000000000
107429  -49.514  14.109  19.728 0.0000000000
108138  -49.432  14.049  18.635 0.0000000000
106785  -48.727  12.371  16.506 0.0000000000
107458  -48.276  13.494  18.231 0.0000000000
114676  -45.742  23.970  14.597 0.0000000000
114653  -44.861  23.554  16.280 0.0000000000
114000  -46.171  22.625  14.841 0.0000000000
111824  -48.129  19.166  15.458 0.0000000000
111806  -47.708  19.828  15.902 0.0000000000
111807  -48.048  19.263  16.591 0.0000000000
110997  -47.878  18.641  18.298 0.0000000000
110996  -47.308  18.279  17.802 0.0000000000
110251  -46.175  17.222  18.043 0.0000000000
110284  -46.244  17.679  16.485 0.0000000000
111019  -44.100  18.187  16.566 0.0000000000
101941  -49.058  6.152  31.246 0.0000000000
100216  -49.383  5.344  30.971 0.0000000000
101959  -49.686  6.607  29.582 0.0000000000
101998  -51.002  6.723  27.409 0.0000000000
102806  -49.970  7.290  28.268 0.0000000000
114669  -34.672  24.143  14.657 0.0000000000
114648  -35.624  23.160  16.448 0.0000000000
114659  -36.538  22.845  15.654 0.0000000000
114641  -38.456  23.034  17.422 0.0000000000
114673  -38.106  23.511  14.874 0.0000000000
116103  -39.609  25.038  12.509 0.0000000000
116089  -40.565  25.060  13.478 0.0000000000
116090  -41.616  25.429  13.431 0.0000000000
116091  -42.623  25.548  13.411 0.0000000000
116106  -42.555  25.233  12.400 0.0000000000
115395  -44.716  24.822  8.880 0.0000000000
114707  -43.985  23.664  10.563 0.0000000000
114066  -44.728  22.854  9.398 0.0000000000
112661  -45.683  20.695  9.919 0.0000000000
113412  -45.526  21.870  8.316 0.0000000000
112691  -46.126  21.441  7.241 0.0000000000
114090  -45.939  22.690  7.180 0.0000000000
101131  -41.008  6.192  28.750 0.0000000000
101088  -41.445  5.690  31.395 0.0000000000
101116  -42.925  5.528  29.743 0.0000000000
101117  -43.966  5.440  29.899 0.0000000000
101993  -43.892  5.977  27.559 0.0000000000
102864  -45.242  7.983  23.746 0.0000000000
102845  -45.599  6.970  25.253 0.0000000000
102858  -47.367  7.541  24.537 0.0000000000
102860  -49.290  8.309  24.371 0.0000000000
103763  -48.150  8.449  23.058 0.0000000000
111777  -39.538  19.969  20.499 0.0000000000
110965  -39.947  18.160  21.121 0.0000000000
110966  -40.972  17.957  21.018 0.0000000000
113968  -45.396  22.762  19.880 0.0000000000
114596  -44.781  23.637  21.395 0.0000000000
113943  -46.203  22.397  21.253 0.0000000000
109492  -46.911  16.688  22.684 0.0000000000
110971  -45.955  18.771  21.493 0.0000000000
108814  -45.564  16.053  22.136 0.0000000000
108812  -43.571  15.672  21.699 0.0000000000
108093  -45.432  14.371  23.233 0.0000000000
106705  -44.923  12.479  23.424 0.0000000000
106707  -46.569  13.185  23.122 0.0000000000
105262  -48.542  10.808  18.321 0.0000000000
104568  -48.158  9.893  19.552 0.0000000000
104569  -49.304  9.272  18.984 0.0000000000
103811  -50.259  8.613  19.339 0.0000000000
103832  -50.675  8.050  17.293 0.0000000000
102099  -50.633  6.761  17.074 0.0000000000
102988  -50.513  7.207  15.821 0.0000000000
105321  -47.579  9.533  11.881 0.0000000000
103885  -47.521  8.358  12.390 0.0000000000
103913  -46.472  9.222  11.460 0.0000000000
104612  -44.845  9.329  12.098 0.0000000000
104646  -44.721  9.962  10.582 0.0000000000
108116  -44.821  14.292  19.069 0.0000000000
106014  -45.086  11.915  18.048 0.0000000000
106754  -43.224  13.023  18.234 0.0000000000
106047  -42.460  11.751  14.712 0.0000000000
106800  -43.064  12.595  14.334 0.0000000000
105298  -42.726  10.757  13.892 0.0000000000
104623  -42.471  9.885  12.114 0.0000000000
104610  -41.561  9.443  13.085 0.0000000000
103879  -40.196  8.412  13.718 0.0000000000
100249  -50.777  4.482  25.971 0.0000000000
102923  -46.988  7.839  19.213 0.0000000000
113368  -46.947  21.523  12.515 0.0000000000
113356  -47.371  21.433  13.612 0.0000000000
112627  -47.877  20.718  13.174 0.0000000000
111854  -48.361  19.254  13.222 0.0000000000
111054  -47.917  18.003  14.325 0.0000000000
110305  -46.183  17.786  15.349 0.0000000000
111065  -46.888  17.951  13.626 0.0000000000
100185  -47.358  4.347  33.340 0.0000000000
101043  -47.300  4.833  35.194 0.0000000000
101107  -47.175  5.676  31.381 0.0000000000
116087  -34.013  25.026  13.192 0.0000000000
116128  -41.821  24.982  10.423 0.0000000000
116869  -44.591  26.258  8.179 0.0000000000
116150  -45.696  25.557  7.521 0.0000000000
102007  -43.321  6.393  26.720 0.0000000000
103759  -43.602  8.501  23.839 0.0000000000
103761  -45.429  8.908  23.121 0.0000000000
113957  -41.919  22.675  20.516 0.0000000000
112571  -47.613  20.630  20.906 0.0000000000
112544  -47.427  20.407  22.148 0.0000000000
110956  -48.283  18.596  22.382 0.0000000000
109494  -48.528  16.662  22.573 0.0000000000
108081  -48.273  15.135  23.101 0.0000000000
106712  -47.381  13.196  22.143 0.0000000000
107417  -48.713  14.122  21.242 0.0000000000
106759  -49.423  12.469  18.364 0.0000000000
105272  -49.418  10.692  16.886 0.0000000000
104596  -49.540  9.612  15.239 0.0000000000
105293  -49.079  10.558  15.041 0.0000000000
105292  -48.435  10.668  14.915 0.0000000000
105300  -46.800  10.418  14.295 0.0000000000
107474  -42.247  13.661  17.216 0.0000000000
108075  -39.540  14.230  23.106 0.0000000000
116812  -43.628  25.961  17.227 0.0000000000
116794  -43.806  26.855  19.335 0.0000000000
116056  -44.551  25.515  17.762 0.0000000000
114644  -44.342  23.669  17.721 0.0000000000
113316  -46.068  21.349  18.632 0.0000000000
112604  -46.734  21.009  15.218 0.0000000000
112589  -46.659  20.610  16.875 0.0000000000
112583  -47.504  20.385  18.698 0.0000000000
111788  -48.413  19.161  19.973 0.0000000000
110992  -48.180  18.147  19.511 0.0000000000
109520  -48.106  16.420  19.856 0.0000000000
107443  -47.491  13.814  18.886 0.0000000000
109519  -47.064  16.263  19.406 0.0000000000
108842  -45.883  15.696  18.947 0.0000000000
109531  -44.777  16.082  18.414 0.0000000000
111021  -45.563  17.717  16.067 0.0000000000
110281  -44.111  17.712  17.259 0.0000000000
100209  -48.248  4.515  31.669 0.0000000000
100235  -49.504  4.909  28.810 0.0000000000
100236  -50.176  5.189  28.256 0.0000000000
101148  -51.301  5.933  26.525 0.0000000000
102014  -51.410  6.871  26.090 0.0000000000
102861  -51.412  7.663  24.321 0.0000000000
115300  -34.325  24.837  19.732 0.0000000000
114626  -34.997  23.992  18.139 0.0000000000
115302  -35.827  25.026  19.484 0.0000000000
115304  -37.621  25.202  19.392 0.0000000000
114631  -39.707  24.055  18.245 0.0000000000
115326  -41.354  24.608  17.897 0.0000000000
115376  -37.251  24.661  13.009 0.0000000000
115353  -40.114  23.994  14.866 0.0000000000
115342  -41.404  24.381  15.779 0.0000000000
116060  -42.733  25.081  16.466 0.0000000000
116070  -43.339  25.629  15.195 0.0000000000
116081  -44.544  25.460  14.591 0.0000000000
114683  -44.926  23.425  13.579 0.0000000000
116120  -43.013  24.726  11.096 0.0000000000
114691  -44.272  23.284  12.737 0.0000000000
113366  -45.474  21.818  12.582 0.0000000000
112647  -46.098  20.760  11.015 0.0000000000
111890  -47.202  19.535  10.064 0.0000000000
111147  -46.745  18.367  7.656 0.0000000000
111937  -46.155  20.040  6.203 0.0000000000
115414  -46.133  24.686  6.473 0.0000000000
101119  -46.013  5.585  30.242 0.0000000000
101976  -47.625  6.274  28.980 0.0000000000
102008  -44.485  6.275  26.837 0.0000000000
102010  -46.946  6.534  26.939 0.0000000000
101997  -48.641  6.874  27.766 0.0000000000
102832  -49.160  7.652  26.494 0.0000000000
103743  -50.389  8.484  25.080 0.0000000000
103775  -51.438  8.228  22.985 0.0000000000
108088  -40.643  14.408  22.669 0.0000000000
116016  -43.718  25.676  20.919 0.0000000000
114613  -43.600  23.285  21.178 0.0000000000
113301  -43.183  21.631  20.478 0.0000000000
111766  -46.067  20.001  21.481 0.0000000000
111782  -44.620  19.482  20.747 0.0000000000
110982  -42.907  18.405  20.702 0.0000000000
110224  -42.296  17.225  21.305 0.0000000000
108798  -42.066  15.020  22.024 0.0000000000
107390  -42.472  12.935  22.937 0.0000000000
106704  -44.012  12.292  23.484 0.0000000000
105214  -45.013  10.876  23.051 0.0000000000
104534  -46.460  10.013  22.047 0.0000000000
105985  -47.092  11.872  21.063 0.0000000000
104550  -47.173  10.125  21.270 0.0000000000
104535  -47.857  9.373  21.837 0.0000000000
103788  -49.850  8.770  21.405 0.0000000000
103804  -51.583  8.176  21.098 0.0000000000
102908  -51.354  7.177  20.384 0.0000000000
102926  -50.654  6.813  19.470 0.0000000000
102942  -49.295  7.236  18.122 0.0000000000
102957  -48.067  7.805  16.371 0.0000000000
102998  -48.789  7.892  13.923 0.0000000000
103858  -47.310  8.230  14.390 0.0000000000
103843  -45.984  8.227  15.995 0.0000000000
103856  -45.090  8.566  15.077 0.0000000000
103881  -43.259  8.548  13.108 0.0000000000
106757  -46.704  12.382  18.070 0.0000000000
105279  -45.729  10.840  16.410 0.0000000000
106060  -45.364  11.302  13.830 0.0000000000
106783  -43.297  12.859  16.212 0.0000000000
106802  -44.273  12.242  13.876 0.0000000000
106077  -44.458  11.083  12.059 0.0000000000
105326  -43.633  10.206  11.328 0.0000000000
103911  -42.427  8.918  11.533 0.0000000000
102034  -50.751  7.195  23.288 0.0000000000
102041  -50.134  7.044  22.761 0.0000000000
102042  -50.621  7.276  22.624 0.0000000000
102874  -50.448  7.252  22.063 0.0000000000
110364  -48.101  17.982  9.969 0.0000000000
110350  -47.957  17.847  10.555 0.0000000000
110349  -47.354  17.606  10.515 0.0000000000
105962  -41.467  11.438  23.547 0.0000000000
116801  -41.711  26.282  19.012 0.0000000000
116792  -41.327  26.660  19.569 0.0000000000
116793  -42.246  27.112  19.690 0.0000000000
108818  -49.091  15.581  20.224 0.0000000000
108121  -49.422  14.356  19.495 0.0000000000
108120  -49.031  14.598  19.288 0.0000000000
107459  -49.130  13.667  17.969 0.0000000000
108136  -48.391  14.086  18.652 0.0000000000
114677  -46.105  23.441  14.324 0.0000000000
114665  -45.681  23.644  15.158 0.0000000000
114666  -46.145  23.106  14.610 0.0000000000
111041  -47.978  18.466  15.480 0.0000000000
111023  -47.868  18.659  16.230 0.0000000000
111005  -47.784  18.751  17.229 0.0000000000
111004  -47.338  18.294  16.758 0.0000000000
110267  -46.632  17.840  17.286 0.0000000000
110285  -46.925  17.906  16.228 0.0000000000
99265  -46.634  3.898  32.204 0.0000000000
101949  -48.563  6.214  30.854 0.0000000000
101950  -49.273  6.287  30.494 0.0000000000
102798  -49.207  6.905  29.151 0.0000000000
102799  -49.693  7.105  28.964 0.0000000000
102805  -49.254  7.107  28.442 0.0000000000
114680  -35.549  24.071  13.989 0.0000000000
114658  -35.443  23.430  15.389 0.0000000000
114671  -36.145  23.424  14.692 0.0000000000
114660  -37.634  22.999  15.380 0.0000000000
114672  -37.115  23.403  14.563 0.0000000000
116126  -40.061  25.136  10.459 0.0000000000
116116  -39.856  25.121  11.522 0.0000000000
116104  -40.709  25.167  12.490 0.0000000000
116105  -41.687  25.345  12.447 0.0000000000
116118  -41.734  25.065  11.452 0.0000000000
115392  -44.808  24.287  9.093 0.0000000000
114718  -44.490  23.642  9.582 0.0000000000
114719  -45.127  23.690  8.915 0.0000000000
114077  -45.259  22.784  8.647 0.0000000000
114089  -45.657  22.718  7.851 0.0000000000
101972  -40.941  6.396  28.244 0.0000000000
101132  -41.631  6.031  28.590 0.0000000000
101115  -41.898  5.750  29.578 0.0000000000
101141  -42.357  5.941  28.049 0.0000000000
101142  -43.261  5.779  28.167 0.0000000000
102865  -46.444  7.954  23.688 0.0000000000
102866  -47.707  7.961  23.695 0.0000000000
113299  -41.096  21.747  20.306 0.0000000000
111778  -40.510  19.862  20.499 0.0000000000
110980  -40.725  18.899  20.713 0.0000000000
111779  -41.522  19.706  20.335 0.0000000000
113969  -45.934  22.477  20.251 0.0000000000
113961  -45.654  23.122  20.760 0.0000000000
113303  -46.529  22.047  21.163 0.0000000000
108803  -47.283  16.090  23.135 0.0000000000
109491  -46.159  16.077  22.597 0.0000000000
108802  -46.598  15.709  23.086 0.0000000000
108801  -45.592  15.075  22.862 0.0000000000
108785  -45.945  14.798  23.331 0.0000000000
107394  -46.314  13.619  23.486 0.0000000000
104583  -49.335  9.673  17.186 0.0000000000
104574  -48.518  9.915  18.564 0.0000000000
104575  -49.326  9.362  18.045 0.0000000000
103820  -50.145  8.621  18.275 0.0000000000
103831  -49.885  8.821  17.474 0.0000000000
102975  -50.749  7.295  16.650 0.0000000000
103846  -50.573  7.996  16.182 0.0000000000
105320  -46.950  9.892  12.115 0.0000000000
104640  -47.024  9.404  11.216 0.0000000000
104648  -45.767  9.947  10.760 0.0000000000
104626  -45.660  9.475  11.417 0.0000000000
105328  -45.224  10.404  10.919 0.0000000000
108133  -43.688  14.441  18.968 0.0000000000
107455  -44.320  13.299  18.953 0.0000000000
107454  -43.731  13.434  18.782 0.0000000000
105288  -42.413  10.740  14.727 0.0000000000
104602  -42.249  9.927  13.901 0.0000000000
104601  -41.530  9.457  14.072 0.0000000000
104594  -41.565  9.617  15.191 0.0000000000
101151  -51.082  5.328  25.681 0.0000000000
102904  -47.473  7.460  20.172 0.0000000000
102924  -48.322  7.493  19.137 0.0000000000
113382  -47.353  20.972  11.943 0.0000000000
113369  -47.435  21.344  12.801 0.0000000000
112637  -47.910  20.552  12.258 0.0000000000
111080  -48.145  18.487  12.767 0.0000000000
111067  -48.292  18.532  13.802 0.0000000000
111066  -47.764  18.039  13.489 0.0000000000
110315  -47.046  17.855  14.360 0.0000000000
111077  -45.607  18.563  12.297 0.0000000000
101026  -46.446  4.994  36.335 0.0000000000
101094  -47.577  5.652  32.373 0.0000000000
116086  -33.452  25.322  13.663 0.0000000000
116868  -43.759  26.339  8.192 0.0000000000
116878  -45.057  26.719  7.800 0.0000000000
117549  -44.167  27.282  7.287 0.0000000000
105205  -43.069  9.646  23.779 0.0000000000
104524  -42.986  9.117  23.928 0.0000000000
104526  -43.551  9.343  23.655 0.0000000000
103760  -44.367  8.703  23.510 0.0000000000
104527  -44.251  9.667  23.340 0.0000000000
116789  -38.006  26.494  20.095 0.0000000000
114611  -41.707  23.735  20.722 0.0000000000
111784  -48.422  19.280  21.101 0.0000000000
112572  -48.056  20.067  21.491 0.0000000000
110973  -48.575  18.463  21.671 0.0000000000
109495  -48.923  16.347  21.992 0.0000000000
109509  -48.865  16.898  21.920 0.0000000000
108805  -48.821  15.963  22.297 0.0000000000
109479  -48.192  16.135  23.127 0.0000000000
108815  -48.858  15.398  22.233 0.0000000000
107408  -48.565  14.412  21.920 0.0000000000
108098  -49.029  14.839  21.540 0.0000000000
107445  -49.498  13.223  19.254 0.0000000000
106017  -49.450  12.087  17.772 0.0000000000
106029  -49.333  11.435  17.463 0.0000000000
106030  -49.530  11.789  16.999 0.0000000000
105282  -49.467  10.719  16.040 0.0000000000
106041  -49.281  11.741  16.079 0.0000000000
106039  -48.034  11.678  16.223 0.0000000000
106050  -48.455  11.319  15.542 0.0000000000
105291  -47.678  10.763  15.226 0.0000000000
105281  -47.254  10.917  15.972 0.0000000000
116820  -44.383  25.990  16.354 0.0000000000
116813  -44.308  26.099  17.476 0.0000000000
116062  -44.828  25.572  16.604 0.0000000000
113989  -44.838  22.386  16.503 0.0000000000
113982  -44.480  22.666  17.406 0.0000000000
113320  -44.816  22.146  18.170 0.0000000000
113321  -45.335  21.620  17.864 0.0000000000
112616  -47.673  20.573  14.137 0.0000000000
113345  -46.943  21.553  14.446 0.0000000000
112605  -47.173  20.603  15.158 0.0000000000
112597  -47.868  19.873  17.025 0.0000000000
112596  -47.248  20.286  16.363 0.0000000000
112590  -47.409  20.317  17.525 0.0000000000
112582  -46.771  20.746  18.070 0.0000000000
112584  -48.105  19.915  19.315 0.0000000000
110991  -47.536  18.053  18.708 0.0000000000
110245  -48.153  17.270  19.814 0.0000000000
109532  -45.688  16.377  18.487 0.0000000000
111052  -46.004  18.078  14.622 0.0000000000
110294  -45.956  17.666  15.943 0.0000000000
111039  -45.615  17.874  15.589 0.0000000000
100202  -48.178  4.639  32.698 0.0000000000
100201  -47.634  4.271  32.291 0.0000000000
100210  -48.848  5.098  31.934 0.0000000000
101121  -49.703  5.844  30.058 0.0000000000
100226  -49.414  5.115  30.038 0.0000000000
101137  -49.752  5.413  29.500 0.0000000000
101144  -50.782  5.577  27.560 0.0000000000
102820  -50.743  7.532  26.991 0.0000000000
102013  -51.255  7.159  26.756 0.0000000000
102835  -51.421  7.467  25.571 0.0000000000
102851  -51.432  7.716  25.053 0.0000000000
103745  -51.383  8.066  25.177 0.0000000000
116039  -33.162  25.195  18.764 0.0000000000
116021  -32.667  25.032  19.198 0.0000000000
116022  -33.162  25.006  19.253 0.0000000000
115299  -33.256  24.772  19.743 0.0000000000
115311  -33.645  24.916  19.166 0.0000000000
116067  -34.275  25.895  15.720 0.0000000000
115331  -34.431  24.696  16.724 0.0000000000
114638  -35.657  23.284  17.461 0.0000000000
114637  -34.890  23.880  17.116 0.0000000000
114627  -35.903  23.685  18.419 0.0000000000
115313  -35.402  24.470  18.911 0.0000000000
115314  -36.335  24.380  19.026 0.0000000000
115303  -36.750  25.086  19.545 0.0000000000
114628  -36.885  23.643  18.504 0.0000000000
114651  -39.364  23.157  16.657 0.0000000000
114630  -38.890  23.841  18.310 0.0000000000
114643  -40.189  23.885  17.745 0.0000000000
115325  -40.599  24.343  18.060 0.0000000000
115332  -40.765  24.056  17.299 0.0000000000
115365  -37.971  24.367  13.736 0.0000000000
115366  -39.123  24.497  13.723 0.0000000000
116077  -40.682  24.765  14.310 0.0000000000
116068  -41.818  24.800  15.209 0.0000000000
115343  -42.206  24.745  15.859 0.0000000000
116069  -42.559  25.195  15.339 0.0000000000
116061  -43.319  25.472  16.175 0.0000000000
116092  -43.676  25.231  13.463 0.0000000000
116080  -43.560  25.645  14.415 0.0000000000
116093  -44.260  25.208  13.967 0.0000000000
115355  -44.811  25.015  14.341 0.0000000000
115369  -44.484  24.695  13.839 0.0000000000
116129  -42.550  24.941  10.300 0.0000000000
114054  -44.218  22.726  11.179 0.0000000000
114697  -43.968  23.363  11.736 0.0000000000
114042  -44.343  22.719  12.149 0.0000000000
114029  -44.950  22.537  13.021 0.0000000000
113379  -44.722  21.885  11.834 0.0000000000
113380  -45.689  21.307  11.849 0.0000000000
112674  -46.238  20.018  9.136 0.0000000000
112662  -46.596  20.087  10.227 0.0000000000
111905  -47.501  18.898  9.433 0.0000000000
111920  -46.814  19.080  8.476 0.0000000000
113421  -46.168  21.856  6.863 0.0000000000
112692  -46.239  20.820  6.880 0.0000000000
112699  -46.037  20.847  6.009 0.0000000000
111946  -45.897  20.565  5.844 0.0000000000
116151  -45.901  25.301  6.984 0.0000000000
101090  -43.487  5.380  31.730 0.0000000000
101135  -44.726  5.617  29.099 0.0000000000
101118  -44.973  5.518  30.096 0.0000000000
101136  -45.532  5.645  29.506 0.0000000000
101956  -46.723  5.677  30.072 0.0000000000
101975  -46.378  5.805  29.235 0.0000000000
102019  -43.711  6.746  25.830 0.0000000000
102020  -45.028  6.502  25.953 0.0000000000
102846  -46.992  7.093  25.607 0.0000000000
102021  -46.189  6.725  26.170 0.0000000000
102830  -47.383  6.819  26.409 0.0000000000
102011  -47.976  6.713  27.010 0.0000000000
102831  -48.124  7.090  26.301 0.0000000000
102012  -48.657  7.154  27.034 0.0000000000
103754  -49.781  8.505  23.979 0.0000000000
103742  -49.880  8.485  24.620 0.0000000000
103755  -50.437  8.594  24.226 0.0000000000
103766  -51.043  8.563  23.649 0.0000000000
103774  -51.004  8.579  22.734 0.0000000000
110222  -40.227  17.157  21.628 0.0000000000
108796  -40.243  15.363  22.603 0.0000000000
116031  -44.344  25.514  19.433 0.0000000000
116783  -43.918  26.114  20.390 0.0000000000
116017  -44.179  25.570  20.251 0.0000000000
113941  -44.928  22.643  21.405 0.0000000000
114595  -44.176  23.702  21.367 0.0000000000
113959  -43.766  22.451  21.003 0.0000000000
113958  -42.911  22.553  20.693 0.0000000000
113302  -44.299  21.721  20.894 0.0000000000
111754  -47.410  20.034  22.215 0.0000000000
112555  -46.858  20.715  21.928 0.0000000000
111767  -46.820  19.576  21.966 0.0000000000
110970  -45.118  18.319  21.106 0.0000000000
110985  -45.313  18.802  21.126 0.0000000000
110969  -44.583  18.317  20.975 0.0000000000
111781  -43.687  19.485  20.476 0.0000000000
110236  -43.475  18.091  20.884 0.0000000000
110968  -42.588  17.739  20.992 0.0000000000
110225  -43.271  17.513  21.070 0.0000000000
108800  -44.290  14.849  22.220 0.0000000000
108799  -43.102  14.928  22.083 0.0000000000
108091  -43.680  14.133  22.480 0.0000000000
108090  -42.582  14.274  22.347 0.0000000000
107403  -43.070  13.540  22.715 0.0000000000
106703  -43.023  12.226  23.441 0.0000000000
107391  -43.534  12.890  23.149 0.0000000000
105966  -45.279  11.770  23.073 0.0000000000
105965  -44.519  11.609  23.428 0.0000000000
104533  -45.534  10.116  22.590 0.0000000000
105220  -45.604  10.980  22.509 0.0000000000
106723  -47.529  12.756  21.356 0.0000000000
105993  -47.605  11.848  20.402 0.0000000000
104560  -47.954  9.791  20.491 0.0000000000
104559  -47.343  10.478  20.697 0.0000000000
104551  -48.652  9.252  21.176 0.0000000000
103787  -48.976  8.896  21.636 0.0000000000
104552  -49.514  8.938  20.775 0.0000000000
103812  -51.178  8.273  19.730 0.0000000000
103813  -51.691  7.964  20.176 0.0000000000
102909  -51.589  7.590  20.480 0.0000000000
102076  -51.680  7.060  19.580 0.0000000000
102927  -51.330  6.799  19.711 0.0000000000
102974  -49.804  6.669  16.311 0.0000000000
102959  -50.158  6.761  17.275 0.0000000000
102958  -49.071  7.230  16.938 0.0000000000
102941  -47.788  7.894  17.834 0.0000000000
104604  -49.004  9.473  14.069 0.0000000000
103872  -49.709  8.490  14.578 0.0000000000
103887  -48.971  8.785  13.506 0.0000000000
103884  -46.729  8.609  12.516 0.0000000000
103871  -47.412  8.250  13.297 0.0000000000
103844  -47.148  8.209  15.600 0.0000000000
103857  -46.257  8.531  14.750 0.0000000000
103869  -45.365  8.936  13.835 0.0000000000
103898  -44.160  9.284  11.901 0.0000000000
103882  -44.363  9.109  12.793 0.0000000000
108118  -46.918  14.488  19.309 0.0000000000
107442  -46.199  13.443  18.934 0.0000000000
106025  -44.570  11.882  17.556 0.0000000000
106026  -45.401  11.338  17.148 0.0000000000
106037  -45.090  11.169  15.965 0.0000000000
106049  -45.185  11.236  14.903 0.0000000000
106048  -44.561  11.799  15.330 0.0000000000
107489  -42.576  13.386  16.098 0.0000000000
106058  -43.382  12.083  13.715 0.0000000000
106801  -43.629  12.551  14.190 0.0000000000
106068  -43.859  11.681  13.007 0.0000000000
106810  -44.298  12.058  13.534 0.0000000000
105318  -43.860  10.767  11.962 0.0000000000
105317  -43.203  10.365  11.977 0.0000000000
104622  -41.661  9.437  12.240 0.0000000000
104635  -41.918  9.249  11.648 0.0000000000
104634  -41.232  8.922  11.875 0.0000000000
103910  -41.383  8.459  11.819 0.0000000000
102028  -50.623  6.509  24.336 0.0000000000
102033  -49.911  6.629  23.563 0.0000000000
102040  -49.244  6.911  22.910 0.0000000000
111878  -48.142  19.480  11.055 0.0000000000
112650  -48.277  19.748  11.774 0.0000000000
111879  -48.419  18.987  11.277 0.0000000000
111094  -48.127  18.270  11.561 0.0000000000
111093  -47.715  17.962  11.593 0.0000000000
110326  -47.057  17.966  11.921 0.0000000000
110335  -46.769  18.036  11.602 0.0000000000
105211  -42.063  10.537  23.749 0.0000000000
116028  -39.677  25.977  19.493 0.0000000000
116791  -40.029  26.603  19.895 0.0000000000
116003  -41.963  26.130  21.219 0.0000000000
110238  -48.720  17.148  20.399 0.0000000000
110230  -48.907  17.345  21.305 0.0000000000
110239  -49.075  16.983  20.909 0.0000000000
108819  -49.278  15.703  20.737 0.0000000000
108099  -49.294  15.249  21.107 0.0000000000
108105  -49.292  14.686  20.431 0.0000000000
107460  -49.500  13.344  17.886 0.0000000000
106787  -49.332  12.296  16.577 0.0000000000
107476  -49.299  13.193  17.455 0.0000000000
107475  -48.875  13.283  17.473 0.0000000000
106774  -48.266  12.553  17.249 0.0000000000
116063  -45.196  25.347  15.793 0.0000000000
115336  -45.130  24.741  16.167 0.0000000000
114654  -45.281  24.206  15.733 0.0000000000
114664  -45.341  23.129  15.662 0.0000000000
113999  -45.666  22.526  15.459 0.0000000000
111823  -47.826  19.946  14.864 0.0000000000
111797  -48.068  19.282  17.679 0.0000000000
110252  -46.879  17.671  18.403 0.0000000000
110266  -45.897  17.411  17.260 0.0000000000
100214  -48.015  4.395  30.586 0.0000000000
101096  -48.935  5.693  31.638 0.0000000000
100211  -49.182  5.503  31.423 0.0000000000
101108  -49.389  5.860  31.050 0.0000000000
101960  -50.164  6.454  29.121 0.0000000000
101979  -50.450  6.594  28.335 0.0000000000
101978  -50.119  6.915  28.952 0.0000000000
102807  -50.459  7.193  27.696 0.0000000000
102819  -50.004  7.658  27.289 0.0000000000
116051  -33.342  25.502  17.797 0.0000000000
114657  -34.665  24.015  15.154 0.0000000000
114647  -34.768  23.903  16.084 0.0000000000
113980  -36.930  22.709  17.213 0.0000000000
114640  -37.392  23.034  17.829 0.0000000000
113988  -37.924  22.715  16.569 0.0000000000
114650  -38.614  22.914  16.293 0.0000000000
114662  -39.198  23.233  15.779 0.0000000000
116115  -38.845  25.215  11.519 0.0000000000
116088  -39.686  24.840  13.310 0.0000000000
116079  -42.554  25.545  14.358 0.0000000000
116107  -43.103  24.863  12.216 0.0000000000
116137  -43.636  25.067  9.295 0.0000000000
115390  -43.613  24.565  9.984 0.0000000000
115391  -44.163  24.431  9.558 0.0000000000
114065  -44.347  22.874  10.172 0.0000000000
113393  -45.196  21.306  10.807 0.0000000000
113403  -45.029  21.795  9.503 0.0000000000
112673  -45.628  20.883  8.742 0.0000000000
112683  -45.888  21.164  7.747 0.0000000000
113420  -45.894  21.951  7.515 0.0000000000
101988  -39.574  6.564  27.844 0.0000000000
101954  -39.973  6.137  29.044 0.0000000000
101100  -40.122  5.961  30.374 0.0000000000
101101  -41.161  5.771  30.415 0.0000000000
101103  -43.212  5.356  30.710 0.0000000000
101134  -43.625  5.603  28.993 0.0000000000
101143  -44.159  5.703  28.344 0.0000000000
102856  -44.887  7.402  24.381 0.0000000000
102857  -46.088  7.449  24.510 0.0000000000
102859  -48.522  7.891  24.515 0.0000000000
102867  -48.734  8.227  23.797 0.0000000000
103764  -49.343  8.481  23.266 0.0000000000
110223  -41.356  17.236  21.487 0.0000000000
114622  -44.780  23.848  19.816 0.0000000000
114614  -44.841  24.108  20.743 0.0000000000
114623  -45.258  23.506  20.497 0.0000000000
114597  -45.258  23.200  21.375 0.0000000000
113285  -45.539  22.007  21.367 0.0000000000
110213  -47.408  17.906  22.505 0.0000000000
110972  -46.857  18.556  22.083 0.0000000000
109508  -46.766  17.457  22.274 0.0000000000
109507  -46.145  16.865  21.963 0.0000000000
109506  -45.096  16.710  21.525 0.0000000000
109505  -43.984  16.605  21.380 0.0000000000
108813  -44.724  15.740  21.846 0.0000000000
108092  -44.828  14.091  23.001 0.0000000000
107392  -44.436  13.016  23.348 0.0000000000
107393  -45.301  13.475  23.465 0.0000000000
106706  -45.951  12.636  23.208 0.0000000000
106710  -46.214  12.279  22.644 0.0000000000
106003  -48.479  11.654  18.961 0.0000000000
105253  -47.713  10.945  19.860 0.0000000000
105254  -48.102  10.800  19.089 0.0000000000
103821  -51.133  7.873  18.583 0.0000000000
102960  -51.007  6.998  17.565 0.0000000000
102111  -50.665  6.877  16.294 0.0000000000
102987  -49.824  6.975  15.410 0.0000000000
104627  -48.056  9.454  12.210 0.0000000000
103024  -48.274  8.512  12.404 0.0000000000
103915  -47.757  8.955  11.255 0.0000000000
103900  -46.948  8.644  11.726 0.0000000000
103883  -45.687  9.165  12.653 0.0000000000
104613  -45.426  9.376  11.869 0.0000000000
104625  -44.680  9.469  11.443 0.0000000000
104624  -43.821  9.418  11.494 0.0000000000
106741  -45.222  12.902  18.938 0.0000000000
107441  -44.956  13.454  19.111 0.0000000000
106755  -44.379  12.558  18.443 0.0000000000
106772  -43.862  12.225  16.972 0.0000000000
106793  -42.502  12.641  14.824 0.0000000000
107498  -42.806  13.136  15.037 0.0000000000
106057  -42.937  11.770  13.926 0.0000000000
105308  -43.015  10.677  12.963 0.0000000000
104611  -42.304  9.974  12.978 0.0000000000
104609  -40.862  8.898  13.332 0.0000000000
104600  -40.849  8.992  14.382 0.0000000000
114031  -46.624  21.950  13.066 0.0000000000
114006  -46.898  22.090  13.853 0.0000000000
114019  -46.986  21.906  13.324 0.0000000000
112628  -48.125  20.038  13.591 0.0000000000
112638  -48.274  19.945  12.695 0.0000000000
112617  -48.017  20.052  14.075 0.0000000000
111841  -48.249  19.468  14.275 0.0000000000
111055  -48.213  18.535  14.754 0.0000000000
111040  -47.781  18.059  15.090 0.0000000000
110296  -47.169  17.911  15.397 0.0000000000
110307  -47.367  17.882  14.701 0.0000000000
111053  -46.702  17.947  14.401 0.0000000000
111064  -45.896  18.419  13.387 0.0000000000
99244  -46.382  3.863  33.505 0.0000000000
100168  -46.894  4.317  34.425 0.0000000000
100169  -47.383  4.709  34.363 0.0000000000
101061  -47.876  5.092  33.683 0.0000000000
101059  -46.987  5.390  34.531 0.0000000000
101078  -47.594  5.406  33.455 0.0000000000
101095  -48.327  5.544  32.476 0.0000000000
101939  -48.165  5.780  31.980 0.0000000000
101948  -47.963  5.908  31.418 0.0000000000
101957  -47.558  5.889  30.280 0.0000000000
115347  -33.902  25.107  14.983 0.0000000000
115348  -34.226  24.519  14.720 0.0000000000
115361  -34.158  24.630  13.876 0.0000000000
115362  -35.045  24.353  13.799 0.0000000000
116127  -41.001  24.955  10.508 0.0000000000
116143  -43.224  25.689  8.648 0.0000000000
116144  -44.083  25.665  8.580 0.0000000000
116145  -44.879  25.509  8.504 0.0000000000
115396  -45.340  24.677  8.460 0.0000000000
115397  -45.728  24.505  7.897 0.0000000000
116871  -45.509  25.912  7.774 0.0000000000
116879  -45.520  26.345  7.391 0.0000000000
103753  -42.918  8.371  24.212 0.0000000000
102855  -43.738  7.668  24.357 0.0000000000
102863  -44.334  7.974  23.856 0.0000000000
113956  -40.871  22.790  20.455 0.0000000000
113304  -47.111  21.421  21.098 0.0000000000
112556  -47.523  20.482  21.906 0.0000000000
111768  -47.889  20.000  22.228 0.0000000000
110955  -47.953  18.800  22.740 0.0000000000
110215  -48.577  17.630  22.143 0.0000000000
110214  -48.172  17.770  22.711 0.0000000000
109493  -47.787  16.776  22.973 0.0000000000
109478  -47.733  15.967  23.239 0.0000000000
108080  -47.795  14.645  23.241 0.0000000000
107395  -47.226  13.702  23.070 0.0000000000
108094  -48.027  14.342  22.807 0.0000000000
107407  -47.938  13.841  22.182 0.0000000000
106731  -48.309  12.603  20.137 0.0000000000
107428  -49.183  13.641  20.091 0.0000000000
106732  -48.848  13.020  19.940 0.0000000000
106742  -48.446  12.155  19.478 0.0000000000
106016  -49.024  11.722  18.210 0.0000000000
105271  -49.015  10.733  17.599 0.0000000000
104590  -49.593  9.675  16.238 0.0000000000
103859  -50.026  8.725  15.665 0.0000000000
105303  -48.839  9.927  14.397 0.0000000000
105302  -48.483  9.864  13.937 0.0000000000
105301  -47.706  10.234  14.077 0.0000000000
105311  -46.935  10.255  13.160 0.0000000000
105310  -46.116  10.742  13.458 0.0000000000
107453  -42.777  13.638  18.342 0.0000000000
108150  -42.096  14.147  17.971 0.0000000000
107473  -41.889  13.925  16.966 0.0000000000
107488  -41.918  13.845  16.535 0.0000000000
106792  -41.824  12.705  15.410 0.0000000000
106046  -41.990  11.626  15.424 0.0000000000
105287  -42.010  10.581  15.463 0.0000000000
116811  -43.009  25.834  17.693 0.0000000000
117486  -43.261  27.009  19.036 0.0000000000
116803  -43.729  26.646  18.332 0.0000000000
116804  -44.309  26.170  18.668 0.0000000000
116045  -44.445  25.363  18.639 0.0000000000
115335  -44.624  24.673  17.074 0.0000000000
115328  -44.453  24.645  18.192 0.0000000000
114633  -44.433  23.786  18.851 0.0000000000
113967  -44.725  23.247  19.370 0.0000000000
113308  -45.665  22.288  19.665 0.0000000000
113344  -46.521  22.117  14.649 0.0000000000
113335  -46.342  21.603  15.200 0.0000000000
113329  -45.980  21.054  16.206 0.0000000000
112595  -46.617  20.728  15.763 0.0000000000
113322  -45.992  21.071  17.385 0.0000000000
112576  -46.860  20.946  19.288 0.0000000000
113310  -47.111  21.113  20.270 0.0000000000
112577  -47.579  20.492  19.839 0.0000000000
112578  -48.124  19.979  20.460 0.0000000000
111793  -48.180  19.199  18.819 0.0000000000
108119  -48.168  14.461  19.208 0.0000000000
108825  -47.575  15.406  19.543 0.0000000000
108824  -46.457  15.389  19.253 0.0000000000
110243  -46.573  16.847  18.835 0.0000000000
109518  -46.313  16.122  19.035 0.0000000000
108823  -45.802  15.240  19.043 0.0000000000
108841  -45.222  15.342  18.795 0.0000000000
108840  -44.254  15.387  18.758 0.0000000000
110295  -46.539  17.780  15.702 0.0000000000
110283  -45.538  17.582  16.600 0.0000000000
110265  -45.205  17.233  17.390 0.0000000000
111020  -45.064  17.836  16.177 0.0000000000
110282  -44.748  17.617  16.963 0.0000000000
100215  -48.863  4.799  30.871 0.0000000000
100242  -50.071  4.545  27.625 0.0000000000
100246  -50.688  4.477  26.828 0.0000000000
101147  -51.140  5.067  26.553 0.0000000000
101152  -51.297  6.201  25.687 0.0000000000
101145  -51.185  6.181  27.119 0.0000000000
101999  -51.310  6.571  26.813 0.0000000000
102024  -51.310  6.945  25.009 0.0000000000
102870  -51.412  7.687  23.283 0.0000000000
115324  -34.232  24.661  17.761 0.0000000000
115312  -34.441  24.663  18.837 0.0000000000
115301  -35.021  24.920  19.511 0.0000000000
116010  -35.667  25.324  20.475 0.0000000000
116025  -36.192  25.486  20.034 0.0000000000
116027  -38.497  25.739  19.430 0.0000000000
114629  -37.905  23.687  18.435 0.0000000000
115316  -38.340  24.660  18.922 0.0000000000
116041  -39.456  25.295  19.014 0.0000000000
116042  -40.401  25.455  18.942 0.0000000000
115319  -40.835  24.911  18.465 0.0000000000
116053  -41.919  24.980  18.017 0.0000000000
115364  -36.887  24.002  13.817 0.0000000000
115351  -37.668  23.853  14.262 0.0000000000
115352  -38.689  23.937  14.390 0.0000000000
114675  -39.587  23.546  15.392 0.0000000000
115367  -40.045  24.658  13.922 0.0000000000
115341  -40.699  23.860  16.256 0.0000000000
115333  -41.441  24.276  16.905 0.0000000000
115327  -41.952  24.659  17.490 0.0000000000
116054  -42.466  25.335  17.729 0.0000000000
116055  -43.119  25.519  17.075 0.0000000000
116819  -43.891  25.797  15.895 0.0000000000
116825  -44.353  25.855  15.417 0.0000000000
116832  -44.255  25.753  14.983 0.0000000000
116082  -45.052  25.239  14.763 0.0000000000
115370  -45.360  23.971  14.114 0.0000000000
114684  -45.788  23.409  13.812 0.0000000000
116119  -42.454  24.937  11.333 0.0000000000
115386  -43.442  24.390  10.764 0.0000000000
115383  -43.403  24.413  11.812 0.0000000000
115380  -44.128  23.942  13.204 0.0000000000
114016  -45.149  22.936  13.432 0.0000000000
114030  -45.909  22.244  13.127 0.0000000000
113367  -46.241  21.623  12.562 0.0000000000
113381  -46.600  21.153  11.843 0.0000000000
112648  -47.011  20.587  11.125 0.0000000000
112663  -47.302  19.977  10.625 0.0000000000
111891  -47.754  19.425  10.447 0.0000000000
111116  -47.832  18.092  9.289 0.0000000000
111929  -46.380  19.540  7.268 0.0000000000
111158  -46.273  19.000  6.616 0.0000000000
114734  -45.806  24.196  7.596 0.0000000000
114750  -45.939  23.702  7.052 0.0000000000
114103  -46.133  22.636  6.385 0.0000000000
101092  -45.589  5.351  32.140 0.0000000000
101104  -44.249  5.412  30.884 0.0000000000
101105  -45.280  5.470  31.072 0.0000000000
101106  -46.279  5.490  31.281 0.0000000000
101120  -46.796  5.626  30.636 0.0000000000
102009  -45.747  6.361  26.993 0.0000000000
101995  -46.636  6.149  27.992 0.0000000000
101996  -47.784  6.436  27.873 0.0000000000
101977  -48.575  6.684  28.680 0.0000000000
102818  -49.304  7.331  27.575 0.0000000000
102833  -50.266  8.169  26.278 0.0000000000
102848  -49.482  8.199  25.338 0.0000000000
102849  -50.170  8.401  25.629 0.0000000000
103732  -50.547  8.383  25.679 0.0000000000
103757  -51.396  8.132  24.738 0.0000000000
103767  -51.441  8.196  23.925 0.0000000000
102876  -51.521  7.860  22.236 0.0000000000
108087  -39.936  14.851  22.833 0.0000000000
108076  -40.330  13.774  22.863 0.0000000000
107389  -41.187  13.286  22.824 0.0000000000
117481  -43.251  27.263  19.715 0.0000000000
116004  -42.872  25.834  21.202 0.0000000000
115292  -44.313  24.860  20.804 0.0000000000
115291  -43.725  24.408  21.263 0.0000000000
115290  -42.561  24.709  21.026 0.0000000000
114612  -42.758  23.564  20.869 0.0000000000
113300  -42.130  21.663  20.377 0.0000000000
112567  -42.365  20.646  20.231 0.0000000000
113287  -46.949  21.455  21.699 0.0000000000
112554  -45.907  21.099  21.415 0.0000000000
112553  -45.089  21.290  21.125 0.0000000000
112570  -45.262  20.306  21.072 0.0000000000
112569  -44.445  20.496  20.659 0.0000000000
112568  -43.459  20.598  20.359 0.0000000000
111780  -42.610  19.558  20.315 0.0000000000
110981  -41.761  18.696  20.605 0.0000000000
110967  -41.962  17.869  21.014 0.0000000000
109503  -41.824  16.438  21.724 0.0000000000
108811  -42.501  15.703  21.789 0.0000000000
108810  -41.732  15.715  21.996 0.0000000000
108089  -41.609  14.434  22.374 0.0000000000
107401  -41.344  13.947  22.564 0.0000000000
106702  -41.926  12.263  23.287 0.0000000000
105964  -43.611  11.446  23.618 0.0000000000
105213  -44.257  10.674  23.412 0.0000000000
104528  -44.909  9.970  22.957 0.0000000000
103769  -45.475  9.565  22.789 0.0000000000
103770  -46.168  9.320  22.626 0.0000000000
106711  -46.814  12.725  22.401 0.0000000000
105972  -46.314  11.851  22.162 0.0000000000
105244  -47.321  11.108  20.526 0.0000000000
105236  -46.860  11.097  21.035 0.0000000000
105235  -46.493  11.119  21.584 0.0000000000
103771  -47.381  9.028  22.446 0.0000000000
103772  -48.798  8.777  22.229 0.0000000000
103773  -50.113  8.663  22.483 0.0000000000
103802  -50.253  8.703  20.360 0.0000000000
103803  -51.065  8.496  20.744 0.0000000000
103789  -50.979  8.579  21.761 0.0000000000
103790  -51.435  8.228  22.043 0.0000000000
102889  -51.628  7.894  21.428 0.0000000000
102887  -50.909  7.245  21.273 0.0000000000
102907  -50.775  6.919  20.388 0.0000000000
102906  -49.864  7.213  20.328 0.0000000000
102925  -49.631  7.264  19.258 0.0000000000
102943  -50.453  6.877  18.400 0.0000000000
103873  -50.099  7.797  14.802 0.0000000000
102986  -48.950  7.358  14.751 0.0000000000
102997  -48.110  8.135  13.155 0.0000000000
102985  -48.178  7.973  14.093 0.0000000000
102972  -48.170  7.806  15.158 0.0000000000
103868  -44.175  8.800  14.082 0.0000000000
107444  -48.120  13.991  18.738 0.0000000000
106758  -47.590  12.733  17.940 0.0000000000
106773  -47.356  12.241  17.513 0.0000000000
106756  -45.719  12.466  18.547 0.0000000000
106027  -46.626  11.587  17.292 0.0000000000
105270  -46.603  11.157  16.769 0.0000000000
105290  -46.646  10.585  15.321 0.0000000000
105299  -45.908  10.720  14.545 0.0000000000
106070  -45.530  11.087  12.719 0.0000000000
106770  -42.788  13.178  17.734 0.0000000000
107499  -43.289  12.903  14.832 0.0000000000
106794  -43.561  12.748  15.158 0.0000000000
106795  -44.146  12.374  14.745 0.0000000000
106059  -44.697  11.845  14.290 0.0000000000
106069  -44.625  11.689  13.175 0.0000000000
106078  -45.098  11.062  12.012 0.0000000000
105327  -44.453  10.404  11.091 0.0000000000
104637  -43.995  9.708  10.973 0.0000000000
103912  -43.255  9.378  11.470 0.0000000000
104636  -42.959  9.642  11.490 0.0000000000
100186  -47.892  4.872  33.588 0.0000000000
100187  -48.093  5.008  33.457 0.0000000000
101027  -47.028  4.729  35.877 0.0000000000
101042  -47.104  5.170  35.480 0.0000000000
101060  -47.513  5.086  34.249 0.0000000000
101079  -47.989  5.222  33.414 0.0000000000
101114  -40.790  5.992  29.397 0.0000000000
101122  -49.989  6.195  29.473 0.0000000000
101133  -42.621  5.725  28.834 0.0000000000
101940  -48.560  5.938  31.639 0.0000000000
101955  -40.591  6.215  28.756 0.0000000000
101971  -40.146  6.374  28.353 0.0000000000
101973  -41.512  6.290  27.958 0.0000000000
101974  -45.481  5.736  28.957 0.0000000000
102022  -46.866  6.804  26.278 0.0000000000
102035  -51.178  7.420  23.406 0.0000000000
102062  -51.576  7.239  20.076 0.0000000000
102063  -51.634  7.225  19.846 0.0000000000
102075  -51.571  6.989  19.807 0.0000000000
102088  -51.616  6.948  19.382 0.0000000000
102089  -51.616  6.923  19.143 0.0000000000
102100  -50.740  6.884  16.831 0.0000000000
102110  -50.445  6.662  16.622 0.0000000000
102120  -50.367  6.708  16.004 0.0000000000
102121  -50.578  6.880  15.991 0.0000000000
102850  -51.370  7.924  25.487 0.0000000000
102868  -49.300  8.393  23.871 0.0000000000
102869  -51.151  7.475  23.101 0.0000000000
102888  -51.379  7.583  21.329 0.0000000000
102928  -51.665  7.405  19.788 0.0000000000
102945  -51.638  7.057  19.335 0.0000000000
102999  -49.600  7.616  14.580 0.0000000000
103000  -50.194  7.396  15.122 0.0000000000
103010  -48.065  8.340  12.400 0.0000000000
103011  -48.537  8.352  13.138 0.0000000000
103012  -49.201  8.149  13.885 0.0000000000
103023  -48.077  8.505  12.047 0.0000000000
103733  -50.796  8.266  25.916 0.0000000000
103744  -51.063  8.288  25.373 0.0000000000
103756  -51.033  8.492  24.520 0.0000000000
103822  -51.532  7.527  19.425 0.0000000000
103860  -50.388  7.922  15.289 0.0000000000
103886  -48.515  8.721  12.741 0.0000000000
103899  -46.247  9.180  11.911 0.0000000000
103901  -47.698  8.575  11.742 0.0000000000
103902  -48.195  8.815  11.953 0.0000000000
103914  -47.029  8.963  11.222 0.0000000000
103916  -48.106  9.050  11.429 0.0000000000
104536  -48.589  9.067  21.747 0.0000000000
104549  -46.503  10.575  21.717 0.0000000000
104567  -47.632  10.409  20.208 0.0000000000
104582  -48.775  10.033  17.853 0.0000000000
104603  -48.669  9.524  13.655 0.0000000000
104614  -48.180  9.528  12.639 0.0000000000
104615  -48.490  9.331  12.964 0.0000000000
104628  -48.163  9.199  11.838 0.0000000000
104638  -45.054  9.666  10.907 0.0000000000
104639  -46.035  9.682  11.206 0.0000000000
104641  -47.776  9.302  11.490 0.0000000000
104642  -48.042  9.254  11.544 0.0000000000
104647  -45.340  9.925  10.651 0.0000000000
105221  -46.107  11.082  22.057 0.0000000000
105269  -46.179  11.003  16.873 0.0000000000
105280  -46.484  10.785  16.264 0.0000000000
105289  -45.762  10.697  15.570 0.0000000000
105312  -47.882  9.770  12.871 0.0000000000
105313  -48.300  9.645  13.244 0.0000000000
105319  -46.204  10.488  12.350 0.0000000000
105329  -46.060  10.140  11.191 0.0000000000
105330  -47.175  9.552  11.493 0.0000000000
105331  -47.542  9.445  11.531 0.0000000000
105340  -45.039  10.200  10.609 0.0000000000
105341  -45.487  10.155  10.718 0.0000000000
105342  -45.700  10.176  10.860 0.0000000000
105984  -46.695  11.871  21.631 0.0000000000
106013  -44.654  12.086  18.050 0.0000000000
106015  -45.930  11.786  17.961 0.0000000000
106038  -47.109  11.324  16.594 0.0000000000
106040  -48.834  11.942  15.937 0.0000000000
106051  -48.951  11.346  15.435 0.0000000000
106052  -49.178  11.250  15.523 0.0000000000
106067  -43.422  11.423  13.287 0.0000000000
106087  -44.914  10.745  11.397 0.0000000000
106088  -45.415  10.573  11.379 0.0000000000
106089  -45.679  10.451  11.390 0.0000000000
106722  -46.991  12.331  21.619 0.0000000000
106740  -44.828  12.918  18.957 0.0000000000
106743  -49.033  12.619  19.241 0.0000000000
106744  -49.607  12.953  18.749 0.0000000000
106753  -42.869  13.234  18.145 0.0000000000
106775  -49.030  12.887  16.927 0.0000000000
106776  -49.371  12.663  17.087 0.0000000000
106786  -49.153  12.388  16.487 0.0000000000
106809  -44.091  12.174  13.522 0.0000000000
107396  -47.773  14.128  22.913 0.0000000000
107402  -42.033  13.701  22.553 0.0000000000
107405  -44.681  13.498  23.240 0.0000000000
107406  -47.325  13.383  22.502 0.0000000000
107416  -48.378  13.401  20.867 0.0000000000
107427  -48.702  13.184  20.256 0.0000000000
107440  -44.296  13.874  19.094 0.0000000000
107446  -49.700  13.611  18.952 0.0000000000
107456  -46.459  12.825  18.565 0.0000000000
107457  -47.140  13.102  18.477 0.0000000000
107477  -49.454  13.088  17.472 0.0000000000
107490  -43.127  13.122  15.418 0.0000000000
107503  -43.162  12.839  14.604 0.0000000000
107504  -43.374  12.736  14.551 0.0000000000
108077  -45.364  14.068  23.383 0.0000000000
108078  -45.881  14.361  23.491 0.0000000000
108095  -48.474  14.760  22.581 0.0000000000
108104  -49.080  14.362  20.815 0.0000000000
108115  -44.345  14.346  19.054 0.0000000000
108134  -44.573  14.760  18.943 0.0000000000
108135  -45.078  14.727  18.932 0.0000000000
108137  -48.822  14.173  18.582 0.0000000000
108786  -46.343  14.965  23.393 0.0000000000
108787  -47.246  15.339  23.386 0.0000000000
108788  -48.009  15.491  23.288 0.0000000000
108804  -48.503  15.660  22.819 0.0000000000
109490  -41.247  16.051  22.121 0.0000000000
109504  -42.882  16.511  21.449 0.0000000000
109516  -49.148  16.556  20.807 0.0000000000
110227  -45.551  17.675  21.425 0.0000000000
110228  -46.404  17.865  21.853 0.0000000000
110229  -46.891  17.949  22.184 0.0000000000
110231  -49.141  16.840  21.119 0.0000000000
110237  -43.774  17.954  20.989 0.0000000000
110264  -44.378  17.175  17.786 0.0000000000
110306  -46.734  17.844  14.933 0.0000000000
110316  -47.423  17.867  14.105 0.0000000000
110325  -46.837  18.065  11.956 0.0000000000
110336  -47.274  17.880  11.389 0.0000000000
110363  -47.537  17.435  9.542 0.0000000000
110979  -39.734  19.080  20.765 0.0000000000
110983  -44.025  18.512  20.814 0.0000000000
110984  -44.836  18.785  20.917 0.0000000000
111106  -48.231  18.407  10.636 0.0000000000
111755  -47.853  19.775  22.466 0.0000000000
111756  -48.124  19.229  22.530 0.0000000000
111769  -48.221  19.502  22.087 0.0000000000
111783  -45.348  19.358  21.109 0.0000000000
111892  -48.210  18.985  10.547 0.0000000000
111904  -46.866  19.490  9.469 0.0000000000
111906  -47.942  18.961  10.088 0.0000000000
112545  -47.629  20.217  22.225 0.0000000000
112557  -48.003  20.086  22.024 0.0000000000
113286  -46.317  21.883  21.520 0.0000000000
113314  -44.895  22.294  18.649 0.0000000000
113315  -45.308  22.121  19.022 0.0000000000
113327  -44.812  21.964  17.289 0.0000000000
113334  -45.662  21.737  15.821 0.0000000000
113336  -46.815  21.192  14.957 0.0000000000
113402  -44.603  22.378  9.891 0.0000000000
113940  -44.272  23.044  21.361 0.0000000000
113942  -45.738  22.766  21.287 0.0000000000
113960  -44.324  22.478  21.212 0.0000000000
113962  -46.055  22.611  20.731 0.0000000000
113973  -44.659  22.718  18.749 0.0000000000
113974  -45.082  22.497  19.249 0.0000000000
113978  -35.884  22.993  16.928 0.0000000000
113979  -36.256  22.867  17.121 0.0000000000
113981  -37.613  22.708  17.154 0.0000000000
113985  -36.108  22.883  16.667 0.0000000000
113986  -36.603  22.701  16.536 0.0000000000
113987  -37.252  22.604  16.614 0.0000000000
113990  -45.275  22.163  15.999 0.0000000000
113995  -36.954  22.595  16.191 0.0000000000
113996  -37.413  22.662  16.022 0.0000000000
113997  -38.028  22.852  15.938 0.0000000000
113998  -45.155  22.745  15.916 0.0000000000
114005  -46.531  22.583  14.316 0.0000000000
114017  -45.558  22.893  13.485 0.0000000000
114032  -47.058  21.746  12.921 0.0000000000
114615  -45.350  23.480  21.094 0.0000000000
114632  -40.163  24.211  18.178 0.0000000000
114642  -39.505  23.490  17.595 0.0000000000
114649  -36.206  22.848  16.317 0.0000000000
114652  -40.155  23.524  16.927 0.0000000000
114661  -38.457  23.146  15.530 0.0000000000
114670  -35.259  23.902  14.490 0.0000000000
114674  -39.056  23.502  15.081 0.0000000000
114682  -36.550  23.643  14.269 0.0000000000
114685  -46.147  23.398  13.944 0.0000000000
114690  -43.768  23.909  12.342 0.0000000000
114696  -43.668  23.976  11.332 0.0000000000
114706  -43.707  24.085  10.742 0.0000000000
114749  -45.775  23.227  7.514 0.0000000000
115276  -44.339  24.034  21.361 0.0000000000
115277  -44.492  24.284  21.225 0.0000000000
115305  -44.449  24.773  20.050 0.0000000000
115315  -37.312  24.425  19.023 0.0000000000
115317  -39.235  24.593  18.710 0.0000000000
115318  -40.073  24.676  18.558 0.0000000000
115334  -42.150  24.614  16.702 0.0000000000
115344  -45.376  24.724  15.429 0.0000000000
115349  -34.655  24.286  14.304 0.0000000000
115350  -37.233  23.750  14.195 0.0000000000
115354  -41.144  24.619  14.876 0.0000000000
115356  -45.277  24.680  14.610 0.0000000000
115357  -45.688  23.949  14.356 0.0000000000
115363  -35.841  24.228  13.603 0.0000000000
115368  -43.933  24.877  13.470 0.0000000000
115371  -45.905  23.700  14.084 0.0000000000
115373  -34.589  24.734  13.290 0.0000000000
115387  -43.768  24.236  10.314 0.0000000000
115403  -45.698  25.038  7.905 0.0000000000
115404  -45.865  24.741  7.365 0.0000000000
116005  -43.344  26.219  20.976 0.0000000000
116015  -43.244  25.171  21.092 0.0000000000
116024  -35.387  25.252  19.974 0.0000000000
116030  -41.335  26.242  19.138 0.0000000000
116040  -38.875  25.113  18.987 0.0000000000
116043  -41.589  25.617  18.609 0.0000000000
116044  -42.254  25.781  18.366 0.0000000000
116072  -45.176  25.335  15.117 0.0000000000
116138  -44.317  25.115  8.941 0.0000000000
116146  -45.470  25.515  8.081 0.0000000000
116770  -41.838  26.738  20.842 0.0000000000
116795  -44.110  26.257  19.785 0.0000000000
116824  -43.946  25.797  15.109 0.0000000000
116831  -44.097  25.722  14.781 0.0000000000
116870  -45.239  26.110  8.020 0.0000000000
117475  -42.753  27.394  20.179 0.0000000000
117476  -43.005  27.357  20.193 0.0000000000
117480  -42.757  27.407  19.917 0.0000000000
117485  -42.817  27.147  19.374 0.0000000000
117551  -45.301  26.912  7.438 0.0000000000
