#!ascii label  , from subject sub.01.dh.02t2 vox2ras=TkReg
1815
58502  -30.578  -33.460  61.820 0.0000000000
80516  -41.973  -15.044  44.680 0.0000000000
75000  -30.734  -20.142  54.516 0.0000000000
58603  -2.159  -35.441  54.924 0.0000000000
64523  -16.804  -29.218  60.166 0.0000000000
66896  -2.452  -27.875  55.534 0.0000000000
69168  -0.778  -25.713  62.547 0.0000000000
77229  -36.738  -19.100  49.287 0.0000000000
66974  -0.482  -27.106  48.119 0.0000000000
52426  -0.276  -38.953  61.844 0.0000000000
63271  -32.388  -30.706  55.404 0.0000000000
57429  -26.148  -33.997  58.576 0.0000000000
59608  -23.072  -32.433  61.865 0.0000000000
82711  -45.096  -13.715  42.640 0.0000000000
76144  -34.294  -19.352  51.805 0.0000000000
57462  -14.550  -33.764  55.683 0.0000000000
73890  -1.215  -21.369  52.002 0.0000000000
62025  -5.285  -31.325  56.493 0.0000000000
62084  -3.921  -31.188  51.410 0.0000000000
56379  -3.980  -36.451  51.585 0.0000000000
58426  -5.940  -33.616  66.163 0.0000000000
59540  -3.180  -33.209  66.469 0.0000000000
72736  -29.497  -22.215  57.429 0.0000000000
63149  -20.543  -30.683  64.659 0.0000000000
62017  -20.444  -30.315  56.710 0.0000000000
66839  -1.117  -26.767  58.755 0.0000000000
61975  -2.716  -32.198  60.506 0.0000000000
78271  -39.659  -17.905  46.954 0.0000000000
57355  -8.536  -34.380  63.043 0.0000000000
57412  -11.030  -33.683  58.571 0.0000000000
66936  -1.932  -27.391  51.954 0.0000000000
60892  -1.550  -32.282  47.977 0.0000000000
69120  -1.896  -26.658  65.691 0.0000000000
60673  -1.481  -31.854  63.907 0.0000000000
56204  -0.440  -36.505  58.615 0.0000000000
61970  -32.192  -31.713  61.456 0.0000000000
58551  -30.865  -33.522  59.003 0.0000000000
60756  -32.085  -31.952  58.776 0.0000000000
56176  -28.219  -34.447  60.476 0.0000000000
54992  -28.347  -34.472  56.942 0.0000000000
58497  -26.663  -33.743  62.443 0.0000000000
81628  -43.599  -14.008  43.568 0.0000000000
78305  -39.011  -16.866  42.953 0.0000000000
79405  -40.724  -15.849  41.354 0.0000000000
80579  -42.795  -15.617  40.622 0.0000000000
75036  -32.357  -20.200  52.839 0.0000000000
73883  -28.440  -21.401  53.542 0.0000000000
75052  -30.195  -20.539  51.765 0.0000000000
73932  -32.094  -20.654  50.067 0.0000000000
59692  -3.726  -33.545  55.229 0.0000000000
59721  -5.124  -33.385  53.625 0.0000000000
58631  -2.794  -35.940  53.272 0.0000000000
53808  -2.570  -38.578  51.737 0.0000000000
55063  -1.553  -38.201  52.926 0.0000000000
53575  -5.372  -36.356  63.590 0.0000000000
53555  -3.932  -36.766  64.748 0.0000000000
70408  -30.436  -24.335  58.183 0.0000000000
66874  -32.052  -27.943  57.627 0.0000000000
66916  -31.178  -28.679  55.075 0.0000000000
69265  -31.020  -26.165  56.674 0.0000000000
70455  -29.970  -24.749  55.607 0.0000000000
61880  -21.930  -31.080  66.212 0.0000000000
59666  -23.206  -31.516  58.074 0.0000000000
60739  -21.760  -30.897  59.071 0.0000000000
81693  -45.188  -13.895  38.809 0.0000000000
83782  -45.801  -12.067  38.527 0.0000000000
67986  -1.224  -26.429  61.371 0.0000000000
64537  -3.168  -29.185  60.183 0.0000000000
65657  -1.704  -28.901  62.508 0.0000000000
77240  -38.315  -18.706  48.156 0.0000000000
73980  -35.052  -20.143  48.437 0.0000000000
75118  -36.480  -20.464  47.085 0.0000000000
76197  -37.737  -19.692  45.478 0.0000000000
61919  -8.287  -32.086  63.229 0.0000000000
60697  -10.075  -31.990  62.469 0.0000000000
69271  -2.124  -25.455  55.053 0.0000000000
69297  -2.201  -25.458  53.451 0.0000000000
66924  -2.280  -27.670  53.099 0.0000000000
58697  -3.697  -34.512  48.996 0.0000000000
59771  -2.516  -32.428  49.228 0.0000000000
57633  -1.457  -35.473  47.250 0.0000000000
66752  -3.085  -27.662  65.977 0.0000000000
56100  -1.567  -35.950  64.296 0.0000000000
60661  -1.894  -32.354  65.041 0.0000000000
57354  -1.025  -35.372  62.783 0.0000000000
58487  -0.907  -34.723  61.324 0.0000000000
53650  0.305  -37.868  60.308 0.0000000000
64570  -32.669  -30.206  58.577 0.0000000000
60679  -23.326  -32.450  64.782 0.0000000000
57357  -24.854  -33.130  64.138 0.0000000000
58517  -24.798  -33.174  60.706 0.0000000000
82731  -47.023  -13.701  41.765 0.0000000000
80588  -44.315  -15.237  39.421 0.0000000000
76160  -35.136  -19.464  50.467 0.0000000000
73958  -33.297  -20.508  49.554 0.0000000000
63255  -16.459  -29.891  56.147 0.0000000000
60767  -15.200  -31.506  57.225 0.0000000000
70523  -1.455  -24.503  50.265 0.0000000000
64590  -4.023  -29.108  56.547 0.0000000000
63276  -3.176  -30.171  54.153 0.0000000000
63294  -5.678  -30.444  53.600 0.0000000000
59759  -5.444  -33.497  50.574 0.0000000000
55114  -3.752  -37.035  49.732 0.0000000000
63098  -4.874  -31.510  66.305 0.0000000000
64416  -3.411  -29.818  66.850 0.0000000000
58419  -4.489  -33.871  67.479 0.0000000000
54809  -2.561  -36.548  65.289 0.0000000000
74970  -29.774  -20.238  56.307 0.0000000000
71652  -28.548  -23.093  54.467 0.0000000000
64505  -19.180  -29.126  62.290 0.0000000000
60689  -21.631  -31.517  63.309 0.0000000000
61966  -20.628  -30.057  60.795 0.0000000000
64564  -18.966  -29.196  58.175 0.0000000000
70434  -2.024  -25.292  56.417 0.0000000000
70395  -1.955  -24.811  58.458 0.0000000000
66880  -1.387  -27.206  56.864 0.0000000000
65745  -2.908  -28.476  58.066 0.0000000000
62002  -3.846  -31.605  58.689 0.0000000000
60762  -2.552  -33.821  57.544 0.0000000000
79353  -41.003  -15.857  45.877 0.0000000000
78288  -38.560  -18.025  44.714 0.0000000000
63127  -6.244  -31.589  64.211 0.0000000000
58431  -7.555  -33.823  65.072 0.0000000000
54878  -6.497  -36.523  61.255 0.0000000000
59633  -14.723  -31.994  58.741 0.0000000000
58471  -12.937  -31.794  60.258 0.0000000000
59602  -11.528  -32.038  61.504 0.0000000000
57396  -9.563  -34.174  60.573 0.0000000000
53677  -7.932  -35.670  59.827 0.0000000000
73878  -2.349  -21.708  53.260 0.0000000000
70482  -1.700  -24.328  51.884 0.0000000000
66954  -1.545  -27.113  50.206 0.0000000000
63305  -1.915  -30.247  51.999 0.0000000000
63333  -1.376  -30.100  50.663 0.0000000000
64675  -0.872  -29.262  48.570 0.0000000000
69130  -1.153  -26.356  64.791 0.0000000000
65591  -1.993  -28.805  67.816 0.0000000000
64422  -1.243  -28.821  65.363 0.0000000000
64461  -1.308  -28.683  63.846 0.0000000000
60696  -1.837  -32.240  61.763 0.0000000000
59630  -1.644  -34.207  59.504 0.0000000000
57456  -1.300  -36.388  56.992 0.0000000000
50136  0.006  -41.257  59.847 0.0000000000
51353  0.120  -40.212  57.976 0.0000000000
53764  -1.267  -38.445  54.956 0.0000000000
60720  -31.512  -32.395  61.480 0.0000000000
59579  -30.649  -32.808  62.875 0.0000000000
58536  -30.501  -33.564  60.402 0.0000000000
59639  -31.416  -32.792  59.913 0.0000000000
56162  -29.286  -34.439  61.148 0.0000000000
56197  -29.333  -34.367  59.397 0.0000000000
58463  -29.829  -33.666  62.896 0.0000000000
57374  -28.833  -34.254  62.278 0.0000000000
81627  -42.559  -14.582  43.943 0.0000000000
80554  -40.028  -15.814  43.513 0.0000000000
79397  -39.778  -16.053  42.435 0.0000000000
80556  -41.374  -15.079  42.931 0.0000000000
81645  -42.095  -14.759  42.857 0.0000000000
75017  -31.603  -20.185  53.737 0.0000000000
76120  -32.940  -19.227  54.496 0.0000000000
76106  -32.146  -19.360  55.642 0.0000000000
75033  -29.551  -20.592  52.268 0.0000000000
75016  -30.619  -20.330  53.490 0.0000000000
75035  -31.361  -20.404  52.716 0.0000000000
59705  -2.855  -34.497  55.179 0.0000000000
58605  -3.442  -34.308  54.248 0.0000000000
58617  -2.064  -35.803  54.251 0.0000000000
57527  -2.006  -36.904  53.324 0.0000000000
56319  -1.616  -36.902  53.929 0.0000000000
53617  -4.937  -36.716  62.229 0.0000000000
53599  -4.417  -37.270  62.681 0.0000000000
68051  -31.787  -26.719  58.151 0.0000000000
68065  -31.447  -26.740  57.153 0.0000000000
69230  -31.265  -25.600  58.277 0.0000000000
70430  -30.586  -24.998  57.729 0.0000000000
82758  -46.634  -13.196  39.826 0.0000000000
82767  -45.415  -13.100  38.683 0.0000000000
84769  -47.476  -11.280  39.209 0.0000000000
69180  -1.060  -25.733  61.742 0.0000000000
66794  -1.328  -27.207  61.707 0.0000000000
66784  -1.172  -27.219  62.591 0.0000000000
77239  -37.673  -19.046  48.383 0.0000000000
77231  -38.573  -17.800  49.474 0.0000000000
75106  -35.798  -19.819  48.608 0.0000000000
73991  -36.002  -20.478  47.158 0.0000000000
76189  -36.798  -19.744  47.901 0.0000000000
75115  -37.462  -20.011  47.184 0.0000000000
63187  -9.821  -30.741  61.435 0.0000000000
63188  -10.658  -30.732  61.561 0.0000000000
65662  -17.447  -28.728  62.118 0.0000000000
64502  -16.300  -29.671  60.753 0.0000000000
69367  -0.948  -25.369  48.802 0.0000000000
68089  -2.031  -26.588  55.046 0.0000000000
69284  -2.019  -25.839  54.520 0.0000000000
66908  -2.399  -27.576  54.604 0.0000000000
56437  -3.499  -36.089  48.222 0.0000000000
58696  -2.893  -34.324  48.498 0.0000000000
56436  -2.734  -36.030  47.676 0.0000000000
69143  -4.482  -25.563  64.428 0.0000000000
66761  -3.889  -27.409  64.901 0.0000000000
54830  -0.864  -36.747  63.514 0.0000000000
56115  -1.290  -36.060  63.752 0.0000000000
54857  0.287  -37.243  62.309 0.0000000000
56156  0.341  -36.412  61.579 0.0000000000
53615  0.217  -38.199  61.824 0.0000000000
63230  -32.863  -30.457  59.629 0.0000000000
62020  -32.412  -31.157  58.445 0.0000000000
64554  -33.095  -29.418  59.791 0.0000000000
65718  -32.892  -28.676  59.473 0.0000000000
57401  -26.231  -33.915  60.653 0.0000000000
57384  -25.504  -33.494  61.586 0.0000000000
57414  -25.644  -33.519  59.147 0.0000000000
58564  -24.685  -32.317  57.737 0.0000000000
81650  -45.969  -13.850  42.237 0.0000000000
81666  -43.857  -14.531  41.569 0.0000000000
80587  -43.627  -15.632  39.549 0.0000000000
81667  -44.725  -14.508  41.155 0.0000000000
81681  -45.434  -14.475  40.430 0.0000000000
76159  -34.614  -19.558  50.991 0.0000000000
77197  -35.803  -18.590  51.974 0.0000000000
76135  -35.101  -18.935  52.422 0.0000000000
75076  -32.556  -20.531  50.864 0.0000000000
73933  -32.907  -20.643  50.091 0.0000000000
75077  -33.455  -20.282  50.569 0.0000000000
75093  -34.382  -19.995  49.467 0.0000000000
73901  -1.044  -21.407  51.344 0.0000000000
72817  -1.271  -22.113  50.835 0.0000000000
72818  -1.429  -22.867  50.985 0.0000000000
64591  -4.924  -29.729  56.498 0.0000000000
64615  -4.630  -29.838  54.865 0.0000000000
63279  -6.063  -30.947  54.474 0.0000000000
58633  -4.569  -34.752  52.463 0.0000000000
59745  -5.544  -33.458  51.710 0.0000000000
58647  -4.977  -35.212  51.143 0.0000000000
57584  -4.579  -35.661  49.517 0.0000000000
56417  -4.096  -36.489  50.042 0.0000000000
55096  -3.490  -37.786  51.192 0.0000000000
60647  -5.918  -32.733  66.092 0.0000000000
60643  -5.263  -32.096  67.490 0.0000000000
58421  -5.468  -33.320  66.752 0.0000000000
52360  -3.107  -37.790  63.508 0.0000000000
53554  -3.230  -36.920  64.846 0.0000000000
52358  -2.135  -37.909  63.792 0.0000000000
52357  -1.870  -37.741  63.855 0.0000000000
73848  -29.399  -21.229  56.895 0.0000000000
71628  -29.472  -23.264  56.888 0.0000000000
71653  -29.026  -24.015  54.843 0.0000000000
72747  -29.079  -22.216  56.437 0.0000000000
73861  -29.000  -21.202  55.743 0.0000000000
63131  -19.920  -30.169  65.355 0.0000000000
64470  -19.179  -29.558  64.607 0.0000000000
63171  -19.986  -29.815  62.961 0.0000000000
59576  -23.480  -32.577  63.714 0.0000000000
60690  -22.333  -31.905  63.752 0.0000000000
59589  -22.658  -32.200  62.226 0.0000000000
62008  -21.209  -30.454  58.354 0.0000000000
61994  -21.324  -30.411  59.429 0.0000000000
61993  -20.611  -29.993  58.691 0.0000000000
63226  -19.799  -29.543  59.067 0.0000000000
63239  -19.852  -29.675  57.939 0.0000000000
64594  -18.378  -29.324  56.270 0.0000000000
69202  -1.291  -25.535  59.326 0.0000000000
68028  -1.118  -25.942  58.578 0.0000000000
69239  -1.116  -26.031  57.305 0.0000000000
65743  -0.616  -27.194  57.643 0.0000000000
66862  -1.909  -27.793  57.461 0.0000000000
65723  -1.687  -27.663  58.583 0.0000000000
63203  -3.229  -30.474  60.791 0.0000000000
63221  -3.796  -30.375  59.510 0.0000000000
61989  -3.624  -31.247  59.633 0.0000000000
60749  -3.298  -32.522  58.537 0.0000000000
60735  -2.623  -32.864  59.417 0.0000000000
79352  -40.512  -16.784  46.202 0.0000000000
79335  -41.277  -16.091  46.926 0.0000000000
79334  -40.788  -16.617  47.485 0.0000000000
77254  -38.609  -18.900  46.282 0.0000000000
76205  -37.989  -19.088  45.281 0.0000000000
77274  -38.646  -18.353  45.331 0.0000000000
79369  -39.819  -16.819  44.973 0.0000000000
63161  -6.415  -31.130  62.647 0.0000000000
59552  -8.612  -33.432  63.833 0.0000000000
60662  -7.926  -32.941  64.530 0.0000000000
57340  -8.128  -34.318  64.284 0.0000000000
54833  -7.158  -35.131  63.926 0.0000000000
54860  -7.518  -35.599  62.074 0.0000000000
59678  -15.112  -32.604  56.692 0.0000000000
60737  -15.084  -31.543  58.753 0.0000000000
58547  -14.489  -32.659  57.453 0.0000000000
58559  -11.842  -34.039  57.619 0.0000000000
59631  -12.592  -33.320  58.259 0.0000000000
57399  -11.464  -33.245  59.015 0.0000000000
59603  -11.981  -32.170  61.142 0.0000000000
58510  -10.820  -33.349  60.076 0.0000000000
58469  -10.537  -33.111  61.473 0.0000000000
57397  -10.158  -33.932  59.621 0.0000000000
54945  -8.504  -35.484  58.852 0.0000000000
72764  -2.918  -22.497  53.846 0.0000000000
68117  -2.062  -26.464  52.733 0.0000000000
69311  -1.951  -25.349  52.323 0.0000000000
68128  -1.873  -26.345  51.675 0.0000000000
68137  -1.665  -26.297  50.738 0.0000000000
66944  -1.797  -27.223  50.992 0.0000000000
62070  -3.647  -30.871  52.285 0.0000000000
63290  -2.303  -30.342  53.125 0.0000000000
62069  -3.198  -30.906  52.017 0.0000000000
60881  -1.797  -31.918  48.984 0.0000000000
60880  -1.848  -31.089  49.615 0.0000000000
62124  -1.356  -31.044  49.163 0.0000000000
63355  -1.110  -30.246  48.849 0.0000000000
62137  -1.251  -31.248  48.205 0.0000000000
62155  -1.348  -31.284  47.502 0.0000000000
70294  -1.737  -26.625  65.545 0.0000000000
61860  -2.838  -31.075  66.877 0.0000000000
64406  -2.912  -29.803  67.510 0.0000000000
61865  -2.671  -30.930  66.795 0.0000000000
60660  -1.640  -31.965  64.654 0.0000000000
61874  -1.610  -30.547  65.524 0.0000000000
63113  -1.339  -29.547  64.854 0.0000000000
64432  -1.186  -28.444  64.783 0.0000000000
61899  -1.461  -30.322  64.160 0.0000000000
61916  -1.670  -30.677  62.918 0.0000000000
61934  -1.685  -31.862  62.614 0.0000000000
57395  -0.514  -35.847  60.222 0.0000000000
59615  -1.181  -34.713  60.302 0.0000000000
58542  -1.068  -35.375  59.254 0.0000000000
58558  -1.271  -35.396  58.407 0.0000000000
56228  -0.824  -36.870  57.541 0.0000000000
47691  0.377  -43.513  58.857 0.0000000000
50162  0.101  -41.294  58.659 0.0000000000
63215  -33.332  -30.338  61.030 0.0000000000
56220  -30.710  -34.183  57.375 0.0000000000
58566  -31.558  -33.467  57.441 0.0000000000
59652  -31.627  -32.747  58.898 0.0000000000
61995  -32.230  -31.719  59.946 0.0000000000
56194  -27.202  -34.457  59.395 0.0000000000
54953  -28.395  -34.558  58.742 0.0000000000
54955  -29.290  -34.344  57.842 0.0000000000
58519  -27.603  -34.327  61.308 0.0000000000
81629  -44.187  -13.809  43.068 0.0000000000
79411  -39.918  -17.028  40.559 0.0000000000
78320  -40.904  -17.096  39.795 0.0000000000
78321  -41.709  -16.871  39.605 0.0000000000
79406  -41.888  -15.867  40.918 0.0000000000
81665  -43.086  -14.691  41.849 0.0000000000
76143  -33.703  -19.393  52.488 0.0000000000
76122  -34.411  -18.949  53.693 0.0000000000
76121  -33.517  -19.188  54.059 0.0000000000
77171  -34.055  -18.613  55.661 0.0000000000
72799  -27.873  -22.869  52.435 0.0000000000
72811  -27.857  -22.040  51.798 0.0000000000
75050  -28.884  -20.846  51.464 0.0000000000
73930  -30.040  -20.801  50.060 0.0000000000
73955  -30.775  -20.814  49.215 0.0000000000
75074  -30.483  -20.515  50.898 0.0000000000
75054  -32.040  -20.494  51.816 0.0000000000
60779  -4.842  -32.251  56.531 0.0000000000
62042  -5.973  -31.875  54.608 0.0000000000
59708  -4.741  -33.315  54.228 0.0000000000
58620  -4.389  -34.343  53.324 0.0000000000
57549  -3.643  -36.260  52.166 0.0000000000
55079  -3.010  -37.697  51.913 0.0000000000
55065  -2.426  -37.451  52.545 0.0000000000
55064  -1.954  -37.850  52.681 0.0000000000
56091  -6.007  -34.889  65.200 0.0000000000
56080  -4.989  -34.872  65.852 0.0000000000
53574  -4.863  -36.698  64.004 0.0000000000
71615  -29.800  -22.943  57.955 0.0000000000
65767  -32.218  -29.102  56.270 0.0000000000
65777  -32.079  -29.607  55.436 0.0000000000
68082  -31.376  -27.862  56.194 0.0000000000
68081  -30.953  -26.917  56.063 0.0000000000
68096  -30.438  -26.740  55.227 0.0000000000
69276  -30.356  -25.257  55.956 0.0000000000
70429  -30.268  -24.638  57.222 0.0000000000
63132  -20.648  -30.737  65.505 0.0000000000
59635  -23.192  -32.255  59.993 0.0000000000
59634  -22.610  -31.906  60.323 0.0000000000
59665  -22.637  -31.338  58.440 0.0000000000
60768  -21.538  -30.676  57.057 0.0000000000
81698  -44.148  -14.028  37.767 0.0000000000
82770  -44.227  -13.169  37.409 0.0000000000
83790  -44.561  -12.086  37.357 0.0000000000
84788  -45.158  -10.997  37.090 0.0000000000
66822  -1.382  -26.843  59.821 0.0000000000
65701  -1.571  -27.500  59.182 0.0000000000
66806  -1.510  -27.382  60.610 0.0000000000
65685  -2.593  -28.900  61.049 0.0000000000
63181  -2.869  -30.474  61.291 0.0000000000
77250  -39.180  -18.324  47.524 0.0000000000
77241  -39.219  -17.922  48.453 0.0000000000
72904  -35.323  -21.274  45.866 0.0000000000
73999  -36.110  -20.872  46.282 0.0000000000
74006  -36.870  -20.758  45.487 0.0000000000
75123  -37.428  -20.303  45.948 0.0000000000
76194  -38.228  -19.448  46.575 0.0000000000
61958  -7.630  -31.390  61.911 0.0000000000
63162  -8.802  -31.151  61.798 0.0000000000
61920  -8.935  -32.100  62.749 0.0000000000
60677  -9.459  -33.021  63.046 0.0000000000
57459  -12.075  -34.540  56.418 0.0000000000
56211  -9.972  -34.716  58.259 0.0000000000
70459  -2.827  -24.236  54.000 0.0000000000
71645  -2.782  -23.315  53.677 0.0000000000
69298  -2.450  -24.644  53.578 0.0000000000
59773  -4.052  -33.120  49.352 0.0000000000
60867  -3.179  -31.822  49.890 0.0000000000
59772  -3.268  -32.769  49.364 0.0000000000
59786  -2.109  -33.257  48.371 0.0000000000
59800  -1.788  -33.669  47.251 0.0000000000
70314  -5.134  -24.363  64.622 0.0000000000
69134  -3.926  -25.646  65.138 0.0000000000
67933  -2.678  -27.040  65.838 0.0000000000
57327  -1.973  -35.191  65.349 0.0000000000
60645  -2.801  -31.857  66.033 0.0000000000
58434  -1.760  -34.141  64.678 0.0000000000
58433  -1.538  -34.481  64.013 0.0000000000
58454  -1.143  -34.369  62.578 0.0000000000
59572  -1.381  -33.479  62.339 0.0000000000
57367  -0.500  -35.264  61.976 0.0000000000
56169  0.153  -36.414  60.532 0.0000000000
54916  0.300  -37.174  59.972 0.0000000000
62030  -32.532  -31.388  56.101 0.0000000000
59684  -32.260  -32.571  56.861 0.0000000000
62029  -32.576  -31.358  56.868 0.0000000000
63258  -32.525  -30.624  56.533 0.0000000000
65738  -32.511  -28.562  58.452 0.0000000000
66854  -32.303  -27.217  58.916 0.0000000000
58474  -24.175  -32.837  63.003 0.0000000000
57370  -25.323  -33.504  62.871 0.0000000000
57383  -24.854  -33.296  62.278 0.0000000000
58532  -23.531  -32.598  60.743 0.0000000000
59636  -23.743  -32.241  59.370 0.0000000000
79428  -43.129  -15.921  38.190 0.0000000000
80589  -44.956  -14.748  39.455 0.0000000000
81690  -46.222  -13.929  40.315 0.0000000000
76173  -36.115  -19.401  49.265 0.0000000000
77220  -37.524  -18.245  50.370 0.0000000000
77206  -36.463  -18.619  51.114 0.0000000000
73956  -31.739  -20.804  49.279 0.0000000000
75104  -34.150  -20.152  48.884 0.0000000000
75094  -34.999  -19.852  49.217 0.0000000000
64562  -16.735  -29.460  58.167 0.0000000000
64545  -16.343  -29.626  59.102 0.0000000000
62016  -15.553  -30.596  57.110 0.0000000000
59694  -15.521  -32.331  55.146 0.0000000000
70540  -1.345  -24.464  49.718 0.0000000000
68150  -1.050  -26.108  49.239 0.0000000000
65761  -2.766  -28.381  56.077 0.0000000000
65772  -2.740  -28.891  54.603 0.0000000000
63264  -3.707  -29.672  55.010 0.0000000000
63293  -4.776  -30.081  53.665 0.0000000000
63321  -5.446  -31.067  51.920 0.0000000000
60812  -6.252  -32.106  53.105 0.0000000000
60840  -5.669  -32.567  51.461 0.0000000000
60854  -5.306  -32.303  50.753 0.0000000000
58678  -4.738  -34.598  49.349 0.0000000000
65614  -3.652  -29.203  65.960 0.0000000000
63097  -4.328  -31.052  66.507 0.0000000000
60638  -4.522  -32.037  68.074 0.0000000000
59534  -3.500  -33.297  67.345 0.0000000000
54793  -4.155  -35.657  65.917 0.0000000000
56077  -3.209  -35.619  66.400 0.0000000000
57314  -2.500  -35.018  66.079 0.0000000000
54807  -1.940  -36.452  64.677 0.0000000000
53568  -1.395  -37.047  63.865 0.0000000000
52402  -0.663  -38.800  62.475 0.0000000000
74986  -30.717  -19.859  55.595 0.0000000000
74987  -31.502  -19.543  55.952 0.0000000000
74971  -30.810  -19.686  56.804 0.0000000000
64623  -31.798  -30.049  54.277 0.0000000000
71664  -28.396  -23.557  53.317 0.0000000000
74984  -29.067  -20.735  54.760 0.0000000000
64485  -18.145  -28.766  62.824 0.0000000000
64524  -17.871  -28.830  60.511 0.0000000000
60664  -22.380  -31.595  65.607 0.0000000000
61926  -21.739  -31.574  64.385 0.0000000000
61925  -21.034  -31.204  64.006 0.0000000000
60717  -21.742  -31.171  61.124 0.0000000000
61967  -21.060  -30.600  61.677 0.0000000000
63194  -20.564  -30.381  62.540 0.0000000000
63193  -20.068  -29.802  61.642 0.0000000000
64525  -19.078  -28.992  60.988 0.0000000000
64563  -17.827  -29.156  58.250 0.0000000000
64578  -17.046  -29.401  57.172 0.0000000000
85746  -45.452  -10.226  36.456 0.0000000000
86677  -45.942  -9.471  35.698 0.0000000000
86686  -46.778  -8.933  35.265 0.0000000000
70448  -2.614  -24.944  55.302 0.0000000000
68074  -1.608  -26.490  55.819 0.0000000000
70417  -2.098  -25.062  57.341 0.0000000000
69258  -1.403  -25.956  56.384 0.0000000000
66895  -1.834  -27.205  55.823 0.0000000000
66881  -2.172  -27.795  56.523 0.0000000000
64574  -3.132  -28.639  57.256 0.0000000000
64576  -4.455  -29.630  57.656 0.0000000000
65704  -3.254  -28.943  59.377 0.0000000000
64559  -4.019  -29.546  58.581 0.0000000000
62014  -4.622  -31.380  57.536 0.0000000000
60764  -4.075  -32.317  57.568 0.0000000000
60777  -2.973  -33.594  56.619 0.0000000000
59689  -2.479  -34.581  56.265 0.0000000000
80515  -41.192  -15.642  45.064 0.0000000000
75141  -37.224  -20.140  43.953 0.0000000000
76214  -37.510  -19.301  43.344 0.0000000000
76215  -37.735  -18.801  43.197 0.0000000000
78304  -38.500  -17.585  43.303 0.0000000000
79388  -40.151  -16.253  44.555 0.0000000000
63115  -5.784  -31.617  64.889 0.0000000000
60650  -6.453  -32.827  65.634 0.0000000000
61901  -7.399  -32.229  63.975 0.0000000000
61878  -7.203  -32.907  65.099 0.0000000000
58430  -6.890  -33.717  65.316 0.0000000000
54840  -6.119  -36.314  62.576 0.0000000000
63224  -15.701  -30.372  59.475 0.0000000000
61965  -15.182  -31.069  60.433 0.0000000000
60702  -14.711  -31.306  60.468 0.0000000000
58546  -13.940  -32.977  57.670 0.0000000000
59605  -13.872  -31.921  59.527 0.0000000000
60700  -13.808  -31.027  61.063 0.0000000000
60715  -13.069  -31.241  60.933 0.0000000000
61962  -12.416  -30.701  61.182 0.0000000000
61961  -11.260  -31.155  61.610 0.0000000000
61943  -10.819  -31.712  61.923 0.0000000000
58468  -9.865  -33.453  61.826 0.0000000000
57368  -9.149  -34.263  61.783 0.0000000000
54902  -9.494  -34.985  59.189 0.0000000000
54901  -9.029  -35.189  59.964 0.0000000000
54881  -8.435  -35.257  61.187 0.0000000000
54919  -7.359  -36.103  60.336 0.0000000000
73877  -1.750  -21.694  52.621 0.0000000000
71659  -2.426  -23.622  53.310 0.0000000000
71658  -1.926  -23.086  52.841 0.0000000000
71673  -1.617  -23.265  52.183 0.0000000000
70501  -1.640  -24.415  51.013 0.0000000000
68151  -1.421  -26.362  49.809 0.0000000000
66964  -0.976  -27.152  49.074 0.0000000000
65781  -2.447  -28.599  53.812 0.0000000000
64629  -2.031  -29.488  52.982 0.0000000000
64641  -1.596  -29.132  52.201 0.0000000000
60850  -2.470  -30.854  50.786 0.0000000000
63320  -1.674  -30.095  51.402 0.0000000000
65806  -1.239  -28.961  50.975 0.0000000000
65814  -1.143  -28.598  50.240 0.0000000000
65824  -0.958  -28.406  49.240 0.0000000000
65835  -0.700  -28.150  48.369 0.0000000000
63367  -1.370  -29.933  47.535 0.0000000000
65613  -3.315  -28.460  66.280 0.0000000000
66735  -2.581  -28.203  67.135 0.0000000000
67917  -1.886  -27.361  67.049 0.0000000000
61870  -2.268  -31.022  66.454 0.0000000000
64408  -1.615  -28.796  66.672 0.0000000000
67920  -1.454  -27.191  65.804 0.0000000000
66744  -1.209  -27.350  65.195 0.0000000000
65634  -1.103  -27.704  64.500 0.0000000000
65643  -1.192  -27.812  63.619 0.0000000000
64477  -1.629  -29.315  62.915 0.0000000000
63159  -2.116  -30.389  62.290 0.0000000000
61955  -2.444  -31.546  61.346 0.0000000000
60710  -1.511  -33.339  61.377 0.0000000000
59599  -1.644  -33.640  60.585 0.0000000000
60726  -2.345  -32.747  60.332 0.0000000000
59645  -1.811  -34.312  58.766 0.0000000000
59675  -1.836  -34.776  57.399 0.0000000000
58590  -1.609  -35.705  55.995 0.0000000000
50089  -0.248  -40.999  61.307 0.0000000000
50112  -0.088  -41.220  60.843 0.0000000000
52445  -0.055  -39.102  61.194 0.0000000000
52462  0.038  -38.850  60.153 0.0000000000
52481  0.133  -38.809  59.177 0.0000000000
53692  0.111  -38.120  58.618 0.0000000000
51367  0.092  -40.218  56.928 0.0000000000
53712  -0.036  -38.316  57.649 0.0000000000
54983  -0.765  -37.838  56.146 0.0000000000
56250  -1.199  -37.322  55.803 0.0000000000
56294  -1.436  -36.663  54.438 0.0000000000
53778  -1.389  -38.478  54.011 0.0000000000
52608  -1.575  -39.501  53.000 0.0000000000
59609  -30.947  -32.966  61.570 0.0000000000
60705  -31.234  -32.576  62.039 0.0000000000
59592  -30.692  -33.064  62.368 0.0000000000
59623  -30.647  -33.358  60.979 0.0000000000
59624  -31.008  -32.940  60.948 0.0000000000
58520  -30.047  -34.053  61.459 0.0000000000
58535  -30.019  -34.057  60.853 0.0000000000
58481  -30.398  -33.544  62.213 0.0000000000
58500  -30.024  -34.031  61.915 0.0000000000
59591  -30.354  -33.432  62.500 0.0000000000
80537  -41.988  -15.055  44.016 0.0000000000
81612  -42.743  -14.611  45.273 0.0000000000
80536  -41.315  -15.219  43.951 0.0000000000
80555  -40.555  -15.455  43.087 0.0000000000
81626  -41.875  -14.942  43.540 0.0000000000
75001  -31.798  -19.666  54.866 0.0000000000
58604  -2.995  -34.711  54.416 0.0000000000
57510  -1.910  -36.289  53.840 0.0000000000
57495  -1.782  -35.861  54.364 0.0000000000
53634  -4.043  -37.392  61.221 0.0000000000
69251  -31.361  -26.111  57.713 0.0000000000
67975  -0.985  -26.494  62.369 0.0000000000
67976  -1.159  -26.874  62.191 0.0000000000
77230  -37.410  -18.770  49.079 0.0000000000
76180  -36.456  -19.620  48.462 0.0000000000
76174  -36.792  -19.296  48.901 0.0000000000
76181  -37.183  -19.365  48.339 0.0000000000
64521  -10.702  -29.238  60.774 0.0000000000
64499  -10.406  -30.045  60.958 0.0000000000
64503  -17.125  -28.858  61.444 0.0000000000
68165  -0.778  -26.135  48.624 0.0000000000
68180  -0.965  -26.329  47.866 0.0000000000
66762  -4.258  -28.010  64.769 0.0000000000
53598  -0.143  -38.045  62.612 0.0000000000
54839  -0.244  -37.024  63.106 0.0000000000
63216  -33.152  -30.326  60.305 0.0000000000
64532  -33.149  -29.989  59.946 0.0000000000
65695  -33.207  -28.632  60.341 0.0000000000
57415  -26.131  -33.980  59.576 0.0000000000
82712  -45.684  -13.633  42.850 0.0000000000
81648  -44.525  -13.961  42.302 0.0000000000
80571  -43.909  -15.019  40.856 0.0000000000
81649  -45.282  -13.943  42.081 0.0000000000
75055  -33.170  -19.958  51.769 0.0000000000
75056  -33.978  -19.821  51.056 0.0000000000
75027  -1.219  -20.570  52.176 0.0000000000
73889  -1.016  -21.093  51.660 0.0000000000
72805  -1.225  -21.876  51.268 0.0000000000
72806  -1.314  -22.237  51.572 0.0000000000
63254  -5.277  -30.438  56.536 0.0000000000
63265  -5.382  -30.077  55.488 0.0000000000
63266  -5.575  -30.537  55.507 0.0000000000
57550  -4.309  -35.844  51.609 0.0000000000
56400  -4.323  -36.351  50.858 0.0000000000
56399  -3.978  -36.812  51.169 0.0000000000
55097  -3.780  -37.314  50.855 0.0000000000
59538  -5.748  -32.975  66.578 0.0000000000
58425  -5.416  -33.833  66.595 0.0000000000
52359  -2.587  -37.906  63.692 0.0000000000
73836  -29.740  -21.353  57.823 0.0000000000
73828  -30.011  -21.428  58.391 0.0000000000
62038  -32.419  -31.361  55.403 0.0000000000
63148  -19.886  -30.057  64.134 0.0000000000
59590  -23.229  -32.496  62.780 0.0000000000
59575  -22.780  -32.296  63.206 0.0000000000
59607  -22.648  -32.182  61.488 0.0000000000
62018  -21.058  -30.542  57.354 0.0000000000
62007  -20.491  -30.215  57.660 0.0000000000
63247  -19.877  -29.879  56.962 0.0000000000
64595  -19.277  -29.539  56.239 0.0000000000
63256  -19.944  -29.951  56.073 0.0000000000
68012  -1.088  -25.943  59.083 0.0000000000
68027  -1.050  -26.438  58.431 0.0000000000
68043  -0.539  -26.677  57.592 0.0000000000
65721  -0.922  -26.994  58.099 0.0000000000
66840  -1.211  -27.258  58.092 0.0000000000
65722  -1.239  -27.251  58.336 0.0000000000
61976  -3.233  -31.316  60.499 0.0000000000
61977  -3.561  -30.865  60.016 0.0000000000
61988  -3.211  -32.175  59.690 0.0000000000
60736  -3.079  -32.481  59.194 0.0000000000
61987  -2.719  -32.581  60.017 0.0000000000
78279  -39.956  -17.499  46.441 0.0000000000
78272  -40.263  -17.336  47.167 0.0000000000
77255  -39.122  -18.443  46.639 0.0000000000
77262  -38.908  -18.393  45.847 0.0000000000
78278  -39.454  -17.954  46.118 0.0000000000
79351  -39.780  -17.402  45.764 0.0000000000
59553  -8.792  -33.597  63.578 0.0000000000
58437  -8.600  -33.771  63.905 0.0000000000
57347  -8.452  -34.283  63.630 0.0000000000
56128  -7.838  -34.842  63.059 0.0000000000
54843  -7.861  -34.953  62.712 0.0000000000
57446  -14.984  -33.236  56.184 0.0000000000
58563  -14.866  -32.988  56.719 0.0000000000
57445  -14.666  -33.356  56.179 0.0000000000
57427  -10.994  -33.976  57.902 0.0000000000
58527  -11.449  -33.588  58.325 0.0000000000
58511  -11.665  -32.959  59.513 0.0000000000
57398  -11.061  -33.464  59.244 0.0000000000
57411  -10.311  -34.236  58.649 0.0000000000
65807  -1.574  -28.211  51.174 0.0000000000
62083  -3.236  -31.060  51.401 0.0000000000
62125  -1.436  -31.659  48.502 0.0000000000
62138  -1.384  -31.741  48.202 0.0000000000
60905  -1.373  -31.794  47.694 0.0000000000
69131  -2.343  -25.884  65.456 0.0000000000
70293  -1.810  -26.441  65.605 0.0000000000
60640  -3.300  -31.774  66.646 0.0000000000
61866  -3.236  -31.380  66.731 0.0000000000
60646  -3.159  -32.076  66.300 0.0000000000
61886  -1.579  -30.832  64.936 0.0000000000
61915  -1.600  -31.019  63.243 0.0000000000
60684  -1.578  -32.362  62.881 0.0000000000
56185  -0.123  -36.475  59.630 0.0000000000
57410  -0.671  -35.901  59.423 0.0000000000
57424  -0.888  -35.869  58.756 0.0000000000
46556  0.454  -44.571  58.427 0.0000000000
61983  -32.819  -31.049  60.948 0.0000000000
57433  -30.722  -33.835  58.168 0.0000000000
58552  -31.322  -33.386  58.320 0.0000000000
58538  -31.264  -33.142  59.161 0.0000000000
60730  -31.771  -32.261  60.639 0.0000000000
60741  -31.941  -32.149  59.627 0.0000000000
61982  -32.238  -31.691  60.452 0.0000000000
61996  -32.479  -31.354  60.098 0.0000000000
57417  -27.358  -34.417  60.103 0.0000000000
56195  -28.025  -34.498  59.588 0.0000000000
57431  -29.773  -34.189  59.295 0.0000000000
56218  -29.611  -34.243  58.678 0.0000000000
57432  -30.220  -33.926  59.040 0.0000000000
56219  -30.028  -34.212  57.750 0.0000000000
57388  -28.533  -34.404  61.501 0.0000000000
57373  -28.247  -34.212  62.034 0.0000000000
57403  -27.813  -34.410  60.686 0.0000000000
82675  -44.322  -13.757  44.274 0.0000000000
78311  -38.638  -17.542  42.407 0.0000000000
77309  -38.512  -18.125  41.579 0.0000000000
78312  -39.140  -17.163  41.716 0.0000000000
79404  -39.791  -16.580  41.102 0.0000000000
79412  -40.445  -16.733  40.482 0.0000000000
79413  -41.364  -16.448  40.303 0.0000000000
81646  -42.869  -14.416  42.787 0.0000000000
81664  -42.410  -14.797  42.097 0.0000000000
81647  -43.675  -14.170  42.496 0.0000000000
75037  -33.105  -19.635  52.949 0.0000000000
76133  -33.705  -19.232  53.249 0.0000000000
75019  -33.218  -19.405  53.532 0.0000000000
76095  -33.442  -18.831  55.642 0.0000000000
76108  -33.488  -19.017  54.877 0.0000000000
73895  -28.250  -21.567  52.456 0.0000000000
75051  -29.435  -20.685  51.340 0.0000000000
73909  -29.308  -20.716  50.623 0.0000000000
75073  -29.834  -20.641  50.698 0.0000000000
60791  -4.425  -32.953  55.429 0.0000000000
59707  -4.146  -33.519  54.603 0.0000000000
58618  -2.636  -35.540  53.865 0.0000000000
58619  -3.719  -34.647  53.718 0.0000000000
58632  -3.422  -35.446  53.075 0.0000000000
57529  -3.165  -36.062  52.747 0.0000000000
57548  -3.063  -36.526  52.501 0.0000000000
57528  -2.468  -36.486  53.075 0.0000000000
55044  -1.709  -37.498  53.144 0.0000000000
53792  -1.685  -38.696  52.693 0.0000000000
52631  -1.848  -39.407  52.350 0.0000000000
54822  -5.630  -35.639  64.327 0.0000000000
54813  -5.432  -35.377  65.048 0.0000000000
53589  -4.948  -36.856  63.253 0.0000000000
71599  -30.376  -23.154  58.743 0.0000000000
66889  -31.879  -28.301  56.654 0.0000000000
68080  -30.650  -26.547  55.695 0.0000000000
69277  -30.604  -26.095  55.764 0.0000000000
69264  -30.660  -25.580  56.591 0.0000000000
61893  -21.012  -30.995  65.965 0.0000000000
59650  -23.231  -31.727  59.047 0.0000000000
59649  -22.685  -31.619  59.428 0.0000000000
81692  -44.524  -14.326  38.350 0.0000000000
81699  -44.795  -13.776  38.307 0.0000000000
82771  -44.702  -13.367  38.023 0.0000000000
83791  -45.013  -12.569  37.975 0.0000000000
84779  -45.538  -11.413  37.806 0.0000000000
84767  -46.079  -11.498  38.383 0.0000000000
67998  -1.293  -26.371  60.402 0.0000000000
66805  -1.349  -26.821  60.872 0.0000000000
65668  -1.478  -27.977  61.886 0.0000000000
66795  -1.567  -27.829  61.351 0.0000000000
65669  -1.901  -28.621  61.716 0.0000000000
64494  -2.676  -29.675  61.487 0.0000000000
64493  -2.308  -29.615  61.996 0.0000000000
73990  -35.261  -20.424  47.471 0.0000000000
74000  -36.919  -20.700  46.126 0.0000000000
75119  -37.078  -20.474  46.708 0.0000000000
76191  -37.967  -19.481  47.345 0.0000000000
77249  -38.653  -18.962  47.101 0.0000000000
64497  -8.953  -30.440  60.966 0.0000000000
63164  -9.772  -31.239  61.958 0.0000000000
63163  -9.184  -31.194  61.891 0.0000000000
61921  -9.188  -32.043  62.630 0.0000000000
60687  -9.488  -32.422  62.715 0.0000000000
57458  -11.049  -35.190  56.397 0.0000000000
69285  -2.419  -25.118  54.310 0.0000000000
68104  -2.159  -26.592  53.909 0.0000000000
58676  -3.404  -33.704  49.100 0.0000000000
58695  -2.008  -34.660  47.699 0.0000000000
58718  -1.245  -35.368  46.895 0.0000000000
67946  -3.753  -26.617  64.949 0.0000000000
67945  -3.183  -26.807  65.440 0.0000000000
67944  -2.802  -26.207  65.451 0.0000000000
56101  -1.843  -35.889  64.806 0.0000000000
57338  -1.721  -35.142  64.820 0.0000000000
56127  -0.844  -36.175  63.182 0.0000000000
57346  -1.345  -35.324  63.529 0.0000000000
58443  -1.361  -34.363  63.388 0.0000000000
54896  0.516  -37.229  60.821 0.0000000000
59714  -32.181  -32.167  55.131 0.0000000000
59700  -32.325  -32.194  55.795 0.0000000000
59669  -32.025  -32.470  57.852 0.0000000000
59683  -31.935  -33.021  57.225 0.0000000000
63249  -32.493  -30.758  58.237 0.0000000000
62019  -32.449  -31.336  57.670 0.0000000000
63248  -32.532  -30.755  57.550 0.0000000000
64584  -32.570  -29.851  57.777 0.0000000000
65717  -32.604  -27.938  59.287 0.0000000000
56265  -27.913  -34.522  57.008 0.0000000000
58447  -24.480  -32.932  64.657 0.0000000000
58457  -24.063  -32.759  64.164 0.0000000000
58458  -24.383  -32.889  63.808 0.0000000000
57360  -26.543  -33.607  63.374 0.0000000000
57371  -26.158  -33.631  62.681 0.0000000000
58496  -24.677  -33.179  61.563 0.0000000000
58516  -24.135  -32.851  61.128 0.0000000000
58533  -24.097  -32.694  60.103 0.0000000000
79414  -42.495  -16.269  39.939 0.0000000000
78330  -42.261  -16.969  39.055 0.0000000000
79421  -42.650  -16.612  39.192 0.0000000000
80594  -43.680  -15.570  38.793 0.0000000000
80595  -44.291  -14.952  38.643 0.0000000000
81682  -46.302  -14.012  41.108 0.0000000000
82745  -46.949  -13.622  40.801 0.0000000000
76161  -35.895  -19.183  50.227 0.0000000000
76146  -35.699  -19.050  50.915 0.0000000000
77186  -35.053  -18.725  53.628 0.0000000000
73931  -31.148  -20.685  50.035 0.0000000000
73978  -33.402  -20.536  48.571 0.0000000000
75103  -33.791  -20.245  49.284 0.0000000000
75079  -34.840  -19.771  49.817 0.0000000000
76172  -35.377  -19.570  49.672 0.0000000000
63246  -16.126  -29.846  57.110 0.0000000000
62026  -15.823  -30.566  56.152 0.0000000000
73917  -0.912  -21.276  50.447 0.0000000000
71700  -1.409  -23.083  50.323 0.0000000000
71714  -1.399  -23.880  50.087 0.0000000000
69353  -1.302  -25.320  49.656 0.0000000000
64601  -3.251  -29.149  55.216 0.0000000000
64602  -4.249  -29.553  55.433 0.0000000000
64630  -5.390  -30.124  54.048 0.0000000000
63278  -4.658  -29.972  54.397 0.0000000000
63307  -5.097  -30.587  52.488 0.0000000000
60802  -5.340  -32.756  54.445 0.0000000000
62056  -6.013  -32.239  54.016 0.0000000000
60811  -5.827  -32.612  53.304 0.0000000000
58648  -5.365  -34.342  51.374 0.0000000000
59774  -4.858  -33.537  49.597 0.0000000000
59775  -5.292  -34.207  49.792 0.0000000000
57583  -4.193  -36.070  49.195 0.0000000000
64423  -3.940  -30.101  65.776 0.0000000000
63104  -4.543  -30.938  65.756 0.0000000000
59536  -4.714  -33.144  67.726 0.0000000000
60639  -5.125  -31.897  68.052 0.0000000000
59530  -4.277  -32.649  68.180 0.0000000000
60642  -3.739  -32.659  67.783 0.0000000000
58418  -3.877  -34.163  67.556 0.0000000000
54794  -4.548  -35.292  65.812 0.0000000000
53553  -2.638  -36.924  64.792 0.0000000000
54792  -3.529  -36.079  66.055 0.0000000000
54791  -2.857  -36.273  65.956 0.0000000000
57315  -3.090  -34.827  66.655 0.0000000000
56089  -2.301  -36.081  65.566 0.0000000000
56088  -2.136  -35.841  65.395 0.0000000000
54808  -2.235  -36.377  65.100 0.0000000000
52378  -1.597  -38.421  63.434 0.0000000000
53569  -1.699  -37.270  64.004 0.0000000000
52377  -1.127  -38.729  62.889 0.0000000000
53586  -0.900  -37.652  63.399 0.0000000000
74985  -29.746  -20.213  55.194 0.0000000000
65784  -31.515  -29.386  54.899 0.0000000000
65785  -31.940  -29.771  55.083 0.0000000000
64622  -31.219  -29.643  54.253 0.0000000000
71640  -28.956  -23.171  55.588 0.0000000000
73860  -28.723  -21.302  55.039 0.0000000000
64486  -19.177  -29.328  63.513 0.0000000000
64469  -18.375  -29.019  64.055 0.0000000000
64504  -18.139  -28.727  61.746 0.0000000000
60740  -22.210  -31.416  59.741 0.0000000000
60729  -22.229  -31.577  60.662 0.0000000000
61981  -21.300  -30.489  60.513 0.0000000000
63210  -19.859  -29.528  60.298 0.0000000000
64547  -18.734  -29.030  59.497 0.0000000000
64579  -18.117  -29.273  57.207 0.0000000000
64606  -18.644  -29.439  55.493 0.0000000000
64605  -17.710  -29.486  55.331 0.0000000000
85735  -45.778  -10.588  37.280 0.0000000000
86685  -45.944  -9.387  34.792 0.0000000000
70435  -2.690  -24.817  56.491 0.0000000000
70447  -1.912  -25.472  55.707 0.0000000000
69220  -1.684  -25.211  57.799 0.0000000000
69256  -0.498  -26.525  56.859 0.0000000000
69257  -1.015  -26.600  56.985 0.0000000000
68059  -1.276  -26.728  56.451 0.0000000000
65744  -2.705  -28.385  57.291 0.0000000000
64575  -3.515  -28.820  57.772 0.0000000000
65702  -2.051  -27.959  59.431 0.0000000000
65703  -2.893  -28.656  59.858 0.0000000000
63234  -3.921  -30.930  59.152 0.0000000000
63222  -4.061  -29.969  59.037 0.0000000000
63235  -4.230  -30.433  58.628 0.0000000000
62003  -4.328  -30.976  58.172 0.0000000000
60765  -4.637  -31.945  57.180 0.0000000000
62013  -4.050  -31.831  57.999 0.0000000000
60763  -3.258  -33.158  57.590 0.0000000000
60776  -2.612  -33.952  56.924 0.0000000000
59677  -2.640  -34.114  56.548 0.0000000000
79371  -40.924  -15.870  45.346 0.0000000000
80498  -41.461  -15.532  45.815 0.0000000000
76093  -32.005  -19.242  56.324 0.0000000000
75130  -37.341  -20.235  44.984 0.0000000000
74015  -36.818  -20.758  44.489 0.0000000000
77273  -38.220  -18.454  44.723 0.0000000000
76204  -37.593  -19.366  44.552 0.0000000000
77272  -37.706  -18.811  43.931 0.0000000000
77282  -37.714  -18.816  43.482 0.0000000000
77283  -37.993  -18.351  43.503 0.0000000000
78297  -38.484  -17.838  44.267 0.0000000000
79370  -40.627  -16.143  45.121 0.0000000000
63126  -5.581  -30.876  64.036 0.0000000000
61876  -6.030  -32.304  65.552 0.0000000000
61888  -6.685  -32.092  64.708 0.0000000000
61959  -8.069  -31.448  62.062 0.0000000000
61938  -7.667  -31.569  62.484 0.0000000000
61918  -7.625  -31.830  63.151 0.0000000000
59546  -7.699  -33.521  64.975 0.0000000000
61890  -7.534  -32.862  64.801 0.0000000000
59545  -7.210  -33.425  65.176 0.0000000000
60651  -7.048  -32.843  65.273 0.0000000000
57330  -7.192  -34.213  65.127 0.0000000000
56092  -6.813  -34.713  65.091 0.0000000000
56103  -6.894  -35.100  64.685 0.0000000000
54841  -6.751  -35.832  62.769 0.0000000000
54858  -6.362  -36.446  61.879 0.0000000000
53636  -5.732  -36.500  61.718 0.0000000000
53653  -5.991  -36.468  60.905 0.0000000000
62006  -15.429  -30.650  58.036 0.0000000000
63225  -15.727  -30.158  58.804 0.0000000000
61992  -15.436  -30.731  58.788 0.0000000000
60727  -14.911  -31.739  59.282 0.0000000000
60716  -14.858  -31.611  59.900 0.0000000000
57444  -13.620  -33.712  56.531 0.0000000000
58561  -13.451  -33.511  57.145 0.0000000000
58512  -12.598  -32.570  59.169 0.0000000000
58513  -13.490  -32.418  59.041 0.0000000000
58493  -13.234  -32.008  59.681 0.0000000000
59587  -13.788  -31.511  60.229 0.0000000000
59586  -13.123  -31.540  60.482 0.0000000000
60713  -11.814  -31.547  61.395 0.0000000000
60699  -11.134  -31.874  61.703 0.0000000000
59617  -9.793  -33.786  60.908 0.0000000000
59583  -10.369  -32.922  61.974 0.0000000000
58488  -9.550  -33.842  61.447 0.0000000000
58467  -9.326  -33.999  62.032 0.0000000000
57382  -9.280  -34.225  61.192 0.0000000000
56210  -9.745  -34.963  58.147 0.0000000000
56188  -9.594  -34.979  58.688 0.0000000000
54946  -9.175  -35.281  58.526 0.0000000000
53698  -7.990  -35.635  59.537 0.0000000000
54921  -8.382  -35.517  59.690 0.0000000000
54900  -8.122  -35.621  60.489 0.0000000000
54899  -7.479  -36.039  60.712 0.0000000000
53676  -7.571  -35.843  59.910 0.0000000000
72779  -1.938  -22.319  52.870 0.0000000000
70471  -2.490  -24.172  53.403 0.0000000000
70470  -2.155  -24.225  52.835 0.0000000000
71690  -1.533  -23.433  51.411 0.0000000000
69339  -1.551  -25.368  50.462 0.0000000000
66965  -1.346  -27.117  49.667 0.0000000000
64600  -2.887  -29.212  54.640 0.0000000000
64613  -2.732  -29.555  54.096 0.0000000000
62053  -2.263  -30.608  52.480 0.0000000000
64628  -1.861  -29.868  52.656 0.0000000000
64640  -1.719  -29.793  52.078 0.0000000000
60851  -2.888  -31.207  50.639 0.0000000000
60866  -2.407  -31.369  49.843 0.0000000000
62109  -1.558  -30.613  50.066 0.0000000000
62094  -1.809  -30.405  50.834 0.0000000000
64651  -1.383  -29.521  51.346 0.0000000000
64659  -1.137  -29.499  50.439 0.0000000000
64667  -1.003  -29.402  49.524 0.0000000000
64684  -0.955  -28.984  47.645 0.0000000000
63366  -1.009  -30.265  47.891 0.0000000000
69142  -0.883  -25.983  64.233 0.0000000000
64417  -3.711  -29.878  66.073 0.0000000000
65602  -3.450  -29.273  66.451 0.0000000000
65601  -3.228  -29.244  66.867 0.0000000000
64405  -2.443  -29.658  67.618 0.0000000000
65598  -2.765  -28.960  67.492 0.0000000000
66728  -2.190  -28.645  67.773 0.0000000000
67918  -2.338  -27.847  66.895 0.0000000000
65596  -1.936  -28.317  67.536 0.0000000000
59544  -2.210  -33.230  65.152 0.0000000000
60649  -2.435  -32.074  65.602 0.0000000000
61875  -1.855  -31.119  65.639 0.0000000000
63102  -1.454  -29.851  65.645 0.0000000000
63094  -1.488  -29.586  66.162 0.0000000000
64413  -1.414  -28.944  66.048 0.0000000000
65599  -1.485  -28.231  66.279 0.0000000000
65610  -1.290  -28.101  65.671 0.0000000000
66743  -1.324  -27.450  65.585 0.0000000000
65623  -1.183  -28.174  65.188 0.0000000000
63125  -1.287  -29.122  64.275 0.0000000000
64446  -1.194  -28.049  64.595 0.0000000000
64445  -1.209  -28.152  64.250 0.0000000000
66759  -0.711  -27.209  63.962 0.0000000000
65644  -1.339  -28.407  63.495 0.0000000000
64462  -1.448  -29.042  63.399 0.0000000000
61935  -1.884  -31.386  62.287 0.0000000000
63158  -1.809  -30.233  62.756 0.0000000000
61936  -2.188  -30.975  61.967 0.0000000000
61954  -2.002  -32.029  61.650 0.0000000000
59582  -1.284  -33.776  61.611 0.0000000000
59629  -1.258  -34.796  59.743 0.0000000000
59616  -1.449  -34.146  60.194 0.0000000000
60725  -1.962  -33.458  60.053 0.0000000000
60734  -2.125  -33.657  59.083 0.0000000000
59674  -1.500  -34.961  57.906 0.0000000000
58572  -1.481  -35.605  57.248 0.0000000000
58573  -1.945  -35.111  56.682 0.0000000000
57475  -1.356  -36.296  56.158 0.0000000000
48883  0.075  -42.299  60.337 0.0000000000
51313  -0.117  -40.136  60.499 0.0000000000
51334  0.039  -39.966  59.240 0.0000000000
52493  0.088  -39.117  58.327 0.0000000000
52505  -0.065  -39.299  57.340 0.0000000000
53730  -0.348  -38.523  56.705 0.0000000000
54982  -0.521  -37.624  57.062 0.0000000000
53745  -0.468  -38.831  56.186 0.0000000000
53746  -0.788  -38.529  55.725 0.0000000000
55000  -1.182  -37.717  55.399 0.0000000000
56272  -1.343  -36.803  55.259 0.0000000000
55022  -1.437  -37.488  54.463 0.0000000000
60706  -31.758  -32.002  62.192 0.0000000000
60694  -31.942  -31.746  62.710 0.0000000000
58550  -30.565  -33.585  59.594 0.0000000000
58537  -30.919  -33.244  59.744 0.0000000000
59638  -30.950  -33.083  60.445 0.0000000000
59625  -31.237  -32.749  60.915 0.0000000000
56177  -28.684  -34.496  60.668 0.0000000000
56196  -28.778  -34.498  59.716 0.0000000000
56178  -29.305  -34.417  60.321 0.0000000000
57418  -29.932  -34.116  60.014 0.0000000000
57362  -28.867  -34.040  62.905 0.0000000000
57363  -29.249  -34.085  62.611 0.0000000000
56150  -29.300  -34.379  61.704 0.0000000000
59578  -30.252  -33.301  63.046 0.0000000000
81613  -43.478  -14.050  44.766 0.0000000000
79398  -40.465  -15.639  42.264 0.0000000000
80567  -40.957  -15.440  42.297 0.0000000000
80568  -41.675  -15.218  41.914 0.0000000000
75018  -32.605  -19.612  53.874 0.0000000000
75002  -32.501  -19.431  54.592 0.0000000000
76107  -32.699  -19.188  55.142 0.0000000000
76094  -32.670  -19.042  55.968 0.0000000000
75014  -28.791  -20.707  52.861 0.0000000000
75015  -29.653  -20.384  53.191 0.0000000000
75034  -30.420  -20.434  52.542 0.0000000000
75053  -31.032  -20.425  51.767 0.0000000000
59691  -3.202  -33.854  55.482 0.0000000000
59706  -3.448  -34.063  54.756 0.0000000000
57511  -2.419  -36.077  53.532 0.0000000000
56320  -1.759  -37.105  53.457 0.0000000000
55043  -1.541  -37.735  53.422 0.0000000000
53600  -5.160  -36.713  62.735 0.0000000000
53616  -4.250  -37.379  61.973 0.0000000000
68052  -31.767  -27.242  57.589 0.0000000000
69250  -30.902  -25.551  57.517 0.0000000000
70409  -30.969  -24.960  58.481 0.0000000000
59680  -22.566  -31.210  57.450 0.0000000000
82757  -45.750  -13.483  39.230 0.0000000000
82768  -46.015  -13.063  39.248 0.0000000000
84754  -47.872  -11.601  39.662 0.0000000000
66793  -1.301  -26.798  61.324 0.0000000000
67987  -1.173  -26.712  61.939 0.0000000000
75112  -35.505  -20.111  48.243 0.0000000000
75113  -36.153  -20.118  47.801 0.0000000000
75114  -36.930  -20.148  47.421 0.0000000000
76190  -37.351  -19.668  47.672 0.0000000000
76182  -37.715  -19.268  47.971 0.0000000000
64498  -9.645  -30.292  60.892 0.0000000000
63165  -10.160  -31.315  62.002 0.0000000000
64484  -17.187  -28.746  62.492 0.0000000000
70551  -1.146  -24.824  48.865 0.0000000000
69382  -1.133  -25.497  48.254 0.0000000000
57608  -3.739  -35.421  48.725 0.0000000000
57607  -2.813  -35.335  47.982 0.0000000000
57606  -2.058  -35.556  47.631 0.0000000000
67953  -4.119  -26.661  64.556 0.0000000000
66753  -3.459  -27.692  65.591 0.0000000000
54819  -1.276  -36.695  63.865 0.0000000000
56143  -0.078  -36.160  62.636 0.0000000000
54877  0.481  -37.461  61.546 0.0000000000
53633  0.309  -38.131  61.000 0.0000000000
60757  -32.413  -31.330  59.313 0.0000000000
60771  -32.322  -31.437  58.712 0.0000000000
62009  -32.567  -30.944  59.161 0.0000000000
63240  -32.629  -30.594  58.928 0.0000000000
64569  -32.799  -29.474  58.923 0.0000000000
54974  -28.826  -34.397  57.401 0.0000000000
57385  -26.530  -33.857  61.719 0.0000000000
57400  -25.562  -33.502  60.221 0.0000000000
58534  -25.007  -33.016  59.669 0.0000000000
58549  -25.209  -32.972  58.616 0.0000000000
81669  -46.358  -13.887  41.902 0.0000000000
80570  -43.272  -15.175  41.084 0.0000000000
80580  -43.344  -15.550  40.259 0.0000000000
80581  -44.256  -15.173  40.246 0.0000000000
80582  -44.793  -14.949  39.994 0.0000000000
81680  -44.821  -14.815  40.455 0.0000000000
81668  -45.680  -14.117  41.474 0.0000000000
77205  -35.786  -18.820  51.344 0.0000000000
76145  -35.212  -19.104  51.401 0.0000000000
77187  -35.746  -18.294  53.320 0.0000000000
73934  -33.368  -20.483  50.038 0.0000000000
75092  -33.779  -20.252  49.879 0.0000000000
75078  -34.320  -19.885  50.304 0.0000000000
62035  -16.052  -30.536  55.191 0.0000000000
71701  -1.498  -23.666  50.690 0.0000000000
64603  -5.045  -29.824  55.411 0.0000000000
64604  -5.374  -30.084  55.086 0.0000000000
64617  -5.564  -30.281  54.460 0.0000000000
59735  -5.371  -33.613  52.672 0.0000000000
58634  -5.260  -34.052  52.043 0.0000000000
58662  -5.314  -34.764  50.320 0.0000000000
57585  -5.077  -35.090  49.690 0.0000000000
57566  -4.747  -35.828  50.536 0.0000000000
56418  -4.444  -36.155  50.197 0.0000000000
53845  -3.763  -37.479  50.336 0.0000000000
53825  -3.666  -37.757  50.723 0.0000000000
61873  -5.349  -32.066  66.386 0.0000000000
61872  -4.950  -31.632  66.811 0.0000000000
60644  -5.366  -32.426  66.823 0.0000000000
59537  -5.214  -32.752  67.295 0.0000000000
57306  -4.687  -34.161  67.011 0.0000000000
53572  -3.240  -37.344  64.197 0.0000000000
54811  -3.834  -36.432  65.471 0.0000000000
53571  -2.654  -37.390  64.264 0.0000000000
53552  -2.178  -36.856  64.670 0.0000000000
74960  -29.949  -20.429  57.379 0.0000000000
66915  -30.670  -28.309  54.797 0.0000000000
70442  -29.667  -24.067  56.090 0.0000000000
71639  -28.665  -22.808  55.058 0.0000000000
72757  -28.563  -22.143  55.089 0.0000000000
72758  -28.806  -22.184  55.761 0.0000000000
60691  -23.028  -32.403  64.149 0.0000000000
60704  -22.233  -31.808  62.683 0.0000000000
60728  -21.751  -31.073  60.095 0.0000000000
61980  -20.674  -29.907  59.807 0.0000000000
64580  -19.130  -29.389  57.131 0.0000000000
82785  -43.222  -13.181  36.635 0.0000000000
69219  -1.349  -25.546  58.182 0.0000000000
69218  -1.065  -26.277  57.877 0.0000000000
68057  0.004  -26.492  56.978 0.0000000000
66879  -0.544  -27.235  57.153 0.0000000000
66861  -1.347  -27.372  57.574 0.0000000000
66842  -1.709  -27.709  58.020 0.0000000000
65724  -2.345  -28.157  58.436 0.0000000000
64514  -3.110  -29.555  60.705 0.0000000000
63204  -3.485  -30.427  60.249 0.0000000000
60750  -3.766  -32.052  58.193 0.0000000000
62001  -3.314  -32.217  59.048 0.0000000000
60748  -2.660  -33.322  58.425 0.0000000000
76198  -38.202  -19.318  45.884 0.0000000000
77261  -38.434  -18.753  45.577 0.0000000000
78289  -39.003  -17.827  45.100 0.0000000000
63144  -6.293  -31.349  63.466 0.0000000000
60674  -8.366  -32.646  63.684 0.0000000000
61902  -7.783  -32.581  64.197 0.0000000000
60663  -8.345  -32.943  63.960 0.0000000000
59547  -8.124  -33.519  64.600 0.0000000000
57339  -7.751  -34.232  64.838 0.0000000000
56104  -7.512  -34.715  64.372 0.0000000000
56116  -7.638  -34.827  63.623 0.0000000000
54842  -7.392  -35.220  63.003 0.0000000000
54859  -6.953  -36.174  62.010 0.0000000000
59664  -15.109  -32.175  56.949 0.0000000000
60752  -15.195  -31.211  58.234 0.0000000000
59663  -14.887  -32.332  57.262 0.0000000000
59648  -14.726  -32.114  58.052 0.0000000000
58531  -14.349  -32.482  58.367 0.0000000000
58575  -12.163  -34.222  57.102 0.0000000000
59661  -12.744  -33.761  57.693 0.0000000000
58544  -12.225  -33.781  57.884 0.0000000000
58528  -11.898  -33.292  58.478 0.0000000000
58492  -12.580  -32.190  60.216 0.0000000000
58491  -11.502  -32.841  60.616 0.0000000000
59585  -11.441  -32.639  61.159 0.0000000000
58470  -11.091  -32.929  61.190 0.0000000000
58490  -10.684  -33.269  60.893 0.0000000000
58509  -10.042  -33.678  60.674 0.0000000000
56208  -8.564  -35.495  58.049 0.0000000000
53697  -7.520  -35.784  59.363 0.0000000000
72780  -2.334  -22.759  53.307 0.0000000000
69323  -1.740  -25.340  51.352 0.0000000000
65815  -1.441  -27.801  50.470 0.0000000000
63292  -3.708  -30.518  53.411 0.0000000000
63275  -2.720  -30.258  53.762 0.0000000000
62055  -3.163  -31.004  52.866 0.0000000000
62054  -2.602  -30.879  52.747 0.0000000000
62068  -2.608  -30.984  52.124 0.0000000000
63345  -1.143  -30.204  49.804 0.0000000000
63089  -3.469  -30.973  67.166 0.0000000000
64412  -3.290  -30.157  67.167 0.0000000000
63088  -3.148  -30.551  67.152 0.0000000000
63086  -2.377  -30.191  67.393 0.0000000000
63091  -2.103  -30.224  67.333 0.0000000000
61887  -1.727  -31.568  65.087 0.0000000000
63141  -1.433  -29.690  63.729 0.0000000000
58507  -0.895  -35.081  60.627 0.0000000000
58526  -0.968  -35.326  59.952 0.0000000000
59644  -1.425  -34.842  59.059 0.0000000000
57439  -1.117  -36.181  57.983 0.0000000000
48898  0.269  -42.397  59.329 0.0000000000
52538  -0.505  -39.305  55.885 0.0000000000
56245  -30.879  -34.308  56.872 0.0000000000
57452  -31.264  -33.978  56.854 0.0000000000
57434  -31.155  -33.885  57.566 0.0000000000
59668  -31.714  -32.919  58.014 0.0000000000
59653  -31.855  -32.490  58.470 0.0000000000
60755  -31.858  -32.339  58.921 0.0000000000
60742  -32.271  -31.619  59.572 0.0000000000
60743  -32.498  -31.276  59.728 0.0000000000
61984  -33.050  -30.630  60.572 0.0000000000
57430  -26.660  -34.344  58.974 0.0000000000
56216  -27.330  -34.520  58.434 0.0000000000
56217  -27.961  -34.593  58.415 0.0000000000
54973  -28.336  -34.512  57.874 0.0000000000
54933  -28.816  -34.501  59.017 0.0000000000
54954  -28.782  -34.444  58.269 0.0000000000
56243  -29.886  -34.390  57.010 0.0000000000
58476  -26.956  -33.686  62.887 0.0000000000
58478  -28.374  -34.056  62.491 0.0000000000
58477  -27.792  -33.903  62.553 0.0000000000
57386  -26.982  -34.164  61.617 0.0000000000
57402  -27.040  -34.302  60.960 0.0000000000
57416  -26.728  -34.318  59.934 0.0000000000
82693  -44.927  -13.653  43.421 0.0000000000
78318  -39.461  -17.327  40.751 0.0000000000
78319  -40.044  -17.455  40.151 0.0000000000
79407  -42.426  -15.791  40.679 0.0000000000
80569  -42.491  -15.273  41.259 0.0000000000
76134  -34.374  -19.106  52.806 0.0000000000
76109  -34.219  -18.854  54.609 0.0000000000
75032  -28.833  -20.832  51.918 0.0000000000
73908  -28.448  -21.147  51.193 0.0000000000
73929  -28.823  -20.796  49.953 0.0000000000
73954  -29.640  -20.774  49.091 0.0000000000
75075  -31.580  -20.559  50.887 0.0000000000
60780  -5.390  -31.836  56.028 0.0000000000
62034  -5.714  -31.448  55.465 0.0000000000
60792  -5.379  -32.237  55.461 0.0000000000
59719  -3.812  -34.069  54.231 0.0000000000
59720  -4.358  -33.848  53.815 0.0000000000
59734  -4.810  -34.022  53.202 0.0000000000
57530  -3.825  -35.711  52.428 0.0000000000
56378  -3.475  -36.861  51.974 0.0000000000
56377  -2.725  -37.024  52.505 0.0000000000
55078  -2.337  -38.212  52.154 0.0000000000
56350  -2.170  -37.174  52.897 0.0000000000
53807  -2.014  -38.668  52.205 0.0000000000
57328  -6.048  -34.257  65.740 0.0000000000
56081  -5.577  -34.656  65.662 0.0000000000
54821  -4.955  -36.235  64.563 0.0000000000
53556  -4.509  -36.596  64.546 0.0000000000
53588  -4.251  -37.277  63.338 0.0000000000
53573  -3.915  -37.144  63.947 0.0000000000
52361  -3.568  -37.640  63.263 0.0000000000
72725  -29.959  -22.213  58.368 0.0000000000
72726  -30.289  -22.320  58.965 0.0000000000
65766  -32.344  -29.695  56.061 0.0000000000
64609  -32.301  -30.111  55.581 0.0000000000
66903  -31.627  -28.675  55.715 0.0000000000
68066  -31.587  -27.473  56.871 0.0000000000
66902  -31.033  -27.987  55.560 0.0000000000
68097  -30.637  -27.482  55.302 0.0000000000
68111  -29.824  -26.734  54.271 0.0000000000
69292  -30.134  -26.134  54.768 0.0000000000
69291  -29.967  -25.395  55.006 0.0000000000
69249  -30.579  -25.202  57.127 0.0000000000
69263  -30.427  -25.086  56.628 0.0000000000
70443  -30.145  -24.649  56.363 0.0000000000
71629  -29.842  -24.135  56.855 0.0000000000
63120  -20.487  -30.519  66.027 0.0000000000
59622  -22.932  -32.378  60.969 0.0000000000
60754  -22.184  -31.162  58.755 0.0000000000
60769  -22.104  -30.896  57.748 0.0000000000
60753  -21.699  -30.721  58.032 0.0000000000
81706  -43.627  -13.869  37.321 0.0000000000
82774  -43.485  -13.318  36.934 0.0000000000
83794  -43.882  -12.487  36.824 0.0000000000
83793  -43.618  -11.990  36.152 0.0000000000
84778  -44.873  -11.478  37.215 0.0000000000
84768  -46.701  -11.427  38.814 0.0000000000
68011  -1.156  -26.254  59.497 0.0000000000
65700  -1.301  -27.125  59.005 0.0000000000
66823  -1.518  -27.309  59.720 0.0000000000
65683  -1.741  -27.718  60.033 0.0000000000
65684  -2.159  -28.247  60.501 0.0000000000
66807  -1.741  -27.963  60.832 0.0000000000
61956  -2.963  -30.997  61.049 0.0000000000
78265  -39.896  -17.802  47.838 0.0000000000
77232  -39.367  -17.518  49.097 0.0000000000
73998  -34.935  -20.919  46.502 0.0000000000
74005  -36.372  -21.235  45.013 0.0000000000
75120  -37.721  -19.963  46.660 0.0000000000
75124  -37.886  -19.771  46.120 0.0000000000
63207  -7.680  -30.721  60.844 0.0000000000
63185  -8.320  -31.057  61.462 0.0000000000
61939  -8.409  -31.535  62.311 0.0000000000
63186  -9.145  -30.793  61.443 0.0000000000
61940  -9.049  -31.672  62.401 0.0000000000
60685  -8.618  -32.319  63.165 0.0000000000
60686  -8.909  -32.430  63.044 0.0000000000
59563  -8.995  -33.160  63.354 0.0000000000
58455  -9.216  -33.857  62.740 0.0000000000
57481  -14.411  -34.197  55.216 0.0000000000
57480  -13.827  -34.397  55.199 0.0000000000
57460  -13.161  -34.255  56.003 0.0000000000
57442  -11.390  -34.315  57.364 0.0000000000
57426  -10.403  -34.524  57.967 0.0000000000
57425  -10.324  -34.803  57.657 0.0000000000
56234  -9.734  -35.256  57.386 0.0000000000
71646  -3.362  -23.456  54.189 0.0000000000
65798  -1.761  -28.340  52.148 0.0000000000
60852  -4.217  -32.108  50.289 0.0000000000
62095  -3.476  -31.472  50.683 0.0000000000
60868  -3.943  -32.258  49.977 0.0000000000
59787  -2.739  -33.340  48.956 0.0000000000
70313  -4.496  -24.779  64.926 0.0000000000
70303  -4.041  -24.574  65.251 0.0000000000
69133  -3.314  -25.571  65.261 0.0000000000
67932  -2.439  -26.361  65.558 0.0000000000
58422  -2.385  -34.536  65.752 0.0000000000
59539  -2.779  -33.199  65.776 0.0000000000
58428  -2.134  -34.271  65.269 0.0000000000
57337  -1.558  -35.216  64.193 0.0000000000
59551  -1.866  -33.251  64.789 0.0000000000
59550  -1.571  -33.225  64.236 0.0000000000
59562  -1.478  -33.285  63.207 0.0000000000
58466  -0.990  -34.318  61.936 0.0000000000
57381  -0.327  -35.619  61.031 0.0000000000
54940  0.124  -37.219  59.041 0.0000000000
60797  -32.411  -31.827  55.595 0.0000000000
63259  -32.509  -31.056  55.868 0.0000000000
58583  -31.622  -33.440  56.650 0.0000000000
60770  -32.300  -31.860  57.891 0.0000000000
60784  -32.514  -31.932  56.987 0.0000000000
63257  -32.485  -30.180  56.413 0.0000000000
64597  -32.444  -29.758  56.667 0.0000000000
65755  -32.358  -28.894  57.241 0.0000000000
66855  -32.263  -27.796  58.392 0.0000000000
66873  -32.033  -27.377  58.138 0.0000000000
59554  -23.896  -32.660  64.980 0.0000000000
58473  -23.841  -32.689  63.341 0.0000000000
58494  -23.682  -32.629  62.428 0.0000000000
57358  -25.223  -33.387  63.780 0.0000000000
57369  -24.687  -33.190  63.188 0.0000000000
58495  -24.265  -32.890  62.153 0.0000000000
58515  -23.570  -32.614  61.526 0.0000000000
59651  -23.920  -31.851  58.573 0.0000000000
58548  -24.479  -32.471  59.058 0.0000000000
79415  -43.131  -15.957  39.669 0.0000000000
79422  -43.101  -16.286  39.039 0.0000000000
77346  -42.473  -16.758  37.898 0.0000000000
80603  -43.685  -14.770  37.893 0.0000000000
80596  -44.918  -14.404  38.938 0.0000000000
81689  -45.655  -14.097  39.517 0.0000000000
82759  -47.412  -13.024  40.655 0.0000000000
77219  -36.652  -18.845  49.881 0.0000000000
76123  -34.992  -18.911  53.201 0.0000000000
73979  -34.425  -20.285  48.229 0.0000000000
73959  -34.700  -20.030  48.863 0.0000000000
73960  -35.022  -19.964  48.845 0.0000000000
75095  -35.467  -19.717  49.096 0.0000000000
64546  -17.353  -29.054  59.276 0.0000000000
63238  -15.863  -29.932  58.053 0.0000000000
60781  -15.498  -31.444  56.191 0.0000000000
59679  -15.301  -32.327  56.282 0.0000000000
58580  -15.312  -32.992  55.548 0.0000000000
57482  -14.979  -34.105  55.010 0.0000000000
56280  -14.709  -34.395  54.835 0.0000000000
70539  -1.178  -24.895  49.243 0.0000000000
69352  -0.964  -25.553  49.115 0.0000000000
66909  -2.547  -28.045  54.981 0.0000000000
65773  -2.733  -28.438  55.171 0.0000000000
63263  -3.425  -29.776  54.719 0.0000000000
63277  -4.039  -30.018  54.502 0.0000000000
62071  -4.358  -30.794  52.046 0.0000000000
62085  -4.812  -31.145  51.461 0.0000000000
63280  -6.252  -31.523  54.028 0.0000000000
63295  -6.263  -31.166  53.391 0.0000000000
60826  -5.816  -32.725  52.315 0.0000000000
62072  -6.078  -31.943  52.131 0.0000000000
63308  -5.938  -31.090  52.446 0.0000000000
63322  -5.665  -31.209  51.921 0.0000000000
62098  -5.326  -31.844  50.970 0.0000000000
62097  -5.015  -31.725  50.814 0.0000000000
60869  -4.526  -32.771  49.799 0.0000000000
58698  -4.150  -34.533  49.203 0.0000000000
57609  -4.169  -34.958  49.113 0.0000000000
55080  -3.621  -37.188  51.525 0.0000000000
63096  -4.164  -30.555  66.572 0.0000000000
61868  -4.843  -31.569  67.318 0.0000000000
61867  -4.398  -31.400  67.266 0.0000000000
63092  -4.159  -30.803  66.972 0.0000000000
60637  -3.905  -31.944  67.599 0.0000000000
60641  -3.535  -32.048  67.103 0.0000000000
59541  -3.274  -33.239  66.905 0.0000000000
57317  -4.600  -34.473  66.761 0.0000000000
57305  -4.298  -34.499  67.020 0.0000000000
56078  -3.800  -35.216  66.407 0.0000000000
57304  -3.714  -34.709  66.830 0.0000000000
57303  -3.418  -34.619  66.885 0.0000000000
58424  -3.082  -33.833  66.918 0.0000000000
58423  -2.759  -34.114  66.334 0.0000000000
57313  -2.221  -35.246  65.688 0.0000000000
54820  -1.615  -36.569  64.271 0.0000000000
74972  -31.501  -19.420  56.536 0.0000000000
74961  -30.586  -19.980  57.921 0.0000000000
64610  -32.130  -30.188  54.966 0.0000000000
64633  -31.256  -30.046  53.678 0.0000000000
72784  -28.240  -22.420  53.413 0.0000000000
73872  -28.585  -21.327  54.435 0.0000000000
74998  -28.937  -20.648  53.846 0.0000000000
74999  -29.744  -20.205  54.168 0.0000000000
64453  -18.465  -29.234  64.980 0.0000000000
64468  -17.463  -28.761  63.549 0.0000000000
65677  -17.785  -28.695  62.223 0.0000000000
60678  -22.554  -31.964  64.774 0.0000000000
61907  -21.868  -31.540  65.163 0.0000000000
61894  -21.640  -31.307  65.678 0.0000000000
61906  -21.168  -31.218  65.123 0.0000000000
59621  -22.522  -32.009  60.995 0.0000000000
60718  -22.273  -31.751  61.590 0.0000000000
60703  -21.640  -31.361  62.189 0.0000000000
61948  -21.040  -31.014  62.873 0.0000000000
63172  -20.528  -30.553  63.545 0.0000000000
64593  -17.358  -29.434  56.203 0.0000000000
84794  -44.093  -10.994  35.632 0.0000000000
85745  -44.623  -10.478  35.868 0.0000000000
85753  -45.245  -9.922  35.395 0.0000000000
86690  -46.796  -8.989  34.127 0.0000000000
69270  -1.761  -25.950  55.406 0.0000000000
69240  -1.567  -25.498  57.235 0.0000000000
64589  -3.242  -28.702  56.695 0.0000000000
64592  -5.186  -30.133  56.943 0.0000000000
65725  -3.079  -28.663  58.752 0.0000000000
64538  -3.422  -29.509  59.875 0.0000000000
64558  -3.567  -29.127  58.956 0.0000000000
63244  -4.665  -30.493  57.802 0.0000000000
62015  -5.110  -30.919  56.979 0.0000000000
62024  -4.894  -31.744  56.967 0.0000000000
60778  -3.883  -33.021  56.636 0.0000000000
60790  -3.483  -33.381  55.877 0.0000000000
60789  -3.035  -33.670  55.956 0.0000000000
59704  -2.525  -34.786  55.649 0.0000000000
80499  -42.051  -15.176  45.813 0.0000000000
74027  -36.759  -20.756  43.479 0.0000000000
75155  -37.140  -20.163  42.901 0.0000000000
76230  -37.456  -19.530  42.290 0.0000000000
76231  -37.888  -18.765  42.541 0.0000000000
77296  -38.267  -18.065  42.639 0.0000000000
78298  -39.066  -17.177  44.085 0.0000000000
79387  -39.733  -16.292  43.849 0.0000000000
80534  -40.025  -15.927  43.888 0.0000000000
80535  -40.440  -15.782  44.235 0.0000000000
63105  -5.234  -31.623  65.687 0.0000000000
59542  -6.192  -33.141  65.926 0.0000000000
61957  -7.103  -31.272  61.789 0.0000000000
61917  -6.957  -31.670  62.959 0.0000000000
61900  -6.873  -31.836  63.777 0.0000000000
61889  -7.252  -32.571  64.747 0.0000000000
61877  -6.799  -32.663  65.246 0.0000000000
59543  -6.686  -33.252  65.473 0.0000000000
58429  -6.350  -34.124  65.637 0.0000000000
57329  -6.612  -34.270  65.391 0.0000000000
56102  -6.438  -35.087  64.757 0.0000000000
54831  -5.941  -35.982  63.287 0.0000000000
54832  -6.560  -35.485  63.604 0.0000000000
53601  -5.610  -36.522  62.684 0.0000000000
53618  -5.654  -36.516  62.329 0.0000000000
53635  -4.859  -36.661  61.526 0.0000000000
64522  -16.183  -29.876  59.848 0.0000000000
63209  -15.861  -30.249  60.199 0.0000000000
60738  -15.279  -31.118  58.789 0.0000000000
61978  -15.436  -31.008  59.870 0.0000000000
63192  -15.614  -30.330  60.843 0.0000000000
61946  -14.659  -30.540  61.479 0.0000000000
58562  -14.197  -33.168  56.787 0.0000000000
58545  -13.387  -33.263  57.944 0.0000000000
58530  -13.740  -32.843  58.434 0.0000000000
59619  -13.973  -32.229  59.205 0.0000000000
59606  -14.336  -31.611  59.944 0.0000000000
60701  -14.403  -31.113  60.815 0.0000000000
61963  -13.247  -30.733  61.259 0.0000000000
59604  -12.657  -31.685  60.778 0.0000000000
60714  -12.526  -31.336  61.112 0.0000000000
63189  -11.922  -30.132  61.027 0.0000000000
61960  -10.813  -31.111  61.794 0.0000000000
61942  -10.486  -31.509  62.023 0.0000000000
60698  -10.349  -32.319  62.226 0.0000000000
59574  -9.778  -33.146  62.481 0.0000000000
57356  -8.916  -34.282  62.486 0.0000000000
56189  -9.825  -34.734  58.646 0.0000000000
56171  -9.700  -34.633  59.364 0.0000000000
56170  -9.418  -34.628  60.162 0.0000000000
54922  -9.213  -35.209  59.006 0.0000000000
54882  -8.999  -34.977  60.556 0.0000000000
56157  -8.731  -34.860  61.340 0.0000000000
56144  -8.542  -34.858  61.805 0.0000000000
54861  -8.008  -35.111  62.223 0.0000000000
54880  -7.597  -35.871  61.287 0.0000000000
54879  -7.068  -36.404  61.329 0.0000000000
53675  -6.862  -36.310  60.173 0.0000000000
54897  -6.595  -36.553  60.900 0.0000000000
75008  -1.798  -20.713  52.770 0.0000000000
72793  -1.570  -22.327  52.357 0.0000000000
65782  -2.620  -28.297  54.621 0.0000000000
65790  -1.995  -28.665  52.847 0.0000000000
60839  -2.795  -30.853  51.368 0.0000000000
60837  -2.309  -30.473  51.638 0.0000000000
60865  -2.042  -30.790  50.352 0.0000000000
60849  -2.203  -30.558  51.102 0.0000000000
62082  -2.004  -30.338  51.491 0.0000000000
64652  -1.413  -28.849  51.589 0.0000000000
66953  -1.214  -27.725  49.800 0.0000000000
63380  -1.502  -30.645  47.473 0.0000000000
67961  -0.672  -26.281  63.442 0.0000000000
66754  -3.872  -28.096  65.280 0.0000000000
66746  -3.168  -27.949  66.127 0.0000000000
65600  -3.010  -28.810  67.081 0.0000000000
65612  -3.020  -28.443  66.782 0.0000000000
67924  -3.087  -27.872  66.713 0.0000000000
67923  -2.631  -27.806  66.615 0.0000000000
67922  -2.207  -27.068  66.101 0.0000000000
67921  -1.744  -27.133  66.058 0.0000000000
63090  -1.900  -30.243  67.090 0.0000000000
63095  -1.679  -30.155  66.368 0.0000000000
64409  -1.743  -29.443  67.068 0.0000000000
65594  -1.643  -28.323  66.706 0.0000000000
67916  -1.739  -27.503  66.409 0.0000000000
69118  -0.912  -26.839  65.853 0.0000000000
69122  -1.380  -26.865  65.403 0.0000000000
67931  -1.073  -26.944  64.898 0.0000000000
65624  -1.138  -27.821  64.953 0.0000000000
66751  -1.037  -27.300  64.721 0.0000000000
67942  -0.903  -26.718  64.496 0.0000000000
66760  -0.820  -27.128  64.140 0.0000000000
66770  -0.731  -26.719  63.678 0.0000000000
67960  -0.739  -26.471  63.170 0.0000000000
65655  -1.241  -27.643  62.987 0.0000000000
65656  -1.423  -28.200  62.744 0.0000000000
63142  -1.604  -30.003  63.230 0.0000000000
64478  -1.945  -29.501  62.451 0.0000000000
63180  -2.457  -30.472  61.804 0.0000000000
60695  -1.618  -32.662  61.986 0.0000000000
59598  -1.326  -34.048  60.889 0.0000000000
60711  -1.810  -32.786  61.063 0.0000000000
60712  -2.300  -32.355  60.831 0.0000000000
60747  -2.221  -33.920  58.304 0.0000000000
59658  -1.530  -34.777  58.454 0.0000000000
59659  -1.870  -34.413  58.048 0.0000000000
59660  -2.177  -34.289  57.582 0.0000000000
58591  -2.182  -35.128  55.991 0.0000000000
58602  -1.511  -35.793  55.183 0.0000000000
51267  -0.473  -39.773  62.034 0.0000000000
47661  0.064  -43.197  60.660 0.0000000000
48867  -0.246  -41.969  60.978 0.0000000000
51291  -0.255  -40.203  61.465 0.0000000000
53671  0.195  -37.995  59.547 0.0000000000
50184  0.181  -41.334  57.380 0.0000000000
54963  -0.086  -37.357  58.024 0.0000000000
56249  -1.248  -36.985  56.375 0.0000000000
53731  -0.551  -38.423  56.172 0.0000000000
56271  -1.358  -36.503  55.771 0.0000000000
57476  -1.270  -36.128  55.445 0.0000000000
57494  -1.320  -36.014  54.572 0.0000000000
53551  -1.981  -36.721  64.593 0.0000000000
53570  -2.166  -37.355  64.238 0.0000000000
53587  -1.293  -38.054  63.465 0.0000000000
53590  -5.535  -36.509  63.037 0.0000000000
53654  -6.669  -36.501  60.673 0.0000000000
54790  -2.456  -36.252  65.637 0.0000000000
54810  -3.105  -36.615  65.473 0.0000000000
54824  -7.104  -35.057  64.385 0.0000000000
54898  -7.026  -36.507  60.748 0.0000000000
54920  -7.786  -35.763  60.158 0.0000000000
54923  -9.554  -35.000  58.932 0.0000000000
54932  -28.502  -34.533  59.270 0.0000000000
54934  -29.143  -34.390  58.655 0.0000000000
56066  -3.874  -34.906  66.620 0.0000000000
56067  -4.081  -34.816  66.665 0.0000000000
56075  -2.312  -35.492  65.811 0.0000000000
56076  -2.523  -35.740  66.043 0.0000000000
56079  -4.415  -34.872  66.362 0.0000000000
56090  -5.330  -35.101  65.374 0.0000000000
56093  -7.291  -34.589  64.897 0.0000000000
56105  -7.979  -34.560  63.892 0.0000000000
56117  -8.123  -34.597  63.329 0.0000000000
56129  -8.320  -34.688  62.586 0.0000000000
56130  -8.794  -34.552  62.039 0.0000000000
56145  -8.914  -34.575  61.506 0.0000000000
56149  -29.144  -34.365  61.950 0.0000000000
56161  -28.973  -34.462  61.568 0.0000000000
56209  -9.154  -35.355  58.062 0.0000000000
56221  -31.058  -34.174  57.182 0.0000000000
56242  -27.757  -34.520  57.202 0.0000000000
56264  -28.135  -34.518  56.579 0.0000000000
56349  -1.853  -37.315  53.114 0.0000000000
57316  -3.462  -35.101  66.562 0.0000000000
57318  -4.973  -34.327  66.586 0.0000000000
57319  -5.531  -34.282  66.156 0.0000000000
57348  -8.831  -34.130  63.105 0.0000000000
57372  -26.535  -33.634  62.987 0.0000000000
57375  -29.422  -34.227  62.117 0.0000000000
57387  -28.058  -34.342  61.401 0.0000000000
57389  -29.644  -34.258  61.579 0.0000000000
57404  -28.281  -34.452  60.956 0.0000000000
57405  -29.721  -34.248  60.923 0.0000000000
57413  -11.334  -33.436  58.797 0.0000000000
57419  -30.313  -33.799  59.771 0.0000000000
57451  -27.595  -34.506  57.261 0.0000000000
57463  -15.055  -33.469  55.638 0.0000000000
57468  -27.678  -34.434  56.680 0.0000000000
57469  -27.699  -34.490  57.024 0.0000000000
57509  -1.522  -36.406  54.148 0.0000000000
57567  -5.077  -35.451  50.042 0.0000000000
57632  -1.212  -35.659  46.971 0.0000000000
58417  -3.392  -34.306  67.164 0.0000000000
58420  -4.963  -33.587  67.036 0.0000000000
58427  -6.423  -33.462  65.658 0.0000000000
58432  -7.932  -33.759  64.894 0.0000000000
58435  -7.954  -34.075  65.153 0.0000000000
58436  -8.278  -33.898  64.514 0.0000000000
58444  -8.520  -34.047  64.022 0.0000000000
58445  -8.831  -33.854  63.472 0.0000000000
58456  -9.477  -33.729  62.225 0.0000000000
58472  -13.142  -31.760  60.134 0.0000000000
58475  -26.565  -33.659  62.763 0.0000000000
58479  -29.658  -33.915  62.524 0.0000000000
58480  -30.110  -33.696  62.436 0.0000000000
58489  -10.046  -33.514  61.229 0.0000000000
58498  -27.133  -34.005  62.118 0.0000000000
58499  -27.712  -34.190  61.852 0.0000000000
58501  -30.272  -33.808  61.928 0.0000000000
58508  -9.622  -33.953  60.879 0.0000000000
58514  -14.040  -32.466  58.901 0.0000000000
58518  -27.303  -34.230  61.585 0.0000000000
58521  -30.402  -33.676  61.302 0.0000000000
58522  -30.689  -33.307  61.354 0.0000000000
58529  -12.943  -32.992  58.461 0.0000000000
58543  -11.539  -33.728  58.080 0.0000000000
58574  -2.237  -34.827  56.475 0.0000000000
58577  -13.861  -33.538  56.488 0.0000000000
58578  -14.232  -33.534  56.190 0.0000000000
58579  -15.179  -32.991  56.195 0.0000000000
58589  -1.377  -36.031  56.575 0.0000000000
58661  -5.088  -35.364  50.495 0.0000000000
58677  -4.138  -34.005  49.234 0.0000000000
58679  -5.199  -34.689  49.712 0.0000000000
59531  -4.958  -32.539  68.036 0.0000000000
59532  -5.217  -32.314  67.820 0.0000000000
59533  -3.379  -32.622  66.795 0.0000000000
59535  -4.028  -33.452  68.132 0.0000000000
59564  -9.208  -33.336  63.128 0.0000000000
59565  -9.493  -33.096  62.905 0.0000000000
59573  -9.451  -33.511  62.638 0.0000000000
59577  -29.790  -33.552  63.301 0.0000000000
59584  -11.037  -32.479  61.531 0.0000000000
59588  -14.331  -31.394  60.364 0.0000000000
59600  -9.749  -33.764  61.130 0.0000000000
59601  -9.974  -33.621  61.026 0.0000000000
59610  -31.196  -32.717  61.404 0.0000000000
59618  -9.990  -33.789  60.868 0.0000000000
59620  -14.401  -32.012  59.237 0.0000000000
59632  -12.945  -33.401  58.127 0.0000000000
59637  -30.750  -33.244  60.716 0.0000000000
59646  -12.589  -33.568  58.045 0.0000000000
59647  -13.057  -33.577  57.742 0.0000000000
59662  -13.018  -33.719  57.463 0.0000000000
59676  -2.311  -34.420  56.940 0.0000000000
59685  -32.375  -32.291  56.308 0.0000000000
59690  -2.828  -34.147  55.955 0.0000000000
59758  -5.050  -32.827  50.103 0.0000000000
60636  -3.642  -31.577  67.094 0.0000000000
60648  -6.496  -32.923  65.834 0.0000000000
60652  -7.480  -33.173  65.013 0.0000000000
60653  -7.898  -33.238  64.732 0.0000000000
60675  -8.851  -32.897  63.409 0.0000000000
60676  -9.261  -32.907  63.088 0.0000000000
60688  -9.613  -32.816  62.710 0.0000000000
60719  -31.204  -32.682  61.640 0.0000000000
60751  -14.965  -31.767  57.794 0.0000000000
60761  -2.246  -34.101  57.890 0.0000000000
60766  -15.023  -31.958  57.298 0.0000000000
60785  -32.516  -31.870  56.280 0.0000000000
60801  -4.685  -33.135  54.682 0.0000000000
60823  -2.490  -30.542  51.871 0.0000000000
60824  -2.441  -30.892  51.927 0.0000000000
60825  -2.604  -30.723  51.889 0.0000000000
60827  -6.154  -32.217  52.721 0.0000000000
60838  -2.494  -30.624  51.533 0.0000000000
60853  -4.611  -32.240  50.297 0.0000000000
60891  -1.278  -31.923  48.011 0.0000000000
61859  -2.676  -30.562  67.142 0.0000000000
61861  -3.662  -31.236  67.049 0.0000000000
61862  -4.119  -31.450  67.402 0.0000000000
61863  -4.661  -31.618  67.732 0.0000000000
61864  -1.910  -30.732  66.936 0.0000000000
61869  -5.187  -31.940  67.058 0.0000000000
61871  -2.732  -31.401  66.411 0.0000000000
61937  -7.019  -31.431  62.242 0.0000000000
61941  -9.675  -31.763  62.430 0.0000000000
61964  -15.417  -30.854  60.246 0.0000000000
61979  -15.232  -31.293  59.713 0.0000000000
61990  -15.598  -30.697  59.684 0.0000000000
61991  -15.422  -30.943  59.334 0.0000000000
61997  -32.762  -30.899  59.968 0.0000000000
62004  -15.727  -30.702  59.613 0.0000000000
62005  -15.560  -30.769  59.457 0.0000000000
62043  -6.201  -31.877  54.065 0.0000000000
62052  -1.887  -30.515  52.282 0.0000000000
62057  -6.261  -31.878  53.544 0.0000000000
62067  -2.216  -30.505  52.074 0.0000000000
62073  -6.293  -31.629  52.858 0.0000000000
62086  -5.548  -31.590  51.472 0.0000000000
62096  -4.155  -31.784  50.605 0.0000000000
62110  -3.678  -31.876  50.286 0.0000000000
62111  -3.896  -31.997  50.294 0.0000000000
63087  -2.968  -30.129  67.469 0.0000000000
63093  -4.269  -31.152  66.916 0.0000000000
63103  -1.631  -30.415  65.821 0.0000000000
63191  -15.604  -30.583  60.234 0.0000000000
63208  -15.657  -30.565  59.893 0.0000000000
63223  -15.726  -30.492  59.693 0.0000000000
63236  -15.672  -30.554  59.540 0.0000000000
63237  -15.626  -30.584  59.310 0.0000000000
63245  -5.030  -30.556  57.221 0.0000000000
63253  -5.295  -30.078  55.906 0.0000000000
63269  -32.451  -30.162  56.169 0.0000000000
63270  -32.439  -30.320  56.010 0.0000000000
63289  -1.901  -30.262  52.504 0.0000000000
63291  -2.882  -30.719  53.468 0.0000000000
63306  -4.329  -30.546  52.769 0.0000000000
63309  -6.270  -31.231  52.865 0.0000000000
64403  -1.854  -29.157  67.574 0.0000000000
64404  -2.066  -29.552  67.678 0.0000000000
64407  -3.170  -30.334  67.273 0.0000000000
64410  -1.899  -29.739  67.458 0.0000000000
64411  -3.105  -29.414  67.303 0.0000000000
64414  -1.571  -29.383  66.496 0.0000000000
64415  -3.149  -29.202  67.098 0.0000000000
64433  -1.174  -28.030  64.832 0.0000000000
64515  -3.367  -29.973  60.466 0.0000000000
64539  -3.803  -29.677  59.218 0.0000000000
64544  -15.942  -29.958  59.320 0.0000000000
64555  -32.885  -30.039  59.329 0.0000000000
64577  -4.973  -30.037  57.307 0.0000000000
64585  -32.547  -30.411  58.070 0.0000000000
64596  -32.433  -29.945  56.277 0.0000000000
64608  -32.386  -30.011  55.981 0.0000000000
64614  -3.083  -29.722  54.597 0.0000000000
64616  -5.112  -29.924  54.546 0.0000000000
64621  -30.866  -29.370  54.122 0.0000000000
64631  -5.581  -30.260  54.021 0.0000000000
65590  -1.836  -28.846  67.620 0.0000000000
65592  -2.240  -29.017  67.771 0.0000000000
65593  -2.552  -29.231  67.655 0.0000000000
65595  -1.785  -28.584  67.243 0.0000000000
65597  -2.455  -28.840  67.635 0.0000000000
65611  -1.244  -28.017  65.080 0.0000000000
65625  -3.656  -28.464  65.699 0.0000000000
65633  -0.987  -27.483  64.057 0.0000000000
65663  -17.622  -28.700  62.438 0.0000000000
65670  -2.400  -29.161  61.625 0.0000000000
65676  -17.611  -28.711  61.899 0.0000000000
65737  -32.410  -27.885  58.779 0.0000000000
65742  -0.173  -27.320  57.680 0.0000000000
65759  0.315  -27.422  57.232 0.0000000000
65760  -0.106  -27.847  57.163 0.0000000000
65770  0.372  -27.331  56.932 0.0000000000
65771  0.246  -27.634  56.915 0.0000000000
65776  -32.305  -29.842  55.751 0.0000000000
65778  -32.000  -29.932  54.919 0.0000000000
66727  -2.032  -28.453  67.742 0.0000000000
66729  -1.625  -27.866  66.510 0.0000000000
66730  -1.862  -27.929  67.028 0.0000000000
66731  -2.115  -28.024  67.323 0.0000000000
66732  -2.464  -28.402  67.331 0.0000000000
66733  -2.735  -28.575  67.257 0.0000000000
66734  -1.349  -27.835  65.799 0.0000000000
66736  -2.726  -28.255  66.949 0.0000000000
66745  -3.169  -27.963  66.256 0.0000000000
66769  -0.852  -27.138  63.758 0.0000000000
66783  -0.972  -27.113  63.145 0.0000000000
66841  -1.364  -27.418  58.085 0.0000000000
66859  -0.677  -26.910  57.825 0.0000000000
66860  -1.090  -27.217  57.803 0.0000000000
66878  0.110  -26.923  57.481 0.0000000000
66893  0.387  -26.991  57.045 0.0000000000
66894  0.234  -27.139  57.289 0.0000000000
67919  -2.406  -28.145  66.996 0.0000000000
67930  -1.263  -27.146  65.508 0.0000000000
67934  -3.112  -27.623  66.072 0.0000000000
67943  -2.548  -25.963  65.454 0.0000000000
68058  -0.509  -26.892  56.722 0.0000000000
68072  0.199  -26.904  56.663 0.0000000000
68073  -0.037  -27.360  56.488 0.0000000000
69119  -1.517  -26.913  65.636 0.0000000000
69121  -1.068  -27.011  65.942 0.0000000000
69123  -2.194  -25.996  65.381 0.0000000000
69153  -0.619  -25.957  63.093 0.0000000000
69201  -1.168  -25.830  59.592 0.0000000000
69238  -0.693  -26.510  57.263 0.0000000000
69278  -30.827  -26.374  56.165 0.0000000000
70292  -1.735  -26.736  66.071 0.0000000000
71598  -30.037  -22.786  58.367 0.0000000000
73902  -1.187  -21.652  51.631 0.0000000000
75105  -35.280  -19.924  48.757 0.0000000000
76096  -34.026  -18.790  55.260 0.0000000000
80514  -40.755  -15.863  44.808 0.0000000000
82692  -44.278  -13.807  43.602 0.0000000000
