#!ascii label  , from subject sub.01.dh.02t2 vox2ras=TkReg
820
52387  -14.591  -39.255  64.587 0.0000000000
60723  -40.253  -32.749  61.141 0.0000000000
71618  -38.854  -23.852  57.517 0.0000000000
73961  -45.210  -21.837  50.200 0.0000000000
57390  -37.281  -36.392  61.425 0.0000000000
75020  -41.399  -21.273  53.519 0.0000000000
72928  -43.905  -22.162  43.949 0.0000000000
75149  -47.905  -19.766  43.233 0.0000000000
58555  -42.452  -34.522  58.633 0.0000000000
65741  -43.660  -28.462  57.424 0.0000000000
66835  -40.620  -27.984  59.631 0.0000000000
57336  -17.018  -36.121  67.210 0.0000000000
52345  -20.468  -39.628  66.991 0.0000000000
47603  -22.950  -43.688  65.662 0.0000000000
45242  -26.861  -45.420  64.923 0.0000000000
47633  -31.436  -43.293  62.990 0.0000000000
50109  -35.896  -41.016  61.681 0.0000000000
53669  -39.979  -38.342  60.374 0.0000000000
69282  -43.073  -24.961  55.990 0.0000000000
76224  -50.668  -19.100  43.505 0.0000000000
59642  -41.103  -33.189  60.456 0.0000000000
63220  -41.445  -30.240  59.898 0.0000000000
64556  -40.141  -29.742  59.936 0.0000000000
56122  -16.659  -36.608  64.974 0.0000000000
54805  -18.888  -37.824  67.294 0.0000000000
51240  -32.624  -40.117  64.146 0.0000000000
48881  -33.385  -42.197  61.839 0.0000000000
51265  -34.850  -39.974  63.392 0.0000000000
59612  -38.553  -34.035  60.986 0.0000000000
54894  -38.657  -36.988  61.890 0.0000000000
57394  -40.374  -34.747  61.237 0.0000000000
56202  -41.792  -36.538  59.466 0.0000000000
70393  -41.103  -25.448  59.169 0.0000000000
68070  -43.681  -26.820  56.774 0.0000000000
72740  -41.227  -22.672  57.616 0.0000000000
73912  -43.223  -21.366  51.824 0.0000000000
75007  -44.427  -20.487  54.271 0.0000000000
73900  -46.138  -21.594  52.650 0.0000000000
71711  -47.856  -23.076  50.661 0.0000000000
70670  -45.631  -24.074  42.656 0.0000000000
70630  -45.340  -24.220  44.415 0.0000000000
54912  -35.401  -38.032  61.511 0.0000000000
71729  -42.210  -23.530  49.373 0.0000000000
75159  -46.014  -20.740  43.305 0.0000000000
71845  -46.344  -23.150  41.219 0.0000000000
74077  -50.180  -21.178  41.493 0.0000000000
57455  -44.131  -35.363  57.085 0.0000000000
62012  -43.156  -31.447  58.148 0.0000000000
66821  -41.356  -28.099  59.817 0.0000000000
53546  -15.994  -37.880  67.276 0.0000000000
48805  -20.706  -42.252  66.389 0.0000000000
50014  -22.061  -41.698  66.608 0.0000000000
46443  -21.861  -44.465  65.587 0.0000000000
44044  -23.449  -46.212  65.022 0.0000000000
44046  -26.193  -46.994  64.903 0.0000000000
42874  -28.451  -47.490  64.035 0.0000000000
46469  -29.171  -44.583  64.362 0.0000000000
45298  -33.003  -45.812  61.445 0.0000000000
53631  -36.898  -38.352  62.981 0.0000000000
51312  -38.181  -39.828  61.193 0.0000000000
50159  -40.149  -41.772  59.517 0.0000000000
51352  -42.154  -39.824  58.934 0.0000000000
53711  -43.283  -37.590  57.746 0.0000000000
74975  -42.232  -21.045  56.278 0.0000000000
70599  -45.102  -24.300  46.241 0.0000000000
71751  -46.882  -22.499  48.172 0.0000000000
53562  -14.243  -38.156  66.723 0.0000000000
60724  -40.665  -32.894  61.077 0.0000000000
61974  -41.001  -31.841  60.845 0.0000000000
61972  -40.103  -31.817  60.797 0.0000000000
53609  -32.725  -39.548  63.383 0.0000000000
51241  -33.290  -40.096  63.938 0.0000000000
53610  -33.652  -39.289  63.185 0.0000000000
60721  -39.064  -33.512  60.854 0.0000000000
58485  -39.722  -34.621  61.837 0.0000000000
59597  -40.380  -33.845  61.552 0.0000000000
58525  -40.649  -34.265  61.064 0.0000000000
71604  -40.889  -23.788  58.348 0.0000000000
72727  -39.995  -23.033  57.944 0.0000000000
73938  -44.850  -21.372  50.715 0.0000000000
75060  -45.264  -20.758  51.886 0.0000000000
75082  -45.924  -21.310  51.066 0.0000000000
72816  -47.131  -22.531  51.696 0.0000000000
73964  -46.750  -21.691  50.316 0.0000000000
70654  -47.435  -24.909  43.298 0.0000000000
70653  -46.383  -24.404  43.439 0.0000000000
70633  -48.516  -24.730  44.508 0.0000000000
77285  -46.169  -18.902  43.537 0.0000000000
75148  -47.099  -19.942  43.591 0.0000000000
74055  -46.333  -21.770  42.087 0.0000000000
74040  -47.163  -21.095  42.513 0.0000000000
72998  -48.063  -22.793  40.774 0.0000000000
74041  -48.195  -20.940  42.515 0.0000000000
75177  -50.469  -20.444  42.124 0.0000000000
58557  -43.924  -34.961  57.695 0.0000000000
59672  -44.276  -33.390  57.499 0.0000000000
59671  -43.571  -33.397  57.869 0.0000000000
65697  -40.925  -28.940  60.035 0.0000000000
64536  -41.560  -29.605  59.755 0.0000000000
68009  -40.924  -27.507  59.987 0.0000000000
68024  -40.732  -26.788  59.709 0.0000000000
68023  -40.303  -26.920  59.343 0.0000000000
53547  -17.356  -38.017  66.872 0.0000000000
54804  -17.771  -37.449  67.307 0.0000000000
54818  -19.591  -38.233  67.071 0.0000000000
48813  -22.651  -42.662  65.539 0.0000000000
48806  -22.313  -42.484  66.303 0.0000000000
47587  -21.821  -42.680  66.780 0.0000000000
46431  -22.701  -44.521  65.949 0.0000000000
45237  -22.664  -45.464  65.505 0.0000000000
45225  -23.139  -45.301  66.026 0.0000000000
44033  -26.448  -46.321  65.117 0.0000000000
44047  -26.956  -46.943  64.731 0.0000000000
44034  -27.308  -46.126  64.912 0.0000000000
48847  -30.907  -42.548  64.127 0.0000000000
48830  -29.841  -42.687  64.748 0.0000000000
46486  -30.181  -44.574  63.682 0.0000000000
45269  -29.796  -45.793  63.869 0.0000000000
46499  -30.530  -45.306  62.880 0.0000000000
45284  -31.618  -45.939  61.982 0.0000000000
46501  -31.826  -44.138  62.150 0.0000000000
48882  -34.174  -41.727  61.658 0.0000000000
47672  -33.631  -43.264  60.461 0.0000000000
48910  -34.626  -42.626  59.846 0.0000000000
50155  -36.527  -41.530  59.811 0.0000000000
54853  -35.979  -37.909  63.159 0.0000000000
56139  -37.146  -37.198  62.616 0.0000000000
54895  -39.143  -37.150  61.340 0.0000000000
53667  -38.412  -38.652  61.369 0.0000000000
52478  -39.405  -39.269  60.460 0.0000000000
50134  -38.975  -41.036  59.906 0.0000000000
51331  -39.876  -40.402  59.997 0.0000000000
52480  -41.179  -39.331  59.798 0.0000000000
57423  -42.083  -35.540  59.018 0.0000000000
54939  -42.851  -37.432  58.588 0.0000000000
56225  -43.182  -36.449  58.222 0.0000000000
56247  -43.700  -36.480  57.164 0.0000000000
56110  -15.404  -36.315  65.725 0.0000000000
57334  -15.616  -35.874  67.089 0.0000000000
57312  -15.528  -36.234  67.938 0.0000000000
63252  -44.554  -30.478  56.688 0.0000000000
64588  -44.523  -29.551  56.414 0.0000000000
69269  -43.358  -25.745  56.635 0.0000000000
73874  -40.513  -21.864  54.699 0.0000000000
74973  -41.225  -20.989  56.160 0.0000000000
76110  -42.384  -20.252  55.205 0.0000000000
72790  -44.709  -21.890  53.953 0.0000000000
72777  -43.776  -21.597  54.661 0.0000000000
71788  -46.508  -23.596  45.721 0.0000000000
70613  -45.342  -24.191  45.318 0.0000000000
71776  -46.710  -23.387  46.564 0.0000000000
71766  -45.750  -23.548  47.238 0.0000000000
71767  -47.029  -22.862  47.559 0.0000000000
72881  -48.205  -22.971  48.589 0.0000000000
77301  -48.803  -18.616  42.819 0.0000000000
76237  -49.339  -19.613  43.244 0.0000000000
77302  -49.539  -18.179  43.237 0.0000000000
78301  -50.890  -17.799  43.395 0.0000000000
59656  -42.029  -33.460  59.141 0.0000000000
60759  -42.333  -32.511  58.997 0.0000000000
61986  -41.298  -31.776  60.468 0.0000000000
64512  -41.265  -30.313  60.491 0.0000000000
65719  -40.392  -28.731  59.414 0.0000000000
57345  -17.232  -36.165  66.757 0.0000000000
56086  -18.083  -37.023  67.238 0.0000000000
54829  -19.787  -38.068  66.307 0.0000000000
48849  -31.927  -42.247  63.328 0.0000000000
48865  -32.558  -42.393  62.660 0.0000000000
48866  -33.206  -41.773  62.912 0.0000000000
50086  -33.791  -41.447  62.750 0.0000000000
50088  -35.457  -40.790  62.360 0.0000000000
58503  -38.299  -35.219  61.351 0.0000000000
57364  -37.974  -36.203  62.158 0.0000000000
57366  -38.969  -35.687  62.162 0.0000000000
56167  -39.284  -36.210  61.677 0.0000000000
56183  -40.161  -36.358  60.671 0.0000000000
54915  -41.424  -37.530  59.814 0.0000000000
56184  -40.951  -36.430  60.063 0.0000000000
57422  -41.289  -35.404  59.779 0.0000000000
56121  -15.689  -36.561  64.962 0.0000000000
66857  -42.457  -27.397  58.634 0.0000000000
66876  -43.737  -27.649  57.056 0.0000000000
69236  -42.324  -25.742  58.408 0.0000000000
69254  -42.757  -25.147  57.484 0.0000000000
71633  -42.292  -23.199  56.825 0.0000000000
75038  -42.338  -21.113  52.648 0.0000000000
75022  -43.047  -20.164  53.721 0.0000000000
75040  -43.907  -20.143  52.878 0.0000000000
75025  -45.509  -20.868  53.299 0.0000000000
71825  -44.667  -23.066  42.722 0.0000000000
71814  -44.327  -23.601  43.110 0.0000000000
70652  -45.325  -24.151  43.487 0.0000000000
70631  -46.250  -24.162  44.348 0.0000000000
60732  -39.447  -32.748  60.174 0.0000000000
59640  -38.907  -33.800  59.747 0.0000000000
72748  -39.297  -23.132  56.301 0.0000000000
72813  -40.756  -22.660  52.042 0.0000000000
72831  -41.735  -22.633  50.837 0.0000000000
72832  -42.436  -22.490  50.502 0.0000000000
72857  -43.712  -22.757  49.902 0.0000000000
75145  -44.920  -20.896  43.852 0.0000000000
72955  -45.587  -22.329  42.280 0.0000000000
70692  -45.870  -23.797  41.778 0.0000000000
70672  -47.267  -25.118  41.971 0.0000000000
74043  -49.719  -20.624  42.598 0.0000000000
74059  -49.866  -21.328  41.969 0.0000000000
58587  -44.499  -34.409  56.594 0.0000000000
60774  -44.642  -32.455  57.155 0.0000000000
63243  -43.229  -30.399  57.847 0.0000000000
62011  -42.477  -31.522  58.868 0.0000000000
64557  -42.167  -29.509  59.213 0.0000000000
65720  -42.311  -28.465  58.942 0.0000000000
68025  -41.323  -26.783  59.643 0.0000000000
70392  -40.601  -25.186  59.093 0.0000000000
63241  -39.827  -30.477  59.041 0.0000000000
64586  -40.090  -29.483  58.366 0.0000000000
68055  -39.338  -26.439  57.314 0.0000000000
53582  -15.264  -38.461  65.763 0.0000000000
53564  -16.295  -38.307  66.241 0.0000000000
47600  -20.810  -43.065  65.154 0.0000000000
54838  -19.728  -37.928  65.006 0.0000000000
53567  -20.677  -39.055  66.249 0.0000000000
51194  -21.097  -40.673  66.853 0.0000000000
47601  -21.346  -43.764  65.431 0.0000000000
44059  -23.710  -46.341  64.276 0.0000000000
42870  -24.785  -47.119  64.213 0.0000000000
47604  -27.830  -43.109  64.187 0.0000000000
47606  -28.955  -42.827  64.916 0.0000000000
46449  -28.154  -44.256  64.570 0.0000000000
45256  -28.501  -45.411  64.487 0.0000000000
44050  -29.293  -46.563  63.957 0.0000000000
46532  -32.744  -44.040  60.979 0.0000000000
53629  -34.950  -38.468  62.916 0.0000000000
52441  -35.780  -39.420  63.104 0.0000000000
51310  -36.570  -40.335  61.888 0.0000000000
53632  -37.525  -38.214  62.509 0.0000000000
52460  -37.374  -39.315  61.965 0.0000000000
50110  -36.783  -40.864  61.259 0.0000000000
50133  -38.045  -41.052  60.400 0.0000000000
48914  -38.639  -42.622  59.368 0.0000000000
51402  -42.093  -40.268  57.566 0.0000000000
53690  -41.707  -38.612  59.499 0.0000000000
52518  -42.489  -39.552  57.899 0.0000000000
52537  -42.213  -39.601  57.119 0.0000000000
53744  -43.057  -37.916  56.579 0.0000000000
54787  -14.900  -36.871  68.079 0.0000000000
73838  -40.580  -21.897  57.119 0.0000000000
73840  -41.514  -21.932  57.051 0.0000000000
71644  -42.529  -23.051  55.924 0.0000000000
74991  -43.251  -20.579  55.152 0.0000000000
72762  -42.958  -21.948  55.442 0.0000000000
70469  -42.506  -24.145  54.396 0.0000000000
71747  -42.741  -24.071  48.519 0.0000000000
72877  -45.050  -22.850  49.357 0.0000000000
70650  -43.847  -24.238  44.034 0.0000000000
70612  -44.334  -24.567  45.389 0.0000000000
70581  -44.745  -24.314  47.011 0.0000000000
71749  -45.358  -23.242  48.466 0.0000000000
72860  -46.277  -22.021  49.613 0.0000000000
72861  -47.280  -21.900  49.814 0.0000000000
52367  -14.502  -38.959  65.300 0.0000000000
61973  -40.551  -31.883  60.884 0.0000000000
53626  -32.934  -39.458  62.568 0.0000000000
53627  -33.674  -39.138  62.706 0.0000000000
60722  -39.601  -32.945  61.127 0.0000000000
60707  -39.958  -33.408  61.577 0.0000000000
60708  -40.348  -33.398  61.432 0.0000000000
60709  -40.531  -33.474  61.330 0.0000000000
71601  -39.063  -23.929  58.086 0.0000000000
71603  -40.127  -23.661  58.380 0.0000000000
71619  -39.535  -23.242  57.656 0.0000000000
73939  -45.727  -21.443  50.645 0.0000000000
73940  -46.366  -21.552  50.702 0.0000000000
73962  -45.647  -21.756  50.194 0.0000000000
70655  -48.414  -25.255  43.506 0.0000000000
76221  -47.585  -19.356  43.498 0.0000000000
75161  -47.610  -20.392  43.028 0.0000000000
75162  -48.633  -20.101  42.924 0.0000000000
58556  -43.475  -34.513  57.934 0.0000000000
59657  -42.809  -33.487  58.448 0.0000000000
66818  -40.783  -28.348  59.850 0.0000000000
66819  -40.860  -28.125  59.913 0.0000000000
66836  -40.702  -27.444  59.799 0.0000000000
66856  -40.137  -27.548  58.969 0.0000000000
56084  -16.446  -36.453  67.896 0.0000000000
56085  -17.075  -36.669  67.588 0.0000000000
53566  -20.271  -38.756  66.730 0.0000000000
53550  -19.825  -38.812  67.243 0.0000000000
47602  -22.530  -43.055  66.036 0.0000000000
47594  -22.217  -43.375  66.296 0.0000000000
47595  -22.849  -43.827  65.971 0.0000000000
46432  -23.275  -44.662  65.974 0.0000000000
46447  -26.368  -44.895  64.682 0.0000000000
45241  -25.929  -45.687  65.223 0.0000000000
45243  -27.792  -45.155  64.709 0.0000000000
48848  -31.270  -42.538  63.780 0.0000000000
47632  -30.713  -43.193  63.807 0.0000000000
46487  -30.864  -43.914  63.227 0.0000000000
46500  -31.199  -44.664  62.406 0.0000000000
47647  -31.639  -43.863  62.449 0.0000000000
50130  -35.223  -41.362  61.028 0.0000000000
48896  -34.347  -42.082  60.688 0.0000000000
48897  -35.216  -41.611  60.377 0.0000000000
48911  -35.537  -42.241  59.508 0.0000000000
50131  -36.014  -41.293  60.567 0.0000000000
56152  -36.937  -36.882  62.328 0.0000000000
53668  -38.957  -38.188  61.014 0.0000000000
52479  -40.404  -39.332  60.103 0.0000000000
51332  -40.952  -40.110  59.908 0.0000000000
57436  -42.925  -35.564  58.399 0.0000000000
57437  -43.604  -35.548  57.928 0.0000000000
57343  -15.937  -36.097  66.459 0.0000000000
57335  -16.367  -35.979  67.160 0.0000000000
57325  -16.017  -36.106  67.737 0.0000000000
64587  -44.202  -29.433  57.102 0.0000000000
69283  -43.328  -25.922  55.679 0.0000000000
69296  -43.190  -26.011  55.271 0.0000000000
69295  -42.781  -25.516  54.920 0.0000000000
73884  -40.866  -21.734  53.538 0.0000000000
74988  -41.297  -20.952  55.200 0.0000000000
75003  -41.299  -21.062  54.122 0.0000000000
71789  -47.335  -23.409  46.031 0.0000000000
59643  -41.407  -33.353  59.876 0.0000000000
60746  -41.723  -32.525  59.635 0.0000000000
60745  -41.361  -32.520  60.256 0.0000000000
63218  -40.415  -30.504  60.504 0.0000000000
63201  -40.734  -30.948  60.629 0.0000000000
64533  -40.372  -29.966  60.241 0.0000000000
64534  -40.722  -29.940  60.285 0.0000000000
54837  -19.337  -37.531  65.218 0.0000000000
53597  -32.232  -39.773  63.840 0.0000000000
51239  -31.794  -40.373  64.336 0.0000000000
50064  -31.552  -41.938  64.023 0.0000000000
50065  -32.194  -41.459  63.896 0.0000000000
48850  -32.686  -41.754  63.333 0.0000000000
50046  -32.910  -40.384  64.013 0.0000000000
51264  -34.065  -40.043  63.717 0.0000000000
50067  -34.268  -40.430  63.462 0.0000000000
50087  -34.650  -40.756  62.890 0.0000000000
51287  -35.167  -40.160  63.132 0.0000000000
59611  -38.354  -34.569  61.046 0.0000000000
58483  -38.602  -35.092  61.870 0.0000000000
59580  -38.917  -34.706  62.093 0.0000000000
58505  -39.996  -34.680  61.680 0.0000000000
57392  -39.365  -35.659  61.876 0.0000000000
57393  -39.887  -35.232  61.498 0.0000000000
56182  -39.594  -36.586  61.105 0.0000000000
57408  -40.104  -35.665  61.020 0.0000000000
57409  -40.583  -35.269  60.739 0.0000000000
59628  -40.792  -33.445  60.851 0.0000000000
58540  -41.034  -34.170  60.334 0.0000000000
58541  -41.655  -34.411  59.416 0.0000000000
56133  -15.979  -36.902  64.164 0.0000000000
56111  -16.309  -36.333  65.789 0.0000000000
69217  -41.990  -26.220  58.812 0.0000000000
68042  -42.790  -26.699  58.213 0.0000000000
69235  -41.725  -25.500  58.764 0.0000000000
71605  -41.498  -23.999  58.183 0.0000000000
70416  -42.111  -24.513  58.054 0.0000000000
71621  -41.861  -23.442  57.645 0.0000000000
70433  -42.446  -24.164  57.246 0.0000000000
75039  -43.010  -20.798  52.599 0.0000000000
75058  -43.719  -20.787  52.147 0.0000000000
75043  -45.857  -21.132  52.061 0.0000000000
75042  -45.580  -20.780  52.768 0.0000000000
73888  -45.841  -21.625  53.225 0.0000000000
72804  -46.889  -22.766  52.398 0.0000000000
71815  -44.982  -23.692  42.798 0.0000000000
70616  -48.205  -23.822  45.790 0.0000000000
59641  -39.303  -33.174  59.544 0.0000000000
72814  -41.368  -22.468  51.486 0.0000000000
72856  -42.743  -22.797  49.847 0.0000000000
71730  -43.167  -23.199  49.262 0.0000000000
76209  -46.045  -19.850  44.203 0.0000000000
76208  -45.656  -19.733  44.237 0.0000000000
76207  -44.931  -19.802  44.077 0.0000000000
75146  -45.549  -20.656  43.711 0.0000000000
74030  -45.103  -21.473  43.187 0.0000000000
74038  -45.402  -21.883  42.655 0.0000000000
72973  -46.230  -22.200  41.788 0.0000000000
71844  -45.729  -22.919  41.759 0.0000000000
70693  -46.782  -24.298  41.107 0.0000000000
70694  -47.541  -25.001  41.093 0.0000000000
71867  -47.025  -23.366  40.676 0.0000000000
72975  -48.289  -22.253  41.343 0.0000000000
75150  -49.838  -19.731  43.487 0.0000000000
75163  -49.634  -20.051  43.168 0.0000000000
75151  -50.090  -19.712  43.529 0.0000000000
74060  -50.248  -20.947  41.708 0.0000000000
57473  -43.678  -35.802  56.290 0.0000000000
57493  -43.835  -35.333  56.160 0.0000000000
60773  -43.798  -32.441  57.741 0.0000000000
59673  -44.811  -33.517  57.119 0.0000000000
62022  -43.896  -31.417  57.480 0.0000000000
62000  -41.890  -31.680  59.458 0.0000000000
63233  -41.855  -30.630  59.473 0.0000000000
65699  -41.714  -28.659  59.577 0.0000000000
64572  -42.711  -29.400  58.365 0.0000000000
66838  -41.740  -27.636  59.416 0.0000000000
69214  -40.091  -25.761  59.059 0.0000000000
53583  -15.853  -38.497  65.575 0.0000000000
50013  -20.311  -41.472  66.078 0.0000000000
48812  -20.528  -42.304  65.670 0.0000000000
53593  -20.419  -38.663  64.678 0.0000000000
53584  -20.359  -38.514  65.820 0.0000000000
51195  -21.605  -41.130  66.655 0.0000000000
50005  -21.614  -41.582  66.914 0.0000000000
48798  -21.549  -42.196  66.967 0.0000000000
47593  -21.582  -43.549  66.146 0.0000000000
46461  -21.811  -44.557  64.610 0.0000000000
44043  -23.015  -45.812  65.361 0.0000000000
45254  -22.694  -45.632  64.642 0.0000000000
44032  -25.500  -46.541  65.322 0.0000000000
42861  -25.010  -46.873  65.176 0.0000000000
42860  -24.757  -46.906  64.876 0.0000000000
42871  -25.553  -47.247  64.550 0.0000000000
44048  -27.775  -46.792  64.501 0.0000000000
42873  -27.523  -47.612  64.267 0.0000000000
41856  -28.132  -48.128  63.754 0.0000000000
47619  -29.278  -43.372  64.722 0.0000000000
48817  -29.401  -42.339  64.931 0.0000000000
47618  -28.690  -44.011  64.613 0.0000000000
45270  -30.332  -45.932  63.248 0.0000000000
44062  -29.885  -46.747  63.407 0.0000000000
42889  -30.182  -47.632  63.027 0.0000000000
45297  -32.304  -45.863  61.686 0.0000000000
44088  -32.222  -46.724  61.946 0.0000000000
44089  -32.929  -46.652  61.811 0.0000000000
48880  -32.591  -42.753  62.020 0.0000000000
47659  -32.662  -43.318  61.440 0.0000000000
54892  -34.797  -38.444  62.547 0.0000000000
54893  -35.195  -38.138  62.301 0.0000000000
53613  -36.212  -38.390  63.206 0.0000000000
52425  -36.056  -38.968  63.214 0.0000000000
52442  -36.296  -39.161  62.915 0.0000000000
51289  -36.381  -39.775  62.401 0.0000000000
56141  -38.375  -36.455  62.181 0.0000000000
54856  -37.837  -36.994  62.433 0.0000000000
54876  -37.983  -37.301  62.375 0.0000000000
52461  -37.985  -39.139  61.618 0.0000000000
51311  -37.426  -40.066  61.524 0.0000000000
50111  -37.505  -40.793  61.013 0.0000000000
50132  -37.064  -41.209  60.501 0.0000000000
50135  -39.694  -41.250  59.772 0.0000000000
50158  -39.255  -41.877  59.643 0.0000000000
51351  -41.606  -40.397  59.201 0.0000000000
51383  -42.160  -40.392  58.024 0.0000000000
54938  -42.262  -37.549  59.305 0.0000000000
53691  -42.455  -38.444  58.928 0.0000000000
53710  -43.001  -38.291  58.103 0.0000000000
53728  -42.757  -38.649  57.317 0.0000000000
53743  -42.492  -38.766  56.721 0.0000000000
53729  -43.285  -37.812  57.382 0.0000000000
56248  -43.838  -35.997  57.222 0.0000000000
54999  -43.327  -37.021  56.487 0.0000000000
56269  -43.653  -36.331  56.666 0.0000000000
54788  -15.778  -36.830  68.231 0.0000000000
56072  -15.171  -36.518  68.014 0.0000000000
54802  -15.478  -37.278  67.882 0.0000000000
53563  -15.196  -38.179  66.584 0.0000000000
68056  -43.322  -26.821  57.589 0.0000000000
66877  -43.965  -28.046  56.410 0.0000000000
66891  -43.825  -27.530  56.415 0.0000000000
72761  -39.726  -22.636  55.943 0.0000000000
72749  -39.849  -22.583  56.677 0.0000000000
74974  -41.745  -20.950  56.462 0.0000000000
74963  -41.323  -21.269  56.801 0.0000000000
73852  -41.985  -21.559  56.634 0.0000000000
72750  -42.409  -22.216  56.393 0.0000000000
76125  -43.701  -19.907  54.065 0.0000000000
76112  -43.424  -20.153  54.742 0.0000000000
75006  -43.866  -20.505  54.729 0.0000000000
72776  -43.262  -22.253  54.740 0.0000000000
71657  -42.759  -22.987  54.878 0.0000000000
71748  -44.061  -23.493  48.848 0.0000000000
70651  -44.509  -24.205  43.797 0.0000000000
71813  -43.808  -23.848  43.567 0.0000000000
70611  -43.345  -24.648  45.472 0.0000000000
70598  -44.113  -24.670  46.303 0.0000000000
71750  -46.339  -22.781  48.207 0.0000000000
72878  -45.915  -22.482  49.003 0.0000000000
72879  -46.809  -22.251  48.786 0.0000000000
60733  -41.047  -32.603  60.704 0.0000000000
63200  -40.348  -31.131  60.699 0.0000000000
63217  -39.717  -30.808  60.429 0.0000000000
52400  -32.436  -39.826  63.966 0.0000000000
52421  -33.057  -39.614  63.637 0.0000000000
52422  -33.706  -39.589  63.566 0.0000000000
52423  -34.635  -39.379  63.353 0.0000000000
59613  -39.046  -33.831  61.449 0.0000000000
59581  -39.138  -34.683  62.175 0.0000000000
59595  -39.376  -34.168  61.827 0.0000000000
58486  -40.141  -34.279  61.702 0.0000000000
58506  -40.317  -34.364  61.484 0.0000000000
59614  -40.552  -33.701  61.273 0.0000000000
70414  -40.404  -24.408  58.740 0.0000000000
70415  -41.366  -24.904  58.733 0.0000000000
72728  -40.603  -23.114  57.996 0.0000000000
73937  -43.842  -21.865  51.125 0.0000000000
73913  -44.220  -21.160  51.552 0.0000000000
73914  -44.725  -20.946  51.378 0.0000000000
75081  -45.378  -21.051  51.143 0.0000000000
75061  -45.741  -21.156  51.509 0.0000000000
72815  -46.667  -22.176  52.258 0.0000000000
73915  -46.469  -21.627  51.526 0.0000000000
73941  -46.941  -21.777  50.692 0.0000000000
72835  -47.445  -22.461  50.786 0.0000000000
70671  -46.471  -24.548  42.355 0.0000000000
76220  -46.464  -19.431  43.989 0.0000000000
75147  -46.248  -20.198  43.851 0.0000000000
74039  -46.061  -21.442  42.581 0.0000000000
75160  -46.689  -20.610  43.175 0.0000000000
74056  -46.755  -21.691  41.928 0.0000000000
72974  -47.197  -22.417  41.147 0.0000000000
74057  -47.729  -21.616  41.854 0.0000000000
74058  -48.776  -21.574  41.960 0.0000000000
75164  -50.403  -19.990  43.067 0.0000000000
76238  -50.971  -19.506  42.510 0.0000000000
74076  -50.169  -21.638  41.031 0.0000000000
58570  -44.342  -34.393  57.312 0.0000000000
58569  -43.945  -33.953  57.588 0.0000000000
60760  -43.062  -32.468  58.370 0.0000000000
64535  -41.147  -29.900  60.171 0.0000000000
65698  -41.231  -28.835  59.943 0.0000000000
66837  -41.277  -27.535  59.863 0.0000000000
68040  -39.545  -26.137  58.435 0.0000000000
54803  -16.556  -37.175  67.840 0.0000000000
48799  -22.248  -42.194  66.906 0.0000000000
46430  -22.221  -44.363  65.946 0.0000000000
45223  -22.186  -45.254  65.581 0.0000000000
45224  -22.648  -45.087  65.877 0.0000000000
45238  -22.941  -45.540  65.817 0.0000000000
44030  -23.336  -45.917  65.807 0.0000000000
50043  -30.384  -41.774  64.737 0.0000000000
48818  -30.000  -42.092  64.819 0.0000000000
48831  -30.514  -42.370  64.481 0.0000000000
47620  -30.041  -43.350  64.369 0.0000000000
46470  -29.658  -43.954  64.330 0.0000000000
46485  -29.568  -45.148  64.050 0.0000000000
46515  -31.793  -45.273  61.792 0.0000000000
48895  -33.583  -42.573  60.984 0.0000000000
47673  -34.238  -42.981  60.059 0.0000000000
48927  -36.008  -42.920  58.972 0.0000000000
48912  -36.769  -42.096  59.281 0.0000000000
56163  -35.953  -37.393  62.067 0.0000000000
54873  -35.546  -37.865  62.803 0.0000000000
56151  -36.165  -37.419  62.548 0.0000000000
54854  -36.656  -37.611  62.936 0.0000000000
53614  -36.799  -37.944  63.138 0.0000000000
53649  -38.695  -37.588  61.515 0.0000000000
53648  -38.162  -38.071  61.794 0.0000000000
52477  -38.583  -39.203  61.005 0.0000000000
51330  -38.722  -40.172  60.554 0.0000000000
51349  -40.117  -41.100  59.728 0.0000000000
51350  -40.642  -40.917  59.564 0.0000000000
51333  -41.395  -39.868  59.673 0.0000000000
52491  -41.600  -39.529  59.490 0.0000000000
56203  -42.559  -36.550  58.836 0.0000000000
54961  -43.240  -37.183  57.955 0.0000000000
54962  -43.442  -37.071  57.481 0.0000000000
56226  -43.618  -36.244  57.605 0.0000000000
56227  -43.868  -35.750  57.346 0.0000000000
57342  -15.136  -35.968  66.383 0.0000000000
57333  -14.830  -35.759  67.027 0.0000000000
56073  -16.002  -36.499  68.121 0.0000000000
68071  -43.816  -27.339  56.208 0.0000000000
68087  -43.740  -26.771  56.020 0.0000000000
73863  -40.629  -21.486  55.801 0.0000000000
74989  -41.998  -20.389  55.603 0.0000000000
73886  -44.777  -21.068  54.137 0.0000000000
73876  -44.205  -20.980  54.575 0.0000000000
70614  -46.069  -23.883  45.058 0.0000000000
71787  -45.955  -23.808  45.529 0.0000000000
71775  -45.896  -23.751  46.087 0.0000000000
72891  -47.222  -22.483  48.260 0.0000000000
72880  -47.591  -22.422  48.796 0.0000000000
76222  -48.736  -19.415  43.121 0.0000000000
77288  -49.251  -18.836  43.225 0.0000000000
76223  -49.712  -19.361  43.497 0.0000000000
77289  -50.040  -18.417  43.779 0.0000000000
78300  -50.436  -17.942  43.697 0.0000000000
77290  -50.756  -18.269  43.606 0.0000000000
77291  -51.257  -18.006  43.152 0.0000000000
61999  -41.537  -31.759  59.981 0.0000000000
63219  -41.373  -30.888  60.098 0.0000000000
63202  -41.114  -31.060  60.521 0.0000000000
64513  -41.140  -30.551  60.353 0.0000000000
65696  -40.688  -28.990  59.870 0.0000000000
57344  -16.742  -36.106  66.585 0.0000000000
56097  -17.587  -36.406  67.015 0.0000000000
56098  -18.199  -36.785  66.638 0.0000000000
54817  -19.251  -37.629  66.773 0.0000000000
50044  -31.123  -41.351  64.503 0.0000000000
47634  -32.002  -42.802  62.801 0.0000000000
50066  -33.370  -40.877  63.586 0.0000000000
50107  -34.176  -41.486  62.220 0.0000000000
50108  -34.864  -41.336  61.829 0.0000000000
57391  -37.771  -35.935  61.198 0.0000000000
56153  -37.669  -36.433  62.175 0.0000000000
57377  -38.030  -35.879  61.856 0.0000000000
57365  -38.482  -35.839  62.012 0.0000000000
56154  -38.616  -36.445  62.142 0.0000000000
58484  -39.229  -34.916  62.154 0.0000000000
56155  -39.057  -35.979  62.127 0.0000000000
56166  -38.874  -36.348  62.015 0.0000000000
54913  -39.694  -37.332  60.723 0.0000000000
54914  -40.548  -37.427  60.263 0.0000000000
53670  -40.903  -38.450  59.993 0.0000000000
65740  -42.949  -28.401  58.123 0.0000000000
66858  -43.218  -27.534  57.871 0.0000000000
69255  -43.144  -26.071  57.517 0.0000000000
69268  -42.881  -24.793  56.785 0.0000000000
70446  -42.626  -24.030  56.402 0.0000000000
73897  -41.838  -21.518  52.496 0.0000000000
75021  -42.045  -20.915  53.338 0.0000000000
75023  -43.685  -19.952  53.560 0.0000000000
76136  -44.042  -19.888  53.539 0.0000000000
75059  -44.534  -20.655  51.957 0.0000000000
75041  -44.847  -20.316  52.698 0.0000000000
75024  -45.012  -20.502  53.545 0.0000000000
73887  -45.371  -21.295  53.572 0.0000000000
72942  -44.345  -22.413  43.251 0.0000000000
70615  -46.977  -23.705  45.174 0.0000000000
61985  -39.729  -31.657  60.370 0.0000000000
60744  -39.513  -32.336  59.174 0.0000000000
56181  -37.484  -36.324  60.522 0.0000000000
58523  -38.245  -35.227  60.832 0.0000000000
58524  -38.373  -34.668  60.637 0.0000000000
59626  -38.669  -33.845  60.453 0.0000000000
60731  -39.069  -33.398  60.434 0.0000000000
71632  -38.795  -23.607  56.480 0.0000000000
72737  -39.380  -23.143  57.048 0.0000000000
72760  -39.227  -23.263  55.587 0.0000000000
72773  -38.980  -23.574  55.000 0.0000000000
72787  -40.223  -22.430  53.838 0.0000000000
72801  -40.414  -22.436  52.959 0.0000000000
73896  -41.069  -21.923  52.658 0.0000000000
73910  -41.415  -22.075  52.030 0.0000000000
73911  -42.120  -21.904  51.565 0.0000000000
73935  -42.259  -22.234  50.949 0.0000000000
73936  -42.845  -22.047  51.057 0.0000000000
72833  -43.267  -22.369  50.475 0.0000000000
72834  -44.159  -22.234  50.556 0.0000000000
72858  -44.753  -22.336  50.085 0.0000000000
75133  -44.355  -20.626  44.038 0.0000000000
74019  -44.387  -21.499  43.833 0.0000000000
72954  -44.987  -22.374  42.672 0.0000000000
71826  -45.245  -23.208  42.295 0.0000000000
69453  -48.096  -25.494  42.588 0.0000000000
72997  -47.480  -22.977  40.652 0.0000000000
74042  -49.169  -20.720  42.499 0.0000000000
75176  -50.053  -20.507  42.656 0.0000000000
58571  -44.819  -33.974  56.990 0.0000000000
60775  -45.048  -33.041  56.891 0.0000000000
60788  -45.100  -32.460  56.496 0.0000000000
62023  -44.523  -31.356  56.956 0.0000000000
63251  -44.058  -30.389  57.326 0.0000000000
64573  -43.469  -29.379  57.670 0.0000000000
63242  -42.580  -30.466  58.665 0.0000000000
68026  -41.848  -26.730  59.034 0.0000000000
69216  -41.576  -25.883  59.069 0.0000000000
69215  -40.887  -25.931  59.437 0.0000000000
70432  -38.794  -24.303  57.816 0.0000000000
61998  -39.614  -31.482  59.589 0.0000000000
63231  -39.733  -30.547  59.868 0.0000000000
64571  -40.047  -29.588  59.296 0.0000000000
65739  -40.181  -28.484  58.690 0.0000000000
71617  -38.582  -24.181  57.078 0.0000000000
52368  -15.360  -38.845  65.152 0.0000000000
52369  -16.473  -38.715  65.298 0.0000000000
52355  -20.669  -39.416  66.608 0.0000000000
52346  -20.929  -39.979  66.684 0.0000000000
48797  -21.071  -42.186  66.813 0.0000000000
47586  -21.546  -42.826  66.687 0.0000000000
47592  -20.901  -43.070  66.013 0.0000000000
45236  -22.214  -45.116  65.189 0.0000000000
45226  -23.659  -45.374  66.183 0.0000000000
44019  -23.809  -45.895  66.163 0.0000000000
44031  -24.352  -46.336  65.522 0.0000000000
44045  -24.215  -46.631  64.658 0.0000000000
42872  -26.627  -47.524  64.331 0.0000000000
41855  -27.276  -48.168  63.737 0.0000000000
46467  -27.276  -43.501  64.194 0.0000000000
46448  -27.433  -44.226  64.500 0.0000000000
50026  -29.074  -41.779  64.974 0.0000000000
47605  -28.450  -43.292  64.561 0.0000000000
44035  -27.972  -45.990  64.625 0.0000000000
44049  -28.583  -46.444  64.316 0.0000000000
45257  -29.164  -45.664  64.230 0.0000000000
42875  -28.917  -47.046  64.027 0.0000000000
42888  -29.280  -47.489  63.524 0.0000000000
47648  -32.119  -43.388  62.256 0.0000000000
46516  -32.335  -44.633  61.495 0.0000000000
47671  -33.026  -43.609  60.802 0.0000000000
46517  -33.078  -45.247  61.090 0.0000000000
53628  -34.446  -38.748  62.773 0.0000000000
52424  -35.474  -39.195  63.231 0.0000000000
51266  -35.387  -39.755  63.158 0.0000000000
51288  -35.656  -40.055  62.821 0.0000000000
51309  -36.030  -40.469  62.303 0.0000000000
56140  -37.720  -36.707  62.344 0.0000000000
54855  -37.285  -37.514  62.703 0.0000000000
52444  -37.603  -38.741  62.115 0.0000000000
52443  -36.991  -39.018  62.462 0.0000000000
51290  -36.916  -39.677  62.032 0.0000000000
50156  -37.410  -41.569  59.728 0.0000000000
48913  -37.683  -42.392  59.229 0.0000000000
50157  -38.348  -41.715  59.638 0.0000000000
52492  -42.013  -39.357  59.133 0.0000000000
51366  -42.204  -40.099  58.540 0.0000000000
53762  -42.271  -38.407  55.993 0.0000000000
54981  -43.502  -37.136  56.969 0.0000000000
53545  -14.921  -37.762  67.337 0.0000000000
65757  -44.136  -28.584  56.747 0.0000000000
72739  -40.569  -22.454  57.552 0.0000000000
73850  -40.645  -21.526  56.595 0.0000000000
73839  -41.105  -21.752  57.186 0.0000000000
72741  -41.878  -22.463  57.058 0.0000000000
75004  -42.194  -20.388  54.596 0.0000000000
76098  -42.488  -20.312  55.318 0.0000000000
74990  -42.526  -20.696  55.706 0.0000000000
72763  -43.356  -21.372  55.139 0.0000000000
73864  -42.569  -21.362  56.048 0.0000000000
70458  -42.690  -24.092  55.443 0.0000000000
72876  -44.276  -22.979  49.587 0.0000000000
72859  -45.522  -22.203  49.782 0.0000000000
72941  -43.714  -22.978  43.620 0.0000000000
71800  -43.432  -23.542  44.067 0.0000000000
70629  -44.476  -24.369  44.569 0.0000000000
70628  -43.500  -24.269  44.589 0.0000000000
70580  -43.848  -24.445  47.152 0.0000000000
71765  -44.587  -23.941  47.832 0.0000000000
72836  -47.905  -22.685  50.231 0.0000000000
72862  -48.129  -22.793  49.481 0.0000000000
71712  -48.349  -23.655  50.383 0.0000000000
41857  -28.556  -47.951  63.664 0.0000000000
44018  -23.466  -45.672  66.129 0.0000000000
44029  -23.004  -45.697  65.641 0.0000000000
45255  -23.273  -46.046  64.491 0.0000000000
46468  -28.438  -44.666  64.562 0.0000000000
47660  -33.191  -42.940  61.069 0.0000000000
48832  -31.105  -42.146  64.270 0.0000000000
48928  -36.467  -42.682  59.054 0.0000000000
48929  -37.084  -42.630  59.060 0.0000000000
50027  -29.993  -41.499  64.982 0.0000000000
50045  -32.346  -40.694  64.169 0.0000000000
51329  -38.033  -40.442  61.022 0.0000000000
52401  -33.015  -39.823  63.922 0.0000000000
52504  -42.376  -39.263  58.588 0.0000000000
53611  -34.449  -39.008  63.115 0.0000000000
53612  -35.327  -38.574  63.129 0.0000000000
53630  -36.375  -38.699  63.135 0.0000000000
54789  -16.236  -36.754  68.185 0.0000000000
54872  -35.000  -38.332  62.705 0.0000000000
54874  -36.258  -37.558  62.789 0.0000000000
54875  -37.406  -37.835  62.711 0.0000000000
56142  -38.863  -36.033  62.229 0.0000000000
56168  -39.795  -35.973  61.194 0.0000000000
56270  -43.900  -35.962  56.940 0.0000000000
57326  -16.601  -36.270  67.574 0.0000000000
57376  -37.363  -36.382  61.702 0.0000000000
57378  -38.489  -35.399  61.909 0.0000000000
57379  -39.348  -35.374  61.998 0.0000000000
57380  -39.798  -34.973  61.741 0.0000000000
57438  -43.927  -35.375  57.491 0.0000000000
57474  -43.988  -35.407  56.546 0.0000000000
58464  -38.794  -35.150  62.182 0.0000000000
58465  -38.946  -35.117  62.217 0.0000000000
58482  -38.455  -35.247  61.693 0.0000000000
58504  -38.358  -34.742  60.987 0.0000000000
58588  -44.711  -34.157  56.864 0.0000000000
59593  -38.532  -34.780  61.575 0.0000000000
59594  -38.812  -34.427  61.759 0.0000000000
59596  -40.048  -33.930  61.771 0.0000000000
59627  -39.082  -33.408  60.103 0.0000000000
59687  -44.780  -33.933  56.395 0.0000000000
59688  -44.962  -33.624  56.597 0.0000000000
60787  -44.874  -31.935  56.771 0.0000000000
63232  -41.623  -31.235  59.754 0.0000000000
66820  -41.058  -28.009  60.022 0.0000000000
68010  -41.053  -27.287  60.002 0.0000000000
68041  -42.275  -26.540  58.645 0.0000000000
69237  -42.907  -26.329  57.935 0.0000000000
71602  -39.413  -23.695  58.173 0.0000000000
71620  -41.290  -23.411  57.983 0.0000000000
71631  -38.362  -24.253  56.348 0.0000000000
71731  -43.755  -23.125  49.410 0.0000000000
71868  -47.752  -23.479  40.543 0.0000000000
72729  -40.993  -23.225  58.014 0.0000000000
72738  -40.084  -22.558  57.293 0.0000000000
72759  -38.713  -23.647  55.302 0.0000000000
72778  -44.403  -21.374  54.347 0.0000000000
73837  -40.367  -22.154  57.143 0.0000000000
73851  -41.499  -21.417  56.829 0.0000000000
73865  -43.068  -21.109  55.441 0.0000000000
73885  -41.438  -21.466  53.106 0.0000000000
73898  -42.503  -21.328  52.217 0.0000000000
73899  -45.758  -21.180  53.142 0.0000000000
73916  -47.028  -22.049  51.161 0.0000000000
73963  -46.344  -21.722  50.195 0.0000000000
74031  -45.673  -21.074  43.224 0.0000000000
74962  -41.102  -21.291  56.812 0.0000000000
75005  -42.802  -20.114  54.434 0.0000000000
75057  -43.347  -20.960  52.192 0.0000000000
75080  -44.946  -20.805  51.331 0.0000000000
75134  -45.198  -20.266  44.072 0.0000000000
75135  -45.751  -20.138  44.150 0.0000000000
76097  -42.281  -20.296  55.375 0.0000000000
76099  -42.902  -20.330  55.192 0.0000000000
76111  -42.776  -20.112  54.903 0.0000000000
76113  -44.014  -20.125  54.406 0.0000000000
76124  -43.097  -19.894  54.288 0.0000000000
76126  -44.320  -20.073  53.882 0.0000000000
76137  -44.483  -20.024  53.307 0.0000000000
76225  -51.082  -18.482  43.374 0.0000000000
76236  -49.131  -19.746  43.081 0.0000000000
76239  -51.428  -18.568  42.743 0.0000000000
78299  -50.161  -17.989  43.883 0.0000000000
78306  -50.081  -17.870  43.572 0.0000000000
78307  -50.575  -17.635  43.179 0.0000000000
