#!ascii label  , from subject sub.01.dh.02t2 vox2ras=TkReg
993
56413  -35.887  -36.738  50.564 0.0000000000
55135  -18.517  -37.600  48.179 0.0000000000
53854  -25.765  -39.252  49.115 0.0000000000
78400  -38.234  -17.213  33.452 0.0000000000
81780  -43.768  -14.632  30.221 0.0000000000
55069  -10.495  -37.244  52.263 0.0000000000
76305  -35.442  -19.251  36.253 0.0000000000
60887  -36.882  -32.591  48.965 0.0000000000
52668  -31.464  -39.429  51.069 0.0000000000
55115  -14.332  -38.210  50.198 0.0000000000
52564  -13.735  -40.928  54.582 0.0000000000
55179  -31.937  -37.126  46.666 0.0000000000
58779  -33.044  -34.187  44.934 0.0000000000
57591  -21.912  -36.440  48.943 0.0000000000
56479  -27.762  -36.358  46.025 0.0000000000
68345  -33.136  -26.785  37.261 0.0000000000
70780  -36.792  -24.465  36.728 0.0000000000
73058  -40.422  -22.192  35.718 0.0000000000
48971  -5.539  -42.154  54.799 0.0000000000
47717  -2.963  -44.121  56.506 0.0000000000
62209  -30.854  -31.847  43.528 0.0000000000
64765  -27.564  -29.395  41.760 0.0000000000
68300  -29.167  -26.864  39.702 0.0000000000
51427  -9.416  -40.932  54.025 0.0000000000
52641  -18.442  -39.859  51.349 0.0000000000
56386  -19.981  -37.364  51.456 0.0000000000
55073  -34.331  -38.384  51.174 0.0000000000
57587  -16.408  -34.758  49.121 0.0000000000
53848  -16.342  -38.475  49.174 0.0000000000
52639  -16.352  -39.911  51.526 0.0000000000
57645  -30.932  -35.068  47.689 0.0000000000
55177  -30.019  -37.339  46.661 0.0000000000
71906  -32.449  -23.344  37.801 0.0000000000
69554  -34.513  -25.483  36.953 0.0000000000
73040  -34.057  -22.784  36.614 0.0000000000
74126  -38.185  -21.227  35.130 0.0000000000
76329  -39.035  -19.904  33.970 0.0000000000
75247  -42.138  -21.099  34.667 0.0000000000
77401  -40.737  -18.700  33.119 0.0000000000
77419  -41.906  -17.906  32.741 0.0000000000
62171  -31.161  -32.348  46.793 0.0000000000
60945  -31.697  -32.841  44.356 0.0000000000
62169  -28.959  -31.642  46.595 0.0000000000
65903  -26.012  -28.596  43.663 0.0000000000
69465  -26.295  -26.400  41.567 0.0000000000
67163  -28.365  -27.647  40.591 0.0000000000
70708  -27.443  -24.867  40.614 0.0000000000
70710  -29.189  -23.948  39.578 0.0000000000
55120  -23.043  -38.362  49.451 0.0000000000
53779  -7.079  -38.541  53.352 0.0000000000
52610  -9.603  -39.066  52.547 0.0000000000
44142  -3.515  -46.427  58.013 0.0000000000
42934  -2.191  -47.758  59.479 0.0000000000
75225  -34.001  -20.503  37.370 0.0000000000
64681  -36.343  -30.027  48.041 0.0000000000
52685  -28.301  -39.299  49.918 0.0000000000
55084  -12.875  -37.145  51.128 0.0000000000
51466  -11.487  -40.078  52.031 0.0000000000
52636  -13.489  -39.894  51.699 0.0000000000
81788  -45.649  -14.471  29.031 0.0000000000
55141  -34.112  -37.065  48.568 0.0000000000
57648  -35.140  -35.334  47.534 0.0000000000
57686  -32.891  -35.462  45.664 0.0000000000
59788  -17.533  -33.818  47.782 0.0000000000
57612  -19.657  -36.014  48.360 0.0000000000
59803  -20.097  -33.373  46.745 0.0000000000
58740  -22.131  -34.411  46.293 0.0000000000
55171  -23.876  -36.811  46.213 0.0000000000
57658  -26.137  -34.956  46.599 0.0000000000
53897  -26.713  -38.460  47.333 0.0000000000
53878  -29.323  -38.690  48.291 0.0000000000
53880  -31.297  -38.261  48.483 0.0000000000
65986  -33.420  -29.241  39.407 0.0000000000
74112  -36.001  -21.716  35.978 0.0000000000
71925  -38.463  -23.270  36.339 0.0000000000
78432  -43.043  -17.462  31.671 0.0000000000
48956  -3.766  -42.488  55.718 0.0000000000
45364  -4.923  -45.269  57.432 0.0000000000
59830  -35.392  -33.261  46.425 0.0000000000
63401  -35.178  -31.115  45.269 0.0000000000
64732  -32.998  -29.754  44.193 0.0000000000
64727  -26.520  -30.172  44.975 0.0000000000
63418  -28.909  -30.803  42.757 0.0000000000
65892  -31.146  -29.070  44.284 0.0000000000
68254  -30.654  -28.303  43.014 0.0000000000
67117  -31.568  -28.282  42.496 0.0000000000
65940  -31.829  -28.709  40.826 0.0000000000
68317  -30.817  -27.315  38.518 0.0000000000
70736  -31.091  -23.877  38.532 0.0000000000
56387  -21.267  -37.444  51.513 0.0000000000
52562  -5.077  -39.423  54.548 0.0000000000
50255  -7.098  -41.528  54.599 0.0000000000
51429  -11.429  -41.143  54.297 0.0000000000
41922  -0.589  -48.322  59.334 0.0000000000
52681  -18.830  -39.045  49.499 0.0000000000
53814  -19.675  -38.481  51.042 0.0000000000
55118  -19.132  -37.775  48.871 0.0000000000
55107  -35.277  -37.428  50.616 0.0000000000
56440  -17.313  -36.282  47.901 0.0000000000
57610  -16.374  -35.572  48.938 0.0000000000
53870  -17.055  -38.111  48.641 0.0000000000
52679  -17.040  -39.350  49.610 0.0000000000
73022  -32.403  -22.386  38.496 0.0000000000
71907  -33.152  -23.441  37.014 0.0000000000
74103  -33.033  -21.602  37.804 0.0000000000
78399  -37.627  -17.713  34.029 0.0000000000
76327  -37.712  -19.044  33.912 0.0000000000
76340  -38.295  -18.933  33.479 0.0000000000
75271  -39.968  -19.706  33.745 0.0000000000
77399  -38.798  -18.298  33.173 0.0000000000
78417  -39.478  -17.233  32.549 0.0000000000
62170  -30.102  -32.114  46.703 0.0000000000
69450  -25.976  -25.089  43.475 0.0000000000
69484  -26.722  -25.908  40.861 0.0000000000
70663  -27.079  -23.783  41.952 0.0000000000
70684  -27.624  -23.761  41.053 0.0000000000
53873  -24.358  -38.788  48.846 0.0000000000
53833  -24.182  -39.435  50.410 0.0000000000
52643  -25.572  -40.133  51.533 0.0000000000
55066  -8.819  -37.916  52.620 0.0000000000
53794  -9.818  -38.469  52.228 0.0000000000
80686  -43.749  -15.743  30.316 0.0000000000
44122  -3.018  -46.995  58.616 0.0000000000
60862  -37.687  -32.527  50.220 0.0000000000
63364  -36.561  -30.714  48.006 0.0000000000
52666  -29.881  -39.398  50.602 0.0000000000
52627  -31.098  -39.687  52.557 0.0000000000
55102  -15.166  -36.641  50.256 0.0000000000
56401  -14.341  -36.587  50.869 0.0000000000
56382  -13.043  -36.381  51.587 0.0000000000
55100  -13.792  -37.528  50.543 0.0000000000
53827  -13.374  -38.871  50.870 0.0000000000
53828  -14.249  -38.829  50.458 0.0000000000
52618  -16.981  -39.892  52.554 0.0000000000
52617  -15.964  -39.951  52.581 0.0000000000
55158  -32.971  -37.422  47.439 0.0000000000
56485  -33.678  -36.733  46.752 0.0000000000
56484  -32.695  -36.451  46.041 0.0000000000
59789  -17.685  -32.559  47.881 0.0000000000
59802  -18.617  -33.473  47.178 0.0000000000
60894  -19.368  -32.127  46.867 0.0000000000
60915  -22.554  -32.818  46.402 0.0000000000
58741  -22.876  -34.573  45.953 0.0000000000
57657  -23.056  -35.581  45.853 0.0000000000
57683  -24.014  -35.400  45.621 0.0000000000
57641  -27.689  -35.343  47.395 0.0000000000
56478  -26.810  -36.205  45.786 0.0000000000
55197  -26.069  -36.990  45.725 0.0000000000
53919  -27.325  -37.972  46.600 0.0000000000
53898  -27.775  -38.452  47.353 0.0000000000
53920  -28.358  -37.938  46.704 0.0000000000
55178  -31.018  -37.151  46.664 0.0000000000
55155  -30.604  -37.671  47.087 0.0000000000
55157  -32.201  -37.522  47.444 0.0000000000
53882  -32.855  -37.709  48.402 0.0000000000
67199  -33.234  -28.080  37.783 0.0000000000
67186  -34.903  -28.840  39.341 0.0000000000
68333  -33.940  -27.466  37.684 0.0000000000
69556  -36.507  -25.415  36.914 0.0000000000
68348  -36.182  -26.190  37.098 0.0000000000
76296  -34.564  -19.624  36.959 0.0000000000
75231  -34.506  -20.442  36.560 0.0000000000
75243  -35.799  -20.288  35.762 0.0000000000
74127  -39.071  -21.453  35.192 0.0000000000
73055  -37.941  -21.713  35.480 0.0000000000
73046  -39.916  -22.691  36.090 0.0000000000
71913  -40.066  -23.963  36.911 0.0000000000
78420  -42.574  -17.648  32.248 0.0000000000
79509  -41.784  -16.170  31.322 0.0000000000
79510  -42.841  -16.700  31.075 0.0000000000
51422  -4.484  -40.973  55.005 0.0000000000
51406  -3.574  -40.778  55.646 0.0000000000
50233  -4.818  -42.196  55.093 0.0000000000
46570  -5.434  -44.632  57.099 0.0000000000
45325  -4.926  -45.583  59.160 0.0000000000
58765  -34.299  -34.527  45.599 0.0000000000
58746  -35.204  -34.159  46.710 0.0000000000
58781  -34.296  -33.737  44.967 0.0000000000
60953  -31.501  -32.351  43.728 0.0000000000
60956  -33.372  -31.984  43.869 0.0000000000
63422  -32.615  -31.024  43.493 0.0000000000
63399  -34.093  -30.094  44.628 0.0000000000
63421  -31.705  -30.919  43.534 0.0000000000
65879  -26.110  -28.844  46.021 0.0000000000
65914  -26.324  -28.674  42.487 0.0000000000
64737  -26.574  -29.745  43.001 0.0000000000
64751  -27.536  -30.090  42.254 0.0000000000
64740  -29.577  -29.936  43.177 0.0000000000
64753  -29.196  -29.812  42.629 0.0000000000
67064  -30.601  -28.937  43.838 0.0000000000
65939  -29.412  -28.852  42.024 0.0000000000
67164  -29.327  -27.692  40.420 0.0000000000
67142  -30.322  -28.252  41.351 0.0000000000
67165  -30.217  -27.979  40.393 0.0000000000
65917  -31.626  -28.515  41.585 0.0000000000
67166  -30.910  -28.364  40.080 0.0000000000
67184  -31.027  -27.943  39.027 0.0000000000
68316  -30.277  -26.915  38.765 0.0000000000
71861  -29.866  -23.084  39.687 0.0000000000
70756  -30.400  -24.992  38.395 0.0000000000
73010  -30.693  -22.958  39.237 0.0000000000
58682  -20.546  -36.137  48.576 0.0000000000
57571  -20.684  -36.943  49.981 0.0000000000
57556  -21.508  -37.278  50.125 0.0000000000
51444  -7.954  -40.118  53.506 0.0000000000
51443  -7.016  -39.994  53.553 0.0000000000
50256  -8.038  -41.448  54.711 0.0000000000
51459  -12.398  -40.879  52.981 0.0000000000
51458  -11.753  -40.628  52.586 0.0000000000
51431  -13.032  -41.276  54.524 0.0000000000
53782  -18.605  -39.447  53.710 0.0000000000
53783  -19.525  -38.871  53.193 0.0000000000
55050  -20.083  -38.231  52.670 0.0000000000
56332  -20.527  -37.615  53.164 0.0000000000
53818  -32.773  -38.953  51.204 0.0000000000
53801  -32.657  -39.168  52.411 0.0000000000
57569  -16.097  -34.454  49.988 0.0000000000
56419  -16.035  -36.139  49.404 0.0000000000
55117  -15.442  -37.248  49.608 0.0000000000
53829  -14.942  -39.106  50.317 0.0000000000
52678  -16.160  -39.408  49.719 0.0000000000
52640  -17.391  -39.899  51.468 0.0000000000
57664  -31.159  -35.597  46.699 0.0000000000
57665  -31.915  -35.371  46.043 0.0000000000
57642  -28.498  -35.592  47.225 0.0000000000
55176  -29.003  -37.181  46.511 0.0000000000
57663  -30.397  -35.699  46.946 0.0000000000
69552  -32.456  -25.670  37.265 0.0000000000
68346  -34.232  -26.507  37.333 0.0000000000
70777  -33.719  -24.540  36.849 0.0000000000
70778  -34.853  -24.413  36.485 0.0000000000
70798  -35.640  -23.962  36.467 0.0000000000
75244  -36.536  -20.343  35.421 0.0000000000
75245  -37.506  -20.306  34.854 0.0000000000
75246  -38.258  -20.728  34.788 0.0000000000
74140  -39.442  -20.944  34.728 0.0000000000
74129  -41.327  -21.749  35.399 0.0000000000
75263  -40.808  -20.390  34.209 0.0000000000
75273  -41.089  -19.994  33.965 0.0000000000
76344  -42.229  -19.299  33.723 0.0000000000
77418  -41.101  -17.986  32.706 0.0000000000
78418  -40.498  -17.265  32.282 0.0000000000
50234  -7.010  -42.370  55.244 0.0000000000
47737  -6.348  -43.108  55.757 0.0000000000
48936  -7.184  -43.123  57.014 0.0000000000
60935  -31.826  -33.322  45.126 0.0000000000
60946  -32.582  -32.958  44.292 0.0000000000
60934  -31.184  -32.957  45.454 0.0000000000
60933  -30.451  -32.685  44.991 0.0000000000
62183  -28.476  -31.757  45.179 0.0000000000
67063  -25.659  -27.070  44.715 0.0000000000
68239  -25.735  -25.968  44.235 0.0000000000
68252  -25.670  -26.835  43.082 0.0000000000
67138  -26.372  -27.809  41.975 0.0000000000
67140  -28.034  -28.287  41.090 0.0000000000
68284  -26.831  -27.011  40.840 0.0000000000
68298  -27.564  -26.807  40.389 0.0000000000
69503  -27.898  -25.760  40.174 0.0000000000
69522  -29.251  -25.327  39.192 0.0000000000
70709  -28.497  -24.438  39.899 0.0000000000
56443  -22.551  -36.491  48.101 0.0000000000
56389  -22.027  -38.099  50.682 0.0000000000
53832  -23.358  -38.983  50.366 0.0000000000
52586  -8.450  -39.356  53.094 0.0000000000
51445  -8.937  -40.220  53.420 0.0000000000
45385  -3.362  -45.730  56.995 0.0000000000
47692  -2.245  -43.995  58.146 0.0000000000
44140  -2.559  -46.028  57.531 0.0000000000
45340  -1.633  -45.837  58.567 0.0000000000
45323  -1.131  -45.796  59.103 0.0000000000
64679  -35.381  -29.047  47.602 0.0000000000
52684  -27.330  -39.349  49.916 0.0000000000
52663  -26.940  -39.714  50.734 0.0000000000
56356  -12.625  -36.070  52.429 0.0000000000
56380  -11.538  -36.968  51.926 0.0000000000
53809  -10.804  -38.272  51.711 0.0000000000
53811  -12.168  -38.842  51.387 0.0000000000
52635  -12.338  -40.068  51.827 0.0000000000
52615  -14.197  -40.544  52.618 0.0000000000
52638  -15.388  -40.071  51.595 0.0000000000
52616  -15.069  -40.283  52.613 0.0000000000
52566  -15.065  -40.162  54.585 0.0000000000
81781  -44.850  -14.587  29.650 0.0000000000
56429  -34.992  -36.894  49.887 0.0000000000
56450  -35.168  -36.072  48.668 0.0000000000
56465  -34.408  -36.444  47.728 0.0000000000
57688  -34.143  -35.658  46.042 0.0000000000
58764  -33.361  -34.724  45.368 0.0000000000
58763  -32.501  -34.523  45.541 0.0000000000
59828  -31.895  -33.745  45.816 0.0000000000
62172  -31.716  -32.555  47.280 0.0000000000
56457  -17.966  -36.312  47.590 0.0000000000
56458  -18.793  -36.525  47.913 0.0000000000
57636  -19.131  -35.569  47.831 0.0000000000
58722  -19.608  -34.645  47.429 0.0000000000
58702  -21.225  -35.450  48.129 0.0000000000
60913  -20.924  -32.309  46.453 0.0000000000
59805  -21.415  -34.072  46.738 0.0000000000
58703  -21.787  -35.239  47.626 0.0000000000
56460  -22.766  -36.297  47.278 0.0000000000
55136  -23.878  -38.151  48.209 0.0000000000
53895  -24.991  -38.346  47.615 0.0000000000
58742  -25.246  -33.824  46.529 0.0000000000
56498  -24.943  -36.364  45.539 0.0000000000
55154  -25.386  -38.092  46.774 0.0000000000
53875  -26.158  -38.785  48.212 0.0000000000
53876  -27.230  -38.761  48.211 0.0000000000
53857  -28.774  -38.890  49.174 0.0000000000
53858  -29.858  -39.059  49.387 0.0000000000
53900  -29.901  -38.222  47.358 0.0000000000
53879  -30.376  -38.629  48.368 0.0000000000
53859  -30.921  -38.724  49.360 0.0000000000
53837  -32.752  -38.554  50.130 0.0000000000
55105  -34.045  -37.819  49.723 0.0000000000
58680  -16.849  -34.198  48.555 0.0000000000
68334  -35.061  -27.333  37.867 0.0000000000
73031  -33.920  -21.819  36.813 0.0000000000
73042  -35.642  -22.455  36.247 0.0000000000
71923  -36.414  -23.557  36.514 0.0000000000
74124  -36.326  -21.088  35.678 0.0000000000
73043  -36.676  -22.504  36.214 0.0000000000
71911  -38.102  -23.972  36.671 0.0000000000
70783  -39.638  -24.693  37.404 0.0000000000
79511  -43.853  -17.128  30.910 0.0000000000
79523  -43.484  -16.419  30.633 0.0000000000
81773  -43.280  -14.090  30.567 0.0000000000
50210  -3.163  -41.822  56.056 0.0000000000
47718  -3.476  -43.552  56.069 0.0000000000
46608  -5.362  -43.854  55.851 0.0000000000
46606  -4.088  -44.096  55.875 0.0000000000
46585  -3.598  -44.680  56.345 0.0000000000
45363  -4.137  -45.914  57.796 0.0000000000
58690  -36.090  -34.861  48.820 0.0000000000
59793  -36.135  -33.955  47.930 0.0000000000
60900  -36.303  -32.370  47.327 0.0000000000
60948  -34.516  -32.592  44.690 0.0000000000
60936  -34.994  -32.351  45.275 0.0000000000
62151  -36.244  -31.654  47.077 0.0000000000
63393  -35.490  -30.674  45.901 0.0000000000
64711  -34.816  -29.682  45.701 0.0000000000
64709  -33.379  -29.158  45.492 0.0000000000
62167  -27.477  -30.950  45.635 0.0000000000
62195  -27.795  -31.759  44.059 0.0000000000
65889  -25.847  -28.829  44.908 0.0000000000
63407  -26.897  -30.773  44.192 0.0000000000
62207  -29.284  -31.462  43.229 0.0000000000
63408  -31.262  -30.098  44.012 0.0000000000
64730  -31.653  -29.699  44.213 0.0000000000
67141  -29.349  -28.391  41.443 0.0000000000
68269  -30.950  -28.150  42.781 0.0000000000
65963  -32.613  -29.100  40.101 0.0000000000
65985  -32.352  -28.844  38.861 0.0000000000
67210  -31.647  -27.158  37.687 0.0000000000
69536  -29.898  -25.728  38.614 0.0000000000
69538  -30.947  -25.645  37.972 0.0000000000
69551  -31.705  -25.601  37.600 0.0000000000
70758  -32.083  -23.905  37.906 0.0000000000
71900  -31.899  -23.313  38.414 0.0000000000
56421  -19.610  -37.125  49.449 0.0000000000
57534  -20.460  -37.144  51.904 0.0000000000
56364  -21.915  -38.189  51.595 0.0000000000
51423  -5.179  -40.826  54.459 0.0000000000
53766  -6.370  -38.391  53.888 0.0000000000
51424  -6.240  -40.492  53.998 0.0000000000
50254  -6.003  -41.885  54.504 0.0000000000
50235  -7.792  -42.034  55.499 0.0000000000
52611  -10.334  -39.225  52.290 0.0000000000
51446  -10.063  -40.191  53.312 0.0000000000
51428  -10.438  -41.120  54.273 0.0000000000
42915  -1.938  -48.262  60.944 0.0000000000
41923  -1.134  -48.230  59.514 0.0000000000
44107  -0.433  -46.527  59.075 0.0000000000
56414  -36.635  -36.152  50.864 0.0000000000
52702  -18.501  -38.887  48.907 0.0000000000
52703  -18.868  -38.695  49.092 0.0000000000
53872  -18.724  -38.350  48.738 0.0000000000
55150  -17.697  -36.737  47.805 0.0000000000
55134  -17.403  -37.297  48.098 0.0000000000
53871  -17.921  -38.489  48.476 0.0000000000
74102  -32.600  -21.951  38.253 0.0000000000
73029  -32.696  -22.474  37.617 0.0000000000
76339  -37.842  -18.690  33.593 0.0000000000
77398  -37.950  -18.222  33.426 0.0000000000
78401  -38.881  -17.552  32.908 0.0000000000
70662  -26.551  -24.168  42.673 0.0000000000
52682  -25.587  -39.696  49.892 0.0000000000
52661  -25.048  -39.914  50.547 0.0000000000
56353  -10.037  -36.962  52.625 0.0000000000
56352  -9.418  -37.301  52.576 0.0000000000
55068  -10.108  -37.704  52.126 0.0000000000
80687  -44.580  -15.642  29.931 0.0000000000
62121  -37.168  -31.682  49.372 0.0000000000
62134  -36.827  -31.673  48.503 0.0000000000
52667  -30.877  -39.481  50.860 0.0000000000
52648  -30.439  -39.687  51.608 0.0000000000
52649  -31.288  -39.589  51.617 0.0000000000
55101  -14.720  -37.014  50.278 0.0000000000
56402  -14.891  -36.263  50.750 0.0000000000
55180  -32.812  -37.192  46.810 0.0000000000
60893  -18.436  -32.120  47.436 0.0000000000
60897  -23.402  -32.514  46.844 0.0000000000
60916  -23.254  -33.143  46.282 0.0000000000
59826  -23.640  -33.808  45.884 0.0000000000
58760  -23.684  -34.665  45.683 0.0000000000
59846  -24.221  -33.981  45.772 0.0000000000
57660  -27.671  -35.644  46.444 0.0000000000
55174  -26.820  -37.252  45.898 0.0000000000
55175  -28.009  -37.185  46.284 0.0000000000
55156  -31.336  -37.543  47.218 0.0000000000
67212  -33.068  -27.454  37.441 0.0000000000
68332  -33.354  -27.463  37.493 0.0000000000
70781  -37.775  -24.646  36.833 0.0000000000
76304  -34.809  -19.844  36.409 0.0000000000
73057  -39.488  -22.063  35.656 0.0000000000
80677  -41.494  -15.456  31.381 0.0000000000
50252  -4.619  -41.502  55.034 0.0000000000
50253  -5.022  -41.760  54.838 0.0000000000
58780  -33.738  -34.066  44.887 0.0000000000
62210  -31.924  -31.705  43.482 0.0000000000
64764  -27.078  -29.104  41.603 0.0000000000
64750  -26.790  -29.414  41.971 0.0000000000
64766  -28.079  -29.636  41.962 0.0000000000
64752  -28.668  -29.838  42.270 0.0000000000
65915  -28.937  -29.429  42.157 0.0000000000
65916  -29.437  -29.262  42.588 0.0000000000
65938  -28.580  -29.128  41.775 0.0000000000
67182  -29.683  -27.441  39.853 0.0000000000
67183  -30.236  -27.642  39.537 0.0000000000
68315  -29.676  -26.879  39.310 0.0000000000
57614  -21.628  -36.215  48.588 0.0000000000
58666  -21.312  -36.599  49.227 0.0000000000
57573  -21.778  -36.876  49.511 0.0000000000
51426  -8.441  -40.895  53.985 0.0000000000
50257  -8.930  -41.476  54.701 0.0000000000
50237  -9.471  -41.868  55.453 0.0000000000
52589  -13.399  -41.153  53.804 0.0000000000
51449  -12.701  -41.141  53.651 0.0000000000
48935  -2.624  -42.735  57.480 0.0000000000
48934  -2.447  -43.454  57.815 0.0000000000
59767  -37.606  -33.375  50.505 0.0000000000
53796  -19.039  -39.498  52.354 0.0000000000
55070  -20.050  -38.045  51.683 0.0000000000
56360  -19.981  -37.599  52.026 0.0000000000
56331  -20.260  -37.795  53.034 0.0000000000
57517  -20.268  -37.516  52.561 0.0000000000
53819  -33.625  -38.583  50.796 0.0000000000
58663  -16.547  -33.774  49.594 0.0000000000
55133  -16.373  -37.306  48.732 0.0000000000
53847  -15.340  -38.694  49.749 0.0000000000
52659  -17.734  -39.751  50.376 0.0000000000
52619  -18.064  -39.993  52.532 0.0000000000
56462  -29.010  -35.711  46.942 0.0000000000
57644  -30.217  -35.462  47.837 0.0000000000
56482  -30.655  -36.451  46.633 0.0000000000
70776  -32.559  -24.490  37.377 0.0000000000
69553  -33.407  -25.596  36.989 0.0000000000
71920  -33.811  -23.140  36.681 0.0000000000
71908  -33.986  -23.787  36.650 0.0000000000
71921  -34.497  -23.352  36.443 0.0000000000
70797  -35.078  -23.752  36.339 0.0000000000
76317  -36.404  -19.261  35.380 0.0000000000
76318  -37.209  -19.169  34.613 0.0000000000
76328  -38.457  -19.589  33.895 0.0000000000
75260  -37.864  -19.740  34.271 0.0000000000
75261  -38.624  -20.340  34.389 0.0000000000
74141  -40.445  -20.975  34.712 0.0000000000
75262  -39.767  -20.233  34.096 0.0000000000
76342  -40.270  -19.298  33.511 0.0000000000
75272  -40.534  -19.865  33.848 0.0000000000
76343  -41.294  -19.480  33.657 0.0000000000
77402  -41.841  -18.636  33.220 0.0000000000
60917  -31.344  -32.741  46.250 0.0000000000
62186  -31.114  -32.689  46.137 0.0000000000
62184  -29.673  -32.335  45.290 0.0000000000
60932  -30.117  -32.453  44.693 0.0000000000
68267  -25.837  -26.316  42.682 0.0000000000
68253  -25.777  -26.057  43.255 0.0000000000
68266  -26.080  -26.824  42.261 0.0000000000
68283  -26.455  -27.102  41.478 0.0000000000
69504  -28.851  -25.814  39.526 0.0000000000
71859  -28.468  -23.345  40.581 0.0000000000
56423  -22.791  -37.451  48.694 0.0000000000
52642  -24.504  -39.810  51.559 0.0000000000
53793  -9.191  -38.485  52.510 0.0000000000
53781  -8.581  -38.546  52.818 0.0000000000
52609  -9.019  -39.024  52.736 0.0000000000
52587  -9.340  -39.575  52.966 0.0000000000
45362  -3.508  -46.158  57.552 0.0000000000
44164  -2.691  -45.787  57.235 0.0000000000
44141  -3.013  -46.458  57.574 0.0000000000
42956  -2.238  -47.327  58.758 0.0000000000
44121  -2.253  -46.546  58.263 0.0000000000
42955  -1.850  -47.047  58.655 0.0000000000
44120  -1.516  -46.613  58.742 0.0000000000
42933  -1.478  -47.505  59.012 0.0000000000
64672  -36.542  -29.718  48.638 0.0000000000
64671  -36.140  -29.236  48.503 0.0000000000
64680  -35.967  -29.508  47.752 0.0000000000
52664  -27.901  -39.642  50.728 0.0000000000
56381  -12.269  -36.688  51.721 0.0000000000
55083  -12.024  -37.716  51.350 0.0000000000
53812  -12.824  -39.265  51.352 0.0000000000
52614  -13.165  -40.792  52.749 0.0000000000
52657  -15.620  -39.750  50.487 0.0000000000
52656  -14.771  -39.657  50.861 0.0000000000
52592  -15.556  -40.146  53.612 0.0000000000
52591  -14.726  -40.443  53.618 0.0000000000
56449  -34.752  -36.707  48.959 0.0000000000
55160  -33.896  -36.958  48.044 0.0000000000
56502  -33.608  -36.195  45.945 0.0000000000
56503  -33.999  -36.248  46.268 0.0000000000
57687  -33.608  -35.470  45.651 0.0000000000
57646  -31.584  -34.591  47.190 0.0000000000
58728  -31.964  -33.877  47.233 0.0000000000
59808  -32.166  -33.388  46.939 0.0000000000
60898  -32.222  -32.993  46.941 0.0000000000
60918  -31.869  -32.888  46.499 0.0000000000
58720  -17.898  -34.779  47.543 0.0000000000
57635  -18.340  -35.586  47.564 0.0000000000
58721  -18.627  -34.730  47.415 0.0000000000
58723  -20.628  -34.469  47.438 0.0000000000
59824  -21.734  -33.565  46.412 0.0000000000
58739  -21.653  -34.324  46.641 0.0000000000
58725  -21.852  -34.947  46.851 0.0000000000
57637  -22.306  -35.674  47.342 0.0000000000
57656  -22.381  -35.226  46.398 0.0000000000
56461  -23.208  -36.513  46.578 0.0000000000
55152  -23.836  -37.362  46.916 0.0000000000
55137  -24.651  -38.283  47.809 0.0000000000
55153  -24.776  -37.999  47.078 0.0000000000
57639  -26.513  -34.550  47.836 0.0000000000
58727  -25.832  -34.172  47.254 0.0000000000
58762  -25.460  -34.873  45.759 0.0000000000
57684  -24.820  -35.442  45.546 0.0000000000
57685  -25.636  -35.556  45.591 0.0000000000
53918  -26.279  -38.080  46.572 0.0000000000
55173  -25.596  -37.671  46.230 0.0000000000
53896  -25.592  -38.415  47.268 0.0000000000
53855  -26.770  -39.173  49.052 0.0000000000
53899  -28.806  -38.419  47.375 0.0000000000
53877  -28.268  -38.709  48.234 0.0000000000
56481  -29.706  -36.371  46.708 0.0000000000
53921  -29.224  -37.912  46.790 0.0000000000
53902  -31.550  -37.823  47.839 0.0000000000
53901  -30.833  -38.042  47.697 0.0000000000
53860  -31.926  -38.302  49.359 0.0000000000
55140  -33.610  -37.318  48.291 0.0000000000
53862  -33.568  -37.910  49.455 0.0000000000
55122  -33.744  -37.654  48.986 0.0000000000
55123  -34.412  -37.313  49.372 0.0000000000
59776  -17.100  -32.858  48.971 0.0000000000
58699  -17.333  -34.738  47.960 0.0000000000
65965  -34.549  -28.961  40.725 0.0000000000
67201  -35.921  -27.951  38.675 0.0000000000
67187  -35.586  -28.692  39.821 0.0000000000
68347  -35.317  -26.374  37.266 0.0000000000
74104  -33.674  -21.419  37.233 0.0000000000
74111  -35.059  -21.349  36.273 0.0000000000
74125  -37.278  -21.291  35.426 0.0000000000
73045  -38.942  -22.598  36.011 0.0000000000
73044  -37.751  -22.330  35.877 0.0000000000
71924  -37.432  -23.262  36.426 0.0000000000
71912  -39.078  -23.986  36.784 0.0000000000
70784  -40.590  -24.492  37.579 0.0000000000
74142  -41.287  -20.914  34.609 0.0000000000
78402  -42.549  -18.204  33.002 0.0000000000
79497  -42.610  -17.224  31.621 0.0000000000
78421  -43.592  -17.852  32.218 0.0000000000
78433  -43.710  -17.534  31.519 0.0000000000
80678  -42.224  -15.559  31.040 0.0000000000
79522  -43.104  -16.312  30.761 0.0000000000
80685  -43.021  -15.795  30.638 0.0000000000
81779  -43.294  -15.186  30.425 0.0000000000
50231  -3.597  -41.638  55.643 0.0000000000
51386  -3.019  -41.099  56.307 0.0000000000
48947  -3.063  -42.616  56.427 0.0000000000
47720  -6.443  -43.347  56.373 0.0000000000
47736  -5.828  -43.325  55.674 0.0000000000
47719  -5.820  -43.895  56.606 0.0000000000
46587  -5.195  -44.422  56.244 0.0000000000
45387  -4.921  -44.951  56.650 0.0000000000
46586  -4.473  -44.656  56.150 0.0000000000
45386  -4.278  -45.360  56.734 0.0000000000
45324  -4.688  -45.815  59.604 0.0000000000
56466  -35.095  -35.857  48.061 0.0000000000
57625  -35.529  -35.418  48.410 0.0000000000
58730  -35.563  -34.380  47.432 0.0000000000
59810  -35.942  -33.332  47.297 0.0000000000
59811  -36.417  -33.399  47.884 0.0000000000
59863  -34.026  -33.326  44.552 0.0000000000
60947  -33.631  -32.498  44.132 0.0000000000
62200  -34.342  -31.634  44.355 0.0000000000
62187  -34.879  -31.648  44.972 0.0000000000
62188  -35.356  -31.655  45.566 0.0000000000
62174  -35.795  -31.605  46.350 0.0000000000
63377  -36.146  -30.651  47.084 0.0000000000
64721  -34.320  -29.810  45.054 0.0000000000
64720  -33.618  -29.688  44.807 0.0000000000
65873  -34.530  -29.192  46.218 0.0000000000
64710  -34.108  -29.388  45.575 0.0000000000
64717  -26.654  -29.981  45.804 0.0000000000
63389  -27.364  -30.632  46.144 0.0000000000
63398  -27.059  -30.643  45.313 0.0000000000
62182  -27.584  -31.215  45.068 0.0000000000
67062  -25.758  -27.986  44.458 0.0000000000
64738  -27.101  -30.359  42.839 0.0000000000
63416  -26.910  -30.445  43.322 0.0000000000
63417  -27.670  -30.908  43.031 0.0000000000
62206  -28.484  -31.610  43.226 0.0000000000
63420  -30.809  -30.632  43.636 0.0000000000
63419  -29.794  -30.745  43.322 0.0000000000
64728  -30.437  -29.561  43.777 0.0000000000
64729  -30.997  -29.795  44.068 0.0000000000
65893  -31.589  -29.303  44.507 0.0000000000
65882  -32.642  -29.067  45.369 0.0000000000
67091  -30.346  -28.687  43.322 0.0000000000
67116  -30.474  -28.343  42.220 0.0000000000
65918  -32.164  -28.653  41.782 0.0000000000
65941  -32.981  -28.829  41.317 0.0000000000
65984  -31.615  -28.517  38.999 0.0000000000
67197  -31.293  -27.628  38.261 0.0000000000
67198  -32.153  -28.100  37.990 0.0000000000
69523  -29.625  -25.927  38.862 0.0000000000
70734  -29.572  -24.594  39.052 0.0000000000
70735  -30.604  -24.110  38.674 0.0000000000
70757  -31.440  -24.443  38.049 0.0000000000
70775  -32.028  -25.047  37.552 0.0000000000
56459  -19.255  -36.160  48.149 0.0000000000
56442  -19.424  -36.592  48.566 0.0000000000
57588  -19.912  -36.538  49.035 0.0000000000
57555  -21.109  -37.220  50.669 0.0000000000
57554  -20.497  -37.080  50.907 0.0000000000
57535  -20.897  -37.239  51.471 0.0000000000
56362  -21.067  -37.400  52.328 0.0000000000
56334  -21.469  -37.732  52.930 0.0000000000
55087  -22.484  -38.500  51.543 0.0000000000
52623  -27.130  -40.103  52.428 0.0000000000
52561  -4.582  -40.268  54.661 0.0000000000
55045  -6.916  -37.903  53.688 0.0000000000
51425  -7.451  -40.794  53.984 0.0000000000
51442  -6.485  -39.765  53.728 0.0000000000
52634  -11.450  -39.423  51.692 0.0000000000
52633  -10.846  -38.907  51.778 0.0000000000
51465  -11.171  -39.795  52.023 0.0000000000
51447  -11.043  -40.777  53.360 0.0000000000
81787  -45.093  -14.112  29.371 0.0000000000
41904  -1.003  -48.872  59.895 0.0000000000
42932  -0.723  -47.481  59.129 0.0000000000
52660  -18.669  -39.508  50.284 0.0000000000
53813  -19.254  -39.274  51.210 0.0000000000
53830  -19.272  -38.848  50.276 0.0000000000
53831  -19.533  -38.140  50.248 0.0000000000
55103  -19.633  -37.603  50.063 0.0000000000
55089  -34.952  -38.057  50.833 0.0000000000
57611  -16.905  -35.352  48.351 0.0000000000
56439  -16.647  -36.339  48.472 0.0000000000
53849  -17.285  -38.786  49.007 0.0000000000
52680  -18.024  -39.386  49.264 0.0000000000
57622  -30.529  -34.693  48.990 0.0000000000
73030  -33.491  -22.336  36.899 0.0000000000
76341  -39.295  -19.336  33.619 0.0000000000
77400  -39.776  -18.601  33.179 0.0000000000
77417  -40.154  -17.982  32.748 0.0000000000
77416  -39.407  -17.949  32.890 0.0000000000
78416  -38.766  -16.927  32.885 0.0000000000
62147  -29.632  -31.531  47.519 0.0000000000
62146  -29.088  -31.404  47.409 0.0000000000
63391  -28.776  -31.257  47.317 0.0000000000
69466  -26.122  -25.628  42.236 0.0000000000
70683  -26.850  -24.647  41.520 0.0000000000
53852  -23.902  -38.856  49.453 0.0000000000
55067  -9.381  -37.882  52.366 0.0000000000
79524  -44.447  -16.783  30.360 0.0000000000
44123  -3.843  -46.466  58.708 0.0000000000
42935  -2.820  -47.397  59.553 0.0000000000
63352  -36.996  -30.714  48.965 0.0000000000
52686  -29.229  -39.221  49.970 0.0000000000
52665  -28.870  -39.573  50.713 0.0000000000
56403  -15.462  -36.016  50.402 0.0000000000
56385  -15.039  -35.507  51.305 0.0000000000
56384  -14.487  -35.890  51.484 0.0000000000
56383  -13.818  -36.379  51.458 0.0000000000
55085  -13.386  -36.814  51.124 0.0000000000
55099  -12.841  -38.019  50.926 0.0000000000
52655  -14.050  -39.548  51.028 0.0000000000
52593  -16.489  -39.878  53.613 0.0000000000
55159  -33.619  -37.085  47.564 0.0000000000
56464  -33.888  -36.778  47.333 0.0000000000
55181  -33.279  -37.165  47.104 0.0000000000
56501  -33.214  -35.968  45.697 0.0000000000
59801  -18.148  -34.214  47.393 0.0000000000
60895  -21.996  -31.824  46.823 0.0000000000
59825  -22.677  -33.724  46.166 0.0000000000
57638  -22.693  -35.872  46.669 0.0000000000
56475  -23.705  -36.217  45.825 0.0000000000
57640  -27.036  -35.022  47.550 0.0000000000
57659  -26.944  -35.345  46.532 0.0000000000
56477  -26.333  -35.579  45.836 0.0000000000
56499  -25.906  -36.350  45.632 0.0000000000
55198  -26.501  -36.785  45.690 0.0000000000
53881  -32.187  -37.847  48.381 0.0000000000
55138  -32.676  -37.615  47.922 0.0000000000
55139  -33.169  -37.499  48.016 0.0000000000
65997  -33.399  -28.872  38.542 0.0000000000
65998  -33.962  -28.920  39.069 0.0000000000
67200  -34.557  -28.511  38.599 0.0000000000
69555  -35.554  -25.462  36.794 0.0000000000
75232  -35.148  -20.334  36.131 0.0000000000
74123  -35.651  -20.958  35.946 0.0000000000
73056  -38.561  -21.910  35.559 0.0000000000
71926  -39.479  -23.302  36.448 0.0000000000
71927  -40.419  -23.298  36.474 0.0000000000
78419  -41.504  -17.376  32.194 0.0000000000
79496  -42.030  -16.949  31.646 0.0000000000
50232  -4.308  -41.751  55.256 0.0000000000
48957  -4.597  -42.628  55.340 0.0000000000
45343  -4.914  -45.463  58.444 0.0000000000
57666  -34.703  -35.100  46.601 0.0000000000
57667  -35.170  -34.763  47.046 0.0000000000
58745  -34.735  -34.398  46.240 0.0000000000
59829  -34.840  -33.786  46.067 0.0000000000
60955  -32.962  -32.226  43.814 0.0000000000
62211  -32.688  -31.713  43.595 0.0000000000
62199  -33.673  -31.506  43.916 0.0000000000
63412  -34.140  -31.021  44.194 0.0000000000
63400  -34.713  -30.576  44.854 0.0000000000
63411  -33.579  -30.497  44.012 0.0000000000
63410  -32.478  -30.277  43.777 0.0000000000
64716  -26.128  -29.476  45.257 0.0000000000
63428  -28.306  -30.443  42.470 0.0000000000
64739  -29.038  -30.163  42.613 0.0000000000
65904  -30.091  -29.225  43.504 0.0000000000
65891  -30.563  -29.200  43.869 0.0000000000
67115  -30.046  -28.558  42.466 0.0000000000
67143  -31.064  -28.335  41.142 0.0000000000
65962  -31.703  -28.625  39.646 0.0000000000
71883  -29.605  -23.643  39.493 0.0000000000
71884  -30.221  -23.433  39.201 0.0000000000
71885  -30.929  -23.347  38.846 0.0000000000
71899  -31.369  -23.598  38.530 0.0000000000
57613  -20.086  -35.780  48.315 0.0000000000
58681  -20.204  -36.357  48.866 0.0000000000
58665  -20.903  -36.590  49.277 0.0000000000
57572  -21.298  -36.893  49.698 0.0000000000
52585  -7.486  -39.323  53.271 0.0000000000
52584  -6.687  -39.230  53.511 0.0000000000
52613  -12.427  -40.659  52.476 0.0000000000
51448  -11.929  -40.973  53.546 0.0000000000
51430  -12.242  -41.219  54.405 0.0000000000
60877  -37.343  -32.573  49.759 0.0000000000
53768  -19.308  -38.767  54.418 0.0000000000
53797  -19.829  -38.875  52.024 0.0000000000
53836  -31.621  -38.922  50.475 0.0000000000
53817  -31.950  -39.302  51.486 0.0000000000
57568  -15.754  -35.172  50.186 0.0000000000
57586  -16.101  -35.224  49.509 0.0000000000
55116  -14.678  -37.875  49.943 0.0000000000
53846  -14.717  -38.548  50.114 0.0000000000
52658  -16.722  -39.758  50.509 0.0000000000
52594  -17.505  -39.808  53.639 0.0000000000
56483  -31.589  -36.391  46.439 0.0000000000
57661  -28.224  -35.836  46.426 0.0000000000
56480  -28.703  -36.241  46.555 0.0000000000
56463  -29.353  -35.865  46.855 0.0000000000
57662  -29.820  -35.742  47.089 0.0000000000
70779  -35.941  -24.653  36.617 0.0000000000
70799  -36.211  -24.161  36.586 0.0000000000
76316  -36.007  -19.775  35.656 0.0000000000
74139  -38.718  -20.954  34.839 0.0000000000
74128  -40.029  -21.547  35.264 0.0000000000
75264  -41.719  -20.219  34.165 0.0000000000
48972  -5.769  -42.360  54.847 0.0000000000
48959  -6.196  -42.731  55.176 0.0000000000
59847  -32.452  -33.778  44.902 0.0000000000
59862  -33.243  -33.516  44.508 0.0000000000
62185  -30.631  -32.576  45.916 0.0000000000
60944  -30.900  -32.625  44.259 0.0000000000
60943  -30.397  -32.449  44.415 0.0000000000
62197  -30.061  -32.139  44.196 0.0000000000
67089  -25.742  -27.472  43.767 0.0000000000
67090  -25.700  -26.666  43.821 0.0000000000
67114  -25.875  -27.719  42.830 0.0000000000
65936  -26.732  -28.648  41.681 0.0000000000
65937  -27.474  -28.766  41.446 0.0000000000
67139  -26.956  -27.934  41.193 0.0000000000
67162  -27.512  -27.572  40.741 0.0000000000
68299  -28.492  -26.790  40.059 0.0000000000
69505  -29.306  -26.372  39.336 0.0000000000
70733  -29.010  -25.025  39.391 0.0000000000
71860  -29.250  -23.226  40.071 0.0000000000
72962  -29.847  -22.168  40.735 0.0000000000
56422  -22.248  -36.824  49.109 0.0000000000
56406  -22.382  -37.758  49.737 0.0000000000
55104  -22.607  -38.540  50.494 0.0000000000
53815  -23.157  -38.899  51.341 0.0000000000
53816  -23.721  -39.372  51.141 0.0000000000
55046  -7.521  -37.903  53.374 0.0000000000
55047  -8.208  -37.900  52.999 0.0000000000
53780  -7.876  -38.597  53.121 0.0000000000
52542  -13.911  -40.563  55.412 0.0000000000
46584  -2.743  -44.966  56.830 0.0000000000
47705  -2.564  -43.932  57.258 0.0000000000
46569  -2.259  -44.823  57.636 0.0000000000
45341  -2.094  -45.638  57.933 0.0000000000
46557  -1.388  -45.375  58.929 0.0000000000
75218  -34.872  -19.899  38.746 0.0000000000
76286  -35.298  -19.236  38.367 0.0000000000
76297  -35.208  -18.860  37.488 0.0000000000
77366  -35.558  -18.475  37.088 0.0000000000
65841  -34.848  -28.633  47.850 0.0000000000
52683  -26.399  -39.543  49.887 0.0000000000
52645  -27.500  -39.836  51.601 0.0000000000
53800  -31.794  -39.453  52.196 0.0000000000
56355  -11.739  -36.334  52.534 0.0000000000
55082  -10.950  -37.604  51.838 0.0000000000
55081  -10.541  -37.989  51.812 0.0000000000
53810  -11.360  -38.459  51.543 0.0000000000
53826  -12.751  -38.641  51.152 0.0000000000
52590  -14.030  -40.880  53.648 0.0000000000
52637  -14.494  -40.065  51.705 0.0000000000
52565  -14.327  -40.475  54.567 0.0000000000
57579  -35.980  -36.087  49.912 0.0000000000
56430  -35.464  -36.386  49.537 0.0000000000
56486  -34.325  -36.059  46.691 0.0000000000
57647  -34.631  -35.748  47.125 0.0000000000
58744  -31.880  -34.241  46.378 0.0000000000
62149  -31.233  -32.228  47.983 0.0000000000
55151  -18.086  -36.952  47.812 0.0000000000
58700  -19.786  -35.473  47.945 0.0000000000
58701  -20.333  -35.318  47.952 0.0000000000
62142  -19.869  -31.080  47.437 0.0000000000
62164  -20.183  -31.594  46.833 0.0000000000
59822  -20.565  -32.738  46.548 0.0000000000
60914  -21.712  -32.320  46.472 0.0000000000
59823  -21.002  -33.015  46.531 0.0000000000
59804  -21.047  -33.810  46.872 0.0000000000
58724  -21.378  -34.575  47.205 0.0000000000
57615  -21.960  -36.007  48.289 0.0000000000
56444  -23.115  -37.059  47.624 0.0000000000
53874  -24.987  -38.720  48.292 0.0000000000
59827  -24.512  -33.588  46.070 0.0000000000
58761  -24.661  -34.440  45.720 0.0000000000
56497  -24.320  -36.014  45.635 0.0000000000
56476  -24.253  -36.562  45.813 0.0000000000
55196  -25.386  -37.015  45.684 0.0000000000
55172  -24.581  -37.240  46.072 0.0000000000
53856  -27.764  -39.000  49.093 0.0000000000
53834  -29.981  -39.152  50.048 0.0000000000
53835  -30.501  -39.093  50.135 0.0000000000
53838  -33.529  -38.183  49.949 0.0000000000
53861  -32.975  -37.975  49.152 0.0000000000
55088  -34.212  -38.118  50.442 0.0000000000
55106  -34.761  -37.563  50.162 0.0000000000
56412  -35.198  -37.134  50.327 0.0000000000
68335  -36.363  -27.087  37.763 0.0000000000
75224  -33.611  -21.060  37.877 0.0000000000
74110  -34.188  -21.275  36.715 0.0000000000
73041  -34.494  -22.318  36.510 0.0000000000
71922  -35.296  -23.241  36.322 0.0000000000
71909  -36.813  -23.996  36.631 0.0000000000
74113  -36.800  -21.802  35.832 0.0000000000
71910  -37.215  -23.977  36.660 0.0000000000
70782  -38.683  -24.646  37.046 0.0000000000
50186  -2.787  -41.746  56.854 0.0000000000
47706  -2.897  -43.389  56.697 0.0000000000
48958  -5.349  -42.585  55.100 0.0000000000
47735  -5.035  -43.340  55.443 0.0000000000
47734  -4.282  -43.369  55.642 0.0000000000
46607  -4.743  -44.006  55.759 0.0000000000
45342  -4.506  -45.977  58.861 0.0000000000
57599  -35.873  -35.600  49.318 0.0000000000
58710  -35.792  -34.711  48.093 0.0000000000
58711  -36.341  -34.311  48.444 0.0000000000
60901  -36.634  -32.672  47.978 0.0000000000
59864  -34.441  -33.262  44.830 0.0000000000
59848  -34.762  -33.280  45.361 0.0000000000
60937  -35.353  -32.558  45.920 0.0000000000
60920  -35.872  -32.467  46.715 0.0000000000
62152  -36.545  -31.701  47.712 0.0000000000
63378  -36.407  -31.167  47.464 0.0000000000
63363  -36.306  -30.194  47.711 0.0000000000
63392  -35.149  -30.165  45.597 0.0000000000
64712  -35.307  -29.910  46.126 0.0000000000
64695  -35.720  -29.929  46.688 0.0000000000
64694  -35.146  -29.310  46.847 0.0000000000
63390  -28.140  -30.848  47.078 0.0000000000
64707  -27.126  -29.885  46.874 0.0000000000
62168  -27.890  -31.332  46.014 0.0000000000
62196  -29.062  -32.043  44.018 0.0000000000
64726  -26.269  -29.721  44.228 0.0000000000
62208  -29.952  -31.460  43.656 0.0000000000
63409  -31.679  -30.211  43.907 0.0000000000
64741  -30.269  -30.136  43.680 0.0000000000
64731  -32.279  -29.693  44.220 0.0000000000
65855  -33.995  -28.392  47.091 0.0000000000
65880  -31.486  -28.768  44.758 0.0000000000
65964  -33.688  -29.225  40.488 0.0000000000
65996  -32.741  -28.690  38.103 0.0000000000
67211  -32.537  -27.393  37.474 0.0000000000
69524  -30.083  -26.293  38.600 0.0000000000
68330  -30.324  -26.444  38.459 0.0000000000
70755  -29.893  -25.410  38.607 0.0000000000
69537  -30.214  -25.884  38.415 0.0000000000
68331  -30.820  -26.678  38.160 0.0000000000
68343  -31.409  -26.324  37.693 0.0000000000
68344  -32.117  -26.502  37.394 0.0000000000
56441  -19.173  -37.172  48.648 0.0000000000
56420  -19.322  -37.400  49.111 0.0000000000
56404  -19.885  -37.248  50.556 0.0000000000
57570  -20.114  -36.953  50.082 0.0000000000
57553  -20.116  -37.050  51.216 0.0000000000
57518  -20.353  -37.352  52.405 0.0000000000
56405  -21.886  -37.421  49.999 0.0000000000
56388  -21.578  -37.677  50.945 0.0000000000
56363  -21.613  -37.836  52.130 0.0000000000
53784  -22.938  -38.971  53.411 0.0000000000
55072  -22.233  -38.400  52.712 0.0000000000
55071  -21.749  -38.028  52.885 0.0000000000
55052  -21.756  -38.043  53.735 0.0000000000
52644  -26.562  -40.068  51.554 0.0000000000
52622  -26.196  -40.444  52.368 0.0000000000
52540  -4.032  -39.840  55.149 0.0000000000
53765  -5.750  -38.551  54.446 0.0000000000
52563  -6.084  -39.310  54.005 0.0000000000
53795  -10.392  -38.431  51.930 0.0000000000
52588  -9.957  -39.530  52.804 0.0000000000
51457  -10.850  -40.060  52.485 0.0000000000
51456  -10.317  -39.741  52.737 0.0000000000
50258  -9.709  -41.473  54.704 0.0000000000
51410  -13.312  -41.032  55.375 0.0000000000
51409  -12.580  -41.313  55.267 0.0000000000
51407  -11.112  -41.589  55.048 0.0000000000
50238  -10.308  -41.762  55.230 0.0000000000
80688  -45.303  -15.522  29.570 0.0000000000
42916  -2.444  -47.725  60.587 0.0000000000
41906  -1.975  -48.071  60.010 0.0000000000
41905  -1.616  -48.439  60.330 0.0000000000
41924  -1.656  -48.071  59.655 0.0000000000
44108  -0.904  -46.641  59.000 0.0000000000
42931  -0.269  -47.382  59.014 0.0000000000
42957  -2.562  -47.395  59.080 0.0000000000
44165  -2.871  -45.968  57.206 0.0000000000
45361  -2.509  -45.504  57.317 0.0000000000
45384  -2.797  -45.637  57.028 0.0000000000
46539  -5.010  -45.500  59.556 0.0000000000
51405  -3.281  -41.328  55.853 0.0000000000
52612  -10.921  -39.504  52.020 0.0000000000
52662  -26.022  -39.997  50.651 0.0000000000
52687  -29.732  -39.166  50.017 0.0000000000
53798  -23.104  -38.800  52.365 0.0000000000
53850  -19.214  -38.332  49.461 0.0000000000
53851  -19.468  -37.922  49.791 0.0000000000
53853  -24.785  -39.335  49.466 0.0000000000
53917  -25.694  -38.103  46.675 0.0000000000
55086  -19.816  -37.749  50.853 0.0000000000
55098  -12.458  -38.288  51.197 0.0000000000
55119  -19.403  -37.668  49.451 0.0000000000
55121  -33.261  -37.633  48.565 0.0000000000
56351  -9.075  -37.567  52.593 0.0000000000
56361  -20.870  -37.392  52.877 0.0000000000
56500  -26.305  -36.601  45.663 0.0000000000
57533  -20.067  -37.075  52.060 0.0000000000
57589  -20.067  -36.149  48.619 0.0000000000
57590  -21.595  -36.552  49.127 0.0000000000
57634  -17.586  -35.517  47.718 0.0000000000
58664  -20.363  -36.591  49.309 0.0000000000
58683  -21.240  -36.326  48.766 0.0000000000
58743  -25.550  -34.404  46.315 0.0000000000
59809  -32.208  -33.185  47.585 0.0000000000
59845  -24.049  -34.210  45.703 0.0000000000
59849  -35.037  -33.202  45.956 0.0000000000
60912  -20.289  -32.292  46.579 0.0000000000
60954  -32.231  -32.351  43.749 0.0000000000
62145  -22.062  -31.683  47.080 0.0000000000
62165  -20.812  -31.682  46.575 0.0000000000
62198  -30.511  -32.315  44.019 0.0000000000
62212  -33.190  -31.733  43.724 0.0000000000
63406  -26.608  -30.198  43.674 0.0000000000
63423  -33.196  -31.274  43.616 0.0000000000
63429  -28.726  -30.316  42.511 0.0000000000
64718  -32.132  -29.315  44.763 0.0000000000
64719  -32.809  -29.448  44.839 0.0000000000
65832  -36.234  -29.138  48.889 0.0000000000
65842  -35.498  -28.931  47.981 0.0000000000
65878  -25.933  -29.061  45.433 0.0000000000
65987  -34.494  -29.085  39.689 0.0000000000
67092  -30.983  -28.428  43.476 0.0000000000
67185  -31.629  -28.288  38.570 0.0000000000
69483  -26.508  -26.600  41.145 0.0000000000
72985  -29.850  -22.725  40.047 0.0000000000
74095  -32.575  -21.960  38.561 0.0000000000
77352  -35.590  -18.521  37.448 0.0000000000
77397  -37.646  -18.416  33.834 0.0000000000
