#!ascii label  , from subject sub.01.dh.02t2 vox2ras=TkReg
1049
64333  -23.773  -30.490  -12.667 0.5555555820
64350  -24.169  -30.145  -13.099 0.6666666865
65544  -24.886  -29.533  -13.945 0.7777777910
64368  -25.966  -30.171  -14.352 0.7777777910
65565  -25.985  -29.195  -15.356 0.8888888955
65568  -28.141  -29.812  -16.182 0.8888888955
64332  -22.761  -30.453  -12.350 0.5555555820
65530  -22.905  -29.710  -12.953 0.5555555820
65543  -23.991  -29.456  -13.523 0.6666666865
66677  -24.201  -28.823  -14.186 0.8888888955
65557  -26.283  -29.600  -15.046 0.8888888955
65574  -26.200  -28.926  -15.904 0.8888888955
65581  -27.707  -29.380  -17.493 1.0000000000
65577  -28.346  -29.955  -16.952 0.8888888955
65586  -28.907  -29.417  -18.211 1.0000000000
66676  -23.046  -28.467  -13.743 0.7777777910
67877  -24.126  -27.660  -14.956 1.0000000000
67893  -24.997  -26.962  -16.683 1.0000000000
66702  -25.174  -27.815  -16.020 1.0000000000
67904  -26.334  -27.806  -17.794 1.0000000000
66710  -25.388  -27.619  -16.565 1.0000000000
66721  -27.261  -28.046  -18.256 1.0000000000
67903  -25.670  -27.245  -17.661 1.0000000000
67908  -26.685  -27.498  -18.401 1.0000000000
67909  -27.571  -27.630  -18.568 1.0000000000
67910  -28.332  -27.381  -18.275 1.0000000000
67913  -26.569  -26.773  -19.223 1.0000000000
67915  -27.825  -27.178  -18.775 1.0000000000
69108  -29.217  -26.712  -17.717 1.0000000000
70285  -27.979  -25.384  -18.843 1.0000000000
71467  -28.844  -24.952  -18.696 0.7777777910
69100  -23.864  -25.631  -16.641 0.8888888955
67907  -25.894  -26.870  -18.874 1.0000000000
69101  -24.475  -25.860  -17.335 1.0000000000
69111  -25.602  -25.873  -19.402 1.0000000000
69117  -26.725  -25.804  -19.885 1.0000000000
70284  -27.323  -25.254  -19.319 1.0000000000
71476  -28.457  -24.389  -19.019 1.0000000000
71477  -29.099  -24.416  -18.942 1.0000000000
71468  -29.699  -24.599  -18.623 0.8888888955
72604  -29.290  -23.692  -19.230 1.0000000000
72591  -30.032  -23.915  -19.036 0.7777777910
72592  -30.638  -23.865  -18.496 0.7777777910
70277  -24.074  -24.689  -17.539 0.5555555820
72590  -24.430  -23.299  -18.299 0.7777777910
71465  -24.228  -24.104  -17.877 0.8888888955
70287  -25.406  -25.008  -19.871 1.0000000000
69116  -26.244  -25.608  -20.078 1.0000000000
71478  -25.285  -24.143  -19.253 0.8888888955
72609  -26.064  -23.747  -19.731 1.0000000000
72608  -26.868  -24.124  -19.535 1.0000000000
72603  -28.115  -23.516  -19.338 1.0000000000
73707  -28.766  -22.651  -19.630 1.0000000000
73708  -29.765  -22.623  -19.487 0.8888888955
74834  -30.589  -21.786  -19.625 0.7777777910
74816  -31.578  -21.764  -18.767 0.6666666865
74835  -31.215  -20.906  -19.455 0.6666666865
73674  -22.854  -22.331  -17.118 0.4444444478
72589  -23.888  -23.300  -17.684 0.7777777910
74813  -23.548  -21.606  -18.231 0.6666666865
73703  -25.249  -22.347  -19.203 0.7777777910
72600  -25.602  -22.982  -19.338 0.8888888955
72601  -26.251  -23.010  -19.556 0.8888888955
72602  -27.060  -23.407  -19.519 1.0000000000
73705  -26.789  -22.443  -19.681 1.0000000000
73706  -27.731  -22.552  -19.664 1.0000000000
74832  -28.315  -21.738  -20.183 1.0000000000
75931  -28.960  -21.121  -20.629 0.8888888955
75932  -29.790  -20.951  -20.261 0.7777777910
75933  -30.586  -20.336  -20.047 0.7777777910
77003  -31.154  -19.495  -19.528 0.6666666865
75913  -23.286  -20.552  -18.581 0.6666666865
75896  -23.153  -21.035  -18.036 0.6666666865
74828  -24.606  -21.497  -19.177 0.7777777910
75926  -23.932  -20.576  -19.329 0.7777777910
74829  -25.535  -21.521  -19.619 0.8888888955
74830  -26.414  -21.642  -19.874 0.8888888955
75928  -25.937  -20.858  -20.186 1.0000000000
75929  -26.883  -20.959  -20.243 1.0000000000
74843  -27.779  -21.246  -20.483 1.0000000000
75945  -28.548  -20.428  -21.125 0.8888888955
77015  -29.813  -19.561  -20.640 0.8888888955
75947  -29.898  -20.302  -20.457 0.7777777910
77014  -28.988  -19.590  -21.201 0.8888888955
77002  -30.496  -19.299  -20.142 0.7777777910
76984  -22.989  -19.751  -18.656 0.6666666865
75895  -22.678  -20.491  -17.813 0.5555555820
75927  -24.894  -20.422  -19.850 0.8888888955
75942  -25.520  -20.089  -20.571 1.0000000000
75943  -26.454  -20.299  -20.733 1.0000000000
77013  -28.030  -19.421  -21.440 1.0000000000
78030  -29.187  -18.606  -21.146 0.7777777910
78992  -29.270  -17.474  -21.043 0.7777777910
78977  -30.552  -17.866  -19.728 0.6666666865
78978  -30.960  -17.497  -19.075 0.5555555820
78018  -31.196  -18.450  -19.095 0.5555555820
77000  -23.367  -19.638  -19.226 0.7777777910
78016  -23.249  -18.515  -19.355 0.6666666865
77001  -24.036  -19.839  -19.696 0.8888888955
77011  -25.956  -19.591  -21.126 1.0000000000
77027  -27.781  -18.694  -21.671 0.8888888955
79007  -27.890  -17.521  -21.823 0.8888888955
78029  -28.678  -18.998  -21.392 0.8888888955
78991  -29.067  -17.082  -21.318 0.7777777910
81246  -29.422  -15.769  -20.636 0.7777777910
80103  -29.606  -16.695  -20.592 0.7777777910
80092  -30.487  -16.850  -19.671 0.5555555820
81260  -28.867  -15.674  -21.316 0.7777777910
81232  -29.806  -15.768  -19.924 0.5555555820
81233  -30.262  -15.820  -19.396 0.5555555820
82338  -29.378  -14.727  -20.433 0.6666666865
78956  -22.251  -17.649  -18.819 0.4444444478
78015  -22.690  -18.207  -18.854 0.5555555820
78027  -24.438  -18.473  -20.846 0.7777777910
78028  -25.042  -18.713  -21.368 1.0000000000
78040  -25.595  -18.319  -21.814 1.0000000000
78041  -26.625  -18.260  -22.190 0.8888888955
78051  -27.104  -17.823  -22.439 0.8888888955
78042  -27.507  -18.167  -21.989 0.8888888955
79023  -27.563  -17.126  -22.228 0.8888888955
79008  -28.718  -17.268  -21.518 0.8888888955
81245  -29.124  -16.003  -21.096 0.6666666865
82321  -29.777  -15.081  -19.565 0.5555555820
81244  -23.424  -15.604  -20.909 0.6666666865
80100  -23.183  -16.482  -20.389 0.6666666865
80111  -24.386  -16.357  -21.691 0.7777777910
79005  -25.935  -17.610  -22.458 0.8888888955
79020  -25.610  -16.748  -22.692 0.7777777910
79021  -26.410  -16.987  -22.830 0.7777777910
79022  -27.113  -17.197  -22.622 0.8888888955
80136  -26.881  -15.748  -23.347 0.7777777910
80125  -27.498  -16.554  -22.535 0.8888888955
81286  -27.651  -15.764  -22.537 0.7777777910
80126  -27.817  -16.143  -22.186 0.7777777910
81274  -28.032  -15.282  -22.038 0.6666666865
83388  -27.796  -13.593  -22.703 0.6666666865
82373  -28.217  -14.301  -21.895 0.6666666865
82355  -28.741  -14.641  -21.444 0.6666666865
81261  -29.141  -15.068  -21.012 0.5555555820
85411  -28.883  -11.808  -21.988 0.6666666865
84370  -28.719  -12.737  -21.708 0.5555555820
84364  -29.196  -13.194  -20.724 0.5555555820
83358  -29.547  -14.061  -19.752 0.4444444478
84363  -29.029  -12.609  -21.013 0.5555555820
83367  -22.597  -13.365  -20.634 0.3333333433
82336  -23.253  -14.449  -20.989 0.3333333433
82337  -23.712  -15.024  -21.311 0.5555555820
81258  -23.969  -15.575  -21.506 0.6666666865
82353  -24.117  -14.427  -22.011 0.5555555820
81271  -24.940  -15.444  -22.908 0.7777777910
81272  -25.525  -15.596  -23.306 0.7777777910
82388  -26.341  -14.239  -24.028 0.6666666865
80135  -26.408  -15.539  -23.515 0.6666666865
81283  -25.954  -15.195  -23.701 0.6666666865
82389  -27.029  -14.134  -23.441 0.6666666865
83398  -27.708  -13.299  -23.350 0.6666666865
84388  -28.515  -12.494  -23.258 0.6666666865
85419  -29.043  -11.645  -22.789 0.6666666865
85402  -28.887  -11.987  -21.255 0.5555555820
86322  -29.189  -10.387  -21.181 0.5555555820
83376  -23.034  -13.295  -21.490 0.4444444478
84368  -22.641  -12.269  -21.188 0.4444444478
82352  -23.553  -13.847  -21.583 0.4444444478
84376  -23.934  -12.349  -22.477 0.5555555820
82370  -24.446  -13.894  -22.734 0.5555555820
82371  -24.753  -14.428  -23.147 0.6666666865
83396  -25.792  -13.660  -24.365 0.6666666865
82406  -26.767  -13.796  -23.890 0.6666666865
83409  -27.453  -13.104  -23.923 0.6666666865
85428  -28.743  -11.616  -23.616 0.6666666865
86338  -29.553  -10.480  -22.910 0.6666666865
86331  -29.951  -10.122  -21.897 0.5555555820
84369  -23.172  -12.296  -21.985 0.4444444478
84384  -24.833  -12.589  -23.820 0.6666666865
83395  -25.103  -13.558  -23.917 0.6666666865
84386  -26.320  -12.368  -24.430 0.6666666865
82405  -26.571  -13.743  -24.131 0.6666666865
84392  -26.078  -13.187  -24.518 0.6666666865
66693  -25.541  -28.906  -15.183 0.8888888955
66691  -23.811  -28.039  -14.517 1.0000000000
66711  -25.978  -28.208  -16.713 1.0000000000
65585  -28.087  -29.343  -18.116 1.0000000000
74798  -22.998  -21.553  -17.633 0.5555555820
74844  -28.232  -21.096  -20.786 0.8888888955
80075  -22.392  -17.137  -19.132 0.5555555820
77008  -23.743  -19.158  -19.722 0.7777777910
77025  -26.323  -18.955  -21.596 1.0000000000
80074  -21.984  -16.849  -18.899 0.2222222239
80123  -26.133  -16.090  -23.268 0.7777777910
83368  -29.291  -13.890  -20.496 0.4444444478
83387  -24.542  -13.406  -23.286 0.6666666865
85424  -24.638  -11.953  -23.552 0.6666666865
75912  -22.903  -20.067  -18.329 0.4444444478
87287  -29.169  -9.914  -20.055 0.5555555820
87296  -29.460  -9.462  -21.002 0.5555555820
63024  -23.519  -31.724  -11.652 0.5555555820
63042  -24.628  -31.520  -12.390 0.5555555820
64335  -25.276  -30.949  -13.276 0.5555555820
64383  -27.329  -30.009  -15.166 0.7777777910
64384  -28.077  -30.022  -15.431 0.8888888955
63040  -22.917  -31.101  -11.919 0.5555555820
64352  -25.642  -30.535  -13.811 0.6666666865
64353  -26.305  -30.706  -14.187 0.6666666865
64369  -26.651  -30.257  -14.695 0.8888888955
64385  -28.983  -30.210  -16.165 0.7777777910
64392  -29.271  -30.189  -17.297 0.7777777910
65588  -30.577  -29.735  -18.256 0.8888888955
64315  -21.590  -30.584  -11.739 0.4444444478
66660  -22.360  -29.010  -13.112 0.5555555820
66724  -29.949  -28.785  -17.949 1.0000000000
67861  -22.161  -27.557  -13.561 0.2222222239
66690  -23.286  -27.723  -14.319 0.6666666865
69109  -29.764  -26.529  -17.464 0.8888888955
70281  -30.061  -25.724  -17.846 0.6666666865
71469  -30.343  -24.716  -18.214 0.7777777910
72576  -30.972  -24.103  -18.072 0.6666666865
69087  -23.335  -26.210  -15.343 0.5555555820
72593  -31.207  -23.079  -18.414 0.6666666865
70261  -23.391  -25.135  -16.388 0.4444444478
73692  -31.366  -22.523  -18.562 0.5555555820
74817  -32.203  -20.883  -18.397 0.5555555820
72561  -22.590  -23.143  -16.244 0.2222222239
75914  -31.763  -20.297  -18.931 0.5555555820
74797  -22.290  -21.439  -17.167 0.4444444478
77996  -31.775  -18.523  -18.647 0.5555555820
76946  -21.193  -20.166  -16.971 0.3333333433
78957  -31.741  -17.845  -18.373 0.5555555820
80064  -31.045  -16.381  -18.320 0.4444444478
78939  -20.909  -17.904  -18.318 0.3333333433
82299  -30.251  -15.029  -18.759 0.5555555820
84346  -29.743  -13.377  -19.174 0.4444444478
83354  -22.068  -13.348  -19.722 0.3333333433
82316  -22.441  -14.481  -20.084 0.3333333433
81243  -22.787  -15.552  -20.292 0.4444444478
85393  -29.255  -12.090  -19.805 0.4444444478
86312  -28.990  -11.107  -20.211 0.4444444478
88324  -29.569  -8.857  -19.714 0.2222222239
85426  -26.515  -11.687  -24.285 0.6666666865
85433  -26.931  -12.239  -24.388 0.6666666865
85427  -27.666  -11.696  -24.161 0.6666666865
86346  -28.410  -10.581  -23.653 0.6666666865
87312  -28.945  -9.726  -23.186 0.6666666865
87304  -29.837  -9.271  -21.782 0.6666666865
88340  -29.660  -8.554  -20.835 0.4444444478
85417  -24.533  -11.406  -22.949 0.5555555820
65531  -23.602  -29.819  -13.115 0.6666666865
63041  -23.641  -31.177  -12.135 0.6666666865
64334  -24.675  -30.822  -12.939 0.6666666865
64351  -24.791  -30.221  -13.395 0.7777777910
65555  -25.131  -29.238  -14.461 0.8888888955
65556  -25.730  -29.458  -14.787 0.8888888955
66703  -25.608  -28.578  -15.681 1.0000000000
65576  -27.583  -29.523  -16.643 1.0000000000
65567  -27.483  -29.596  -15.825 0.8888888955
64316  -22.312  -30.751  -11.933 0.4444444478
65518  -21.618  -29.876  -12.037 0.4444444478
65529  -22.027  -29.653  -12.561 0.5555555820
65542  -23.245  -29.333  -13.364 0.6666666865
66661  -22.845  -29.144  -13.333 0.5555555820
66678  -24.749  -29.006  -14.390 0.8888888955
65566  -26.698  -29.507  -15.443 0.8888888955
65575  -26.794  -29.106  -16.358 1.0000000000
65582  -28.574  -29.877  -17.783 1.0000000000
66712  -26.659  -28.743  -16.944 1.0000000000
66716  -26.976  -28.384  -17.599 1.0000000000
64395  -29.397  -30.112  -18.042 1.0000000000
66723  -28.995  -28.578  -18.180 1.0000000000
66675  -22.029  -28.279  -13.153 0.5555555820
66692  -24.838  -28.444  -14.959 1.0000000000
67876  -23.505  -27.152  -14.874 0.8888888955
67886  -24.282  -27.171  -15.612 0.8888888955
69088  -23.792  -26.454  -15.759 0.8888888955
69093  -24.157  -26.305  -16.340 1.0000000000
67894  -25.545  -27.463  -16.859 1.0000000000
66715  -26.244  -27.881  -17.416 1.0000000000
66722  -27.950  -28.510  -18.319 1.0000000000
67902  -25.062  -26.586  -17.376 1.0000000000
69106  -25.442  -26.409  -18.443 1.0000000000
67911  -28.976  -27.947  -17.576 0.8888888955
69113  -27.147  -26.033  -19.381 1.0000000000
69112  -26.385  -26.181  -19.665 1.0000000000
69114  -27.842  -26.523  -18.786 1.0000000000
69107  -28.517  -26.158  -18.392 1.0000000000
70280  -29.174  -25.589  -18.317 0.8888888955
69092  -23.550  -25.858  -16.067 0.6666666865
69105  -24.910  -25.740  -18.496 1.0000000000
70270  -24.169  -25.146  -17.498 0.8888888955
70283  -25.207  -25.193  -19.346 1.0000000000
71480  -26.496  -24.354  -19.851 1.0000000000
71475  -27.424  -24.476  -19.335 1.0000000000
73690  -30.196  -23.236  -19.151 0.7777777910
73691  -30.949  -22.656  -19.036 0.6666666865
71450  -23.222  -24.222  -16.548 0.5555555820
71456  -23.744  -24.121  -17.279 0.6666666865
70269  -23.791  -25.003  -17.062 0.7777777910
73688  -24.026  -22.501  -18.190 0.6666666865
73689  -24.589  -22.466  -18.737 0.8888888955
71466  -24.667  -24.115  -18.510 0.8888888955
72599  -24.987  -23.242  -18.896 0.8888888955
70278  -24.418  -24.967  -18.059 0.8888888955
70286  -24.960  -24.839  -19.202 1.0000000000
74833  -29.373  -21.836  -20.015 0.8888888955
73709  -30.389  -22.584  -19.353 0.7777777910
74815  -31.128  -22.103  -19.249 0.7777777910
74799  -31.838  -21.990  -18.129 0.5555555820
75934  -31.226  -20.261  -19.541 0.6666666865
73675  -23.446  -22.430  -17.617 0.5555555820
73662  -22.437  -22.289  -16.659 0.3333333433
72574  -22.834  -22.903  -16.675 0.3333333433
72575  -23.290  -23.266  -17.031 0.4444444478
74827  -23.835  -21.262  -18.873 0.6666666865
74814  -24.124  -21.874  -18.653 0.7777777910
73704  -25.976  -22.343  -19.564 0.8888888955
74831  -27.346  -21.653  -20.023 1.0000000000
76987  -31.787  -19.167  -18.813 0.5555555820
75944  -27.529  -20.576  -20.897 1.0000000000
78031  -30.030  -18.404  -20.440 0.7777777910
78017  -30.680  -18.704  -19.786 0.7777777910
75941  -24.938  -19.841  -20.426 0.8888888955
77012  -26.923  -19.643  -21.292 1.0000000000
78044  -28.971  -17.842  -21.415 0.7777777910
78993  -29.999  -17.335  -20.297 0.6666666865
80079  -30.781  -16.461  -18.991 0.5555555820
80080  -31.155  -17.025  -18.610 0.5555555820
77995  -22.859  -19.002  -18.758 0.5555555820
78026  -23.780  -18.464  -20.088 0.6666666865
77009  -24.386  -19.378  -20.236 0.8888888955
77026  -27.220  -18.918  -21.814 1.0000000000
78043  -28.366  -18.313  -21.548 0.8888888955
80102  -29.072  -16.531  -21.182 0.8888888955
80091  -29.898  -16.298  -20.068 0.6666666865
80114  -28.394  -16.288  -21.637 0.8888888955
82322  -30.065  -15.334  -19.234 0.5555555820
78973  -22.832  -17.537  -19.285 0.5555555820
78974  -23.369  -17.797  -19.781 0.5555555820
78039  -24.854  -18.125  -21.457 1.0000000000
78990  -24.442  -17.683  -21.182 0.7777777910
78989  -23.750  -17.453  -20.558 0.7777777910
82298  -29.917  -14.793  -19.071 0.5555555820
80101  -23.784  -16.435  -21.046 0.6666666865
79003  -24.255  -17.045  -21.245 0.7777777910
78988  -23.124  -17.159  -19.894 0.7777777910
80088  -22.563  -16.567  -19.592 0.6666666865
80112  -24.940  -16.251  -22.401 0.7777777910
79004  -24.970  -17.290  -21.891 0.7777777910
80124  -26.957  -16.493  -23.067 0.7777777910
81285  -27.441  -15.069  -22.891 0.6666666865
82372  -27.789  -14.393  -22.400 0.6666666865
83399  -28.152  -13.025  -22.834 0.6666666865
83389  -28.199  -13.427  -22.214 0.6666666865
84371  -28.939  -13.213  -21.255 0.5555555820
83379  -29.018  -13.850  -21.111 0.5555555820
82354  -24.497  -14.989  -22.610 0.6666666865
81282  -25.268  -15.069  -23.489 0.7777777910
86330  -29.307  -10.909  -22.081 0.6666666865
83377  -23.654  -13.263  -22.023 0.5555555820
84377  -24.326  -12.506  -23.193 0.6666666865
84387  -28.008  -12.532  -23.881 0.6666666865
76983  -22.642  -19.527  -18.226 0.4444444478
80087  -22.188  -16.204  -19.255 0.3333333433
76965  -22.067  -19.511  -17.665 0.4444444478
88308  -29.454  -9.572  -19.088 0.3333333433
64370  -27.648  -30.514  -14.502 0.6666666865
63023  -22.433  -31.460  -11.556 0.5555555820
66718  -30.225  -28.923  -17.413 0.7777777910
66659  -21.743  -28.690  -12.553 0.4444444478
67885  -23.712  -26.742  -15.404 0.7777777910
71449  -22.825  -23.779  -16.285 0.3333333433
72544  -22.440  -23.408  -15.877 0.1111111119
73661  -22.182  -22.213  -16.254 0.1111111119
75894  -21.858  -20.423  -17.245 0.4444444478
77973  -21.528  -18.851  -17.765 0.3333333433
77994  -22.131  -18.551  -18.298 0.3333333433
81228  -22.271  -15.540  -19.574 0.3333333433
87313  -29.605  -9.237  -22.553 0.6666666865
88356  -29.627  -8.376  -21.691 0.4444444478
61799  -26.562  -32.962  -11.799 0.4444444478
62991  -27.130  -31.769  -10.016 0.2222222239
61797  -24.435  -32.577  -11.569 0.4444444478
61798  -25.149  -32.914  -12.000 0.4444444478
61817  -25.483  -32.567  -12.486 0.4444444478
61818  -26.352  -32.848  -12.642 0.4444444478
61819  -27.070  -32.080  -13.054 0.4444444478
64317  -27.806  -30.852  -11.560 0.2222222239
63058  -25.851  -31.491  -13.370 0.4444444478
61834  -26.442  -31.981  -13.211 0.4444444478
64304  -28.259  -30.182  -10.890 0.1111111119
63060  -27.184  -31.354  -13.839 0.4444444478
64336  -27.821  -30.828  -12.551 0.3333333433
63059  -26.449  -31.335  -13.776 0.4444444478
61835  -26.818  -31.781  -13.526 0.4444444478
63044  -27.455  -31.387  -13.074 0.3333333433
64337  -28.299  -30.175  -12.973 0.3333333433
64318  -28.391  -30.083  -11.881 0.2222222239
64354  -27.782  -30.789  -13.503 0.3333333433
63071  -26.757  -30.987  -14.213 0.5555555820
63072  -27.082  -30.890  -14.386 0.4444444478
65547  -29.455  -29.305  -13.906 0.2222222239
66663  -30.874  -28.580  -13.169 0.1111111119
65558  -28.936  -29.757  -14.222 0.3333333433
65559  -29.630  -29.713  -14.798 0.3333333433
64386  -29.738  -30.091  -16.073 0.4444444478
65578  -30.112  -29.873  -16.192 0.5555555820
65583  -30.894  -29.851  -17.337 0.6666666865
66705  -31.028  -28.432  -15.122 0.4444444478
66719  -31.036  -29.576  -17.604 0.6666666865
69089  -31.471  -26.904  -15.289 0.3333333433
67895  -29.816  -28.328  -16.750 0.6666666865
69094  -30.565  -26.731  -16.526 0.5555555820
67905  -29.486  -27.799  -17.067 0.6666666865
70271  -30.797  -25.866  -16.962 0.5555555820
70262  -30.974  -26.330  -16.426 0.4444444478
70272  -31.370  -25.081  -16.966 0.3333333433
72578  -32.096  -23.473  -17.127 0.4444444478
73676  -31.671  -22.570  -17.948 0.5555555820
71458  -31.635  -24.342  -17.247 0.4444444478
86345  -27.266  -10.455  -24.136 0.5555555820
87319  -27.845  -9.465  -23.671 0.5555555820
88365  -28.725  -8.802  -23.104 0.5555555820
88366  -29.276  -8.134  -22.459 0.5555555820
60593  -25.922  -33.783  -11.754 0.4444444478
63007  -26.950  -32.299  -10.727 0.2222222239
65546  -28.792  -29.593  -13.436 0.2222222239
65533  -29.370  -29.006  -13.026 0.1111111119
65560  -30.157  -29.530  -15.173 0.4444444478
66695  -30.564  -29.023  -14.955 0.3333333433
65569  -29.950  -29.882  -15.567 0.4444444478
66714  -30.312  -29.068  -16.685 0.6666666865
67887  -30.440  -28.259  -15.969 0.4444444478
71459  -32.043  -24.237  -16.943 0.3333333433
73677  -32.178  -22.534  -17.349 0.4444444478
76988  -32.427  -19.626  -18.344 0.4444444478
87318  -27.308  -9.602  -24.510 0.5555555820
87324  -27.066  -9.183  -24.960 0.5555555820
63043  -25.364  -31.593  -12.871 0.4444444478
67878  -31.581  -27.871  -14.665 0.2222222239
59490  -24.738  -34.067  -11.405 0.4444444478
59492  -25.523  -34.381  -11.316 0.4444444478
59473  -25.744  -34.312  -11.126 0.4444444478
61762  -26.491  -32.957  -9.786 0.2222222239
61763  -26.850  -32.231  -9.578 0.2222222239
61796  -23.305  -32.445  -11.204 0.4444444478
63008  -27.407  -31.703  -11.093 0.1111111119
64303  -27.806  -30.760  -10.694 0.1111111119
62976  -27.228  -31.748  -9.118 0.1111111119
65484  -28.725  -29.755  -10.348 0.1111111119
65519  -28.947  -29.378  -11.726 0.1111111119
66637  -30.163  -28.510  -11.660 0.1111111119
66681  -31.427  -28.349  -13.820 0.1111111119
70263  -31.572  -25.805  -16.158 0.1111111119
70264  -32.225  -24.937  -16.215 0.2222222239
71452  -32.348  -24.271  -16.579 0.2222222239
74800  -32.301  -21.667  -17.686 0.4444444478
75897  -32.660  -20.318  -17.877 0.3333333433
76966  -32.709  -19.718  -17.998 0.3333333433
77998  -32.752  -19.151  -18.072 0.3333333433
81218  -30.706  -15.826  -18.644 0.4444444478
85379  -29.781  -12.407  -18.911 0.3333333433
85418  -25.155  -10.921  -23.154 0.5555555820
86344  -26.344  -10.270  -24.203 0.5555555820
88372  -28.203  -8.396  -24.092 0.5555555820
89473  -28.887  -7.834  -23.319 0.5555555820
86350  -26.695  -9.640  -24.704 0.5555555820
63025  -24.263  -31.823  -11.897 0.4444444478
61816  -24.892  -32.264  -12.000 0.4444444478
64371  -28.714  -30.130  -14.943 0.6666666865
64397  -30.990  -30.412  -17.633 0.6666666865
71457  -30.882  -24.662  -17.711 0.5555555820
72577  -31.306  -23.731  -17.874 0.4444444478
77997  -32.329  -18.646  -18.298 0.4444444478
86301  -29.559  -11.386  -18.993 0.3333333433
61782  -26.912  -32.511  -11.349 0.4444444478
61781  -26.515  -33.002  -10.910 0.3333333433
61800  -27.040  -32.390  -12.079 0.4444444478
60592  -25.041  -33.600  -11.756 0.4444444478
60608  -25.526  -33.319  -12.148 0.4444444478
61833  -25.913  -32.177  -12.978 0.4444444478
60609  -25.845  -33.278  -12.387 0.4444444478
63026  -27.447  -31.589  -12.259 0.4444444478
65508  -28.795  -29.534  -11.033 0.1111111119
64282  -28.310  -30.267  -9.930 0.1111111119
64355  -28.282  -30.118  -13.942 0.3333333433
65532  -28.813  -29.485  -12.512 0.2222222239
66679  -30.119  -29.180  -14.341 0.2222222239
66662  -30.092  -28.832  -13.533 0.1111111119
66680  -30.765  -28.816  -14.051 0.1111111119
66651  -30.114  -28.584  -12.621 0.1111111119
64372  -29.423  -30.082  -15.510 0.3333333433
65570  -30.272  -29.447  -15.737 0.4444444478
66704  -30.558  -28.800  -15.813 0.4444444478
67888  -31.040  -27.880  -15.594 0.3333333433
66696  -31.155  -28.552  -14.539 0.3333333433
70252  -31.898  -26.059  -15.051 0.1111111119
69095  -30.899  -26.997  -16.013 0.4444444478
69104  -30.030  -26.840  -16.985 0.5555555820
67896  -30.165  -27.816  -16.318 0.5555555820
65520  -29.418  -28.906  -12.108 0.1111111119
87323  -26.557  -9.220  -24.506 0.5555555820
59491  -25.197  -34.382  -11.461 0.4444444478
60575  -26.005  -33.886  -10.540 0.4444444478
60591  -24.260  -33.424  -11.111 0.4444444478
60590  -23.419  -33.139  -10.803 0.4444444478
64281  -27.602  -30.993  -10.029 0.1111111119
54615  -23.464  -39.014  -5.230 0.1111111119
55979  -22.636  -37.206  -8.452 0.3333333433
55940  -23.664  -37.980  -6.785 0.2222222239
54632  -23.435  -38.563  -5.900 0.2222222239
54633  -24.090  -38.082  -5.605 0.1111111119
55918  -23.997  -37.840  -6.046 0.1111111119
59437  -21.113  -34.909  -8.743 0.3333333433
58326  -20.880  -35.531  -8.477 0.3333333433
55978  -22.120  -36.886  -8.309 0.3333333433
55991  -23.807  -37.077  -9.296 0.3333333433
55992  -24.132  -37.241  -9.091 0.3333333433
55962  -24.152  -37.410  -7.351 0.2222222239
57195  -24.498  -36.745  -7.830 0.2222222239
55941  -24.281  -37.478  -6.498 0.2222222239
61761  -20.834  -32.972  -9.897 0.2222222239
60556  -20.890  -33.619  -9.550 0.2222222239
59450  -20.704  -34.305  -9.047 0.2222222239
59451  -21.776  -34.560  -9.278 0.3333333433
57213  -22.502  -36.448  -8.764 0.3333333433
57228  -22.862  -36.262  -9.097 0.3333333433
61778  -21.101  -32.481  -10.321 0.2222222239
60557  -21.629  -33.720  -9.758 0.3333333433
60571  -21.877  -33.232  -10.139 0.3333333433
59469  -22.435  -34.022  -9.878 0.3333333433
60572  -22.836  -33.432  -10.444 0.3333333433
59470  -23.533  -34.422  -10.173 0.3333333433
59452  -22.917  -34.811  -9.564 0.3333333433
58342  -24.598  -35.815  -9.888 0.3333333433
58359  -24.147  -34.951  -10.298 0.3333333433
58328  -24.712  -36.056  -9.212 0.3333333433
58343  -25.050  -35.442  -9.740 0.3333333433
58329  -25.088  -35.397  -8.782 0.3333333433
58312  -24.773  -36.083  -8.303 0.1111111119
63006  -20.983  -31.755  -10.720 0.2222222239
61794  -21.518  -32.083  -10.790 0.2222222239
61780  -22.774  -32.738  -10.792 0.3333333433
59471  -24.504  -34.425  -10.781 0.3333333433
58361  -24.981  -35.467  -10.254 0.3333333433
59472  -25.374  -34.832  -10.591 0.3333333433
59438  -25.601  -34.584  -8.204 0.1111111119
63021  -20.716  -31.218  -10.845 0.3333333433
63022  -21.383  -31.436  -11.229 0.3333333433
60574  -25.668  -34.232  -9.818 0.3333333433
73663  -32.637  -22.435  -16.653 0.2222222239
75880  -32.892  -20.850  -17.024 0.2222222239
74783  -32.730  -21.592  -16.855 0.2222222239
80065  -31.702  -16.978  -17.832 0.3333333433
78940  -31.939  -17.538  -17.987 0.2222222239
55961  -23.426  -37.944  -7.784 0.3333333433
57175  -24.763  -36.719  -6.669 0.1111111119
58341  -23.780  -35.554  -9.813 0.3333333433
57230  -24.181  -36.555  -9.476 0.3333333433
57215  -24.447  -36.742  -8.771 0.3333333433
61795  -22.219  -32.143  -11.052 0.3333333433
53412  -22.954  -39.387  -5.477 0.1111111119
57211  -20.672  -35.953  -8.165 0.3333333433
57212  -21.398  -36.410  -8.241 0.3333333433
55959  -21.843  -37.492  -7.797 0.3333333433
54671  -22.857  -38.436  -7.740 0.3333333433
53394  -24.541  -39.753  -4.137 0.1111111119
55900  -24.924  -38.100  -4.877 0.1111111119
57156  -25.119  -36.743  -6.060 0.1111111119
61777  -20.382  -32.350  -9.897 0.2222222239
58297  -24.848  -36.081  -7.383 0.1111111119
58313  -25.160  -35.406  -7.690 0.1111111119
59453  -25.362  -34.755  -9.377 0.1111111119
60559  -26.082  -33.650  -9.443 0.1111111119
64314  -20.851  -30.561  -11.204 0.1111111119
75898  -33.173  -20.026  -17.262 0.2222222239
81201  -31.273  -15.995  -17.757 0.2222222239
65528  -21.540  -29.334  -12.135 0.3333333433
77976  -33.012  -18.551  -17.717 0.2222222239
54616  -24.214  -38.630  -5.008 0.1111111119
57214  -22.985  -36.955  -8.864 0.3333333433
55960  -22.760  -37.913  -8.076 0.3333333433
58327  -21.763  -35.553  -8.708 0.3333333433
55980  -23.423  -37.406  -8.755 0.3333333433
55981  -24.101  -37.370  -8.343 0.3333333433
57229  -23.310  -36.549  -9.216 0.3333333433
58340  -22.728  -35.686  -9.198 0.3333333433
61779  -22.058  -32.643  -10.549 0.3333333433
60573  -23.766  -33.758  -10.623 0.3333333433
60558  -25.736  -34.108  -8.968 0.1111111119
53392  -22.564  -40.037  -5.114 0.1111111119
54652  -22.848  -38.773  -7.052 0.2222222239
57194  -21.117  -36.911  -7.694 0.3333333433
57193  -20.420  -36.388  -7.646 0.2222222239
54670  -22.218  -38.730  -7.630 0.3333333433
59436  -20.402  -34.876  -8.651 0.2222222239
59435  -19.789  -34.760  -8.461 0.2222222239
74784  -33.209  -21.472  -16.151 0.1111111119
75865  -33.754  -20.516  -15.451 0.1111111119
75881  -33.553  -20.207  -16.493 0.1111111119
76947  -33.591  -19.259  -17.069 0.1111111119
76948  -33.921  -19.429  -16.360 0.1111111119
77975  -32.530  -18.264  -18.006 0.1111111119
77959  -33.602  -18.374  -17.007 0.1111111119
78942  -33.190  -17.600  -17.117 0.1111111119
83343  -30.375  -14.090  -18.321 0.2222222239
78941  -32.382  -17.737  -17.805 0.1111111119
85380  -30.170  -12.468  -18.300 0.1111111119
86302  -29.746  -10.640  -18.431 0.1111111119
84332  -30.723  -13.548  -17.641 0.1111111119
86288  -30.710  -11.173  -16.991 0.1111111119
85425  -25.360  -11.462  -23.778 0.4444444478
87270  -29.348  -10.411  -19.166 0.1111111119
86336  -24.065  -10.287  -22.719 0.4444444478
86343  -25.623  -10.378  -23.354 0.4444444478
88309  -30.179  -8.995  -18.352 0.1111111119
88371  -27.534  -8.984  -24.494 0.4444444478
89440  -29.802  -7.567  -20.826 0.3333333433
89424  -29.899  -7.833  -19.889 0.1111111119
89412  -30.839  -7.698  -18.197 0.1111111119
88377  -27.602  -8.300  -24.827 0.4444444478
89492  -27.361  -7.886  -24.803 0.4444444478
89493  -27.770  -7.264  -24.883 0.4444444478
89485  -28.728  -7.522  -24.162 0.4444444478
89495  -28.993  -6.865  -24.226 0.4444444478
89486  -29.193  -6.974  -23.561 0.4444444478
90556  -29.360  -6.150  -22.879 0.4444444478
90540  -29.658  -6.343  -21.909 0.4444444478
91669  -29.881  -5.686  -21.297 0.2222222239
90530  -29.917  -6.452  -20.886 0.2222222239
90531  -30.320  -6.054  -20.064 0.2222222239
90523  -30.506  -6.225  -19.320 0.2222222239
96369  -30.698  -0.343  -21.544 0.1111111119
95522  -30.640  -1.459  -21.024 0.1111111119
92711  -31.578  -4.602  -18.992 0.1111111119
87311  -25.719  -9.187  -22.832 0.4444444478
88363  -26.375  -8.544  -22.893 0.4444444478
88370  -26.587  -8.432  -23.978 0.3333333433
90584  -28.360  -6.426  -24.678 0.4444444478
91714  -29.202  -5.296  -24.276 0.4444444478
90572  -29.147  -6.118  -23.881 0.4444444478
92787  -29.062  -4.706  -24.783 0.3333333433
92746  -29.658  -4.251  -22.466 0.3333333433
93748  -29.753  -3.379  -21.798 0.1111111119
92747  -29.900  -4.298  -21.455 0.1111111119
93733  -30.476  -3.447  -20.776 0.1111111119
91670  -30.222  -5.353  -20.512 0.2222222239
93716  -30.699  -4.010  -20.329 0.1111111119
93734  -31.032  -3.024  -20.360 0.1111111119
88362  -25.558  -8.745  -22.515 0.2222222239
89483  -27.082  -7.489  -24.352 0.3333333433
90583  -27.736  -6.293  -24.691 0.3333333433
91730  -28.927  -5.255  -24.572 0.3333333433
91698  -29.521  -5.089  -23.315 0.4444444478
93760  -29.763  -3.374  -23.828 0.2222222239
92759  -29.683  -4.096  -23.343 0.2222222239
93747  -29.633  -3.364  -22.827 0.2222222239
94685  -29.149  -2.464  -24.161 0.1111111119
94673  -29.581  -2.535  -23.188 0.1111111119
95540  -29.696  -2.006  -22.691 0.1111111119
94660  -30.215  -2.446  -21.409 0.1111111119
95554  -29.446  -1.493  -23.149 0.1111111119
95541  -30.046  -1.482  -22.127 0.1111111119
89471  -26.937  -7.664  -23.217 0.3333333433
90569  -26.850  -7.004  -23.795 0.3333333433
90554  -26.740  -6.502  -23.217 0.3333333433
90555  -26.753  -6.030  -23.669 0.3333333433
91728  -27.634  -5.435  -24.409 0.3333333433
92786  -28.263  -4.632  -24.764 0.3333333433
93786  -28.785  -3.945  -25.115 0.2222222239
93773  -29.392  -3.640  -24.673 0.2222222239
96383  -30.068  -0.587  -22.298 0.1111111119
97989  -29.886  1.383  -23.122 0.1111111119
91680  -26.137  -5.449  -22.040 0.1111111119
91696  -26.045  -5.484  -23.188 0.2222222239
92770  -26.178  -4.400  -23.346 0.2222222239
91712  -26.819  -5.359  -23.810 0.3333333433
93772  -26.759  -3.621  -23.397 0.2222222239
92771  -26.869  -4.375  -23.636 0.3333333433
93784  -27.382  -3.385  -24.008 0.2222222239
94697  -28.057  -2.379  -24.635 0.1111111119
95577  -27.197  -1.522  -24.964 0.1111111119
95578  -27.820  -1.434  -24.987 0.1111111119
95566  -28.263  -1.386  -24.570 0.1111111119
95567  -28.743  -1.423  -23.961 0.1111111119
96394  -28.956  -0.704  -23.556 0.1111111119
97199  -29.069  0.210  -23.695 0.1111111119
96382  -29.487  -0.356  -22.850 0.1111111119
97978  -31.028  1.101  -22.033 0.1111111119
97171  -31.748  0.469  -21.503 0.1111111119
91668  -26.413  -5.446  -21.083 0.1111111119
92745  -26.289  -4.462  -21.671 0.1111111119
92758  -25.922  -4.475  -22.617 0.1111111119
93758  -26.503  -3.526  -22.424 0.1111111119
94657  -26.771  -2.364  -22.018 0.1111111119
94671  -26.664  -2.570  -23.147 0.1111111119
94683  -26.927  -2.858  -23.666 0.2222222239
95565  -26.337  -1.648  -23.754 0.1111111119
94695  -26.541  -2.185  -24.442 0.1111111119
96392  -26.451  -0.694  -24.109 0.1111111119
96413  -27.154  -0.828  -25.313 0.1111111119
97209  -27.022  0.285  -25.195 0.1111111119
96393  -28.519  -0.465  -24.409 0.1111111119
93746  -26.750  -3.487  -21.390 0.1111111119
93731  -27.122  -3.360  -20.487 0.1111111119
94640  -26.964  -2.664  -21.097 0.1111111119
95538  -26.288  -1.090  -21.743 0.1111111119
95553  -26.347  -1.422  -22.844 0.1111111119
95552  -25.883  -0.750  -22.433 0.1111111119
97195  -26.142  -0.007  -23.628 0.1111111119
94641  -27.087  -2.229  -20.320 0.1111111119
95521  -27.290  -1.189  -19.856 0.1111111119
95539  -26.968  -1.171  -20.855 0.1111111119
75882  -33.947  -19.827  -15.933 0.1111111119
81202  -31.910  -16.078  -16.979 0.1111111119
80066  -32.531  -16.950  -17.232 0.1111111119
82275  -31.357  -15.181  -17.337 0.1111111119
86287  -30.084  -11.347  -18.039 0.1111111119
87316  -25.506  -9.743  -22.947 0.4444444478
89459  -29.620  -7.338  -21.723 0.4444444478
90522  -30.026  -6.850  -19.968 0.2222222239
88378  -28.258  -7.773  -24.734 0.4444444478
92723  -30.677  -4.532  -20.028 0.2222222239
94642  -30.828  -2.410  -20.599 0.1111111119
94626  -31.879  -2.687  -19.724 0.1111111119
91729  -28.461  -5.515  -24.596 0.3333333433
94696  -26.987  -2.312  -24.311 0.1111111119
96380  -26.166  -0.474  -23.235 0.1111111119
97196  -26.612  0.352  -24.034 0.1111111119
96368  -26.423  -0.489  -21.089 0.1111111119
75839  -34.128  -19.957  -14.715 0.1111111119
75866  -34.116  -19.752  -15.430 0.1111111119
82274  -30.914  -15.396  -18.102 0.2222222239
84347  -30.168  -13.188  -18.405 0.2222222239
87253  -30.316  -10.194  -17.713 0.1111111119
86337  -25.024  -10.379  -22.749 0.4444444478
87317  -26.112  -9.400  -23.555 0.4444444478
90585  -28.798  -6.480  -24.414 0.4444444478
89484  -27.416  -6.870  -24.559 0.4444444478
92732  -26.806  -4.522  -20.572 0.1111111119
92733  -27.248  -4.051  -19.796 0.1111111119
94658  -26.929  -1.880  -21.241 0.1111111119
75838  -33.693  -20.855  -14.281 0.1111111119
73664  -33.029  -22.278  -16.043 0.1111111119
76905  -34.511  -19.265  -14.233 0.1111111119
77944  -34.559  -18.476  -15.538 0.1111111119
77960  -34.109  -18.612  -16.378 0.1111111119
78922  -34.488  -17.574  -15.918 0.1111111119
80047  -33.651  -16.825  -16.430 0.1111111119
82276  -31.937  -14.938  -16.456 0.1111111119
81182  -32.501  -15.674  -16.493 0.1111111119
80046  -32.804  -16.392  -16.692 0.1111111119
83329  -31.239  -14.180  -16.971 0.1111111119
84334  -31.697  -12.714  -16.110 0.1111111119
88295  -30.923  -9.358  -17.492 0.1111111119
90510  -31.090  -6.440  -18.523 0.1111111119
89400  -31.060  -8.556  -17.635 0.1111111119
87310  -24.776  -9.311  -22.671 0.4444444478
91649  -32.633  -5.312  -18.336 0.1111111119
93702  -31.835  -3.953  -19.034 0.1111111119
88353  -24.913  -8.298  -22.197 0.2222222239
88354  -25.952  -8.255  -22.280 0.3333333433
89458  -26.717  -7.813  -22.401 0.2222222239
89457  -26.432  -7.486  -22.288 0.2222222239
95509  -32.188  -1.995  -19.859 0.1111111119
89439  -26.101  -6.965  -21.811 0.1111111119
97159  -32.301  0.154  -21.054 0.1111111119
97186  -32.601  0.718  -22.050 0.1111111119
90529  -26.117  -6.442  -21.255 0.1111111119
90521  -26.189  -6.010  -20.640 0.1111111119
92721  -26.615  -4.935  -19.203 0.1111111119
97991  -31.540  1.200  -22.285 0.1111111119
92722  -27.300  -3.914  -18.970 0.1111111119
97197  -27.559  0.788  -24.500 0.1111111119
98005  -28.239  1.477  -23.864 0.1111111119
98006  -29.322  1.436  -23.839 0.1111111119
98912  -29.999  2.524  -24.268 0.1111111119
93732  -27.439  -3.150  -19.642 0.1111111119
94625  -27.560  -2.174  -19.333 0.1111111119
96366  -25.606  -0.090  -22.455 0.1111111119
98003  -26.839  0.991  -23.484 0.1111111119
83328  -30.870  -14.537  -17.885 0.1111111119
88325  -30.112  -8.086  -19.006 0.1111111119
89474  -29.352  -7.137  -22.635 0.4444444478
76967  -32.990  -19.497  -17.746 0.1111111119
85361  -30.127  -12.039  -18.287 0.2222222239
88376  -27.000  -8.421  -24.724 0.4444444478
76932  -34.262  -19.246  -15.838 0.1111111119
78921  -33.816  -17.819  -16.562 0.1111111119
85362  -30.500  -12.345  -17.574 0.1111111119
84333  -31.066  -13.105  -16.706 0.1111111119
89425  -30.279  -7.143  -19.061 0.1111111119
91681  -29.703  -5.265  -22.068 0.2222222239
91682  -29.993  -5.010  -21.190 0.2222222239
91659  -30.671  -5.334  -19.595 0.2222222239
91647  -30.939  -5.655  -18.946 0.1111111119
96370  -31.366  -0.179  -21.057 0.1111111119
97184  -30.184  0.248  -22.295 0.1111111119
95523  -31.504  -1.567  -20.276 0.1111111119
96355  -31.176  -0.720  -20.797 0.1111111119
92712  -32.247  -4.542  -18.654 0.1111111119
91648  -31.682  -5.399  -18.653 0.1111111119
93701  -31.450  -4.167  -19.298 0.2222222239
92772  -29.615  -4.395  -24.135 0.3333333433
93717  -31.250  -3.602  -19.800 0.2222222239
90570  -27.067  -6.366  -24.128 0.3333333433
94659  -29.720  -2.524  -22.307 0.1111111119
95555  -29.770  -0.982  -22.602 0.1111111119
89472  -26.930  -7.685  -22.557 0.3333333433
90539  -26.393  -6.368  -22.278 0.1111111119
91697  -26.538  -5.852  -23.507 0.3333333433
93785  -28.183  -3.667  -24.596 0.2222222239
94698  -28.783  -3.181  -24.787 0.1111111119
94684  -28.546  -1.917  -24.298 0.1111111119
97183  -29.616  0.756  -22.943 0.1111111119
97990  -30.521  1.227  -22.525 0.1111111119
93771  -26.301  -3.838  -22.987 0.1111111119
92785  -27.561  -4.479  -24.171 0.3333333433
95586  -26.773  -1.195  -25.018 0.1111111119
96404  -27.921  -0.746  -25.152 0.1111111119
97198  -28.504  0.621  -24.377 0.1111111119
93759  -26.665  -3.352  -23.026 0.1111111119
94672  -26.862  -3.100  -23.265 0.1111111119
96381  -26.357  -1.057  -23.506 0.1111111119
96402  -26.632  -0.821  -24.860 0.1111111119
97220  -26.667  -0.514  -25.167 0.1111111119
97210  -27.924  0.138  -25.123 0.1111111119
95537  -25.531  -0.630  -21.969 0.1111111119
97181  -26.005  0.154  -23.220 0.1111111119
97182  -26.381  0.645  -23.041 0.1111111119
74768  -33.480  -21.543  -15.061 0.1111111119
93718  -32.178  -3.270  -19.257 0.1111111119
94627  -32.639  -2.607  -19.620 0.1111111119
96353  -26.451  0.321  -21.001 0.1111111119
76912  -34.435  -19.236  -15.116 0.1111111119
85363  -31.226  -12.054  -16.494 0.1111111119
95524  -32.532  -1.173  -20.117 0.1111111119
90528  -25.688  -6.901  -20.789 0.1111111119
96356  -32.002  -0.300  -20.589 0.1111111119
91658  -26.347  -5.574  -20.142 0.1111111119
97168  -25.933  0.365  -22.684 0.1111111119
97987  -26.903  1.494  -22.787 0.1111111119
54669  -21.304  -38.582  -7.285 0.2222222239
70237  -22.813  -25.706  -15.045 0.2222222239
70250  -22.540  -25.091  -15.214 0.2222222239
69075  -22.838  -26.404  -14.590 0.3333333433
70251  -23.023  -25.282  -15.736 0.3333333433
85416  -23.622  -11.262  -22.322 0.3333333433
85408  -22.920  -11.188  -21.672 0.2222222239
87302  -23.161  -8.602  -22.546 0.1111111119
88352  -23.774  -8.172  -22.138 0.1111111119
87303  -23.987  -8.696  -22.537 0.2222222239
81227  -21.926  -15.821  -18.999 0.1111111119
67875  -22.828  -27.296  -14.149 0.2222222239
84362  -22.294  -12.248  -20.179 0.1111111119
86327  -22.754  -10.074  -21.229 0.1111111119
89454  -22.777  -8.038  -21.312 0.1111111119
88339  -24.360  -7.954  -21.669 0.1111111119
85407  -22.668  -11.150  -20.612 0.1111111119
69061  -21.676  -26.999  -13.316 0.2222222239
74778  -21.982  -21.672  -16.648 0.2222222239
74796  -21.695  -21.090  -16.876 0.3333333433
87309  -23.601  -9.335  -22.727 0.3333333433
87308  -22.991  -9.238  -22.536 0.1111111119
86335  -23.096  -10.069  -22.299 0.1111111119
87301  -22.672  -9.043  -21.884 0.1111111119
85398  -22.062  -11.142  -19.613 0.1111111119
86326  -22.256  -10.087  -20.195 0.1111111119
87300  -22.366  -9.168  -20.802 0.1111111119
53442  -21.970  -39.498  -7.350 0.1111111119
53426  -22.136  -39.771  -6.664 0.1111111119
54649  -20.099  -38.467  -6.464 0.1111111119
55957  -20.078  -36.885  -7.124 0.1111111119
55958  -20.702  -37.471  -7.214 0.1111111119
58325  -20.084  -35.482  -8.135 0.1111111119
66650  -21.413  -28.833  -11.909 0.1111111119
71424  -22.238  -24.587  -14.951 0.1111111119
77972  -20.908  -18.573  -17.676 0.2222222239
77993  -21.311  -18.358  -18.212 0.2222222239
78938  -20.646  -17.951  -17.800 0.2222222239
80060  -20.968  -17.425  -18.147 0.2222222239
55939  -20.303  -37.906  -6.798 0.1111111119
71437  -22.592  -24.204  -15.833 0.1111111119
71438  -23.048  -24.722  -16.141 0.1111111119
53425  -21.320  -39.650  -6.768 0.1111111119
54651  -22.332  -39.264  -7.274 0.1111111119
57174  -19.056  -36.910  -6.664 0.1111111119
57192  -19.410  -36.422  -7.168 0.1111111119
58311  -19.801  -35.900  -7.634 0.1111111119
58324  -19.593  -35.064  -8.125 0.1111111119
59449  -20.063  -34.216  -8.731 0.1111111119
60555  -20.228  -33.569  -9.061 0.1111111119
61760  -20.330  -32.910  -9.442 0.1111111119
66635  -21.288  -28.958  -11.207 0.1111111119
67849  -21.521  -27.558  -12.166 0.1111111119
69074  -22.172  -26.591  -13.861 0.1111111119
70236  -22.345  -25.558  -14.346 0.1111111119
76962  -20.428  -18.897  -17.030 0.2222222239
80059  -21.163  -17.312  -17.743 0.2222222239
82292  -21.538  -16.303  -18.146 0.1111111119
53427  -22.745  -39.302  -6.220 0.1111111119
54650  -20.701  -38.952  -6.792 0.1111111119
129839  -21.392  -16.905  -18.223 0.2222222239
81213  -21.676  -16.439  -18.495 0.1111111119
67860  -21.673  -27.696  -12.809 0.1111111119
76963  -20.676  -19.000  -17.088 0.2222222239
61759  -19.833  -32.860  -8.942 0.1111111119
61776  -20.120  -32.358  -9.418 0.1111111119
63005  -20.417  -31.653  -10.346 0.1111111119
65517  -21.164  -29.681  -11.622 0.1111111119
53441  -21.689  -39.197  -7.398 0.1111111119
67859  -21.664  -28.160  -12.539 0.1111111119
67848  -21.582  -28.182  -12.256 0.1111111119
70235  -21.947  -25.966  -13.592 0.1111111119
54668  -20.652  -38.277  -6.893 0.1111111119
55938  -19.708  -37.450  -6.704 0.1111111119
67839  -21.601  -28.335  -11.699 0.1111111119
78937  -20.652  -18.159  -17.332 0.1111111119
58310  -19.289  -35.468  -7.649 0.1111111119
67815  -21.544  -28.599  -11.374 0.1111111119
83323  -21.554  -16.384  -17.818 0.1111111119
83337  -21.528  -15.195  -17.870 0.1111111119
75876  -21.123  -20.088  -16.396 0.1111111119
82315  -21.826  -14.516  -19.197 0.1111111119
58360  -24.610  -35.228  -10.312 0.3333333433
59448  -19.613  -34.240  -8.529 0.1111111119
60570  -21.232  -33.179  -9.925 0.3333333433
62990  -26.752  -32.435  -10.212 0.3333333433
64253  -27.518  -31.250  -9.371 0.1111111119
64331  -22.020  -30.242  -12.119 0.4444444478
64393  -30.068  -30.096  -16.912 0.5555555820
64394  -30.644  -30.012  -17.198 0.6666666865
64396  -30.147  -30.323  -17.740 1.0000000000
64398  -31.534  -30.490  -17.915 0.6666666865
64399  -29.540  -29.778  -18.176 1.0000000000
64400  -30.058  -30.073  -18.204 1.0000000000
64401  -30.816  -30.392  -18.114 0.6666666865
64402  -31.315  -30.561  -18.048 0.6666666865
65545  -25.491  -29.770  -14.243 0.7777777910
65579  -30.300  -29.554  -16.658 0.6666666865
65580  -27.099  -29.081  -17.030 1.0000000000
65584  -31.514  -30.170  -17.732 0.6666666865
65587  -29.711  -29.428  -18.211 1.0000000000
65589  -31.441  -30.134  -18.169 0.6666666865
66674  -21.761  -28.190  -12.754 0.1111111119
66694  -30.149  -29.389  -14.810 0.4444444478
66713  -30.170  -28.930  -16.929 0.6666666865
66717  -27.593  -28.985  -18.002 1.0000000000
66720  -31.769  -29.932  -17.907 0.6666666865
66725  -30.987  -29.396  -18.037 0.8888888955
66726  -31.547  -29.699  -18.048 0.6666666865
67897  -30.653  -27.729  -15.959 0.4444444478
67906  -29.818  -27.664  -16.689 0.6666666865
67912  -26.104  -26.453  -19.317 1.0000000000
67914  -27.333  -27.079  -19.115 1.0000000000
69102  -25.049  -26.403  -17.884 1.0000000000
69103  -29.599  -26.907  -17.233 0.6666666865
69110  -25.113  -25.437  -19.074 1.0000000000
69115  -25.805  -25.362  -20.056 1.0000000000
70279  -28.628  -25.498  -18.550 1.0000000000
70282  -24.847  -24.915  -18.889 1.0000000000
70288  -26.129  -24.805  -20.266 1.0000000000
70289  -26.867  -25.117  -19.828 1.0000000000
70290  -25.779  -24.340  -19.984 1.0000000000
70291  -26.151  -24.282  -20.031 1.0000000000
71451  -31.904  -24.786  -16.708 0.3333333433
71474  -25.118  -24.103  -18.927 0.8888888955
71479  -25.752  -24.056  -19.706 1.0000000000
71481  -26.934  -24.548  -19.604 1.0000000000
71482  -25.929  -24.015  -19.941 1.0000000000
71483  -26.173  -24.094  -19.868 1.0000000000
72562  -22.958  -23.475  -16.527 0.3333333433
72605  -25.301  -23.433  -19.072 0.8888888955
72606  -25.805  -23.540  -19.540 1.0000000000
72607  -26.354  -23.728  -19.655 1.0000000000
72610  -26.136  -23.944  -19.813 1.0000000000
75915  -32.294  -20.279  -18.406 0.4444444478
75930  -27.420  -21.089  -20.376 1.0000000000
75946  -29.350  -20.341  -20.767 0.7777777910
76945  -20.868  -19.514  -16.737 0.2222222239
76964  -21.288  -19.515  -17.174 0.3333333433
76989  -32.721  -19.473  -18.031 0.3333333433
77010  -25.037  -19.384  -20.962 1.0000000000
77024  -25.586  -18.996  -21.366 1.0000000000
77970  -20.602  -18.742  -17.059 0.2222222239
77971  -20.545  -18.528  -17.323 0.2222222239
78052  -27.428  -17.580  -22.241 0.8888888955
78955  -21.591  -17.753  -18.534 0.4444444478
78958  -32.268  -18.125  -18.128 0.1111111119
79006  -26.653  -17.610  -22.572 0.8888888955
79009  -29.028  -17.533  -21.401 0.8888888955
80061  -21.378  -17.222  -18.449 0.2222222239
80067  -33.066  -16.944  -16.880 0.1111111119
80093  -30.868  -16.943  -19.116 0.5555555820
80104  -29.982  -16.791  -20.162 0.6666666865
80113  -27.931  -16.790  -21.893 0.8888888955
80122  -25.432  -16.033  -22.924 0.7777777910
80137  -27.407  -15.998  -22.926 0.7777777910
80138  -27.592  -16.134  -22.572 0.7777777910
81200  -30.945  -15.902  -18.190 0.4444444478
81259  -24.423  -15.534  -22.212 0.6666666865
81273  -27.739  -14.954  -22.436 0.6666666865
81284  -26.665  -15.010  -23.515 0.6666666865
82356  -29.133  -14.447  -20.937 0.6666666865
82387  -25.485  -14.409  -23.884 0.6666666865
82390  -27.450  -14.068  -22.889 0.6666666865
83342  -29.883  -14.233  -18.960 0.5555555820
83378  -28.596  -13.692  -21.588 0.6666666865
83386  -24.155  -13.322  -22.628 0.5555555820
83397  -27.156  -13.525  -23.740 0.6666666865
83407  -26.353  -13.523  -24.343 0.6666666865
83408  -26.871  -13.324  -24.125 0.6666666865
84357  -29.196  -12.580  -20.413 0.5555555820
84358  -29.448  -13.071  -19.905 0.4444444478
84378  -28.583  -12.496  -22.514 0.6666666865
84385  -25.738  -12.655  -24.364 0.6666666865
84393  -26.521  -12.803  -24.449 0.6666666865
84394  -27.277  -12.645  -24.218 0.6666666865
85392  -28.968  -11.994  -20.579 0.5555555820
85432  -26.568  -12.285  -24.435 0.6666666865
86286  -29.895  -11.775  -18.551 0.2222222239
86311  -28.887  -11.571  -20.847 0.5555555820
86321  -28.916  -11.249  -21.306 0.5555555820
86339  -30.056  -9.766  -22.389 0.6666666865
86351  -26.925  -9.873  -24.675 0.5555555820
87271  -29.695  -9.929  -18.469 0.1111111119
88350  -22.599  -8.412  -21.201 0.1111111119
88351  -22.952  -7.998  -21.755 0.1111111119
88355  -26.576  -8.108  -22.360 0.3333333433
88364  -26.957  -8.067  -22.607 0.3333333433
89494  -28.547  -7.076  -24.660 0.4444444478
90571  -28.778  -5.887  -24.359 0.4444444478
91660  -31.181  -5.093  -19.094 0.1111111119
91711  -26.282  -4.889  -23.690 0.3333333433
91713  -28.854  -5.490  -24.467 0.3333333433
92724  -31.131  -4.548  -19.451 0.2222222239
92734  -30.289  -4.434  -20.681 0.1111111119
94643  -31.403  -2.592  -20.153 0.1111111119
94682  -26.417  -2.362  -24.088 0.1111111119
95508  -31.752  -2.211  -20.009 0.1111111119
95576  -26.537  -1.630  -24.545 0.1111111119
95587  -26.962  -1.096  -25.180 0.1111111119
96391  -26.307  -0.167  -23.769 0.1111111119
96403  -27.512  -1.049  -25.199 0.1111111119
96412  -26.799  -0.794  -25.219 0.1111111119
96414  -27.494  -0.726  -25.346 0.1111111119
97160  -32.577  -0.027  -20.896 0.1111111119
97170  -30.858  0.666  -21.852 0.1111111119
97208  -26.564  -0.224  -24.915 0.1111111119
97221  -26.814  -0.350  -25.440 0.1111111119
97222  -27.402  -0.326  -25.478 0.1111111119
97979  -31.288  0.896  -21.875 0.1111111119
129842  -21.546  -16.557  -18.304 0.1111111119
