#!ascii label  , from subject sub.01.dh.02t2 vox2ras=TkReg
438
73706  -27.731  -22.552  -19.664 0.0000000000
67893  -24.997  -26.962  -16.683 0.0000000000
67895  -29.816  -28.328  -16.750 0.0000000000
63071  -26.757  -30.987  -14.213 0.0000000000
88377  -27.602  -8.300  -24.827 0.0000000000
85419  -29.043  -11.645  -22.789 0.0000000000
78039  -24.854  -18.125  -21.457 0.0000000000
59490  -24.738  -34.067  -11.405 0.0000000000
65565  -25.985  -29.195  -15.356 0.0000000000
65543  -23.991  -29.456  -13.523 0.0000000000
86346  -28.410  -10.581  -23.653 0.0000000000
83396  -25.792  -13.660  -24.365 0.0000000000
73689  -24.589  -22.466  -18.737 0.0000000000
76984  -22.989  -19.751  -18.656 0.0000000000
75943  -26.454  -20.299  -20.733 0.0000000000
79007  -27.890  -17.521  -21.823 0.0000000000
77015  -29.813  -19.561  -20.640 0.0000000000
74815  -31.128  -22.103  -19.249 0.0000000000
70277  -24.074  -24.689  -17.539 0.0000000000
69116  -26.244  -25.608  -20.078 0.0000000000
71467  -28.844  -24.952  -18.696 0.0000000000
66722  -27.950  -28.510  -18.319 0.0000000000
64385  -28.983  -30.210  -16.165 0.0000000000
64337  -28.299  -30.175  -12.973 0.0000000000
81244  -23.424  -15.604  -20.909 0.0000000000
80136  -26.881  -15.748  -23.347 0.0000000000
83379  -29.018  -13.850  -21.111 0.0000000000
63040  -22.917  -31.101  -11.919 0.0000000000
61817  -25.483  -32.567  -12.486 0.0000000000
66677  -24.201  -28.823  -14.186 0.0000000000
66660  -22.360  -29.010  -13.112 0.0000000000
84384  -24.833  -12.589  -23.820 0.0000000000
82370  -24.446  -13.894  -22.734 0.0000000000
72601  -26.251  -23.010  -19.556 0.0000000000
74829  -25.535  -21.521  -19.619 0.0000000000
74831  -27.346  -21.653  -20.023 0.0000000000
75945  -28.548  -20.428  -21.125 0.0000000000
75931  -28.960  -21.121  -20.629 0.0000000000
75932  -29.790  -20.951  -20.261 0.0000000000
73708  -29.765  -22.623  -19.487 0.0000000000
69101  -24.475  -25.860  -17.335 0.0000000000
70278  -24.418  -24.967  -18.059 0.0000000000
69106  -25.442  -26.409  -18.443 0.0000000000
67913  -26.569  -26.773  -19.223 0.0000000000
67904  -26.334  -27.806  -17.794 0.0000000000
65557  -26.283  -29.600  -15.046 0.0000000000
65567  -27.483  -29.596  -15.825 0.0000000000
64383  -27.329  -30.009  -15.166 0.0000000000
64371  -28.714  -30.130  -14.943 0.0000000000
63060  -27.184  -31.354  -13.839 0.0000000000
87317  -26.112  -9.400  -23.555 0.0000000000
88363  -26.375  -8.544  -22.893 0.0000000000
89492  -27.361  -7.886  -24.803 0.0000000000
91729  -28.461  -5.515  -24.596 0.0000000000
89486  -29.193  -6.974  -23.561 0.0000000000
85428  -28.743  -11.616  -23.616 0.0000000000
77008  -23.743  -19.158  -19.722 0.0000000000
78974  -23.369  -17.797  -19.781 0.0000000000
79003  -24.255  -17.045  -21.245 0.0000000000
80112  -24.940  -16.251  -22.401 0.0000000000
79005  -25.935  -17.610  -22.458 0.0000000000
78991  -29.067  -17.082  -21.318 0.0000000000
81260  -28.867  -15.674  -21.316 0.0000000000
82338  -29.378  -14.727  -20.433 0.0000000000
69109  -29.764  -26.529  -17.464 0.0000000000
71469  -30.343  -24.716  -18.214 0.0000000000
60590  -23.419  -33.139  -10.803 0.0000000000
61797  -24.435  -32.577  -11.569 0.0000000000
63042  -24.628  -31.520  -12.390 0.0000000000
61798  -25.149  -32.914  -12.000 0.0000000000
67886  -24.282  -27.171  -15.612 0.0000000000
66702  -25.174  -27.815  -16.020 0.0000000000
66692  -24.838  -28.444  -14.959 0.0000000000
65555  -25.131  -29.238  -14.461 0.0000000000
64352  -25.642  -30.535  -13.811 0.0000000000
86344  -26.344  -10.270  -24.203 0.0000000000
87319  -27.845  -9.465  -23.671 0.0000000000
85426  -26.515  -11.687  -24.285 0.0000000000
85433  -26.931  -12.239  -24.388 0.0000000000
83409  -27.453  -13.104  -23.923 0.0000000000
73675  -23.446  -22.430  -17.617 0.0000000000
74827  -23.835  -21.262  -18.873 0.0000000000
75927  -24.894  -20.422  -19.850 0.0000000000
77011  -25.956  -19.591  -21.126 0.0000000000
78041  -26.625  -18.260  -22.190 0.0000000000
77012  -26.923  -19.643  -21.292 0.0000000000
78029  -28.678  -18.998  -21.392 0.0000000000
78031  -30.030  -18.404  -20.440 0.0000000000
77002  -30.496  -19.299  -20.142 0.0000000000
59472  -25.374  -34.832  -10.591 0.0000000000
59492  -25.523  -34.381  -11.316 0.0000000000
71465  -24.228  -24.104  -17.877 0.0000000000
71478  -25.285  -24.143  -19.253 0.0000000000
72608  -26.868  -24.124  -19.535 0.0000000000
71476  -28.457  -24.389  -19.019 0.0000000000
70284  -27.323  -25.254  -19.319 0.0000000000
67910  -28.332  -27.381  -18.275 0.0000000000
66724  -29.949  -28.785  -17.949 0.0000000000
66712  -26.659  -28.743  -16.944 0.0000000000
65582  -28.574  -29.877  -17.783 0.0000000000
64397  -30.990  -30.412  -17.633 0.0000000000
65569  -29.950  -29.882  -15.567 0.0000000000
65547  -29.455  -29.305  -13.906 0.0000000000
88366  -29.276  -8.134  -22.459 0.0000000000
82354  -24.497  -14.989  -22.610 0.0000000000
81283  -25.954  -15.195  -23.701 0.0000000000
83388  -27.796  -13.593  -22.703 0.0000000000
80125  -27.498  -16.554  -22.535 0.0000000000
81274  -28.032  -15.282  -22.038 0.0000000000
84370  -28.719  -12.737  -21.708 0.0000000000
72591  -30.032  -23.915  -19.036 0.0000000000
72593  -31.207  -23.079  -18.414 0.0000000000
65529  -22.027  -29.653  -12.561 0.0000000000
64333  -23.773  -30.490  -12.667 0.0000000000
64334  -24.675  -30.822  -12.939 0.0000000000
63058  -25.851  -31.491  -13.370 0.0000000000
60593  -25.922  -33.783  -11.754 0.0000000000
61818  -26.352  -32.848  -12.642 0.0000000000
61819  -27.070  -32.080  -13.054 0.0000000000
82352  -23.553  -13.847  -21.583 0.0000000000
73705  -26.789  -22.443  -19.681 0.0000000000
74832  -28.315  -21.738  -20.183 0.0000000000
74833  -29.373  -21.836  -20.015 0.0000000000
73707  -28.766  -22.651  -19.630 0.0000000000
69093  -24.157  -26.305  -16.340 0.0000000000
69100  -23.864  -25.631  -16.641 0.0000000000
67902  -25.062  -26.586  -17.376 0.0000000000
67903  -25.670  -27.245  -17.661 0.0000000000
64353  -26.305  -30.706  -14.187 0.0000000000
64369  -26.651  -30.257  -14.695 0.0000000000
63072  -27.082  -30.890  -14.386 0.0000000000
64370  -27.648  -30.514  -14.502 0.0000000000
87323  -26.557  -9.220  -24.506 0.0000000000
88376  -27.000  -8.421  -24.724 0.0000000000
89493  -27.770  -7.264  -24.883 0.0000000000
89495  -28.993  -6.865  -24.226 0.0000000000
89485  -28.728  -7.522  -24.162 0.0000000000
86338  -29.553  -10.480  -22.910 0.0000000000
86330  -29.307  -10.909  -22.081 0.0000000000
85411  -28.883  -11.808  -21.988 0.0000000000
78027  -24.438  -18.473  -20.846 0.0000000000
78026  -23.780  -18.464  -20.088 0.0000000000
78989  -23.750  -17.453  -20.558 0.0000000000
78990  -24.442  -17.683  -21.182 0.0000000000
79004  -24.970  -17.290  -21.891 0.0000000000
80103  -29.606  -16.695  -20.592 0.0000000000
81246  -29.422  -15.769  -20.636 0.0000000000
67905  -29.486  -27.799  -17.067 0.0000000000
69104  -30.030  -26.840  -16.985 0.0000000000
59471  -24.504  -34.425  -10.781 0.0000000000
60591  -24.260  -33.424  -11.111 0.0000000000
61796  -23.305  -32.445  -11.204 0.0000000000
60592  -25.041  -33.600  -11.756 0.0000000000
67876  -23.505  -27.152  -14.874 0.0000000000
67877  -24.126  -27.660  -14.956 0.0000000000
66691  -23.811  -28.039  -14.517 0.0000000000
65544  -24.886  -29.533  -13.945 0.0000000000
64351  -24.791  -30.221  -13.395 0.0000000000
85418  -25.155  -10.921  -23.154 0.0000000000
85425  -25.360  -11.462  -23.778 0.0000000000
83395  -25.103  -13.558  -23.917 0.0000000000
84386  -26.320  -12.368  -24.430 0.0000000000
84392  -26.078  -13.187  -24.518 0.0000000000
84387  -28.008  -12.532  -23.881 0.0000000000
82405  -26.571  -13.743  -24.131 0.0000000000
73688  -24.026  -22.501  -18.190 0.0000000000
74814  -24.124  -21.874  -18.653 0.0000000000
75928  -25.937  -20.858  -20.186 0.0000000000
75941  -24.938  -19.841  -20.426 0.0000000000
75942  -25.520  -20.089  -20.571 0.0000000000
77014  -28.988  -19.590  -21.201 0.0000000000
78030  -29.187  -18.606  -21.146 0.0000000000
78017  -30.680  -18.704  -19.786 0.0000000000
74834  -30.589  -21.786  -19.625 0.0000000000
74835  -31.215  -20.906  -19.455 0.0000000000
74816  -31.578  -21.764  -18.767 0.0000000000
58361  -24.981  -35.467  -10.254 0.0000000000
58343  -25.050  -35.442  -9.740 0.0000000000
71456  -23.744  -24.121  -17.279 0.0000000000
72575  -23.290  -23.266  -17.031 0.0000000000
70283  -25.207  -25.193  -19.346 0.0000000000
70286  -24.960  -24.839  -19.202 0.0000000000
70287  -25.406  -25.008  -19.871 0.0000000000
72609  -26.064  -23.747  -19.731 0.0000000000
71480  -26.496  -24.354  -19.851 0.0000000000
71475  -27.424  -24.476  -19.335 0.0000000000
69117  -26.725  -25.804  -19.885 0.0000000000
67909  -27.571  -27.630  -18.568 0.0000000000
67915  -27.825  -27.178  -18.775 0.0000000000
66723  -28.995  -28.578  -18.180 0.0000000000
66703  -25.608  -28.578  -15.681 0.0000000000
66711  -25.978  -28.208  -16.713 0.0000000000
65574  -26.200  -28.926  -15.904 0.0000000000
65568  -28.141  -29.812  -16.182 0.0000000000
65576  -27.583  -29.523  -16.643 0.0000000000
65577  -28.346  -29.955  -16.952 0.0000000000
64395  -29.397  -30.112  -18.042 0.0000000000
64392  -29.271  -30.189  -17.297 0.0000000000
65578  -30.112  -29.873  -16.192 0.0000000000
64386  -29.738  -30.091  -16.073 0.0000000000
64355  -28.282  -30.118  -13.942 0.0000000000
65558  -28.936  -29.757  -14.222 0.0000000000
65546  -28.792  -29.593  -13.436 0.0000000000
88365  -28.725  -8.802  -23.104 0.0000000000
75895  -22.678  -20.491  -17.813 0.0000000000
81243  -22.787  -15.552  -20.292 0.0000000000
82337  -23.712  -15.024  -21.311 0.0000000000
81258  -23.969  -15.575  -21.506 0.0000000000
80123  -26.133  -16.090  -23.268 0.0000000000
81272  -25.525  -15.596  -23.306 0.0000000000
80135  -26.408  -15.539  -23.515 0.0000000000
82389  -27.029  -14.134  -23.441 0.0000000000
81285  -27.441  -15.069  -22.891 0.0000000000
78042  -27.507  -18.167  -21.989 0.0000000000
78051  -27.104  -17.823  -22.439 0.0000000000
79023  -27.563  -17.126  -22.228 0.0000000000
81261  -29.141  -15.068  -21.012 0.0000000000
82355  -28.741  -14.641  -21.444 0.0000000000
82373  -28.217  -14.301  -21.895 0.0000000000
84371  -28.939  -13.213  -21.255 0.0000000000
84364  -29.196  -13.194  -20.724 0.0000000000
71477  -29.099  -24.416  -18.942 0.0000000000
72604  -29.290  -23.692  -19.230 0.0000000000
71468  -29.699  -24.599  -18.623 0.0000000000
72576  -30.972  -24.103  -18.072 0.0000000000
64316  -22.312  -30.751  -11.933 0.0000000000
64332  -22.761  -30.453  -12.350 0.0000000000
63043  -25.364  -31.593  -12.871 0.0000000000
61833  -25.913  -32.177  -12.978 0.0000000000
66676  -23.046  -28.467  -13.743 0.0000000000
66661  -22.845  -29.144  -13.333 0.0000000000
65542  -23.245  -29.333  -13.364 0.0000000000
85424  -24.638  -11.953  -23.552 0.0000000000
84377  -24.326  -12.506  -23.193 0.0000000000
83387  -24.542  -13.406  -23.286 0.0000000000
72600  -25.602  -22.982  -19.338 0.0000000000
73703  -25.249  -22.347  -19.203 0.0000000000
73704  -25.976  -22.343  -19.564 0.0000000000
74830  -26.414  -21.642  -19.874 0.0000000000
75929  -26.883  -20.959  -20.243 0.0000000000
75944  -27.529  -20.576  -20.897 0.0000000000
74843  -27.779  -21.246  -20.483 0.0000000000
74844  -28.232  -21.096  -20.786 0.0000000000
75947  -29.898  -20.302  -20.457 0.0000000000
73709  -30.389  -22.584  -19.353 0.0000000000
70261  -23.391  -25.135  -16.388 0.0000000000
70269  -23.791  -25.003  -17.062 0.0000000000
70270  -24.169  -25.146  -17.498 0.0000000000
69105  -24.910  -25.740  -18.496 0.0000000000
69111  -25.602  -25.873  -19.402 0.0000000000
69112  -26.385  -26.181  -19.665 0.0000000000
67907  -25.894  -26.870  -18.874 0.0000000000
67908  -26.685  -27.498  -18.401 0.0000000000
66721  -27.261  -28.046  -18.256 0.0000000000
65566  -26.698  -29.507  -15.443 0.0000000000
64384  -28.077  -30.022  -15.431 0.0000000000
64354  -27.782  -30.789  -13.503 0.0000000000
87316  -25.506  -9.743  -22.947 0.0000000000
88370  -26.587  -8.432  -23.978 0.0000000000
89484  -27.416  -6.870  -24.559 0.0000000000
87312  -28.945  -9.726  -23.186 0.0000000000
78973  -22.832  -17.537  -19.285 0.0000000000
78988  -23.124  -17.159  -19.894 0.0000000000
80100  -23.183  -16.482  -20.389 0.0000000000
80101  -23.784  -16.435  -21.046 0.0000000000
80111  -24.386  -16.357  -21.691 0.0000000000
79020  -25.610  -16.748  -22.692 0.0000000000
79021  -26.410  -16.987  -22.830 0.0000000000
79008  -28.718  -17.268  -21.518 0.0000000000
80102  -29.072  -16.531  -21.182 0.0000000000
81245  -29.124  -16.003  -21.096 0.0000000000
70280  -29.174  -25.589  -18.317 0.0000000000
70281  -30.061  -25.724  -17.846 0.0000000000
63024  -23.519  -31.724  -11.652 0.0000000000
63041  -23.641  -31.177  -12.135 0.0000000000
63025  -24.263  -31.823  -11.897 0.0000000000
61816  -24.892  -32.264  -12.000 0.0000000000
69088  -23.792  -26.454  -15.759 0.0000000000
66710  -25.388  -27.619  -16.565 0.0000000000
66693  -25.541  -28.906  -15.183 0.0000000000
66678  -24.749  -29.006  -14.390 0.0000000000
65556  -25.730  -29.458  -14.787 0.0000000000
64368  -25.966  -30.171  -14.352 0.0000000000
86336  -24.065  -10.287  -22.719 0.0000000000
86350  -26.695  -9.640  -24.704 0.0000000000
87324  -27.066  -9.183  -24.960 0.0000000000
88371  -27.534  -8.984  -24.494 0.0000000000
87318  -27.308  -9.602  -24.510 0.0000000000
86345  -27.266  -10.455  -24.136 0.0000000000
85427  -27.666  -11.696  -24.161 0.0000000000
84388  -28.515  -12.494  -23.258 0.0000000000
75913  -23.286  -20.552  -18.581 0.0000000000
74828  -24.606  -21.497  -19.177 0.0000000000
75926  -23.932  -20.576  -19.329 0.0000000000
77001  -24.036  -19.839  -19.696 0.0000000000
77009  -24.386  -19.378  -20.236 0.0000000000
78028  -25.042  -18.713  -21.368 0.0000000000
78040  -25.595  -18.319  -21.814 0.0000000000
77025  -26.323  -18.955  -21.596 0.0000000000
77026  -27.220  -18.918  -21.814 0.0000000000
77027  -27.781  -18.694  -21.671 0.0000000000
77013  -28.030  -19.421  -21.440 0.0000000000
78043  -28.366  -18.313  -21.548 0.0000000000
78044  -28.971  -17.842  -21.415 0.0000000000
78992  -29.270  -17.474  -21.043 0.0000000000
78993  -29.999  -17.335  -20.297 0.0000000000
78977  -30.552  -17.866  -19.728 0.0000000000
75933  -30.586  -20.336  -20.047 0.0000000000
66714  -30.312  -29.068  -16.685 0.0000000000
59491  -25.197  -34.382  -11.461 0.0000000000
72589  -23.888  -23.300  -17.684 0.0000000000
72590  -24.430  -23.299  -18.299 0.0000000000
71466  -24.667  -24.115  -18.510 0.0000000000
72599  -24.987  -23.242  -18.896 0.0000000000
72602  -27.060  -23.407  -19.519 0.0000000000
72603  -28.115  -23.516  -19.338 0.0000000000
70285  -27.979  -25.384  -18.843 0.0000000000
69113  -27.147  -26.033  -19.381 0.0000000000
69114  -27.842  -26.523  -18.786 0.0000000000
69107  -28.517  -26.158  -18.392 0.0000000000
69108  -29.217  -26.712  -17.717 0.0000000000
67911  -28.976  -27.947  -17.576 0.0000000000
66718  -30.225  -28.923  -17.413 0.0000000000
67894  -25.545  -27.463  -16.859 0.0000000000
66715  -26.244  -27.881  -17.416 0.0000000000
66716  -26.976  -28.384  -17.599 0.0000000000
65575  -26.794  -29.106  -16.358 0.0000000000
65581  -27.707  -29.380  -17.493 0.0000000000
65585  -28.087  -29.343  -18.116 0.0000000000
65586  -28.907  -29.417  -18.211 0.0000000000
65588  -30.577  -29.735  -18.256 0.0000000000
66719  -31.036  -29.576  -17.604 0.0000000000
65583  -30.894  -29.851  -17.337 0.0000000000
65570  -30.272  -29.447  -15.737 0.0000000000
64372  -29.423  -30.082  -15.510 0.0000000000
65559  -29.630  -29.713  -14.798 0.0000000000
88372  -28.203  -8.396  -24.092 0.0000000000
89473  -28.887  -7.834  -23.319 0.0000000000
82353  -24.117  -14.427  -22.011 0.0000000000
82371  -24.753  -14.428  -23.147 0.0000000000
81271  -24.940  -15.444  -22.908 0.0000000000
81282  -25.268  -15.069  -23.489 0.0000000000
82388  -26.341  -14.239  -24.028 0.0000000000
82406  -26.767  -13.796  -23.890 0.0000000000
83398  -27.708  -13.299  -23.350 0.0000000000
83399  -28.152  -13.025  -22.834 0.0000000000
79022  -27.113  -17.197  -22.622 0.0000000000
80124  -26.957  -16.493  -23.067 0.0000000000
80114  -28.394  -16.288  -21.637 0.0000000000
80126  -27.817  -16.143  -22.186 0.0000000000
81286  -27.651  -15.764  -22.537 0.0000000000
82372  -27.789  -14.393  -22.400 0.0000000000
83389  -28.199  -13.427  -22.214 0.0000000000
85402  -28.887  -11.987  -21.255 0.0000000000
73690  -30.196  -23.236  -19.151 0.0000000000
72592  -30.638  -23.865  -18.496 0.0000000000
73691  -30.949  -22.656  -19.036 0.0000000000
65530  -22.905  -29.710  -12.953 0.0000000000
65531  -23.602  -29.819  -13.115 0.0000000000
64350  -24.169  -30.145  -13.099 0.0000000000
64335  -25.276  -30.949  -13.276 0.0000000000
63059  -26.449  -31.335  -13.776 0.0000000000
60608  -25.526  -33.319  -12.148 0.0000000000
60609  -25.845  -33.278  -12.387 0.0000000000
61834  -26.442  -31.981  -13.211 0.0000000000
61835  -26.818  -31.781  -13.526 0.0000000000
58360  -24.610  -35.228  -10.312 0.0000000000
60573  -23.766  -33.758  -10.623 0.0000000000
64393  -30.068  -30.096  -16.912 0.0000000000
64394  -30.644  -30.012  -17.198 0.0000000000
64396  -30.147  -30.323  -17.740 0.0000000000
64398  -31.534  -30.490  -17.915 0.0000000000
64399  -29.540  -29.778  -18.176 0.0000000000
64400  -30.058  -30.073  -18.204 0.0000000000
64401  -30.816  -30.392  -18.114 0.0000000000
64402  -31.315  -30.561  -18.048 0.0000000000
65545  -25.491  -29.770  -14.243 0.0000000000
65579  -30.300  -29.554  -16.658 0.0000000000
65580  -27.099  -29.081  -17.030 0.0000000000
65584  -31.514  -30.170  -17.732 0.0000000000
65587  -29.711  -29.428  -18.211 0.0000000000
65589  -31.441  -30.134  -18.169 0.0000000000
66713  -30.170  -28.930  -16.929 0.0000000000
66717  -27.593  -28.985  -18.002 0.0000000000
66720  -31.769  -29.932  -17.907 0.0000000000
66725  -30.987  -29.396  -18.037 0.0000000000
66726  -31.547  -29.699  -18.048 0.0000000000
67906  -29.818  -27.664  -16.689 0.0000000000
67912  -26.104  -26.453  -19.317 0.0000000000
67914  -27.333  -27.079  -19.115 0.0000000000
69102  -25.049  -26.403  -17.884 0.0000000000
69103  -29.599  -26.907  -17.233 0.0000000000
69110  -25.113  -25.437  -19.074 0.0000000000
69115  -25.805  -25.362  -20.056 0.0000000000
70279  -28.628  -25.498  -18.550 0.0000000000
70282  -24.847  -24.915  -18.889 0.0000000000
70288  -26.129  -24.805  -20.266 0.0000000000
70289  -26.867  -25.117  -19.828 0.0000000000
70290  -25.779  -24.340  -19.984 0.0000000000
70291  -26.151  -24.282  -20.031 0.0000000000
71474  -25.118  -24.103  -18.927 0.0000000000
71479  -25.752  -24.056  -19.706 0.0000000000
71481  -26.934  -24.548  -19.604 0.0000000000
71482  -25.929  -24.015  -19.941 0.0000000000
71483  -26.173  -24.094  -19.868 0.0000000000
72605  -25.301  -23.433  -19.072 0.0000000000
72606  -25.805  -23.540  -19.540 0.0000000000
72607  -26.354  -23.728  -19.655 0.0000000000
72610  -26.136  -23.944  -19.813 0.0000000000
75930  -27.420  -21.089  -20.376 0.0000000000
75946  -29.350  -20.341  -20.767 0.0000000000
77010  -25.037  -19.384  -20.962 0.0000000000
77024  -25.586  -18.996  -21.366 0.0000000000
78052  -27.428  -17.580  -22.241 0.0000000000
79006  -26.653  -17.610  -22.572 0.0000000000
79009  -29.028  -17.533  -21.401 0.0000000000
80104  -29.982  -16.791  -20.162 0.0000000000
80113  -27.931  -16.790  -21.893 0.0000000000
80122  -25.432  -16.033  -22.924 0.0000000000
80137  -27.407  -15.998  -22.926 0.0000000000
80138  -27.592  -16.134  -22.572 0.0000000000
81259  -24.423  -15.534  -22.212 0.0000000000
81273  -27.739  -14.954  -22.436 0.0000000000
81284  -26.665  -15.010  -23.515 0.0000000000
82356  -29.133  -14.447  -20.937 0.0000000000
82387  -25.485  -14.409  -23.884 0.0000000000
82390  -27.450  -14.068  -22.889 0.0000000000
83378  -28.596  -13.692  -21.588 0.0000000000
83397  -27.156  -13.525  -23.740 0.0000000000
83407  -26.353  -13.523  -24.343 0.0000000000
83408  -26.871  -13.324  -24.125 0.0000000000
84357  -29.196  -12.580  -20.413 0.0000000000
84378  -28.583  -12.496  -22.514 0.0000000000
84385  -25.738  -12.655  -24.364 0.0000000000
84393  -26.521  -12.803  -24.449 0.0000000000
84394  -27.277  -12.645  -24.218 0.0000000000
85432  -26.568  -12.285  -24.435 0.0000000000
86351  -26.925  -9.873  -24.675 0.0000000000
