#!ascii label  , from subject sub.01.dh.02t2 vox2ras=TkReg
1663
3750  -30.211  -93.971  2.747 0.1000000015
3749  -29.674  -94.400  2.503 0.1000000015
3197  -28.322  -95.403  2.532 0.1000000015
3748  -29.032  -94.696  2.008 0.1000000015
3216  -28.448  -95.052  1.156 0.1000000015
3764  -29.015  -94.481  1.225 0.1000000015
3233  -27.696  -95.607  0.244 0.1000000015
3234  -28.415  -94.990  0.117 0.1000000015
3793  -28.660  -94.540  -0.718 0.1000000015
3246  -28.292  -95.292  -0.513 0.1000000015
3255  -28.395  -95.337  -1.410 0.1000000015
3794  -28.906  -94.134  -1.578 0.1000000015
3811  -28.846  -94.557  -2.044 0.1000000015
3812  -29.081  -93.939  -2.154 0.1000000015
4989  -28.403  -92.600  -3.852 0.1000000015
3859  -28.991  -93.990  -3.430 0.1000000015
3833  -28.857  -94.498  -2.987 0.1000000015
4918  -30.352  -92.687  1.706 0.1000000015
3766  -29.980  -94.054  2.167 0.1000000015
4313  -30.207  -93.642  1.949 0.1000000015
3765  -29.566  -94.124  1.586 0.1000000015
4312  -29.418  -93.418  1.362 0.1000000015
4324  -29.221  -93.849  1.051 0.1000000015
3779  -28.786  -94.495  0.494 0.1000000015
4323  -28.555  -93.679  0.388 0.1000000015
4339  -28.881  -93.825  -1.850 0.1000000015
6909  -24.458  -89.749  -3.197 0.1000000015
6267  -24.627  -90.480  -3.790 0.1000000015
5634  -25.106  -91.157  -3.521 0.1000000015
5619  -25.525  -91.531  -2.794 0.1000000015
4987  -26.996  -92.114  -3.689 0.1000000015
4975  -27.808  -92.330  -2.876 0.1000000015
4976  -28.572  -92.951  -2.652 0.1000000015
4990  -28.892  -93.163  -3.233 0.1000000015
3834  -29.142  -94.025  -2.754 0.1000000015
5560  -31.651  -91.477  1.712 0.1000000015
6218  -29.959  -90.767  1.325 0.2000000030
5559  -30.641  -91.590  1.605 0.2000000030
4919  -31.144  -92.204  2.036 0.1000000015
5558  -29.574  -91.729  1.475 0.1000000015
6217  -28.831  -90.839  1.266 0.1000000015
4917  -29.154  -92.632  1.348 0.1000000015
9621  -29.099  -85.201  -0.922 0.1000000015
9634  -28.435  -86.191  -1.297 0.1000000015
5557  -28.439  -91.847  1.315 0.1000000015
4311  -28.824  -93.199  1.072 0.1000000015
8917  -28.853  -86.630  -1.596 0.1000000015
8916  -27.945  -86.596  -1.432 0.1000000015
8915  -27.399  -87.083  -1.567 0.1000000015
8248  -26.158  -87.965  -1.544 0.1000000015
8237  -25.699  -87.620  -1.016 0.1000000015
7568  -24.852  -88.898  -1.716 0.1000000015
4916  -28.175  -92.836  0.901 0.1000000015
4936  -28.080  -93.215  0.548 0.1000000015
4338  -28.571  -93.853  -1.135 0.1000000015
8249  -26.854  -87.680  -1.723 0.1000000015
7570  -26.351  -88.127  -1.846 0.1000000015
7569  -25.749  -88.311  -1.742 0.1000000015
6898  -24.453  -89.689  -2.026 0.1000000015
5593  -24.715  -91.158  -1.110 0.1000000015
5605  -25.450  -91.626  -1.684 0.1000000015
4337  -28.076  -93.537  -0.451 0.1000000015
4354  -28.243  -93.379  -1.429 0.1000000015
7583  -25.535  -88.620  -2.743 0.1000000015
7582  -24.794  -89.110  -2.912 0.1000000015
5604  -24.891  -90.978  -2.082 0.1000000015
4962  -27.029  -92.318  -2.034 0.1000000015
6252  -24.564  -90.346  -2.575 0.1000000015
5618  -24.921  -90.874  -2.935 0.1000000015
4961  -26.149  -92.040  -2.273 0.1000000015
4963  -27.852  -92.891  -1.857 0.1000000015
4355  -28.701  -93.475  -2.085 0.1000000015
6219  -31.028  -90.698  1.304 0.2000000030
5561  -32.355  -91.058  1.793 0.2000000030
6204  -32.772  -90.961  2.269 0.2000000030
6868  -29.252  -89.901  1.011 0.1000000015
11005  -29.876  -83.338  -1.219 0.1000000015
10293  -29.455  -84.289  -0.826 0.1000000015
5556  -27.375  -92.036  0.840 0.1000000015
9620  -28.001  -85.569  -0.806 0.1000000015
8238  -26.342  -87.143  -1.119 0.1000000015
4915  -27.651  -92.654  0.706 0.1000000015
7554  -25.042  -88.280  -1.082 0.1000000015
6885  -24.085  -89.487  -1.049 0.1000000015
6229  -24.180  -90.337  -0.594 0.1000000015
5594  -25.457  -91.712  -0.735 0.1000000015
4934  -26.533  -92.254  -0.307 0.1000000015
4935  -27.466  -92.991  0.236 0.1000000015
4952  -26.216  -92.121  -1.203 0.1000000015
4964  -28.386  -93.181  -2.025 0.1000000015
7511  -30.053  -88.361  1.861 0.1000000015
7512  -31.134  -88.360  1.903 0.1000000015
7525  -29.660  -89.086  1.376 0.1000000015
7526  -30.747  -89.091  1.415 0.1000000015
7527  -31.778  -89.063  1.467 0.2000000030
6871  -32.335  -89.752  1.309 0.2000000030
6869  -30.361  -89.889  1.138 0.2000000030
6222  -33.247  -89.900  2.123 0.2000000030
7524  -28.535  -89.045  1.347 0.1000000015
6867  -28.083  -89.912  1.071 0.1000000015
6216  -27.665  -90.929  1.187 0.1000000015
10292  -28.356  -84.311  -0.283 0.1000000015
9607  -27.270  -85.104  -0.216 0.1000000015
9606  -26.547  -85.120  0.263 0.1000000015
11022  -30.276  -82.823  -1.482 0.1000000015
11733  -29.918  -82.289  -1.291 0.1000000015
8897  -25.954  -86.559  -0.580 0.1000000015
8896  -24.911  -86.968  -0.221 0.1000000015
7539  -24.250  -88.373  0.109 0.1000000015
6864  -24.604  -89.669  1.228 0.1000000015
6214  -25.153  -90.467  1.155 0.1000000015
5555  -26.839  -91.649  0.731 0.1000000015
11023  -30.820  -83.348  -1.632 0.1000000015
7553  -24.429  -88.687  -0.657 0.1000000015
6875  -24.150  -89.351  0.143 0.1000000015
5577  -24.864  -91.245  -0.108 0.1000000015
6225  -25.391  -91.185  0.663 0.1000000015
5579  -26.680  -91.980  0.503 0.1000000015
11735  -31.311  -82.499  -2.131 0.1000000015
12529  -31.778  -81.764  -2.429 0.1000000015
12530  -32.482  -81.899  -2.654 0.1000000015
12546  -32.248  -81.119  -2.620 0.1000000015
8844  -28.697  -86.849  2.756 0.1000000015
8194  -29.364  -87.657  2.402 0.1000000015
8843  -27.671  -86.867  2.864 0.1000000015
8193  -28.297  -87.622  2.415 0.1000000015
8195  -30.430  -87.644  2.378 0.1000000015
8192  -27.241  -87.591  2.505 0.1000000015
7509  -27.865  -88.341  1.979 0.1000000015
7510  -28.965  -88.407  1.961 0.1000000015
7528  -32.634  -89.131  1.734 0.2000000030
8842  -26.680  -86.825  2.923 0.1000000015
14103  -30.449  -79.479  -1.265 0.1000000015
12527  -30.206  -81.311  -1.349 0.1000000015
12526  -29.592  -81.623  -0.906 0.1000000015
11717  -29.330  -82.341  -0.681 0.1000000015
11004  -29.015  -83.297  -0.429 0.1000000015
10989  -28.306  -83.230  0.221 0.1000000015
10279  -27.914  -83.794  0.295 0.1000000015
8841  -25.677  -86.491  2.740 0.1000000015
8191  -26.192  -87.494  2.521 0.1000000015
7523  -27.388  -89.031  1.487 0.1000000015
9605  -25.645  -85.336  0.791 0.1000000015
8881  -25.292  -86.163  0.264 0.1000000015
7521  -25.098  -88.577  1.710 0.1000000015
7522  -26.246  -88.954  1.696 0.1000000015
6866  -26.902  -89.930  1.294 0.1000000015
14915  -30.690  -78.741  -1.520 0.1000000015
9618  -25.982  -85.719  -0.037 0.1000000015
8880  -24.709  -86.726  0.793 0.1000000015
7520  -24.430  -88.515  0.923 0.1000000015
6865  -25.692  -89.792  1.418 0.1000000015
13308  -30.693  -80.378  -1.594 0.1000000015
12528  -31.033  -81.368  -2.008 0.1000000015
14104  -31.045  -79.459  -1.803 0.1000000015
13309  -31.338  -80.329  -2.136 0.1000000015
13320  -31.897  -80.417  -2.490 0.1000000015
14122  -32.782  -79.298  -2.996 0.1000000015
12547  -33.199  -81.325  -3.040 0.1000000015
8823  -27.089  -86.168  3.285 0.1000000015
8824  -28.059  -86.143  3.245 0.1000000015
8825  -29.090  -86.116  3.195 0.1000000015
8196  -31.502  -87.646  2.515 0.1000000015
9557  -26.487  -85.456  3.439 0.1000000015
8846  -30.769  -86.859  2.752 0.1000000015
7513  -32.218  -88.391  2.062 0.1000000015
9556  -25.850  -85.685  3.130 0.1000000015
12516  -29.683  -80.945  -0.788 0.1000000015
11716  -28.678  -82.211  0.063 0.1000000015
9593  -24.989  -85.976  2.207 0.1000000015
8190  -25.211  -87.401  2.220 0.1000000015
8197  -32.738  -87.572  2.958 0.1000000015
13292  -29.535  -80.248  -0.427 0.1000000015
10278  -27.311  -84.302  0.341 0.1000000015
10277  -26.182  -84.347  1.056 0.1000000015
8864  -25.043  -85.967  1.049 0.1000000015
8863  -24.817  -86.423  1.680 0.1000000015
8210  -24.973  -87.874  1.916 0.1000000015
14916  -31.188  -78.469  -1.969 0.1000000015
14121  -31.837  -79.335  -2.448 0.1000000015
14939  -32.391  -78.270  -2.819 0.1000000015
14123  -33.651  -79.367  -3.285 0.1000000015
10207  -27.256  -83.966  4.059 0.1000000015
10225  -27.771  -84.627  3.810 0.1000000015
9559  -28.419  -85.343  3.498 0.1000000015
10206  -26.690  -83.919  3.914 0.1000000015
9558  -27.410  -85.388  3.542 0.1000000015
9560  -29.452  -85.247  3.416 0.1000000015
8845  -29.745  -86.857  2.735 0.1000000015
10224  -26.732  -84.562  3.766 0.1000000015
10972  -25.796  -83.959  2.194 0.1000000015
10926  -25.872  -84.160  3.249 0.1000000015
8827  -31.095  -86.017  2.814 0.1000000015
14085  -29.884  -79.405  -0.711 0.1000000015
13276  -28.994  -80.188  0.109 0.1000000015
12515  -29.013  -81.242  -0.208 0.1000000015
11705  -28.067  -82.402  0.660 0.1000000015
10987  -26.817  -83.594  0.938 0.1000000015
10265  -25.958  -84.015  1.671 0.1000000015
10251  -25.515  -84.677  2.429 0.1000000015
14895  -30.182  -78.565  -1.058 0.1000000015
10988  -27.547  -83.237  0.678 0.1000000015
9594  -25.215  -85.371  1.733 0.1000000015
8183  -33.123  -87.191  3.310 0.1000000015
15760  -30.582  -77.713  -1.516 0.1000000015
15761  -31.280  -77.419  -2.103 0.1000000015
14938  -31.703  -78.134  -2.438 0.1000000015
15782  -32.037  -77.164  -2.578 0.1000000015
17482  -33.014  -75.446  -2.894 0.1000000015
15783  -32.862  -77.322  -3.094 0.1000000015
17483  -33.935  -75.437  -3.211 0.1000000015
10908  -27.580  -83.296  4.303 0.1000000015
10208  -28.129  -83.955  4.150 0.1000000015
10209  -28.977  -83.913  4.185 0.1000000015
11630  -27.071  -82.676  4.294 0.1000000015
10226  -28.770  -84.575  3.846 0.1000000015
10927  -26.199  -83.735  3.492 0.1000000015
12437  -26.698  -82.173  3.635 0.1000000015
10227  -29.828  -84.194  3.699 0.1000000015
8826  -30.117  -86.060  3.061 0.1000000015
11650  -26.357  -82.785  3.177 0.1000000015
9561  -30.459  -85.152  3.126 0.1000000015
15743  -29.909  -77.568  -0.815 0.1000000015
12514  -28.672  -81.594  0.173 0.1000000015
10974  -26.946  -82.942  1.182 0.1000000015
10973  -26.361  -83.319  1.739 0.1000000015
11670  -26.471  -82.681  2.368 0.1000000015
8847  -31.729  -86.854  2.894 0.1000000015
16580  -30.230  -76.622  -1.134 0.1000000015
14894  -29.604  -78.465  -0.463 0.1000000015
14084  -29.313  -79.342  -0.147 0.1000000015
12500  -28.705  -80.739  0.293 0.1000000015
12499  -28.322  -81.314  0.679 0.1000000015
11704  -27.475  -82.405  1.117 0.1000000015
8828  -32.005  -86.154  3.093 0.1000000015
16599  -30.895  -76.591  -1.687 0.1000000015
18386  -31.575  -74.646  -2.055 0.1000000015
17467  -31.212  -75.652  -1.833 0.1000000015
18402  -32.508  -74.539  -2.438 0.1000000015
17481  -32.316  -75.535  -2.535 0.1000000015
18403  -33.529  -74.500  -2.838 0.1000000015
12438  -26.965  -81.414  3.353 0.1000000015
12414  -27.220  -81.734  4.249 0.1000000015
10909  -28.497  -83.247  4.371 0.1000000015
13236  -27.266  -80.521  2.947 0.1000000015
10910  -29.519  -83.297  4.166 0.1000000015
13258  -28.086  -80.296  1.272 0.1000000015
13257  -27.615  -80.456  1.994 0.1000000015
12460  -27.067  -81.499  2.399 0.1000000015
17448  -29.916  -75.619  -0.824 0.1000000015
16579  -29.580  -76.552  -0.506 0.1000000015
14069  -28.797  -79.318  0.464 0.1000000015
12481  -27.880  -80.900  1.340 0.1000000015
12480  -27.580  -81.554  1.468 0.1000000015
10228  -30.903  -84.298  3.243 0.1000000015
17466  -30.567  -75.690  -1.372 0.1000000015
9562  -31.460  -85.245  3.122 0.1000000015
18385  -30.864  -74.939  -1.628 0.1000000015
19366  -31.707  -73.447  -1.738 0.1000000015
18387  -32.026  -74.014  -2.152 0.1000000015
19367  -32.433  -73.473  -2.202 0.1000000015
19378  -33.197  -73.614  -2.489 0.1000000015
20385  -33.300  -72.141  -1.928 0.1000000015
21348  -33.785  -71.285  -1.704 0.1000000015
19379  -34.061  -73.532  -2.841 0.1000000015
11631  -27.881  -82.505  4.534 0.1000000015
11632  -28.940  -82.439  4.522 0.1000000015
11633  -30.238  -82.411  4.124 0.1000000015
16558  -29.010  -76.484  0.220 0.1000000015
14873  -28.593  -78.398  0.903 0.1000000015
14068  -28.354  -79.364  1.159 0.1000000015
14048  -27.753  -79.864  2.164 0.1000000015
18371  -30.342  -74.725  -1.087 0.1000000015
17447  -29.388  -75.560  -0.070 0.1000000015
15742  -29.318  -77.484  -0.149 0.1000000015
14874  -29.069  -78.407  0.188 0.1000000015
13275  -28.528  -80.203  0.648 0.1000000015
19353  -31.181  -73.184  -1.022 0.1000000015
20383  -31.685  -72.425  -1.217 0.1000000015
21334  -31.943  -71.369  -0.746 0.1000000015
21346  -32.147  -71.883  -1.336 0.1000000015
21335  -32.529  -70.960  -0.937 0.1000000015
21347  -32.774  -71.413  -1.344 0.1000000015
22265  -33.374  -70.470  -1.178 0.1000000015
22266  -34.392  -70.424  -1.633 0.1000000015
14004  -27.591  -79.787  3.487 0.1000000015
13197  -27.791  -80.863  4.457 0.1000000015
12415  -28.236  -81.603  4.669 0.1000000015
12416  -29.284  -81.466  4.692 0.1000000015
13199  -29.498  -80.430  4.738 0.1000000015
14833  -27.816  -79.091  3.273 0.1000000015
14049  -27.969  -79.571  1.901 0.1000000015
20373  -31.019  -72.327  -0.410 0.1000000015
19352  -30.366  -73.549  -0.531 0.1000000015
22241  -32.475  -69.789  -0.168 0.1000000015
23216  -34.023  -69.773  -1.136 0.1000000015
23203  -34.488  -69.120  -0.918 0.1000000015
13219  -27.377  -80.660  3.842 0.1000000015
13198  -28.572  -80.627  4.673 0.1000000015
14025  -28.037  -79.031  2.288 0.1000000015
18370  -29.811  -74.637  -0.364 0.1000000015
18355  -29.453  -74.630  0.487 0.1000000015
15723  -28.810  -77.438  0.563 0.1000000015
14852  -28.230  -78.416  1.825 0.1000000015
22252  -31.885  -70.689  -0.233 0.1000000015
23201  -32.782  -69.666  -0.296 0.1000000015
23202  -33.428  -69.384  -0.520 0.1000000015
24104  -34.247  -68.528  -0.528 0.1000000015
24997  -34.782  -67.839  -0.416 0.1000000015
14816  -28.127  -78.481  3.587 0.1000000015
15700  -28.332  -77.515  1.880 0.1000000015
15682  -28.227  -77.529  2.432 0.1000000015
14834  -28.027  -78.514  2.758 0.1000000015
19329  -29.952  -73.163  0.260 0.1000000015
19351  -29.723  -73.849  0.097 0.1000000015
17430  -28.861  -75.521  0.808 0.1000000015
16557  -28.598  -76.415  1.022 0.1000000015
15722  -28.488  -77.470  1.343 0.1000000015
20372  -30.370  -72.686  0.088 0.1000000015
23190  -33.183  -68.878  -0.021 0.1000000015
24103  -33.585  -68.457  -0.107 0.1000000015
25934  -34.067  -66.913  0.756 0.1000000015
24982  -34.483  -67.377  0.148 0.1000000015
17395  -28.626  -75.683  2.473 0.1000000015
17413  -28.843  -75.254  1.223 0.1000000015
17412  -28.709  -75.614  1.500 0.1000000015
21322  -31.134  -71.121  0.357 0.1000000015
22240  -31.930  -70.019  0.142 0.1000000015
23189  -32.610  -69.199  0.124 0.1000000015
25933  -33.480  -67.145  0.833 0.1000000015
21321  -30.486  -71.696  0.730 0.1000000015
23188  -31.688  -69.062  0.744 0.1000000015
24092  -32.312  -68.335  0.704 0.1000000015
24980  -32.881  -67.838  0.674 0.1000000015
25915  -33.201  -66.739  1.393 0.1000000015
25898  -33.608  -66.009  2.227 0.1000000015
25914  -32.441  -66.957  1.717 0.1000000015
22231  -31.210  -70.028  0.893 0.1000000015
24966  -31.781  -67.743  1.596 0.1000000015
24967  -32.436  -67.508  1.220 0.1000000015
24954  -31.998  -67.228  1.850 0.1000000015
3198  -29.225  -95.038  3.010 0.1000000015
3780  -29.110  -94.135  0.921 0.1000000015
4322  -28.013  -93.506  0.089 0.1000000015
5635  -25.694  -91.619  -3.785 0.1000000015
4973  -26.092  -92.023  -2.875 0.1000000015
5636  -26.658  -91.974  -4.004 0.1000000015
8899  -27.435  -86.185  -0.952 0.1000000015
6237  -24.029  -90.136  -1.261 0.1000000015
4954  -27.686  -93.231  -0.906 0.1000000015
4933  -25.997  -91.953  -0.525 0.1000000015
4953  -26.994  -92.836  -1.016 0.1000000015
6870  -31.410  -89.833  1.078 0.2000000030
6220  -32.023  -90.605  1.192 0.2000000030
5580  -27.175  -92.337  0.549 0.1000000015
8236  -24.671  -87.882  -0.432 0.1000000015
6224  -24.538  -90.442  0.625 0.1000000015
5578  -25.803  -91.770  0.059 0.1000000015
9619  -26.860  -85.836  -0.507 0.1000000015
6215  -26.415  -91.029  0.909 0.1000000015
11734  -30.578  -82.278  -1.665 0.1000000015
8224  -24.445  -87.623  0.463 0.1000000015
6226  -26.037  -91.553  0.618 0.1000000015
11024  -31.744  -83.495  -2.222 0.1000000015
7508  -26.774  -88.264  2.064 0.1000000015
7514  -33.295  -88.759  2.331 0.2000000030
7506  -25.227  -87.985  1.990 0.1000000015
7507  -25.762  -88.119  2.066 0.1000000015
10276  -25.627  -84.874  1.320 0.1000000015
8209  -24.714  -87.509  1.502 0.1000000015
8840  -25.008  -86.566  2.295 0.1000000015
8848  -32.344  -86.810  3.144 0.1000000015
16613  -32.576  -76.340  -2.847 0.1000000015
15784  -33.803  -77.420  -3.340 0.1000000015
10951  -25.752  -84.067  2.918 0.1000000015
16600  -31.522  -76.439  -2.166 0.1000000015
16614  -33.389  -76.392  -3.231 0.1000000015
11690  -26.887  -82.410  1.813 0.1000000015
20396  -33.701  -72.781  -2.402 0.1000000015
21349  -34.657  -71.184  -2.146 0.1000000015
15588  -35.609  -77.494  9.653 0.5000000000
12370  -32.719  -81.696  7.986 0.5000000000
12351  -33.107  -81.246  8.772 0.5000000000
16436  -34.964  -76.961  9.101 0.5000000000
14753  -35.986  -78.336  9.617 0.5000000000
15600  -34.252  -77.291  8.604 0.5000000000
16435  -34.778  -77.073  8.938 0.5000000000
15601  -35.362  -77.412  8.680 0.5000000000
12352  -34.210  -81.199  8.827 0.5000000000
15613  -34.641  -77.794  7.919 0.5000000000
15614  -35.330  -78.013  7.929 0.4000000060
14760  -35.816  -78.225  8.157 0.4000000060
11607  -34.113  -82.690  6.557 0.5000000000
10883  -34.878  -83.345  6.077 0.5000000000
11608  -35.207  -82.639  6.671 0.5000000000
10884  -35.811  -83.349  6.348 0.5000000000
10898  -36.255  -83.847  5.987 0.5000000000
10885  -36.600  -83.274  6.404 0.5000000000
10900  -37.440  -83.143  5.935 0.4000000060
10913  -37.316  -83.107  5.405 0.4000000060
12319  -31.499  -81.381  11.734 0.1000000015
12336  -32.365  -80.887  9.694 0.5000000000
16421  -34.378  -76.767  9.392 0.5000000000
16402  -35.279  -76.944  9.986 0.5000000000
14743  -35.529  -78.176  10.216 0.5000000000
13934  -35.745  -79.009  10.010 0.4000000060
12337  -33.468  -80.835  9.448 0.5000000000
15587  -33.619  -77.044  9.050 0.5000000000
15586  -32.853  -76.946  9.055 0.5000000000
15597  -31.854  -76.789  8.780 0.5000000000
15598  -32.386  -77.108  8.541 0.5000000000
15599  -33.191  -77.406  8.515 0.5000000000
15610  -31.922  -76.917  8.193 0.4000000060
15611  -32.529  -77.506  7.614 0.3000000119
15612  -33.649  -77.793  7.892 0.5000000000
14767  -33.259  -78.128  7.276 0.3000000119
13942  -36.552  -79.311  8.735 0.6999999881
14778  -32.854  -78.027  6.935 0.3000000119
14768  -34.083  -78.290  7.300 0.3000000119
14769  -34.991  -78.373  7.390 0.4000000060
14761  -36.294  -78.671  8.363 0.5000000000
13943  -37.080  -79.750  8.292 0.6000000238
13160  -36.062  -80.558  9.026 0.6000000238
12353  -35.421  -81.026  9.022 0.6000000238
12371  -33.810  -81.554  7.975 0.5000000000
11591  -33.390  -82.174  7.258 0.3000000119
14782  -36.047  -78.776  7.217 0.4000000060
13951  -37.579  -79.817  7.494 0.5000000000
12355  -36.952  -80.729  8.358 0.6000000238
12373  -36.046  -81.443  7.988 0.6000000238
11593  -35.595  -82.052  7.349 0.5000000000
14780  -34.604  -78.770  6.593 0.4000000060
13961  -35.388  -79.218  6.171 0.4000000060
12374  -37.247  -81.325  7.816 0.5000000000
11594  -36.589  -82.084  7.389 0.5000000000
11609  -36.158  -82.719  6.879 0.5000000000
13972  -34.980  -79.145  5.385 0.4000000060
13973  -36.044  -79.498  5.234 0.4000000060
13962  -36.581  -79.267  6.717 0.5000000000
13952  -38.256  -80.341  6.931 0.5000000000
12375  -38.119  -81.317  7.289 0.4000000060
11595  -37.329  -82.112  7.230 0.5000000000
11610  -36.985  -82.668  6.865 0.5000000000
13963  -37.898  -79.940  6.367 0.5000000000
13172  -38.525  -80.950  6.854 0.5000000000
12387  -38.367  -81.620  6.560 0.4000000060
11611  -37.709  -82.369  6.542 0.4000000060
13975  -38.432  -80.228  5.367 0.5000000000
13178  -38.802  -81.142  6.156 0.4000000060
11612  -38.213  -82.044  5.967 0.4000000060
11623  -37.754  -82.572  5.724 0.4000000060
13186  -39.265  -80.958  5.433 0.3000000119
12401  -39.342  -81.233  4.960 0.4000000060
11624  -38.214  -82.019  5.236 0.3000000119
12420  -38.626  -81.676  4.545 0.3000000119
12419  -38.156  -81.901  4.254 0.3000000119
11542  -32.632  -82.600  13.140 0.1000000015
11561  -31.286  -82.213  12.302 0.1000000015
12309  -32.399  -81.573  12.978 0.1000000015
12308  -31.711  -81.767  12.511 0.1000000015
13128  -32.542  -80.596  11.940 0.4000000060
13127  -31.956  -80.733  11.110 0.4000000060
13136  -32.007  -80.695  10.644 0.4000000060
12327  -32.080  -80.704  10.339 0.5000000000
13148  -33.019  -80.620  9.924 0.5000000000
16401  -34.673  -76.418  10.428 0.5000000000
15571  -35.174  -77.369  10.357 0.5000000000
13149  -33.632  -80.492  10.077 0.5000000000
16420  -33.382  -76.615  9.588 0.5000000000
16400  -33.903  -76.182  10.158 0.5000000000
16418  -31.585  -76.610  9.352 0.5000000000
15585  -32.141  -76.809  9.056 0.5000000000
13150  -34.550  -80.262  10.038 0.6000000238
16434  -31.361  -76.600  8.530 0.4000000060
16445  -31.626  -76.425  7.519 0.2000000030
17322  -31.789  -75.592  7.084 0.2000000030
16446  -32.177  -77.037  7.012 0.3000000119
15620  -32.712  -77.432  6.472 0.3000000119
14792  -33.635  -78.118  5.683 0.4000000060
16454  -31.943  -76.045  6.931 0.3000000119
15634  -33.119  -77.219  5.766 0.3000000119
17335  -32.701  -75.988  6.174 0.3000000119
16468  -33.396  -76.727  5.359 0.4000000060
14805  -33.870  -78.187  5.120 0.4000000060
16482  -33.779  -76.967  4.816 0.3000000119
14806  -34.570  -78.490  4.661 0.4000000060
13987  -37.025  -79.663  4.236 0.4000000060
15651  -34.656  -77.619  4.225 0.3000000119
14821  -35.533  -78.304  3.455 0.3000000119
14009  -37.961  -79.534  3.373 0.3000000119
13989  -39.217  -80.349  4.500 0.3000000119
13203  -39.505  -80.817  4.643 0.4000000060
14031  -38.814  -79.397  2.332 0.2000000030
14032  -39.863  -79.642  2.673 0.2000000030
13222  -39.847  -80.697  3.813 0.3000000119
12442  -39.308  -81.348  3.510 0.3000000119
14054  -39.613  -79.366  1.723 0.1000000015
13242  -40.267  -80.530  2.451 0.2000000030
12443  -40.108  -81.036  3.406 0.4000000060
14900  -41.442  -78.724  -1.363 0.1000000015
12289  -32.850  -81.256  13.218 0.1000000015
13116  -32.870  -80.832  12.992 0.2000000030
13137  -32.628  -80.505  10.580 0.4000000060
15570  -34.720  -77.299  11.080 0.4000000060
14742  -34.903  -78.145  10.784 0.4000000060
13925  -34.445  -79.067  11.132 0.4000000060
13138  -33.687  -79.975  10.948 0.5000000000
16399  -33.016  -76.172  10.353 0.5000000000
16397  -30.704  -76.321  10.343 0.4000000060
16419  -32.472  -76.611  9.618 0.5000000000
17289  -30.010  -75.491  9.803 0.4000000060
16417  -30.737  -76.171  9.140 0.5000000000
18182  -30.207  -74.461  9.364 0.3000000119
17304  -30.552  -75.350  8.723 0.3000000119
17305  -30.925  -75.070  8.144 0.3000000119
18201  -31.328  -74.535  7.874 0.2000000030
17323  -32.310  -75.637  6.643 0.2000000030
19202  -31.992  -74.026  7.570 0.1000000015
18227  -32.636  -74.772  6.710 0.3000000119
19217  -33.250  -74.351  6.599 0.1000000015
17324  -32.906  -75.410  6.230 0.3000000119
17354  -33.899  -76.261  4.917 0.3000000119
18228  -33.581  -74.856  6.048 0.2000000030
18239  -33.834  -75.265  5.524 0.2000000030
17355  -34.595  -75.905  4.644 0.2000000030
15670  -35.130  -77.511  3.741 0.2000000030
14822  -36.138  -78.540  3.014 0.2000000030
17379  -35.933  -75.959  3.724 0.2000000030
15685  -36.011  -77.552  2.880 0.2000000030
14029  -37.106  -78.819  2.600 0.2000000030
16505  -36.095  -76.529  3.298 0.2000000030
15703  -36.863  -77.700  2.231 0.1000000015
16539  -37.543  -76.744  1.677 0.1000000015
15705  -38.102  -77.667  1.308 0.1000000015
14859  -39.719  -79.070  1.150 0.1000000015
14073  -40.104  -79.339  1.112 0.1000000015
16563  -39.246  -77.042  0.657 0.1000000015
15729  -39.721  -77.682  0.400 0.1000000015
15730  -40.589  -77.789  -0.357 0.1000000015
14881  -40.919  -78.701  -0.517 0.1000000015
15747  -41.487  -77.964  -1.375 0.1000000015
17469  -41.561  -76.388  -1.250 0.1000000015
13117  -33.333  -80.082  12.648 0.3000000119
13884  -34.684  -79.152  13.702 0.3000000119
13897  -34.235  -78.922  12.877 0.3000000119
13910  -33.679  -79.592  12.166 0.3000000119
13129  -33.357  -79.912  11.864 0.3000000119
14716  -34.383  -78.111  12.350 0.3000000119
13924  -33.853  -79.525  11.639 0.5000000000
17249  -34.793  -75.525  11.097 0.4000000060
16382  -34.612  -76.464  11.629 0.5000000000
14729  -34.524  -78.167  11.552 0.4000000060
16379  -30.631  -76.302  11.594 0.4000000060
17246  -32.463  -75.804  11.231 0.4000000060
17268  -33.591  -75.658  10.467 0.5000000000
17269  -34.254  -75.329  10.521 0.5000000000
17245  -29.574  -75.302  11.462 0.4000000060
16396  -29.898  -76.022  11.072 0.4000000060
16380  -31.715  -76.173  11.206 0.5000000000
18163  -29.677  -74.534  10.808 0.4000000060
17288  -29.683  -75.059  10.283 0.4000000060
18142  -29.507  -74.441  11.907 0.4000000060
19148  -29.783  -73.917  11.448 0.3000000119
18181  -29.785  -74.722  10.025 0.3000000119
19166  -30.480  -73.483  9.779 0.3000000119
19186  -30.755  -73.819  9.041 0.3000000119
19167  -31.028  -73.243  9.192 0.3000000119
19187  -31.432  -73.558  8.397 0.2000000030
20212  -32.782  -72.928  7.763 0.1000000015
19218  -33.882  -74.077  6.528 0.1000000015
18229  -34.580  -74.415  5.980 0.1000000015
17338  -34.791  -75.268  4.934 0.2000000030
19219  -34.831  -73.791  6.463 0.1000000015
18230  -35.256  -74.161  6.068 0.1000000015
18241  -35.549  -74.673  5.331 0.2000000030
17356  -35.455  -75.520  4.386 0.2000000030
17380  -36.632  -75.720  3.162 0.1000000015
17381  -37.186  -75.327  2.970 0.1000000015
17400  -37.584  -75.713  2.247 0.1000000015
16540  -38.444  -76.811  1.123 0.1000000015
17419  -39.438  -75.734  1.127 0.1000000015
16564  -40.145  -76.668  0.232 0.1000000015
17452  -41.841  -76.607  -1.262 0.1000000015
17453  -42.204  -76.037  -1.285 0.1000000015
17470  -42.512  -75.730  -1.917 0.1000000015
18390  -42.668  -74.852  -2.115 0.1000000015
18376  -42.299  -74.366  -1.689 0.1000000015
19336  -42.444  -73.274  -0.212 0.1000000015
13086  -34.816  -80.060  14.181 0.2000000030
15530  -35.023  -77.505  13.232 0.3000000119
16367  -34.712  -76.321  12.367 0.4000000060
16368  -34.945  -76.373  13.019 0.3000000119
16366  -31.453  -76.157  12.256 0.3000000119
17229  -32.346  -75.672  11.801 0.4000000060
18144  -34.056  -74.617  11.441 0.4000000060
17233  -34.775  -75.765  12.879 0.3000000119
16364  -29.703  -75.984  13.052 0.3000000119
16365  -30.498  -76.303  12.667 0.3000000119
17231  -33.309  -74.733  12.843 0.4000000060
18099  -34.114  -74.769  12.757 0.4000000060
17211  -34.543  -75.300  13.058 0.3000000119
19100  -29.595  -73.785  12.470 0.3000000119
17228  -29.393  -75.283  12.448 0.3000000119
19122  -29.700  -73.863  11.914 0.3000000119
19101  -29.974  -73.181  12.853 0.3000000119
19123  -30.060  -73.373  11.893 0.3000000119
20125  -30.575  -72.838  11.402 0.3000000119
20170  -31.152  -72.706  9.816 0.3000000119
20190  -31.498  -72.798  9.015 0.2000000030
21183  -32.878  -72.268  8.605 0.1000000015
21184  -33.415  -72.062  8.697 0.1000000015
21185  -34.262  -71.790  8.783 0.1000000015
20213  -33.551  -72.855  7.560 0.1000000015
20215  -35.557  -72.457  7.409 0.1000000015
19205  -35.108  -73.080  6.842 0.1000000015
19206  -35.703  -72.936  6.831 0.1000000015
18242  -36.593  -74.390  5.118 0.2000000030
18243  -37.144  -74.089  5.096 0.2000000030
18262  -37.367  -74.335  4.429 0.2000000030
18292  -37.002  -74.924  3.526 0.1000000015
18263  -38.291  -74.142  4.032 0.1000000015
18317  -38.276  -74.911  2.655 0.1000000015
17401  -38.741  -75.377  1.920 0.1000000015
18318  -39.322  -74.789  2.317 0.1000000015
17402  -39.371  -75.209  1.685 0.1000000015
17434  -40.308  -75.665  0.496 0.1000000015
18340  -40.027  -74.976  1.295 0.1000000015
18360  -40.857  -75.225  0.528 0.1000000015
17436  -42.340  -75.573  -0.615 0.1000000015
17471  -43.193  -75.318  -2.030 0.1000000015
18377  -43.588  -75.011  -1.587 0.1000000015
19369  -42.806  -74.162  -2.082 0.1000000015
18392  -43.796  -74.592  -1.538 0.1000000015
19358  -42.992  -73.600  -1.208 0.1000000015
19359  -43.868  -73.710  -1.213 0.1000000015
20329  -43.665  -72.698  0.709 0.1000000015
19337  -43.623  -73.245  -0.300 0.1000000015
20302  -43.034  -72.517  1.755 0.1000000015
13106  -36.640  -80.185  13.694 0.2000000030
13105  -35.624  -80.377  13.987 0.2000000030
13886  -36.987  -79.320  13.841 0.2000000030
14704  -35.324  -78.251  13.571 0.3000000119
15533  -37.284  -77.563  14.177 0.2000000030
15531  -35.668  -77.215  13.526 0.3000000119
17208  -32.168  -75.619  12.800 0.3000000119
17230  -32.922  -74.828  12.257 0.3000000119
17212  -34.888  -75.891  13.353 0.3000000119
16349  -30.313  -76.468  13.725 0.3000000119
16350  -31.337  -76.226  13.423 0.3000000119
16351  -32.156  -75.730  13.643 0.3000000119
17209  -32.892  -75.167  13.367 0.3000000119
17210  -33.808  -74.832  13.263 0.3000000119
18097  -29.121  -74.388  13.911 0.3000000119
17187  -29.157  -75.184  14.598 0.3000000119
17188  -32.571  -75.574  14.173 0.3000000119
17189  -33.470  -75.387  14.444 0.3000000119
17190  -34.352  -75.346  14.001 0.2000000030
17191  -34.912  -75.718  13.874 0.2000000030
20054  -29.681  -73.255  14.073 0.2000000030
19079  -29.519  -73.574  13.461 0.2000000030
20074  -30.177  -72.683  13.502 0.3000000119
20097  -30.594  -72.501  12.431 0.3000000119
20126  -31.003  -72.353  11.695 0.3000000119
20153  -31.141  -72.468  10.861 0.3000000119
20154  -31.776  -72.200  10.261 0.2000000030
21162  -32.766  -72.001  9.117 0.1000000015
21145  -32.675  -71.518  10.247 0.2000000030
21163  -33.557  -71.547  9.373 0.1000000015
21187  -36.187  -71.447  9.164 0.1000000015
21167  -37.066  -71.501  9.924 0.1000000015
20156  -38.104  -72.151  10.514 0.1000000015
20195  -35.950  -71.782  8.275 0.1000000015
20196  -37.199  -71.785  8.865 0.1000000015
19168  -39.615  -73.259  9.996 0.1000000015
19150  -39.551  -73.234  10.932 0.1000000015
19126  -41.073  -73.573  11.203 0.1000000015
20216  -36.572  -72.188  7.583 0.1000000015
20197  -38.253  -72.500  8.551 0.1000000015
20174  -38.969  -72.840  9.314 0.1000000015
19151  -40.227  -73.615  10.585 0.1000000015
19220  -36.018  -73.632  6.356 0.1000000015
20226  -36.910  -72.723  6.809 0.1000000015
19233  -37.790  -73.733  5.221 0.2000000030
19253  -38.004  -73.964  4.560 0.1000000015
19254  -38.615  -73.844  4.640 0.1000000015
18294  -38.776  -74.407  3.249 0.1000000015
18295  -39.788  -74.429  3.193 0.1000000015
18319  -40.400  -74.526  2.221 0.1000000015
18341  -41.052  -74.614  1.180 0.1000000015
18361  -41.717  -75.162  0.274 0.1000000015
18362  -42.640  -75.100  0.074 0.1000000015
17437  -42.879  -75.281  -0.671 0.1000000015
18378  -44.110  -74.523  -0.995 0.1000000015
18379  -44.344  -74.196  -1.034 0.1000000015
19338  -44.617  -73.275  -0.494 0.1000000015
16297  -36.886  -76.492  16.193 0.2000000030
15519  -37.041  -76.943  14.214 0.2000000030
15480  -36.307  -76.917  16.676 0.2000000030
16320  -36.544  -76.257  15.443 0.2000000030
16335  -36.212  -76.336  14.561 0.2000000030
16353  -36.276  -76.781  13.932 0.3000000119
16352  -35.452  -76.323  13.851 0.3000000119
16330  -30.161  -76.559  14.828 0.3000000119
16331  -31.034  -76.814  14.509 0.3000000119
16332  -31.928  -76.218  14.370 0.3000000119
16333  -32.657  -75.888  14.798 0.3000000119
16329  -29.519  -75.953  14.907 0.3000000119
15501  -31.423  -77.110  15.427 0.3000000119
16316  -32.218  -76.514  15.154 0.3000000119
20039  -30.516  -73.026  15.961 0.2000000030
18065  -29.481  -74.512  15.415 0.3000000119
17178  -34.393  -75.597  14.783 0.2000000030
17179  -34.886  -75.648  14.472 0.2000000030
20055  -30.091  -72.862  14.679 0.2000000030
21091  -30.705  -72.072  13.328 0.2000000030
21068  -30.528  -72.171  14.135 0.2000000030
21120  -31.522  -71.787  11.682 0.3000000119
21144  -31.869  -71.818  10.869 0.2000000030
21092  -31.282  -71.540  12.756 0.3000000119
21093  -31.967  -71.110  12.180 0.2000000030
22073  -32.905  -70.638  11.351 0.2000000030
22099  -33.279  -70.709  10.791 0.2000000030
21147  -34.856  -70.793  10.298 0.1000000015
20218  -38.479  -72.689  7.587 0.1000000015
20198  -39.137  -72.905  8.250 0.1000000015
19189  -39.855  -73.197  8.935 0.1000000015
19169  -40.413  -73.664  9.632 0.1000000015
19222  -38.290  -73.186  6.065 0.1000000015
20228  -38.762  -72.857  6.807 0.1000000015
20229  -39.483  -73.002  6.902 0.1000000015
19208  -41.374  -73.687  7.786 0.1000000015
19223  -39.220  -73.147  6.174 0.1000000015
19224  -40.104  -73.193  6.458 0.1000000015
19225  -41.094  -73.372  6.785 0.1000000015
19234  -38.878  -73.502  5.384 0.1000000015
19256  -40.571  -73.728  4.850 0.1000000015
19255  -39.549  -73.814  4.748 0.1000000015
18264  -39.202  -74.160  4.003 0.1000000015
18265  -40.207  -74.243  4.080 0.1000000015
18296  -40.865  -74.387  3.187 0.1000000015
18320  -41.514  -74.487  2.174 0.1000000015
18342  -42.120  -74.629  1.074 0.1000000015
18363  -43.498  -74.863  -0.505 0.1000000015
14652  -37.452  -78.401  17.792 0.3000000119
15464  -35.712  -77.714  17.023 0.3000000119
15479  -35.195  -76.920  16.617 0.3000000119
16296  -35.869  -76.333  16.075 0.2000000030
16319  -35.368  -75.788  15.205 0.2000000030
15463  -34.615  -77.765  17.003 0.3000000119
16295  -34.786  -76.270  16.019 0.3000000119
16334  -35.387  -75.914  14.406 0.2000000030
16314  -30.160  -76.569  15.784 0.3000000119
15476  -31.839  -77.683  16.448 0.3000000119
15477  -32.855  -77.506  16.375 0.3000000119
16294  -34.071  -76.293  15.899 0.3000000119
19037  -30.650  -73.706  16.667 0.2000000030
16293  -30.137  -76.362  16.516 0.3000000119
16284  -30.366  -76.451  17.335 0.3000000119
20026  -30.815  -73.156  16.437 0.2000000030
21030  -31.498  -71.773  15.759 0.2000000030
21048  -31.001  -71.860  14.828 0.2000000030
21069  -31.005  -71.499  13.887 0.2000000030
22021  -31.618  -70.763  13.685 0.3000000119
22044  -32.746  -70.355  12.283 0.2000000030
22074  -33.578  -70.302  11.587 0.2000000030
18266  -41.308  -74.201  4.156 0.1000000015
18297  -42.030  -74.488  3.230 0.1000000015
14635  -38.426  -78.632  18.516 0.1000000015
14634  -37.436  -79.078  18.676 0.2000000030
14651  -36.187  -78.449  17.629 0.3000000119
14632  -35.411  -79.044  18.349 0.3000000119
14631  -34.369  -78.924  18.307 0.3000000119
14661  -31.857  -78.117  17.209 0.3000000119
14629  -32.562  -78.513  18.291 0.3000000119
18033  -31.031  -75.046  18.198 0.3000000119
16279  -30.803  -76.611  18.323 0.3000000119
15451  -30.966  -77.105  18.229 0.3000000119
14628  -31.936  -78.211  18.255 0.3000000119
19025  -31.454  -73.876  17.471 0.2000000030
20027  -31.384  -72.833  16.593 0.2000000030
21013  -31.904  -71.891  16.333 0.1000000015
22004  -31.487  -71.035  14.654 0.2000000030
21959  -32.937  -70.718  16.271 0.1000000015
22005  -32.118  -70.331  14.545 0.2000000030
22022  -32.425  -70.023  13.516 0.2000000030
22944  -32.792  -69.673  14.518 0.2000000030
22023  -33.190  -69.678  13.105 0.3000000119
14613  -35.650  -78.957  19.361 0.3000000119
14611  -33.774  -78.668  19.104 0.3000000119
14610  -32.855  -78.455  19.065 0.3000000119
18019  -31.789  -75.362  19.041 0.3000000119
16272  -31.706  -76.724  19.206 0.3000000119
15453  -32.170  -78.114  18.788 0.3000000119
19014  -32.227  -74.087  18.084 0.2000000030
19026  -32.435  -73.508  17.665 0.2000000030
20017  -33.587  -72.597  17.474 0.1000000015
21015  -33.455  -71.272  16.822 0.1000000015
22896  -33.434  -70.150  16.101 0.1000000015
22921  -33.366  -69.670  15.428 0.1000000015
22945  -33.581  -69.158  14.541 0.1000000015
14595  -34.941  -78.317  19.868 0.3000000119
15420  -35.200  -77.636  20.432 0.2000000030
15440  -34.162  -78.332  19.629 0.3000000119
15439  -33.368  -78.081  19.647 0.3000000119
15418  -33.158  -77.444  19.940 0.3000000119
18035  -32.820  -74.498  18.699 0.2000000030
18020  -32.528  -75.213  19.180 0.3000000119
15438  -32.416  -77.499  19.455 0.3000000119
18036  -33.838  -74.305  18.823 0.2000000030
20002  -35.656  -73.006  18.243 0.1000000015
20018  -34.643  -72.697  17.754 0.1000000015
20003  -36.574  -72.548  18.327 0.1000000015
20998  -34.024  -71.953  17.186 0.1000000015
20999  -34.923  -71.787  17.342 0.1000000015
21016  -34.411  -71.207  17.070 0.1000000015
21960  -33.901  -70.548  16.661 0.1000000015
22897  -34.210  -69.785  16.242 0.1000000015
16243  -34.941  -76.552  20.809 0.2000000030
17129  -34.266  -76.198  20.451 0.2000000030
16259  -33.583  -76.801  20.215 0.2000000030
18022  -34.491  -74.734  19.431 0.2000000030
17142  -33.297  -76.037  19.791 0.2000000030
18038  -35.291  -74.141  19.111 0.1000000015
18037  -34.823  -74.172  18.991 0.2000000030
19018  -36.458  -73.286  18.814 0.1000000015
20019  -35.649  -72.220  17.782 0.1000000015
21000  -35.710  -71.281  17.424 0.1000000015
21961  -35.150  -70.514  16.941 0.1000000015
21962  -35.829  -69.981  16.889 0.1000000015
22898  -35.362  -69.371  16.268 0.1000000015
21002  -37.324  -71.367  17.910 0.1000000015
21001  -36.701  -71.298  17.712 0.1000000015
22882  -37.021  -70.280  17.236 0.1000000015
22899  -36.619  -69.643  16.784 0.1000000015
20981  -38.017  -71.426  18.161 0.1000000015
21925  -38.154  -70.988  17.859 0.1000000015
22883  -37.709  -70.138  17.121 0.1000000015
13935  -36.238  -79.147  9.461 0.4000000060
15602  -35.976  -78.107  8.670 0.5000000000
14754  -36.305  -78.514  9.016 0.5000000000
13140  -35.350  -79.399  10.136 0.5000000000
13926  -35.089  -78.888  10.403 0.4000000060
13152  -36.331  -79.679  9.204 0.5000000000
12338  -34.415  -80.791  9.546 0.5000000000
13151  -35.681  -80.005  9.649 0.6000000238
12372  -34.944  -81.537  8.062 0.5000000000
12369  -31.709  -81.824  8.008 0.5000000000
14771  -36.206  -78.764  7.662 0.4000000060
11592  -34.513  -82.041  7.258 0.4000000060
10886  -37.240  -83.050  6.323 0.4000000060
10899  -36.898  -83.767  5.760 0.4000000060
10887  -37.578  -82.824  6.174 0.4000000060
11637  -38.177  -82.004  4.814 0.3000000119
12320  -31.983  -81.279  12.331 0.2000000030
14781  -35.570  -78.784  6.932 0.3000000119
13950  -36.707  -79.283  7.888 0.4000000060
13161  -36.600  -80.186  8.782 0.6000000238
14779  -33.523  -78.240  6.478 0.4000000060
13162  -37.338  -80.418  8.127 0.6000000238
12354  -36.407  -80.881  8.502 0.6000000238
12339  -35.062  -80.607  9.643 0.6000000238
14793  -34.176  -78.715  5.681 0.4000000060
13171  -37.980  -80.683  7.532 0.5000000000
12386  -37.843  -81.806  7.168 0.4000000060
13985  -35.327  -79.036  4.680 0.3000000119
13974  -37.390  -79.791  5.414 0.5000000000
13964  -38.629  -80.607  6.077 0.5000000000
13988  -38.217  -79.973  4.402 0.4000000060
12400  -38.777  -81.555  5.596 0.4000000060
16398  -31.966  -76.330  10.286 0.5000000000
13139  -34.786  -79.604  10.373 0.5000000000
17313  -30.947  -75.579  8.114 0.3000000119
18214  -31.874  -74.816  7.222 0.2000000030
16455  -32.293  -76.470  6.647 0.3000000119
15635  -33.547  -77.522  5.300 0.4000000060
16467  -32.855  -76.619  5.939 0.3000000119
17336  -33.359  -75.809  5.608 0.3000000119
16483  -34.483  -76.771  4.393 0.3000000119
16503  -34.860  -77.115  4.020 0.3000000119
14820  -35.018  -78.113  4.058 0.3000000119
13986  -35.936  -79.128  4.000 0.3000000119
14007  -36.068  -78.797  3.393 0.3000000119
14008  -36.767  -79.117  3.149 0.3000000119
14010  -39.106  -79.807  3.506 0.3000000119
14030  -37.696  -79.073  2.616 0.2000000030
14011  -39.996  -80.168  3.524 0.3000000119
13990  -39.614  -80.549  4.071 0.4000000060
12421  -39.514  -81.111  4.158 0.4000000060
14012  -40.405  -80.311  3.031 0.3000000119
12444  -40.356  -80.792  3.021 0.2000000030
14053  -39.124  -79.247  1.735 0.2000000030
14055  -40.318  -79.784  1.789 0.2000000030
17270  -34.740  -75.476  10.665 0.4000000060
16381  -32.487  -75.999  10.852 0.5000000000
17267  -29.942  -75.910  10.418 0.4000000060
18200  -30.808  -74.450  8.556 0.3000000119
18215  -32.342  -74.325  7.145 0.2000000030
19203  -32.943  -73.736  7.131 0.1000000015
19188  -32.233  -73.321  7.812 0.1000000015
17337  -34.110  -75.543  5.127 0.2000000030
16484  -34.937  -76.176  4.288 0.2000000030
15671  -35.770  -77.331  3.169 0.2000000030
16504  -35.298  -76.587  3.835 0.2000000030
14838  -36.655  -78.322  2.517 0.2000000030
17357  -36.158  -75.461  3.882 0.2000000030
15672  -36.200  -76.958  2.974 0.1000000015
14839  -37.420  -78.591  2.253 0.2000000030
17399  -36.934  -76.075  2.568 0.1000000015
16522  -37.087  -76.412  2.268 0.1000000015
15704  -37.356  -77.598  1.814 0.1000000015
14856  -37.189  -78.117  2.075 0.2000000030
14840  -38.129  -78.841  2.036 0.2000000030
17418  -38.522  -76.018  1.448 0.1000000015
15728  -38.917  -77.710  0.820 0.1000000015
14858  -38.933  -78.725  1.322 0.1000000015
14879  -39.388  -78.225  0.707 0.1000000015
14074  -40.562  -79.490  0.467 0.1000000015
16541  -39.133  -76.435  0.893 0.1000000015
14880  -40.036  -78.656  0.519 0.1000000015
16565  -41.301  -77.055  -0.909 0.1000000015
16584  -42.063  -77.248  -1.731 0.1000000015
13103  -33.519  -80.705  13.469 0.3000000119
14703  -34.667  -78.152  13.090 0.3000000119
13883  -33.972  -79.748  13.275 0.3000000119
13896  -33.845  -79.463  12.618 0.3000000119
13911  -34.126  -78.983  12.053 0.3000000119
15557  -34.467  -77.402  11.828 0.3000000119
15544  -34.663  -77.127  12.604 0.3000000119
18165  -34.518  -74.732  10.851 0.4000000060
18123  -34.424  -74.879  12.190 0.4000000060
17232  -34.795  -75.611  12.180 0.4000000060
17247  -33.128  -75.123  10.971 0.4000000060
17248  -34.005  -74.762  10.790 0.4000000060
16378  -29.859  -75.945  12.037 0.4000000060
18164  -29.998  -74.106  10.128 0.3000000119
20152  -30.617  -72.930  10.846 0.3000000119
20191  -32.269  -72.609  8.475 0.2000000030
20192  -33.126  -72.482  8.190 0.1000000015
19204  -34.122  -73.327  6.951 0.1000000015
18260  -35.766  -75.044  4.718 0.2000000030
19231  -36.279  -74.216  5.664 0.2000000030
18261  -36.288  -74.929  4.390 0.1000000015
18291  -36.497  -75.224  3.726 0.1000000015
18316  -37.571  -75.076  2.973 0.1000000015
17435  -41.334  -75.978  -0.422 0.1000000015
17454  -42.955  -75.465  -1.373 0.1000000015
13869  -35.343  -79.885  14.178 0.2000000030
13885  -35.739  -79.374  13.946 0.2000000030
13104  -34.614  -80.337  13.981 0.2000000030
15545  -35.082  -77.017  13.093 0.3000000119
18143  -33.408  -74.624  11.810 0.4000000060
17207  -29.161  -75.300  13.473 0.3000000119
18120  -29.217  -74.446  12.916 0.3000000119
20171  -32.004  -72.301  9.481 0.1000000015
20193  -33.962  -72.328  8.150 0.1000000015
21186  -35.235  -71.596  8.933 0.1000000015
20194  -34.907  -72.059  8.142 0.1000000015
20214  -34.521  -72.643  7.471 0.1000000015
20225  -36.149  -72.739  6.943 0.1000000015
19232  -36.844  -73.892  5.598 0.1000000015
18293  -37.863  -74.586  3.465 0.1000000015
14706  -37.447  -78.385  14.173 0.2000000030
14705  -36.330  -78.304  13.787 0.2000000030
15532  -36.725  -77.483  13.881 0.2000000030
16348  -29.517  -76.056  14.074 0.3000000119
19064  -29.480  -73.646  14.389 0.3000000119
19065  -29.712  -73.488  14.914 0.3000000119
22098  -32.735  -70.921  10.880 0.2000000030
21146  -33.818  -70.942  10.112 0.1000000015
21164  -34.541  -71.283  9.517 0.1000000015
21188  -36.722  -71.483  9.457 0.1000000015
20172  -37.659  -71.846  10.011 0.1000000015
20173  -38.178  -72.311  9.625 0.1000000015
20157  -38.845  -72.728  10.499 0.1000000015
19125  -39.971  -73.332  11.350 0.1000000015
20217  -37.582  -72.361  7.661 0.1000000015
18146  -41.887  -74.024  11.165 0.1000000015
19221  -37.279  -73.314  6.129 0.1000000015
20227  -37.880  -72.855  6.839 0.1000000015
15481  -37.295  -76.946  16.722 0.2000000030
16336  -37.212  -76.744  14.943 0.2000000030
15518  -30.913  -77.065  15.042 0.3000000119
16317  -33.322  -76.221  15.522 0.3000000119
17176  -29.525  -75.459  15.553 0.3000000119
15500  -30.642  -76.971  15.404 0.3000000119
15502  -32.473  -77.052  15.794 0.3000000119
15503  -33.131  -76.947  16.044 0.3000000119
16318  -34.316  -75.920  15.440 0.3000000119
18066  -29.988  -74.271  16.089 0.3000000119
20040  -30.792  -72.400  15.483 0.2000000030
18053  -29.768  -74.947  16.137 0.3000000119
22043  -31.971  -70.716  12.862 0.3000000119
21121  -32.328  -71.151  11.344 0.2000000030
22100  -34.190  -70.505  10.918 0.2000000030
21165  -35.528  -71.148  9.712 0.1000000015
20219  -39.206  -72.873  7.441 0.1000000015
19207  -40.135  -73.178  7.659 0.1000000015
19170  -41.165  -74.008  9.360 0.1000000015
19235  -39.856  -73.397  5.532 0.1000000015
15465  -36.843  -77.625  17.126 0.3000000119
14650  -35.064  -78.545  17.481 0.3000000119
15478  -33.848  -76.957  16.515 0.3000000119
15462  -33.777  -77.898  17.068 0.3000000119
15475  -30.697  -77.181  16.485 0.3000000119
15461  -31.260  -77.772  17.364 0.3000000119
14662  -32.509  -78.076  16.962 0.3000000119
18054  -30.196  -74.577  16.638 0.3000000119
19024  -30.906  -74.025  17.200 0.3000000119
19038  -31.136  -73.448  16.932 0.2000000030
17154  -30.533  -75.635  17.850 0.3000000119
21981  -31.510  -71.355  15.229 0.2000000030
22075  -34.512  -70.213  11.780 0.2000000030
15454  -39.131  -78.060  18.125 0.1000000015
14614  -36.657  -79.157  19.550 0.2000000030
14633  -36.529  -79.074  18.544 0.3000000119
14649  -34.051  -78.428  17.578 0.3000000119
14630  -33.415  -78.717  18.318 0.3000000119
18044  -31.219  -74.518  17.882 0.3000000119
17139  -31.013  -75.969  19.011 0.3000000119
20015  -31.953  -73.251  17.229 0.2000000030
20028  -32.261  -72.155  16.741 0.2000000030
21982  -32.153  -70.872  15.633 0.1000000015
21014  -32.500  -71.372  16.419 0.1000000015
22920  -32.626  -70.108  15.190 0.2000000030
14596  -35.929  -78.385  20.167 0.3000000119
14612  -34.697  -78.806  19.173 0.3000000119
17141  -32.129  -75.929  19.502 0.3000000119
19015  -33.136  -73.838  18.245 0.2000000030
19027  -33.321  -73.217  17.774 0.2000000030
20016  -32.557  -72.785  17.224 0.2000000030
20997  -33.044  -71.990  17.034 0.1000000015
19028  -33.956  -73.026  17.796 0.1000000015
15419  -34.117  -77.668  20.089 0.3000000119
16274  -33.062  -76.639  19.931 0.3000000119
18021  -33.534  -75.038  19.302 0.2000000030
19016  -34.275  -73.536  18.306 0.1000000015
20001  -35.034  -73.301  18.221 0.1000000015
20020  -36.356  -71.866  17.841 0.1000000015
17130  -35.057  -75.505  20.624 0.2000000030
17143  -34.270  -75.427  19.930 0.2000000030
19017  -35.516  -73.778  18.825 0.1000000015
21941  -36.271  -70.581  17.236 0.1000000015
21942  -37.472  -70.835  17.629 0.1000000015
11606  -32.936  -82.771  6.462 0.3000000119
10881  -32.470  -83.833  5.844 0.3000000119
8810  -29.600  -86.966  5.770 0.2000000030
8168  -28.243  -87.423  5.823 0.2000000030
10193  -31.581  -84.684  5.904 0.4000000060
9541  -30.836  -85.710  5.897 0.3000000119
10882  -33.766  -83.474  5.947 0.4000000060
8806  -30.290  -85.981  5.968 0.3000000119
10195  -32.597  -84.958  5.662 0.4000000060
8811  -30.669  -86.654  5.717 0.3000000119
8170  -30.397  -87.748  5.541 0.2000000030
10895  -33.619  -84.356  5.619 0.4000000060
10894  -33.019  -84.559  5.631 0.4000000060
8812  -31.822  -86.810  5.596 0.4000000060
10896  -34.620  -84.196  5.685 0.4000000060
9545  -31.904  -85.766  5.632 0.4000000060
9544  -31.290  -86.224  5.684 0.3000000119
10197  -34.416  -85.074  5.518 0.4000000060
9546  -33.177  -85.880  5.547 0.4000000060
8171  -31.520  -87.729  5.421 0.4000000060
10897  -35.557  -84.057  5.818 0.4000000060
9547  -34.202  -85.908  5.442 0.4000000060
8813  -32.890  -86.763  5.431 0.4000000060
8814  -33.980  -86.761  5.360 0.4000000060
8172  -32.655  -87.715  5.319 0.3000000119
9548  -35.120  -85.856  5.499 0.4000000060
8173  -33.781  -87.677  5.365 0.4000000060
10198  -35.341  -84.958  5.574 0.4000000060
8815  -34.905  -86.711  5.502 0.4000000060
7478  -33.518  -88.622  5.308 0.3000000119
10199  -36.162  -84.695  5.556 0.4000000060
8175  -35.444  -87.426  5.351 0.4000000060
8174  -34.717  -87.561  5.478 0.4000000060
6809  -33.246  -89.618  5.278 0.2000000030
9549  -35.904  -85.742  5.551 0.4000000060
8817  -36.214  -86.435  5.267 0.4000000060
7480  -35.153  -88.021  5.427 0.4000000060
6810  -34.123  -89.275  5.335 0.2000000030
6156  -33.506  -90.530  5.170 0.3000000119
10200  -36.599  -84.700  5.111 0.3000000119
9550  -36.382  -85.615  5.212 0.3000000119
7499  -35.412  -88.328  5.009 0.3000000119
6836  -34.765  -89.389  4.958 0.2000000030
7498  -35.103  -88.854  5.200 0.2000000030
6835  -34.073  -89.941  5.254 0.2000000030
5491  -32.991  -91.459  5.040 0.2000000030
8176  -35.940  -87.014  5.203 0.4000000060
6837  -35.209  -88.932  5.019 0.1000000015
10912  -36.934  -83.681  4.776 0.3000000119
9552  -36.469  -85.501  4.690 0.3000000119
8820  -36.498  -86.298  4.832 0.2000000030
8186  -35.631  -87.486  4.200 0.2000000030
6174  -34.172  -90.388  4.662 0.1000000015
9567  -36.101  -85.343  4.052 0.2000000030
8187  -36.184  -86.671  4.462 0.2000000030
6853  -35.013  -89.401  4.080 0.1000000015
6193  -34.523  -90.060  4.055 0.1000000015
5506  -33.516  -91.124  4.398 0.1000000015
11636  -37.609  -82.332  4.578 0.2000000030
10210  -36.457  -84.637  4.412 0.3000000119
12441  -38.202  -81.759  3.573 0.2000000030
11635  -36.963  -83.139  4.189 0.1000000015
10234  -36.210  -84.597  3.880 0.2000000030
6192  -33.910  -90.601  3.523 0.1000000015
5522  -33.280  -91.366  3.736 0.1000000015
11656  -37.534  -82.238  3.671 0.2000000030
10934  -36.452  -83.796  3.752 0.2000000030
9566  -35.394  -85.502  3.589 0.1000000015
8832  -35.908  -86.321  3.983 0.1000000015
7502  -35.006  -88.491  3.504 0.1000000015
8199  -34.506  -88.199  3.103 0.1000000015
6852  -34.430  -89.800  3.503 0.1000000015
5537  -33.155  -91.252  2.927 0.1000000015
4892  -32.152  -92.487  3.226 0.1000000015
10933  -35.918  -83.728  3.136 0.1000000015
10233  -35.724  -84.464  3.336 0.2000000030
8831  -35.118  -86.515  3.546 0.1000000015
6860  -33.911  -89.644  2.656 0.1000000015
6205  -33.334  -90.472  2.485 0.1000000015
4291  -31.729  -92.852  3.316 0.1000000015
8198  -33.924  -87.981  2.826 0.1000000015
5535  -31.713  -92.095  2.305 0.1000000015
7529  -33.040  -89.251  1.971 0.1000000015
22986  -34.111  -69.474  13.057 0.2000000030
11655  -36.918  -82.710  3.553 0.1000000015
11654  -36.035  -82.998  3.054 0.1000000015
9565  -34.503  -85.546  3.295 0.1000000015
8830  -34.094  -86.506  3.358 0.1000000015
5536  -32.336  -91.731  2.499 0.1000000015
6873  -33.308  -89.434  2.117 0.1000000015
8184  -33.623  -87.257  3.219 0.1000000015
10196  -33.497  -85.122  5.567 0.4000000060
8816  -35.660  -86.573  5.473 0.4000000060
7479  -34.663  -88.534  5.399 0.2000000030
8179  -35.802  -87.477  4.942 0.2000000030
5492  -33.564  -90.894  4.856 0.2000000030
6175  -34.650  -89.824  4.469 0.1000000015
8180  -36.217  -86.980  4.848 0.4000000060
8833  -36.329  -86.084  4.389 0.2000000030
7503  -35.405  -88.605  4.302 0.1000000015
5505  -32.903  -91.767  4.258 0.1000000015
6861  -34.586  -89.227  3.279 0.1000000015
5521  -32.697  -91.863  3.456 0.1000000015
11678  -37.455  -82.191  2.967 0.1000000015
8185  -34.641  -87.512  3.323 0.1000000015
7515  -34.249  -88.724  2.897 0.1000000015
4903  -31.922  -92.357  2.708 0.1000000015
4902  -31.428  -92.634  2.693 0.1000000015
10254  -35.171  -84.194  2.906 0.1000000015
12334  -30.432  -81.796  9.351 0.3000000119
12348  -30.269  -82.078  8.434 0.2000000030
11578  -29.665  -82.375  8.231 0.3000000119
11588  -30.218  -82.620  7.594 0.2000000030
12326  -31.540  -81.089  10.548 0.4000000060
12335  -31.341  -81.418  9.559 0.2000000030
12349  -31.110  -81.682  8.685 0.3000000119
12350  -32.074  -81.537  8.819 0.4000000060
12368  -30.943  -81.863  8.011 0.2000000030
10875  -30.431  -83.207  7.096 0.2000000030
11587  -29.188  -82.720  7.843 0.1000000015
10874  -29.697  -83.542  7.129 0.2000000030
11589  -31.189  -82.335  7.469 0.3000000119
10873  -28.391  -83.455  7.710 0.1000000015
10879  -30.182  -84.142  6.641 0.2000000030
10186  -28.780  -84.020  7.019 0.1000000015
10190  -28.439  -84.685  6.706 0.1000000015
10191  -29.518  -84.548  6.577 0.1000000015
9539  -29.037  -85.450  6.364 0.1000000015
9538  -27.987  -85.488  6.509 0.1000000015
8803  -27.571  -86.203  6.300 0.1000000015
11590  -32.269  -82.236  7.272 0.3000000119
11604  -30.887  -82.934  7.055 0.2000000030
8155  -27.943  -86.722  6.064 0.1000000015
8154  -27.351  -86.839  6.029 0.1000000015
11605  -31.732  -82.872  6.650 0.3000000119
10880  -30.931  -83.727  6.548 0.2000000030
9540  -29.999  -85.442  6.233 0.2000000030
8804  -28.628  -86.455  6.141 0.1000000015
8167  -27.155  -87.559  5.776 0.1000000015
10192  -30.608  -84.783  6.278 0.3000000119
8805  -29.703  -86.162  6.070 0.2000000030
8809  -28.945  -87.142  5.829 0.1000000015
7473  -27.739  -88.386  5.585 0.1000000015
7474  -28.862  -88.566  5.603 0.1000000015
8169  -29.339  -87.751  5.680 0.1000000015
7475  -30.027  -88.669  5.518 0.1000000015
6168  -26.496  -90.242  4.451 0.1000000015
6804  -28.266  -89.552  5.261 0.1000000015
6805  -29.568  -89.547  5.379 0.1000000015
6151  -28.502  -90.469  4.979 0.1000000015
6803  -27.094  -88.938  5.240 0.1000000015
6831  -27.211  -89.766  4.844 0.1000000015
6830  -26.075  -89.039  4.725 0.1000000015
7476  -31.274  -88.758  5.219 0.2000000030
6172  -29.905  -91.268  4.905 0.1000000015
5502  -29.439  -92.085  4.724 0.1000000015
4870  -28.808  -92.899  4.655 0.1000000015
6806  -30.703  -89.584  5.227 0.2000000030
6153  -30.297  -90.433  5.089 0.2000000030
6173  -30.940  -91.339  4.882 0.1000000015
4871  -29.831  -93.125  4.984 0.1000000015
5503  -30.437  -92.204  4.862 0.2000000030
6154  -31.377  -90.479  5.053 0.1000000015
7497  -31.856  -88.930  5.134 0.2000000030
6807  -31.708  -89.616  5.122 0.2000000030
5504  -31.408  -92.156  4.846 0.1000000015
5490  -31.963  -91.381  5.055 0.1000000015
6834  -32.058  -89.125  5.119 0.2000000030
6808  -32.327  -89.499  5.167 0.2000000030
4855  -32.197  -92.060  4.963 0.1000000015
6155  -32.497  -90.416  5.171 0.1000000015
7477  -32.328  -88.743  5.175 0.2000000030
12347  -29.663  -82.259  8.637 0.1000000015
12291  -34.159  -81.554  13.767 0.1000000015
16298  -37.642  -76.825  16.266 0.1000000015
13107  -37.606  -80.160  13.380 0.1000000015
16299  -38.057  -77.146  16.358 0.2000000030
16322  -38.035  -77.195  16.001 0.1000000015
13888  -39.115  -79.760  13.833 0.1000000015
15482  -37.953  -77.097  16.605 0.2000000030
16321  -37.418  -76.689  15.684 0.1000000015
15504  -37.853  -77.303  15.382 0.1000000015
14693  -38.049  -78.358  14.607 0.1000000015
13887  -38.071  -79.549  13.822 0.1000000015
12290  -33.189  -81.542  13.450 0.1000000015
15466  -38.012  -77.495  17.155 0.2000000030
13118  -37.918  -80.808  12.940 0.1000000015
15520  -37.751  -77.637  14.684 0.1000000015
15505  -38.684  -77.813  15.710 0.1000000015
12325  -30.640  -81.678  10.248 0.1000000015
16262  -35.906  -76.884  21.015 0.1000000015
15421  -36.325  -77.475  20.936 0.1000000015
15422  -37.367  -77.947  21.031 0.1000000015
14598  -38.087  -78.479  20.508 0.1000000015
14616  -38.847  -78.580  19.605 0.1000000015
14597  -36.966  -78.590  20.453 0.1000000015
15404  -37.323  -77.099  21.615 0.1000000015
15405  -38.690  -77.140  21.759 0.1000000015
14587  -38.895  -77.647  21.277 0.1000000015
15424  -40.219  -77.697  21.150 0.1000000015
15403  -36.625  -77.090  21.359 0.1000000015
14586  -38.263  -77.805  21.228 0.1000000015
14599  -39.268  -78.068  20.660 0.1000000015
14618  -40.693  -78.095  19.526 0.1000000015
16245  -36.322  -76.626  21.361 0.1000000015
15390  -40.971  -76.931  22.466 0.1000000015
16228  -37.623  -76.267  22.044 0.1000000015
15388  -38.600  -76.671  22.115 0.1000000015
15423  -39.389  -77.529  21.404 0.1000000015
16246  -36.943  -76.294  21.768 0.1000000015
15425  -41.126  -77.797  20.636 0.1000000015
17131  -35.943  -75.309  20.906 0.1000000015
18006  -35.589  -75.011  20.315 0.1000000015
16214  -39.978  -75.698  23.202 0.1000000015
16248  -39.545  -76.609  22.427 0.1000000015
15406  -39.882  -77.043  22.127 0.1000000015
17104  -38.787  -75.413  22.596 0.1000000015
17103  -37.825  -75.478  22.252 0.1000000015
17994  -36.483  -75.104  21.190 0.1000000015
17144  -34.989  -75.029  19.971 0.1000000015
22045  -33.920  -69.756  12.580 0.1000000015
22077  -36.166  -70.445  12.001 0.1000000015
17995  -37.259  -74.922  21.610 0.1000000015
18023  -35.532  -74.420  19.578 0.1000000015
22963  -33.119  -69.432  13.813 0.1000000015
22101  -35.119  -70.499  11.148 0.1000000015
22987  -34.502  -69.428  13.080 0.1000000015
21094  -37.732  -71.170  12.212 0.1000000015
21122  -35.829  -70.570  11.422 0.1000000015
21123  -36.531  -70.865  11.415 0.1000000015
16229  -38.513  -76.190  22.345 0.1000000015
15389  -40.327  -76.633  22.636 0.1000000015
21148  -35.894  -70.841  10.633 0.1000000015
14615  -37.680  -79.119  19.530 0.1000000015
14636  -39.467  -78.357  18.781 0.1000000015
17114  -35.027  -76.099  20.972 0.1000000015
14617  -39.890  -78.321  19.626 0.1000000015
17116  -36.488  -75.665  21.510 0.1000000015
22076  -35.372  -70.315  11.935 0.1000000015
12466  -39.951  -81.192  2.799 0.1000000015
13240  -39.363  -81.034  2.137 0.1000000015
13241  -39.679  -80.900  2.181 0.1000000015
10849  -30.115  -83.464  10.756 0.1000000015
11570  -29.670  -82.843  10.314 0.1000000015
10157  -30.508  -84.383  10.603 0.1000000015
10156  -29.816  -84.151  10.329 0.1000000015
10848  -29.419  -83.536  10.136 0.1000000015
10158  -31.384  -84.634  10.707 0.1000000015
10138  -30.915  -83.876  11.244 0.1000000015
10828  -30.640  -83.054  11.392 0.1000000015
9498  -30.950  -85.104  10.148 0.1000000015
9499  -31.853  -85.362  10.067 0.1000000015
10139  -31.814  -84.233  11.434 0.1000000015
10085  -33.907  -85.281  15.799 0.1000000015
10102  -33.913  -84.786  14.943 0.1000000015
8072  -33.294  -87.713  12.087 0.1000000015
6734  -33.658  -89.787  11.095 0.1000000015
6079  -33.728  -90.491  10.274 0.1000000015
12324  -29.822  -82.157  9.987 0.1000000015
5414  -33.221  -91.208  10.218 0.1000000015
6096  -33.984  -90.242  9.962 0.1000000015
9518  -31.343  -85.637  9.693 0.1000000015
8763  -31.743  -85.903  9.712 0.1000000015
6094  -32.412  -90.847  9.476 0.1000000015
6759  -31.978  -89.822  9.265 0.1000000015
7420  -31.457  -88.715  9.098 0.1000000015
8776  -31.483  -86.488  9.361 0.1000000015
8777  -32.651  -86.994  9.249 0.1000000015
8764  -32.304  -86.159  9.742 0.1000000015
10159  -32.346  -84.876  10.724 0.1000000015
5424  -31.913  -91.725  9.425 0.1000000015
8765  -33.336  -86.460  9.643 0.1000000015
9438  -33.511  -85.914  13.698 0.1000000015
8730  -33.419  -86.472  13.036 0.1000000015
8073  -34.005  -87.992  11.875 0.1000000015
10829  -31.415  -83.220  12.118 0.1000000015
11560  -30.851  -82.286  11.678 0.1000000015
11571  -30.253  -82.396  10.857 0.1000000015
7387  -34.252  -88.747  11.486 0.1000000015
6745  -33.852  -90.224  10.606 0.1000000015
12333  -29.661  -82.172  9.139 0.1000000015
7422  -33.474  -89.023  9.465 0.1000000015
7421  -32.501  -88.888  9.309 0.1000000015
8113  -33.062  -88.051  9.248 0.1000000015
9500  -32.837  -85.661  10.198 0.1000000015
8114  -33.982  -88.281  9.345 0.1000000015
8778  -33.694  -87.379  9.287 0.1000000015
9421  -34.386  -85.034  14.176 0.1000000015
10787  -34.650  -83.885  15.148 0.1000000015
11498  -34.740  -83.048  16.877 0.1000000015
9439  -34.058  -85.479  13.615 0.1000000015
9459  -34.355  -85.913  12.994 0.1000000015
8731  -34.538  -86.633  12.526 0.1000000015
12318  -30.828  -81.653  11.073 0.1000000015
8074  -34.796  -88.284  11.803 0.1000000015
6735  -34.782  -89.205  11.051 0.1000000015
6762  -34.488  -89.692  9.964 0.1000000015
6761  -33.841  -89.862  9.667 0.1000000015
7423  -34.319  -89.054  9.651 0.1000000015
8779  -34.410  -87.754  9.419 0.1000000015
8766  -34.558  -86.963  9.746 0.1000000015
8115  -34.717  -88.368  9.565 0.1000000015
10771  -34.770  -83.414  15.715 0.1000000015
10103  -34.734  -84.416  14.665 0.1000000015
10788  -35.355  -83.817  14.887 0.1000000015
11499  -35.529  -82.279  16.785 0.1000000015
11484  -36.218  -81.749  17.616 0.1000000015
10140  -32.804  -84.554  11.477 0.1000000015
10830  -32.252  -83.946  12.063 0.1000000015
10807  -31.750  -83.074  12.652 0.1000000015
9440  -35.368  -85.515  13.426 0.1000000015
9422  -35.107  -84.910  14.111 0.1000000015
8058  -34.994  -87.599  12.144 0.1000000015
9460  -35.138  -86.186  12.827 0.1000000015
9501  -33.884  -85.925  10.186 0.1000000015
10160  -33.362  -85.152  10.742 0.1000000015
7388  -35.174  -88.657  11.532 0.1000000015
8096  -35.437  -87.647  9.857 0.1000000015
6747  -35.212  -89.047  10.585 0.1000000015
7407  -35.236  -88.965  10.277 0.1000000015
7425  -35.507  -88.533  9.958 0.1000000015
10772  -35.763  -83.105  15.316 0.1000000015
10141  -34.029  -84.699  11.406 0.1000000015
9502  -34.921  -86.023  10.288 0.1000000015
7390  -36.145  -88.321  10.873 0.1000000015
7366  -35.642  -87.960  12.005 0.1000000015
6736  -35.565  -88.840  11.127 0.1000000015
6737  -35.971  -88.643  11.118 0.1000000015
10128  -34.247  -83.925  12.181 0.1000000015
9480  -35.116  -85.257  10.859 0.1000000015
10104  -35.932  -84.667  14.139 0.1000000015
8767  -35.622  -86.818  10.199 0.1000000015
9503  -35.960  -85.869  10.405 0.1000000015
8709  -35.775  -86.205  12.873 0.1000000015
8097  -36.116  -87.706  10.328 0.1000000015
8732  -35.541  -86.790  12.539 0.1000000015
8075  -36.379  -87.621  11.735 0.1000000015
8076  -36.546  -87.387  11.205 0.1000000015
8059  -36.041  -87.483  12.150 0.1000000015
10129  -34.853  -83.798  12.086 0.1000000015
9504  -36.925  -85.645  10.739 0.1000000015
9481  -36.154  -85.149  10.961 0.1000000015
8750  -37.141  -86.441  11.185 0.1000000015
8769  -37.072  -86.151  10.867 0.1000000015
8749  -36.794  -86.821  11.039 0.1000000015
8768  -36.574  -86.613  10.703 0.1000000015
10811  -35.574  -83.282  12.390 0.1000000015
10143  -36.502  -84.519  11.297 0.1000000015
10162  -37.497  -85.302  11.082 0.1000000015
9482  -36.898  -85.014  10.866 0.1000000015
8060  -36.676  -87.103  11.857 0.1000000015
8710  -36.093  -85.986  13.004 0.1000000015
10812  -36.479  -83.244  12.100 0.1000000015
10117  -36.200  -85.283  13.591 0.1000000015
11435  -37.620  -82.385  20.460 0.1000000015
11468  -37.464  -81.889  18.961 0.1000000015
11467  -36.264  -82.113  18.859 0.1000000015
6746  -34.349  -89.718  10.438 0.1000000015
6095  -33.297  -90.801  9.817 0.1000000015
6760  -32.972  -89.925  9.419 0.1000000015
8112  -32.004  -87.771  9.199 0.1000000015
8111  -30.898  -87.579  9.120 0.1000000015
8775  -30.268  -86.522  9.296 0.1000000015
8057  -33.792  -87.210  12.263 0.1000000015
8116  -35.300  -88.277  9.756 0.1000000015
9479  -34.269  -85.376  10.645 0.1000000015
10142  -35.284  -84.384  11.591 0.1000000015
8061  -36.925  -86.867  11.506 0.1000000015
11452  -37.102  -82.317  19.675 0.1000000015
2185  -21.219  -98.092  5.972 0.1000000015
2171  -21.704  -97.565  6.438 0.1000000015
1360  -21.018  -99.683  2.190 0.1000000015
1348  -22.098  -99.104  3.226 0.1000000015
1337  -21.767  -99.199  3.865 0.1000000015
1733  -20.984  -98.417  5.201 0.1000000015
1380  -21.353  -99.409  1.416 0.1000000015
1399  -21.860  -99.041  0.568 0.1000000015
1417  -21.939  -98.901  -0.170 0.1000000015
1722  -22.329  -98.025  6.521 0.1000000015
2624  -21.100  -96.659  6.504 0.1000000015
1721  -21.977  -98.334  6.327 0.1000000015
1746  -21.274  -98.942  4.490 0.1000000015
1734  -21.776  -98.716  5.570 0.1000000015
2170  -20.689  -97.355  6.306 0.1000000015
1361  -21.757  -99.282  2.334 0.1000000015
1764  -21.155  -99.305  3.645 0.1000000015
1381  -22.117  -98.965  1.578 0.1000000015
1824  -22.816  -98.535  -0.154 0.1000000015
6187  -22.366  -90.969  3.694 0.1000000015
4264  -21.073  -93.107  4.568 0.1000000015
5515  -22.419  -91.895  3.576 0.1000000015
2625  -22.016  -96.689  6.201 0.1000000015
2636  -22.194  -96.342  5.880 0.1000000015
3147  -21.901  -95.796  5.728 0.1000000015
3694  -21.329  -94.668  5.419 0.1000000015
4249  -21.389  -93.854  4.871 0.1000000015
4265  -21.987  -93.479  4.261 0.1000000015
2172  -22.476  -97.523  6.342 0.1000000015
3146  -21.112  -95.335  6.066 0.1000000015
3136  -21.353  -96.034  6.273 0.1000000015
1747  -22.352  -98.888  4.631 0.1000000015
6188  -23.436  -90.959  3.532 0.1000000015
4884  -22.146  -92.536  3.772 0.1000000015
3695  -22.096  -95.022  5.133 0.1000000015
3712  -21.893  -94.356  4.806 0.1000000015
3148  -22.575  -95.628  5.182 0.1000000015
2637  -22.694  -96.486  5.669 0.1000000015
1338  -22.242  -98.979  3.870 0.1000000015
1765  -22.731  -98.585  3.645 0.1000000015
1785  -22.518  -98.700  2.452 0.1000000015
1802  -22.628  -98.659  1.692 0.1000000015
1735  -22.927  -98.312  5.884 0.1000000015
5514  -21.876  -91.771  3.779 0.1000000015
4868  -21.505  -92.454  4.094 0.1000000015
2186  -23.029  -97.341  5.928 0.1000000015
5498  -21.291  -91.602  4.063 0.1000000015
2187  -23.740  -97.613  5.556 0.1000000015
2639  -24.439  -97.235  5.353 0.1000000015
2655  -25.354  -96.998  4.921 0.1000000015
4266  -22.693  -93.755  3.865 0.1000000015
3163  -23.087  -95.689  4.869 0.1000000015
2638  -23.674  -96.902  5.620 0.1000000015
3164  -23.846  -95.581  4.546 0.1000000015
2654  -24.338  -96.498  5.191 0.1000000015
3714  -23.621  -94.800  4.055 0.1000000015
3713  -22.760  -94.736  4.446 0.1000000015
3180  -24.061  -95.026  4.090 0.1000000015
2653  -23.449  -96.219  5.220 0.1000000015
2640  -24.797  -97.418  5.154 0.1000000015
2626  -22.578  -97.034  6.115 0.1000000015
2652  -22.941  -96.039  5.213 0.1000000015
4292  -31.978  -92.733  3.378 0.1000000015
4356  -28.924  -93.702  -2.195 0.1000000015
4374  -28.777  -93.312  -2.560 0.1000000015
4375  -28.966  -93.540  -2.631 0.1000000015
4392  -29.013  -93.597  -3.243 0.1000000015
4891  -31.835  -92.625  2.975 0.1000000015
4974  -26.806  -92.162  -3.126 0.1000000015
4977  -28.832  -93.241  -2.793 0.1000000015
4988  -27.436  -92.141  -3.867 0.1000000015
5426  -33.040  -91.512  9.971 0.1000000015
5620  -26.103  -91.953  -3.330 0.1000000015
6080  -34.194  -90.101  10.123 0.1000000015
6213  -24.670  -90.241  1.113 0.1000000015
6221  -32.740  -90.346  1.778 0.2000000030
6228  -24.028  -90.266  -1.055 0.1000000015
6238  -24.334  -90.354  -1.497 0.1000000015
6748  -35.808  -88.784  10.801 0.1000000015
6763  -34.871  -89.238  10.251 0.1000000015
6833  -31.965  -89.356  5.126 0.2000000030
6854  -35.268  -88.992  4.721 0.1000000015
6872  -32.908  -89.637  1.779 0.1000000015
6884  -23.894  -90.025  -1.060 0.1000000015
6897  -24.078  -89.927  -1.390 0.1000000015
7365  -35.356  -88.206  11.854 0.1000000015
7389  -35.952  -88.216  11.568 0.1000000015
7408  -35.714  -88.654  10.286 0.1000000015
7424  -35.088  -88.903  9.944 0.1000000015
7496  -31.765  -89.159  5.135 0.2000000030
8077  -36.858  -86.873  11.268 0.1000000015
8095  -34.931  -87.809  9.593 0.1000000015
8117  -35.738  -88.213  9.925 0.1000000015
8189  -24.777  -86.978  1.999 0.1000000015
8822  -26.330  -86.135  3.147 0.1000000015
8898  -26.947  -86.710  -1.146 0.1000000015
9441  -36.507  -85.700  13.143 0.1000000015
9458  -33.793  -85.892  13.301 0.1000000015
9542  -31.215  -85.229  5.929 0.3000000119
9581  -25.210  -86.140  2.494 0.1000000015
9582  -25.387  -85.563  2.607 0.1000000015
10086  -34.183  -84.276  15.646 0.1000000015
10161  -37.228  -85.177  10.911 0.1000000015
10223  -25.798  -84.722  3.260 0.1000000015
10264  -25.638  -84.507  1.724 0.1000000015
10291  -27.720  -84.797  -0.265 0.1000000015
10831  -35.274  -83.721  12.098 0.1000000015
10907  -26.818  -83.403  4.087 0.1000000015
10928  -30.010  -83.561  3.938 0.1000000015
10952  -26.041  -83.373  2.664 0.1000000015
11512  -35.282  -82.744  16.050 0.1000000015
11541  -31.800  -82.552  12.805 0.1000000015
11629  -26.598  -82.836  3.836 0.1000000015
11671  -26.771  -82.171  2.374 0.1000000015
11689  -26.542  -82.783  1.957 0.1000000015
11736  -32.153  -82.646  -2.485 0.1000000015
12222  -37.000  -81.535  18.244 0.1000000015
12294  -37.237  -80.736  13.178 0.1000000015
12367  -30.632  -82.180  7.847 0.2000000030
12413  -26.821  -82.335  4.064 0.1000000015
12459  -26.642  -82.085  2.892 0.1000000015
12465  -39.068  -81.295  2.515 0.1000000015
12467  -40.305  -80.967  2.914 0.2000000030
12498  -27.851  -81.917  0.964 0.1000000015
12545  -31.631  -81.002  -2.373 0.1000000015
13087  -35.050  -80.090  14.237 0.2000000030
13102  -33.065  -81.077  13.336 0.1000000015
13187  -39.522  -81.001  5.053 0.4000000060
13202  -39.310  -80.673  4.987 0.3000000119
13223  -40.298  -80.581  3.241 0.2000000030
13293  -30.096  -80.302  -1.003 0.1000000015
13321  -32.526  -80.278  -2.778 0.1000000015
13322  -33.206  -80.143  -3.138 0.1000000015
13814  -36.866  -79.279  19.320 0.2000000030
13815  -37.114  -79.265  19.335 0.2000000030
13824  -36.962  -79.290  19.062 0.2000000030
13825  -37.309  -79.250  19.135 0.2000000030
13868  -34.986  -79.759  14.174 0.2000000030
13960  -34.720  -79.131  5.975 0.4000000060
13976  -39.022  -80.562  5.295 0.3000000119
13980  -27.986  -79.853  4.235 0.1000000015
14024  -27.711  -79.584  2.598 0.1000000015
14033  -40.391  -80.016  2.755 0.2000000030
14646  -31.664  -78.093  17.814 0.3000000119
14647  -32.234  -78.349  17.658 0.3000000119
14648  -33.103  -78.364  17.497 0.3000000119
14663  -33.231  -77.833  16.839 0.3000000119
14770  -35.679  -78.471  7.556 0.4000000060
14807  -35.281  -78.611  4.187 0.3000000119
14837  -35.932  -77.929  2.800 0.2000000030
14857  -37.815  -78.293  1.743 0.2000000030
14940  -33.255  -78.360  -3.217 0.1000000015
15387  -38.122  -76.706  22.036 0.1000000015
15417  -32.803  -77.349  19.800 0.3000000119
15437  -31.849  -77.223  19.072 0.3000000119
15452  -31.472  -77.432  18.502 0.3000000119
15460  -30.837  -77.154  17.737 0.3000000119
15517  -30.657  -76.927  14.920 0.3000000119
15521  -38.197  -77.799  15.234 0.1000000015
15584  -31.836  -76.720  9.049 0.5000000000
15589  -35.954  -77.888  9.127 0.5000000000
15621  -33.282  -77.728  5.926 0.4000000060
15650  -34.058  -77.624  4.653 0.3000000119
15686  -36.349  -77.418  2.671 0.2000000030
16230  -39.664  -76.107  22.813 0.1000000015
16244  -35.550  -76.494  21.016 0.1000000015
16247  -39.142  -76.615  22.250 0.1000000015
16258  -32.877  -77.076  19.936 0.3000000119
16260  -34.539  -77.000  20.589 0.2000000030
16261  -35.403  -77.003  20.819 0.1000000015
16271  -31.076  -76.304  18.940 0.3000000119
16273  -32.545  -76.647  19.701 0.3000000119
16280  -31.194  -76.798  18.808 0.3000000119
16292  -29.816  -75.937  16.066 0.3000000119
16313  -29.763  -76.145  15.436 0.3000000119
16315  -31.644  -76.709  14.857 0.3000000119
16422  -35.139  -76.889  9.502 0.5000000000
16433  -30.967  -76.060  8.279 0.3000000119
16444  -31.124  -75.900  7.842 0.3000000119
16521  -36.586  -76.582  2.722 0.1000000015
16534  -28.467  -76.679  1.936 0.1000000015
16538  -36.923  -77.056  2.201 0.1000000015
16612  -32.045  -76.216  -2.458 0.1000000015
17115  -35.671  -75.910  21.204 0.1000000015
17117  -37.180  -75.716  21.917 0.1000000015
17128  -33.729  -76.354  20.127 0.2000000030
17140  -31.347  -75.876  19.133 0.3000000119
17149  -30.914  -75.790  18.671 0.3000000119
17150  -31.335  -75.316  18.730 0.3000000119
17162  -29.787  -75.449  16.140 0.3000000119
17163  -30.076  -75.482  16.799 0.3000000119
17177  -33.884  -75.722  15.070 0.3000000119
17266  -29.703  -75.416  10.618 0.4000000060
17314  -31.285  -75.420  7.622 0.3000000119
17417  -37.962  -76.255  1.539 0.1000000015
17429  -28.645  -75.825  1.084 0.1000000015
17480  -31.764  -75.593  -2.251 0.1000000015
17979  -37.685  -75.037  22.121 0.1000000015
18034  -31.779  -74.656  18.392 0.2000000030
18043  -30.683  -74.562  17.396 0.3000000119
18078  -29.233  -74.305  14.681 0.3000000119
18098  -33.898  -74.647  12.821 0.4000000060
18121  -33.318  -74.574  12.154 0.4000000060
18122  -33.709  -74.603  12.399 0.4000000060
18145  -34.878  -74.848  11.388 0.4000000060
18166  -34.995  -74.984  10.653 0.4000000060
18226  -32.125  -75.198  6.897 0.2000000030
18240  -34.396  -74.981  5.472 0.2000000030
18336  -29.073  -74.680  1.402 0.1000000015
18391  -43.569  -74.816  -2.017 0.1000000015
18393  -44.046  -74.548  -1.340 0.1000000015
18401  -32.021  -75.074  -2.351 0.1000000015
19013  -31.821  -74.217  17.969 0.2000000030
19051  -29.485  -73.883  15.014 0.3000000119
19052  -29.934  -73.651  15.560 0.3000000119
19080  -29.878  -73.133  13.397 0.2000000030
19124  -39.581  -73.184  11.337 0.1000000015
19149  -30.164  -73.474  10.809 0.3000000119
19314  -42.955  -73.092  0.299 0.1000000015
19360  -44.380  -73.927  -1.106 0.1000000015
19365  -30.920  -74.035  -1.441 0.1000000015
19368  -42.666  -74.151  -1.689 0.1000000015
19370  -43.836  -74.364  -1.461 0.1000000015
19371  -44.084  -74.279  -1.310 0.1000000015
20056  -30.566  -72.321  14.911 0.2000000030
20073  -29.833  -73.073  13.807 0.2000000030
20098  -31.120  -72.068  12.138 0.3000000119
20169  -30.660  -72.973  10.399 0.3000000119
20349  -30.612  -72.051  0.336 0.1000000015
20384  -32.387  -72.484  -1.787 0.1000000015
20395  -32.970  -72.860  -2.248 0.1000000015
20980  -37.125  -71.867  18.080 0.1000000015
21017  -35.048  -71.216  17.187 0.1000000015
21031  -31.987  -71.442  16.059 0.1000000015
21047  -30.522  -72.283  14.632 0.2000000030
21940  -35.713  -70.800  17.191 0.1000000015
21958  -32.503  -70.949  16.131 0.1000000015
21983  -32.883  -70.268  15.740 0.1000000015
22253  -32.628  -70.306  -0.590 0.1000000015
22254  -33.219  -70.003  -0.819 0.1000000015
22264  -32.815  -70.779  -1.024 0.1000000015
22964  -33.934  -69.247  13.519 0.1000000015
22988  -35.309  -69.382  13.098 0.1000000015
23215  -33.504  -69.900  -0.923 0.1000000015
24078  -31.913  -68.057  1.163 0.1000000015
24091  -31.792  -68.439  0.986 0.1000000015
24093  -33.046  -68.416  0.329 0.1000000015
24968  -33.099  -67.352  0.871 0.1000000015
24981  -33.590  -67.672  0.407 0.1000000015
24996  -34.105  -67.937  -0.162 0.1000000015
25897  -32.224  -66.514  2.527 0.1000000015
