#!ascii label  , from subject sub.01.dh.02t2 vox2ras=TkReg
397
10882  -33.766  -83.474  5.947 0.0000000000
9563  -32.435  -85.426  3.263 0.0000000000
13172  -38.525  -80.950  6.854 0.0000000000
8820  -36.498  -86.298  4.832 0.0000000000
12486  -38.473  -81.328  1.857 0.0000000000
13149  -33.632  -80.492  10.077 0.0000000000
15613  -34.641  -77.794  7.919 0.0000000000
16365  -30.498  -76.303  12.667 0.0000000000
13988  -38.217  -79.973  4.402 0.0000000000
12401  -39.342  -81.233  4.960 0.0000000000
14032  -39.863  -79.642  2.673 0.0000000000
14753  -35.986  -78.336  9.617 0.0000000000
16401  -34.673  -76.418  10.428 0.0000000000
19148  -29.783  -73.917  11.448 0.0000000000
17304  -30.552  -75.350  8.723 0.0000000000
8813  -32.890  -86.763  5.431 0.0000000000
8831  -35.118  -86.515  3.546 0.0000000000
6861  -34.586  -89.227  3.279 0.0000000000
7513  -32.218  -88.391  2.062 0.0000000000
11609  -36.158  -82.719  6.879 0.0000000000
10198  -35.341  -84.958  5.574 0.0000000000
10934  -36.452  -83.796  3.752 0.0000000000
10957  -35.387  -83.499  2.594 0.0000000000
13160  -36.062  -80.558  9.026 0.0000000000
14771  -36.206  -78.764  7.662 0.0000000000
13972  -34.980  -79.145  5.385 0.0000000000
17231  -33.309  -74.733  12.843 0.0000000000
16419  -32.472  -76.611  9.618 0.0000000000
16446  -32.177  -77.037  7.012 0.0000000000
16484  -34.937  -76.176  4.288 0.0000000000
7498  -35.103  -88.854  5.200 0.0000000000
12440  -32.133  -80.852  3.347 0.0000000000
10228  -30.903  -84.298  3.243 0.0000000000
8823  -27.089  -86.168  3.285 0.0000000000
14008  -36.767  -79.117  3.149 0.0000000000
14010  -39.106  -79.807  3.506 0.0000000000
10196  -33.497  -85.122  5.567 0.0000000000
9564  -33.472  -85.513  3.292 0.0000000000
8184  -33.623  -87.257  3.219 0.0000000000
8848  -32.344  -86.810  3.144 0.0000000000
8196  -31.502  -87.646  2.515 0.0000000000
8827  -31.095  -86.017  2.814 0.0000000000
12386  -37.843  -81.806  7.168 0.0000000000
11611  -37.709  -82.369  6.542 0.0000000000
12442  -39.308  -81.348  3.510 0.0000000000
12419  -38.156  -81.901  4.254 0.0000000000
11678  -37.455  -82.191  2.967 0.0000000000
10933  -35.918  -83.728  3.136 0.0000000000
11693  -36.739  -82.191  1.642 0.0000000000
12353  -35.421  -81.026  9.022 0.0000000000
12339  -35.062  -80.607  9.643 0.0000000000
15601  -35.362  -77.412  8.680 0.0000000000
14754  -36.305  -78.514  9.016 0.0000000000
15614  -35.330  -78.013  7.929 0.0000000000
13961  -35.388  -79.218  6.171 0.0000000000
14768  -34.083  -78.290  7.300 0.0000000000
17208  -32.168  -75.619  12.800 0.0000000000
17247  -33.128  -75.123  10.971 0.0000000000
16380  -31.715  -76.173  11.206 0.0000000000
18214  -31.874  -74.816  7.222 0.0000000000
16445  -31.626  -76.425  7.519 0.0000000000
17335  -32.701  -75.988  6.174 0.0000000000
16468  -33.396  -76.727  5.359 0.0000000000
8817  -36.214  -86.435  5.267 0.0000000000
8175  -35.444  -87.426  5.351 0.0000000000
8179  -35.802  -87.477  4.942 0.0000000000
6192  -33.910  -90.601  3.523 0.0000000000
13984  -31.303  -79.313  4.193 0.0000000000
11651  -30.944  -82.859  3.583 0.0000000000
10225  -27.771  -84.627  3.810 0.0000000000
13975  -38.432  -80.228  5.367 0.0000000000
13178  -38.802  -81.142  6.156 0.0000000000
13989  -39.217  -80.349  4.500 0.0000000000
13222  -39.847  -80.697  3.813 0.0000000000
13241  -39.679  -80.900  2.181 0.0000000000
13140  -35.350  -79.399  10.136 0.0000000000
15571  -35.174  -77.369  10.357 0.0000000000
16421  -34.378  -76.767  9.392 0.0000000000
17245  -29.574  -75.302  11.462 0.0000000000
17267  -29.942  -75.910  10.418 0.0000000000
18181  -29.785  -74.722  10.025 0.0000000000
19187  -31.432  -73.558  8.397 0.0000000000
19203  -32.943  -73.736  7.131 0.0000000000
8832  -35.908  -86.321  3.983 0.0000000000
8186  -35.631  -87.486  4.200 0.0000000000
8185  -34.641  -87.512  3.323 0.0000000000
7514  -33.295  -88.759  2.331 0.0000000000
6871  -32.335  -89.752  1.309 0.0000000000
7527  -31.778  -89.063  1.467 0.0000000000
7511  -30.053  -88.361  1.861 0.0000000000
7510  -28.965  -88.407  1.961 0.0000000000
11608  -35.207  -82.639  6.671 0.0000000000
10896  -34.620  -84.196  5.685 0.0000000000
10199  -36.162  -84.695  5.556 0.0000000000
10200  -36.599  -84.700  5.111 0.0000000000
11624  -38.214  -82.019  5.236 0.0000000000
10912  -36.934  -83.681  4.776 0.0000000000
10210  -36.457  -84.637  4.412 0.0000000000
10233  -35.724  -84.464  3.336 0.0000000000
10232  -34.895  -84.701  3.130 0.0000000000
10231  -33.897  -84.446  2.876 0.0000000000
11593  -35.595  -82.052  7.349 0.0000000000
12373  -36.046  -81.443  7.988 0.0000000000
13162  -37.338  -80.418  8.127 0.0000000000
13935  -36.238  -79.147  9.461 0.0000000000
13943  -37.080  -79.750  8.292 0.0000000000
13951  -37.579  -79.817  7.494 0.0000000000
13962  -36.581  -79.267  6.717 0.0000000000
13973  -36.044  -79.498  5.234 0.0000000000
14821  -35.533  -78.304  3.455 0.0000000000
18165  -34.518  -74.732  10.851 0.0000000000
16400  -33.903  -76.182  10.158 0.0000000000
15587  -33.619  -77.044  9.050 0.0000000000
16417  -30.737  -76.171  9.140 0.0000000000
15598  -32.386  -77.108  8.541 0.0000000000
14767  -33.259  -78.128  7.276 0.0000000000
14792  -33.635  -78.118  5.683 0.0000000000
15651  -34.656  -77.619  4.225 0.0000000000
9547  -34.202  -85.908  5.442 0.0000000000
8173  -33.781  -87.677  5.365 0.0000000000
6853  -35.013  -89.401  4.080 0.0000000000
6174  -34.172  -90.388  4.662 0.0000000000
11692  -36.025  -82.235  1.122 0.0000000000
10956  -34.471  -83.262  2.322 0.0000000000
10932  -33.054  -83.871  2.812 0.0000000000
10953  -31.981  -83.024  2.818 0.0000000000
10229  -31.893  -84.455  3.181 0.0000000000
8826  -30.117  -86.060  3.061 0.0000000000
8844  -28.697  -86.849  2.756 0.0000000000
14029  -37.106  -78.819  2.600 0.0000000000
14030  -37.696  -79.073  2.616 0.0000000000
10894  -33.019  -84.559  5.631 0.0000000000
10895  -33.619  -84.356  5.619 0.0000000000
8829  -32.969  -86.582  3.400 0.0000000000
8828  -32.005  -86.154  3.093 0.0000000000
8847  -31.729  -86.854  2.894 0.0000000000
12375  -38.119  -81.317  7.289 0.0000000000
12387  -38.367  -81.620  6.560 0.0000000000
12465  -39.068  -81.295  2.515 0.0000000000
12441  -38.202  -81.759  3.573 0.0000000000
12464  -37.990  -81.642  2.430 0.0000000000
11677  -36.703  -82.472  2.544 0.0000000000
11694  -37.295  -82.056  2.179 0.0000000000
12338  -34.415  -80.791  9.546 0.0000000000
13150  -34.550  -80.262  10.038 0.0000000000
14769  -34.991  -78.373  7.390 0.0000000000
16349  -30.313  -76.468  13.725 0.0000000000
16350  -31.337  -76.226  13.423 0.0000000000
16366  -31.453  -76.157  12.256 0.0000000000
16379  -30.631  -76.302  11.594 0.0000000000
18227  -32.636  -74.772  6.710 0.0000000000
17323  -32.310  -75.637  6.643 0.0000000000
17336  -33.359  -75.809  5.608 0.0000000000
18239  -33.834  -75.265  5.524 0.0000000000
8176  -35.940  -87.014  5.203 0.0000000000
8180  -36.217  -86.980  4.848 0.0000000000
11633  -30.238  -82.411  4.124 0.0000000000
10209  -28.977  -83.913  4.185 0.0000000000
10208  -28.129  -83.955  4.150 0.0000000000
14011  -39.996  -80.168  3.524 0.0000000000
14012  -40.405  -80.311  3.031 0.0000000000
12444  -40.356  -80.792  3.021 0.0000000000
13242  -40.267  -80.530  2.451 0.0000000000
16402  -35.279  -76.944  9.986 0.0000000000
17228  -29.393  -75.283  12.448 0.0000000000
18142  -29.507  -74.441  11.907 0.0000000000
18163  -29.677  -74.534  10.808 0.0000000000
18164  -29.998  -74.106  10.128 0.0000000000
19202  -31.992  -74.026  7.570 0.0000000000
8172  -32.655  -87.715  5.319 0.0000000000
8197  -32.738  -87.572  2.958 0.0000000000
8198  -33.924  -87.981  2.826 0.0000000000
7528  -32.634  -89.131  1.734 0.0000000000
8195  -30.430  -87.644  2.378 0.0000000000
7512  -31.134  -88.360  1.903 0.0000000000
7525  -29.660  -89.086  1.376 0.0000000000
8194  -29.364  -87.657  2.402 0.0000000000
10884  -35.811  -83.349  6.348 0.0000000000
10899  -36.898  -83.767  5.760 0.0000000000
12400  -38.777  -81.555  5.596 0.0000000000
11636  -37.609  -82.332  4.578 0.0000000000
11635  -36.963  -83.139  4.189 0.0000000000
10234  -36.210  -84.597  3.880 0.0000000000
10254  -35.171  -84.194  2.906 0.0000000000
10253  -34.661  -84.009  2.686 0.0000000000
12354  -36.407  -80.881  8.502 0.0000000000
12374  -37.247  -81.325  7.816 0.0000000000
12355  -36.952  -80.729  8.358 0.0000000000
13934  -35.745  -79.009  10.010 0.0000000000
14761  -36.294  -78.671  8.363 0.0000000000
13942  -36.552  -79.311  8.735 0.0000000000
13950  -36.707  -79.283  7.888 0.0000000000
13963  -37.898  -79.940  6.367 0.0000000000
13986  -35.936  -79.128  4.000 0.0000000000
13985  -35.327  -79.036  4.680 0.0000000000
18144  -34.056  -74.617  11.441 0.0000000000
16381  -32.487  -75.999  10.852 0.0000000000
17268  -33.591  -75.658  10.467 0.0000000000
16399  -33.016  -76.172  10.353 0.0000000000
16420  -33.382  -76.615  9.588 0.0000000000
15586  -32.853  -76.946  9.055 0.0000000000
17289  -30.010  -75.491  9.803 0.0000000000
16397  -30.704  -76.321  10.343 0.0000000000
15610  -31.922  -76.917  8.193 0.0000000000
15611  -32.529  -77.506  7.614 0.0000000000
14778  -32.854  -78.027  6.935 0.0000000000
15620  -32.712  -77.432  6.472 0.0000000000
16483  -34.483  -76.771  4.393 0.0000000000
16482  -33.779  -76.967  4.816 0.0000000000
16503  -34.860  -77.115  4.020 0.0000000000
15670  -35.130  -77.511  3.741 0.0000000000
10197  -34.416  -85.074  5.518 0.0000000000
9548  -35.120  -85.856  5.499 0.0000000000
7480  -35.153  -88.021  5.427 0.0000000000
8174  -34.717  -87.561  5.478 0.0000000000
7479  -34.663  -88.534  5.399 0.0000000000
6810  -34.123  -89.275  5.335 0.0000000000
7502  -35.006  -88.491  3.504 0.0000000000
7503  -35.405  -88.605  4.302 0.0000000000
5522  -33.280  -91.366  3.736 0.0000000000
6193  -34.523  -90.060  4.055 0.0000000000
12484  -36.859  -81.649  0.944 0.0000000000
12483  -36.044  -81.267  0.758 0.0000000000
11674  -33.991  -82.396  2.134 0.0000000000
10955  -33.572  -83.341  2.528 0.0000000000
10954  -32.679  -83.156  2.783 0.0000000000
10929  -30.480  -83.421  3.662 0.0000000000
11652  -31.677  -82.173  3.416 0.0000000000
10930  -31.427  -83.424  3.211 0.0000000000
9561  -30.459  -85.152  3.126 0.0000000000
8824  -28.059  -86.143  3.245 0.0000000000
8825  -29.090  -86.116  3.195 0.0000000000
8843  -27.671  -86.867  2.864 0.0000000000
13987  -37.025  -79.663  4.236 0.0000000000
14009  -37.961  -79.534  3.373 0.0000000000
14031  -38.814  -79.397  2.332 0.0000000000
19166  -30.480  -73.483  9.779 0.0000000000
20170  -31.152  -72.706  9.816 0.0000000000
9546  -33.177  -85.880  5.547 0.0000000000
9565  -34.503  -85.546  3.295 0.0000000000
8830  -34.094  -86.506  3.358 0.0000000000
8183  -33.123  -87.191  3.310 0.0000000000
8846  -30.769  -86.859  2.752 0.0000000000
11595  -37.329  -82.112  7.230 0.0000000000
11610  -36.985  -82.668  6.865 0.0000000000
10887  -37.578  -82.824  6.174 0.0000000000
12420  -38.626  -81.676  4.545 0.0000000000
11656  -37.534  -82.238  3.671 0.0000000000
11655  -36.918  -82.710  3.553 0.0000000000
11654  -36.035  -82.998  3.054 0.0000000000
11676  -35.976  -82.658  2.053 0.0000000000
15588  -35.609  -77.494  9.653 0.0000000000
15602  -35.976  -78.107  8.670 0.0000000000
14760  -35.816  -78.225  8.157 0.0000000000
14782  -36.047  -78.776  7.217 0.0000000000
14781  -35.570  -78.784  6.932 0.0000000000
14780  -34.604  -78.770  6.593 0.0000000000
16351  -32.156  -75.730  13.643 0.0000000000
17230  -32.922  -74.828  12.257 0.0000000000
18143  -33.408  -74.624  11.810 0.0000000000
17229  -32.346  -75.672  11.801 0.0000000000
17246  -32.463  -75.804  11.231 0.0000000000
16398  -31.966  -76.330  10.286 0.0000000000
17305  -30.925  -75.070  8.144 0.0000000000
17313  -30.947  -75.579  8.114 0.0000000000
17322  -31.789  -75.592  7.084 0.0000000000
16454  -31.943  -76.045  6.931 0.0000000000
16455  -32.293  -76.470  6.647 0.0000000000
15634  -33.119  -77.219  5.766 0.0000000000
16467  -32.855  -76.619  5.939 0.0000000000
17354  -33.899  -76.261  4.917 0.0000000000
17355  -34.595  -75.905  4.644 0.0000000000
9549  -35.904  -85.742  5.551 0.0000000000
8816  -35.660  -86.573  5.473 0.0000000000
7499  -35.412  -88.328  5.009 0.0000000000
6852  -34.430  -89.800  3.503 0.0000000000
12418  -30.807  -80.813  4.358 0.0000000000
12439  -31.376  -80.932  3.898 0.0000000000
11634  -30.894  -81.523  4.139 0.0000000000
10911  -30.087  -83.195  4.016 0.0000000000
10227  -29.828  -84.194  3.699 0.0000000000
9559  -28.419  -85.343  3.498 0.0000000000
9558  -27.410  -85.388  3.542 0.0000000000
13964  -38.629  -80.607  6.077 0.0000000000
13186  -39.265  -80.958  5.433 0.0000000000
13203  -39.505  -80.817  4.643 0.0000000000
13990  -39.614  -80.549  4.071 0.0000000000
12421  -39.514  -81.111  4.158 0.0000000000
12443  -40.108  -81.036  3.406 0.0000000000
12466  -39.951  -81.192  2.799 0.0000000000
13240  -39.363  -81.034  2.137 0.0000000000
13139  -34.786  -79.604  10.373 0.0000000000
14743  -35.529  -78.176  10.216 0.0000000000
16436  -34.964  -76.961  9.101 0.0000000000
16435  -34.778  -77.073  8.938 0.0000000000
16364  -29.703  -75.984  13.052 0.0000000000
16378  -29.859  -75.945  12.037 0.0000000000
16396  -29.898  -76.022  11.072 0.0000000000
17288  -29.683  -75.059  10.283 0.0000000000
18182  -30.207  -74.461  9.364 0.0000000000
19186  -30.755  -73.819  9.041 0.0000000000
18200  -30.808  -74.450  8.556 0.0000000000
18201  -31.328  -74.535  7.874 0.0000000000
18215  -32.342  -74.325  7.145 0.0000000000
19217  -33.250  -74.351  6.599 0.0000000000
8187  -36.184  -86.671  4.462 0.0000000000
8199  -34.506  -88.199  3.103 0.0000000000
7515  -34.249  -88.724  2.897 0.0000000000
6222  -33.247  -89.900  2.123 0.0000000000
7526  -30.747  -89.091  1.415 0.0000000000
6869  -30.361  -89.889  1.138 0.0000000000
7524  -28.535  -89.045  1.347 0.0000000000
10883  -34.878  -83.345  6.077 0.0000000000
10897  -35.557  -84.057  5.818 0.0000000000
10898  -36.255  -83.847  5.987 0.0000000000
9550  -36.382  -85.615  5.212 0.0000000000
9552  -36.469  -85.501  4.690 0.0000000000
11612  -38.213  -82.044  5.967 0.0000000000
11637  -38.177  -82.004  4.814 0.0000000000
10913  -37.316  -83.107  5.405 0.0000000000
8833  -36.329  -86.084  4.389 0.0000000000
9567  -36.101  -85.343  4.052 0.0000000000
9566  -35.394  -85.502  3.589 0.0000000000
10230  -32.845  -84.585  3.068 0.0000000000
11607  -34.113  -82.690  6.557 0.0000000000
12372  -34.944  -81.537  8.062 0.0000000000
11594  -36.589  -82.084  7.389 0.0000000000
13171  -37.980  -80.683  7.532 0.0000000000
13151  -35.681  -80.005  9.649 0.0000000000
13152  -36.331  -79.679  9.204 0.0000000000
13161  -36.600  -80.186  8.782 0.0000000000
13952  -38.256  -80.341  6.931 0.0000000000
13974  -37.390  -79.791  5.414 0.0000000000
14007  -36.068  -78.797  3.393 0.0000000000
17248  -34.005  -74.762  10.790 0.0000000000
17269  -34.254  -75.329  10.521 0.0000000000
15600  -34.252  -77.291  8.604 0.0000000000
16418  -31.585  -76.610  9.352 0.0000000000
16434  -31.361  -76.600  8.530 0.0000000000
15597  -31.854  -76.789  8.780 0.0000000000
15585  -32.141  -76.809  9.056 0.0000000000
15599  -33.191  -77.406  8.515 0.0000000000
15612  -33.649  -77.793  7.892 0.0000000000
14779  -33.523  -78.240  6.478 0.0000000000
14793  -34.176  -78.715  5.681 0.0000000000
15635  -33.547  -77.522  5.300 0.0000000000
14805  -33.870  -78.187  5.120 0.0000000000
14806  -34.570  -78.490  4.661 0.0000000000
14820  -35.018  -78.113  4.058 0.0000000000
8814  -33.980  -86.761  5.360 0.0000000000
8815  -34.905  -86.711  5.502 0.0000000000
7478  -33.518  -88.622  5.308 0.0000000000
6837  -35.209  -88.932  5.019 0.0000000000
6175  -34.650  -89.824  4.469 0.0000000000
6836  -34.765  -89.389  4.958 0.0000000000
14053  -39.124  -79.247  1.735 0.0000000000
13263  -40.494  -80.186  1.118 0.0000000000
13262  -39.940  -80.656  1.386 0.0000000000
13261  -39.167  -80.921  1.707 0.0000000000
12485  -37.654  -81.631  1.519 0.0000000000
11675  -35.142  -82.346  1.799 0.0000000000
11691  -35.585  -81.866  1.156 0.0000000000
10252  -34.147  -83.789  2.557 0.0000000000
11672  -32.287  -82.646  2.872 0.0000000000
11673  -32.909  -82.248  2.786 0.0000000000
10931  -32.298  -83.764  2.928 0.0000000000
9562  -31.460  -85.245  3.122 0.0000000000
8845  -29.745  -86.857  2.735 0.0000000000
8193  -28.297  -87.622  2.415 0.0000000000
6221  -32.740  -90.346  1.778 0.0000000000
6854  -35.268  -88.992  4.721 0.0000000000
10928  -30.010  -83.561  3.938 0.0000000000
12467  -40.305  -80.967  2.914 0.0000000000
13187  -39.522  -81.001  5.053 0.0000000000
13201  -31.054  -80.135  4.284 0.0000000000
13202  -39.310  -80.673  4.987 0.0000000000
13223  -40.298  -80.581  3.241 0.0000000000
13960  -34.720  -79.131  5.975 0.0000000000
13976  -39.022  -80.562  5.295 0.0000000000
14033  -40.391  -80.016  2.755 0.0000000000
14770  -35.679  -78.471  7.556 0.0000000000
14807  -35.281  -78.611  4.187 0.0000000000
15584  -31.836  -76.720  9.049 0.0000000000
15589  -35.954  -77.888  9.127 0.0000000000
15621  -33.282  -77.728  5.926 0.0000000000
15650  -34.058  -77.624  4.653 0.0000000000
16422  -35.139  -76.889  9.502 0.0000000000
16433  -30.967  -76.060  8.279 0.0000000000
16444  -31.124  -75.900  7.842 0.0000000000
17266  -29.703  -75.416  10.618 0.0000000000
17314  -31.285  -75.420  7.622 0.0000000000
18121  -33.318  -74.574  12.154 0.0000000000
18122  -33.709  -74.603  12.399 0.0000000000
18145  -34.878  -74.848  11.388 0.0000000000
18226  -32.125  -75.198  6.897 0.0000000000
18240  -34.396  -74.981  5.472 0.0000000000
19149  -30.164  -73.474  10.809 0.0000000000
