#!ascii label  , from subject sub.01.dh.02t2 vox2ras=TkReg
985
55940  -23.664  -37.980  -6.785 0.4285714328
57195  -24.498  -36.745  -7.830 0.2857142985
55962  -24.152  -37.410  -7.351 0.4285714328
57175  -24.763  -36.719  -6.669 0.4285714328
58298  -25.458  -35.653  -6.495 0.4285714328
58312  -24.773  -36.083  -8.303 0.2857142985
58313  -25.160  -35.406  -7.690 0.4285714328
59426  -25.625  -34.870  -7.038 0.4285714328
59453  -25.362  -34.755  -9.377 0.4285714328
60541  -25.918  -34.086  -8.434 0.4285714328
60559  -26.082  -33.650  -9.443 0.4285714328
61762  -26.491  -32.957  -9.786 0.4285714328
61781  -26.515  -33.002  -10.910 0.5714285970
61763  -26.850  -32.231  -9.578 0.4285714328
62976  -27.228  -31.748  -9.118 0.2857142985
63007  -26.950  -32.299  -10.727 0.7142857313
62991  -27.130  -31.769  -10.016 0.7142857313
64303  -27.806  -30.760  -10.694 0.7142857313
64282  -28.310  -30.267  -9.930 0.4285714328
63008  -27.407  -31.703  -11.093 0.7142857313
64281  -27.602  -30.993  -10.029 0.5714285970
65508  -28.795  -29.534  -11.033 0.5714285970
64317  -27.806  -30.852  -11.560 0.5714285970
65519  -28.947  -29.378  -11.726 0.5714285970
65509  -29.449  -28.967  -11.220 0.5714285970
64318  -28.391  -30.083  -11.881 0.5714285970
66602  -30.189  -28.593  -10.687 0.4285714328
66651  -30.114  -28.584  -12.621 0.5714285970
66652  -30.982  -28.558  -12.214 0.5714285970
65547  -29.455  -29.305  -13.906 0.7142857313
66663  -30.874  -28.580  -13.169 0.7142857313
66664  -31.734  -28.229  -12.811 0.7142857313
66662  -30.092  -28.832  -13.533 0.5714285970
65558  -28.936  -29.757  -14.222 0.5714285970
66680  -30.765  -28.816  -14.051 0.8571428657
67850  -32.064  -27.814  -13.033 0.7142857313
67851  -32.280  -27.690  -12.535 0.5714285970
66695  -30.564  -29.023  -14.955 0.7142857313
65560  -30.157  -29.530  -15.173 0.5714285970
69076  -31.973  -26.876  -14.309 0.7142857313
69063  -32.263  -26.860  -13.353 0.5714285970
66696  -31.155  -28.552  -14.539 0.7142857313
67862  -31.989  -27.639  -13.633 0.7142857313
69077  -32.177  -26.212  -14.072 0.5714285970
67878  -31.581  -27.871  -14.665 0.7142857313
70228  -32.397  -25.648  -13.629 0.5714285970
69089  -31.471  -26.904  -15.289 0.7142857313
70238  -32.078  -26.166  -14.506 0.7142857313
71428  -32.693  -24.611  -15.036 0.7142857313
71419  -32.508  -24.671  -14.066 0.7142857313
70263  -31.572  -25.805  -16.158 0.7142857313
70252  -31.898  -26.059  -15.051 0.7142857313
70253  -32.292  -25.253  -15.521 0.7142857313
72548  -32.903  -23.752  -15.483 0.7142857313
72535  -32.739  -23.808  -14.576 0.5714285970
69095  -30.899  -26.997  -16.013 0.5714285970
73652  -33.185  -22.266  -15.484 0.5714285970
74768  -33.480  -21.543  -15.061 0.5714285970
70264  -32.225  -24.937  -16.215 0.8571428657
73664  -33.029  -22.278  -16.043 0.7142857313
73663  -32.637  -22.435  -16.653 0.7142857313
71452  -32.348  -24.271  -16.579 0.8571428657
72563  -32.720  -23.577  -16.321 0.7142857313
75898  -33.173  -20.026  -17.262 0.8571428657
75881  -33.553  -20.207  -16.493 0.5714285970
74783  -32.730  -21.592  -16.855 0.8571428657
74800  -32.301  -21.667  -17.686 0.8571428657
72578  -32.096  -23.473  -17.127 0.8571428657
77998  -32.752  -19.151  -18.072 0.8571428657
77975  -32.530  -18.264  -18.006 0.8571428657
80065  -31.702  -16.978  -17.832 0.8571428657
75880  -32.892  -20.850  -17.024 0.8571428657
77997  -32.329  -18.646  -18.298 0.8571428657
78018  -31.196  -18.450  -19.095 1.0000000000
78957  -31.741  -17.845  -18.373 1.0000000000
76988  -32.427  -19.626  -18.344 0.8571428657
80080  -31.155  -17.025  -18.610 1.0000000000
77996  -31.775  -18.523  -18.647 1.0000000000
81233  -30.262  -15.820  -19.396 1.0000000000
82338  -29.378  -14.727  -20.433 0.7142857313
80079  -30.781  -16.461  -18.991 1.0000000000
80092  -30.487  -16.850  -19.671 1.0000000000
82322  -30.065  -15.334  -19.234 1.0000000000
86312  -28.990  -11.107  -20.211 1.0000000000
85402  -28.887  -11.987  -21.255 0.8571428657
86331  -29.951  -10.122  -21.897 0.8571428657
86322  -29.189  -10.387  -21.181 1.0000000000
90540  -29.658  -6.343  -21.909 0.8571428657
88356  -29.627  -8.376  -21.691 0.8571428657
92746  -29.658  -4.251  -22.466 0.8571428657
91681  -29.703  -5.265  -22.068 0.8571428657
92759  -29.683  -4.096  -23.343 0.7142857313
90572  -29.147  -6.118  -23.881 0.5714285970
93760  -29.763  -3.374  -23.828 0.7142857313
94673  -29.581  -2.535  -23.188 0.5714285970
92786  -28.263  -4.632  -24.764 0.5714285970
91730  -28.927  -5.255  -24.572 0.5714285970
92785  -27.561  -4.479  -24.171 0.4285714328
94697  -28.057  -2.379  -24.635 0.4285714328
95578  -27.820  -1.434  -24.987 0.4285714328
93759  -26.665  -3.352  -23.026 0.2857142985
93758  -26.503  -3.526  -22.424 0.2857142985
93772  -26.759  -3.621  -23.397 0.2857142985
94657  -26.771  -2.364  -22.018 0.2857142985
58297  -24.848  -36.081  -7.383 0.2857142985
65520  -29.418  -28.906  -12.108 0.5714285970
67863  -32.143  -27.525  -13.136 0.5714285970
74784  -33.209  -21.472  -16.151 0.5714285970
73651  -32.989  -22.907  -15.866 0.7142857313
76967  -32.990  -19.497  -17.746 0.8571428657
77976  -33.012  -18.551  -17.717 0.8571428657
78940  -31.939  -17.538  -17.987 0.8571428657
83358  -29.547  -14.061  -19.752 0.8571428657
94641  -27.087  -2.229  -20.320 0.1428571492
57215  -24.447  -36.742  -8.771 0.2857142985
58329  -25.088  -35.397  -8.782 0.2857142985
59438  -25.601  -34.584  -8.204 0.4285714328
60542  -26.229  -33.650  -8.528 0.4285714328
61747  -26.466  -33.110  -8.942 0.4285714328
60575  -26.005  -33.886  -10.540 0.5714285970
61800  -27.040  -32.390  -12.079 0.2857142985
64304  -28.259  -30.182  -10.890 0.4285714328
64336  -27.821  -30.828  -12.551 0.5714285970
66638  -31.050  -28.458  -11.218 0.4285714328
64337  -28.299  -30.175  -12.973 0.7142857313
65546  -28.792  -29.593  -13.436 0.7142857313
66637  -30.163  -28.510  -11.660 0.7142857313
66681  -31.427  -28.349  -13.820 0.7142857313
65559  -29.630  -29.713  -14.798 0.5714285970
66679  -30.119  -29.180  -14.341 0.5714285970
71406  -32.566  -24.683  -12.981 0.5714285970
70216  -32.577  -25.933  -12.715 0.5714285970
67888  -31.040  -27.880  -15.594 0.8571428657
71439  -32.656  -24.444  -15.906 0.7142857313
80064  -31.045  -16.381  -18.320 1.0000000000
77003  -31.154  -19.495  -19.528 1.0000000000
81232  -29.806  -15.768  -19.924 0.8571428657
83379  -29.018  -13.850  -21.111 0.7142857313
83368  -29.291  -13.890  -20.496 1.0000000000
84346  -29.743  -13.377  -19.174 1.0000000000
84363  -29.029  -12.609  -21.013 0.7142857313
85393  -29.255  -12.090  -19.805 1.0000000000
84371  -28.939  -13.213  -21.255 0.7142857313
89459  -29.620  -7.338  -21.723 0.8571428657
88340  -29.660  -8.554  -20.835 1.0000000000
87296  -29.460  -9.462  -21.002 1.0000000000
91698  -29.521  -5.089  -23.315 0.7142857313
93784  -27.382  -3.385  -24.008 0.7142857313
91714  -29.202  -5.296  -24.276 0.5714285970
92787  -29.062  -4.706  -24.783 0.7142857313
93773  -29.392  -3.640  -24.673 0.7142857313
91728  -27.634  -5.435  -24.409 0.4285714328
94672  -26.862  -3.100  -23.265 0.2857142985
94696  -26.987  -2.312  -24.311 0.4285714328
94685  -29.149  -2.464  -24.161 0.4285714328
95577  -27.197  -1.522  -24.964 0.4285714328
94695  -26.541  -2.185  -24.442 0.4285714328
63026  -27.447  -31.589  -12.259 0.4285714328
93785  -28.183  -3.667  -24.596 0.7142857313
94683  -26.927  -2.858  -23.666 0.2857142985
94671  -26.664  -2.570  -23.147 0.2857142985
55941  -24.281  -37.478  -6.498 0.4285714328
55981  -24.101  -37.370  -8.343 0.2857142985
57176  -25.222  -36.368  -6.218 0.4285714328
60574  -25.668  -34.232  -9.818 0.2857142985
60558  -25.736  -34.108  -8.968 0.4285714328
61782  -26.912  -32.511  -11.349 0.2857142985
65532  -28.813  -29.485  -12.512 0.5714285970
65533  -29.370  -29.006  -13.026 0.5714285970
66653  -31.766  -28.430  -11.825 0.5714285970
70239  -32.310  -25.520  -14.569 0.7142857313
66705  -31.028  -28.432  -15.122 0.7142857313
70262  -30.974  -26.330  -16.426 0.8571428657
75897  -32.660  -20.318  -17.877 0.8571428657
76966  -32.709  -19.718  -17.998 0.8571428657
73677  -32.178  -22.534  -17.349 0.8571428657
76987  -31.787  -19.167  -18.813 1.0000000000
80091  -29.898  -16.298  -20.068 1.0000000000
90556  -29.360  -6.150  -22.879 0.8571428657
92772  -29.615  -4.395  -24.135 0.5714285970
93786  -28.785  -3.945  -25.115 0.5714285970
91712  -26.819  -5.359  -23.810 0.4285714328
92771  -26.869  -4.375  -23.636 0.4285714328
94640  -26.964  -2.664  -21.097 0.2857142985
84364  -29.196  -13.194  -20.724 1.0000000000
94698  -28.783  -3.181  -24.787 0.5714285970
98004  -27.248  1.780  -24.065 0.2857142985
98003  -26.839  0.991  -23.484 0.1428571492
97209  -27.022  0.285  -25.195 0.2857142985
98005  -28.239  1.477  -23.864 0.2857142985
97988  -27.443  1.912  -23.278 0.1428571492
96381  -26.357  -1.057  -23.506 0.1428571492
97220  -26.667  -0.514  -25.167 0.2857142985
97195  -26.142  -0.007  -23.628 0.1428571492
97198  -28.504  0.621  -24.377 0.2857142985
97197  -27.559  0.788  -24.500 0.2857142985
97171  -31.748  0.469  -21.503 0.2857142985
97183  -29.616  0.756  -22.943 0.2857142985
97987  -26.903  1.494  -22.787 0.1428571492
96404  -27.921  -0.746  -25.152 0.2857142985
95541  -30.046  -1.482  -22.127 0.2857142985
97210  -27.924  0.138  -25.123 0.2857142985
95523  -31.504  -1.567  -20.276 0.1428571492
96383  -30.068  -0.587  -22.298 0.2857142985
96382  -29.487  -0.356  -22.850 0.2857142985
97182  -26.381  0.645  -23.041 0.1428571492
96394  -28.956  -0.704  -23.556 0.2857142985
96393  -28.519  -0.465  -24.409 0.2857142985
93720  -33.851  -3.348  -19.513 0.1428571492
94627  -32.639  -2.607  -19.620 0.1428571492
95522  -30.640  -1.459  -21.024 0.4285714328
95554  -29.446  -1.493  -23.149 0.2857142985
91647  -30.939  -5.655  -18.946 0.2857142985
93733  -30.476  -3.447  -20.776 0.4285714328
94659  -29.720  -2.524  -22.307 0.2857142985
94684  -28.546  -1.917  -24.298 0.2857142985
90511  -32.081  -6.182  -18.114 0.1428571492
93701  -31.450  -4.167  -19.298 0.2857142985
93748  -29.753  -3.379  -21.798 0.4285714328
91670  -30.222  -5.353  -20.512 0.5714285970
89400  -31.060  -8.556  -17.635 0.1428571492
90510  -31.090  -6.440  -18.523 0.1428571492
92747  -29.900  -4.298  -21.455 0.7142857313
93747  -29.633  -3.364  -22.827 0.4285714328
90523  -30.506  -6.225  -19.320 0.4285714328
88296  -31.757  -9.027  -17.186 0.2857142985
91669  -29.881  -5.686  -21.297 0.7142857313
87287  -29.169  -9.914  -20.055 0.8571428657
88325  -30.112  -8.086  -19.006 0.8571428657
90522  -30.026  -6.850  -19.968 0.5714285970
86271  -31.620  -11.214  -16.253 0.2857142985
87254  -31.509  -10.154  -16.859 0.2857142985
88366  -29.276  -8.134  -22.459 0.5714285970
89440  -29.802  -7.567  -20.826 0.8571428657
85347  -31.701  -11.839  -16.196 0.1428571492
87253  -30.316  -10.194  -17.713 0.7142857313
84334  -31.697  -12.714  -16.110 0.1428571492
75947  -29.898  -20.302  -20.457 0.5714285970
78977  -30.552  -17.866  -19.728 0.8571428657
78993  -29.999  -17.335  -20.297 0.8571428657
78031  -30.030  -18.404  -20.440 0.4285714328
80103  -29.606  -16.695  -20.592 0.5714285970
84347  -30.168  -13.188  -18.405 0.8571428657
83330  -31.716  -13.785  -16.126 0.2857142985
85361  -30.127  -12.039  -18.287 0.8571428657
87270  -29.348  -10.411  -19.166 0.8571428657
83315  -32.586  -14.355  -15.893 0.4285714328
85362  -30.500  -12.345  -17.574 0.7142857313
86287  -30.084  -11.347  -18.039 0.7142857313
75932  -29.790  -20.951  -20.261 0.2857142985
77002  -30.496  -19.299  -20.142 0.5714285970
78978  -30.960  -17.497  -19.075 0.8571428657
82298  -29.917  -14.793  -19.071 0.8571428657
85380  -30.170  -12.468  -18.300 0.8571428657
85379  -29.781  -12.407  -18.911 0.8571428657
83329  -31.239  -14.180  -16.971 0.4285714328
84332  -30.723  -13.548  -17.641 0.8571428657
82256  -32.714  -15.147  -16.171 0.4285714328
69109  -29.764  -26.529  -17.464 0.7142857313
71468  -29.699  -24.599  -18.623 0.4285714328
70271  -30.797  -25.866  -16.962 0.7142857313
72577  -31.306  -23.731  -17.874 0.8571428657
72592  -30.638  -23.865  -18.496 0.5714285970
73709  -30.389  -22.584  -19.353 0.5714285970
73708  -29.765  -22.623  -19.487 0.4285714328
73692  -31.366  -22.523  -18.562 0.8571428657
74815  -31.128  -22.103  -19.249 0.5714285970
74817  -32.203  -20.883  -18.397 0.8571428657
75934  -31.226  -20.261  -19.541 0.7142857313
74835  -31.215  -20.906  -19.455 0.5714285970
78941  -32.382  -17.737  -17.805 0.7142857313
82274  -30.914  -15.396  -18.102 0.7142857313
83328  -30.870  -14.537  -17.885 0.8571428657
80047  -33.651  -16.825  -16.430 0.2857142985
80046  -32.804  -16.392  -16.692 0.4285714328
81182  -32.501  -15.674  -16.493 0.5714285970
66704  -30.558  -28.800  -15.813 0.4285714328
67895  -29.816  -28.328  -16.750 0.4285714328
71459  -32.043  -24.237  -16.943 0.7142857313
71458  -31.635  -24.342  -17.247 0.7142857313
74799  -31.838  -21.990  -18.129 0.8571428657
77959  -33.602  -18.374  -17.007 0.7142857313
78921  -33.816  -17.819  -16.562 0.2857142985
78942  -33.190  -17.600  -17.117 0.5714285970
65570  -30.272  -29.447  -15.737 0.4285714328
64397  -30.990  -30.412  -17.633 0.5714285970
67896  -30.165  -27.816  -16.318 0.5714285970
69104  -30.030  -26.840  -16.985 0.5714285970
70272  -31.370  -25.081  -16.966 0.7142857313
75865  -33.754  -20.516  -15.451 0.4285714328
76948  -33.921  -19.429  -16.360 0.4285714328
77960  -34.109  -18.612  -16.378 0.4285714328
64355  -28.282  -30.118  -13.942 0.5714285970
69057  -32.619  -26.904  -12.340 0.4285714328
74750  -33.425  -21.712  -14.266 0.4285714328
73636  -32.952  -23.004  -15.057 0.4285714328
75838  -33.693  -20.855  -14.281 0.4285714328
61748  -26.906  -32.420  -8.812 0.1428571492
72518  -32.596  -23.814  -13.528 0.4285714328
72519  -32.732  -22.952  -13.350 0.4285714328
73621  -33.118  -22.286  -13.797 0.4285714328
62977  -27.760  -31.244  -8.668 0.1428571492
64254  -28.068  -30.701  -9.161 0.1428571492
65486  -30.146  -28.716  -9.856 0.2857142985
67842  -33.274  -27.705  -11.298 0.2857142985
70167  -33.845  -25.765  -10.517 0.2857142985
69041  -33.456  -26.662  -11.176 0.2857142985
66654  -32.553  -28.195  -11.571 0.4285714328
70197  -33.179  -25.485  -11.355 0.2857142985
70196  -32.845  -26.226  -11.859 0.2857142985
67841  -32.701  -27.529  -11.852 0.2857142985
71388  -32.891  -24.501  -11.722 0.2857142985
71407  -32.647  -24.507  -12.311 0.4285714328
62963  -27.447  -31.812  -8.423 0.1428571492
64255  -29.108  -30.171  -8.915 0.2857142985
66573  -32.343  -28.643  -9.082 0.2857142985
66605  -33.117  -28.617  -9.715 0.2857142985
66640  -32.834  -28.562  -10.669 0.2857142985
66603  -31.124  -28.580  -10.091 0.2857142985
66655  -33.153  -28.287  -11.053 0.2857142985
62978  -28.541  -30.849  -8.381 0.1428571492
64230  -30.909  -29.787  -7.554 0.2857142985
64228  -29.159  -30.554  -8.190 0.2857142985
65442  -30.720  -29.326  -8.261 0.2857142985
64256  -29.974  -29.504  -8.663 0.2857142985
65462  -30.659  -28.736  -9.139 0.2857142985
60532  -26.541  -33.630  -7.717 0.1428571492
59439  -26.102  -34.040  -8.042 0.2857142985
60533  -27.201  -33.120  -7.393 0.1428571492
55918  -23.997  -37.840  -6.046 0.2857142985
54633  -24.090  -38.082  -5.605 0.2857142985
54632  -23.435  -38.563  -5.900 0.2857142985
59427  -26.122  -34.238  -7.329 0.2857142985
55900  -24.924  -38.100  -4.877 0.1428571492
53412  -22.954  -39.387  -5.477 0.1428571492
64229  -29.896  -30.203  -7.924 0.2857142985
65463  -31.473  -28.709  -8.618 0.2857142985
66641  -33.728  -28.254  -10.465 0.2857142985
66604  -32.185  -28.677  -10.002 0.2857142985
67824  -33.850  -27.435  -10.780 0.2857142985
72474  -33.202  -23.739  -11.530 0.2857142985
71469  -30.343  -24.716  -18.214 0.7142857313
73637  -33.195  -22.313  -14.648 0.4285714328
76932  -34.262  -19.246  -15.838 0.2857142985
78922  -34.488  -17.574  -15.918 0.2857142985
87304  -29.837  -9.271  -21.782 0.7142857313
82275  -31.357  -15.181  -17.337 0.7142857313
89486  -29.193  -6.974  -23.561 0.4285714328
81183  -33.197  -15.793  -16.320 0.2857142985
88308  -29.454  -9.572  -19.088 0.8571428657
86288  -30.710  -11.173  -16.991 0.5714285970
95567  -28.743  -1.423  -23.961 0.2857142985
91659  -30.671  -5.334  -19.595 0.4285714328
97169  -26.156  0.734  -22.014 0.1428571492
94626  -31.879  -2.687  -19.724 0.1428571492
98006  -29.322  1.436  -23.839 0.2857142985
55919  -24.805  -37.447  -5.607 0.1428571492
58277  -25.878  -35.758  -5.842 0.1428571492
61738  -27.431  -32.327  -7.833 0.1428571492
62942  -28.562  -31.605  -7.195 0.1428571492
62943  -29.258  -31.407  -6.824 0.1428571492
64283  -29.029  -29.730  -9.735 0.2857142985
66572  -31.509  -28.618  -9.411 0.2857142985
65583  -30.894  -29.851  -17.337 0.5714285970
66639  -31.952  -28.501  -10.902 0.2857142985
67911  -28.976  -27.947  -17.576 0.2857142985
71360  -33.536  -24.477  -10.880 0.2857142985
73582  -33.370  -22.769  -11.688 0.2857142985
70281  -30.061  -25.724  -17.846 0.7142857313
72604  -29.290  -23.692  -19.230 0.4285714328
75931  -28.960  -21.121  -20.629 0.2857142985
74833  -29.373  -21.836  -20.015 0.5714285970
73600  -33.181  -22.283  -12.780 0.2857142985
73620  -32.796  -22.999  -14.181 0.4285714328
73691  -30.949  -22.656  -19.036 0.7142857313
77015  -29.813  -19.561  -20.640 0.2857142985
75816  -33.785  -20.819  -13.246 0.1428571492
75839  -34.128  -19.957  -14.715 0.4285714328
75866  -34.116  -19.752  -15.430 0.4285714328
76912  -34.435  -19.236  -15.116 0.1428571492
82299  -30.251  -15.029  -18.759 0.8571428657
77944  -34.559  -18.476  -15.538 0.1428571492
82276  -31.937  -14.938  -16.456 0.5714285970
84333  -31.066  -13.105  -16.706 0.7142857313
88324  -29.569  -8.857  -19.714 0.8571428657
84320  -33.391  -12.863  -16.200 0.2857142985
85348  -32.322  -12.045  -16.079 0.1428571492
95565  -26.337  -1.648  -23.754 0.2857142985
85363  -31.226  -12.054  -16.494 0.4285714328
84319  -32.510  -13.265  -15.865 0.4285714328
86272  -32.485  -10.994  -16.050 0.1428571492
89412  -30.839  -7.698  -18.197 0.5714285970
87242  -32.421  -10.292  -16.414 0.1428571492
89413  -31.650  -6.999  -17.906 0.1428571492
97181  -26.005  0.154  -23.220 0.1428571492
89401  -31.882  -7.887  -17.397 0.1428571492
91648  -31.682  -5.399  -18.653 0.1428571492
94660  -30.215  -2.446  -21.409 0.2857142985
93734  -31.032  -3.024  -20.360 0.2857142985
92711  -31.578  -4.602  -18.992 0.2857142985
92712  -32.247  -4.542  -18.654 0.1428571492
93719  -33.090  -3.379  -19.242 0.1428571492
96370  -31.366  -0.179  -21.057 0.2857142985
97159  -32.301  0.154  -21.054 0.2857142985
96356  -32.002  -0.300  -20.589 0.1428571492
95524  -32.532  -1.173  -20.117 0.1428571492
57158  -26.225  -36.689  -5.128 0.1428571492
61721  -27.764  -32.594  -7.116 0.1428571492
69006  -34.061  -26.777  -10.577 0.2857142985
80048  -34.552  -16.548  -15.965 0.2857142985
95526  -34.089  -1.606  -20.532 0.1428571492
97186  -32.601  0.718  -22.050 0.2857142985
57156  -25.119  -36.743  -6.060 0.1428571492
57157  -25.623  -36.419  -5.720 0.1428571492
59413  -25.771  -35.089  -6.575 0.1428571492
59414  -26.310  -34.814  -6.263 0.1428571492
65484  -28.725  -29.755  -10.348 0.4285714328
65485  -29.417  -29.215  -10.297 0.2857142985
66665  -32.102  -28.179  -12.185 0.4285714328
69094  -30.565  -26.731  -16.526 0.5714285970
67887  -30.440  -28.259  -15.969 0.4285714328
81201  -31.273  -15.995  -17.757 0.7142857313
78017  -30.680  -18.704  -19.786 0.8571428657
75914  -31.763  -20.297  -18.931 0.8571428657
81218  -30.706  -15.826  -18.644 0.8571428657
82321  -29.777  -15.081  -19.565 0.8571428657
89474  -29.352  -7.137  -22.635 0.5714285970
91682  -29.993  -5.010  -21.190 0.7142857313
95540  -29.696  -2.006  -22.691 0.2857142985
95566  -28.263  -1.386  -24.570 0.2857142985
76947  -33.591  -19.259  -17.069 0.4285714328
61737  -26.783  -33.024  -8.189 0.1428571492
86301  -29.559  -11.386  -18.993 0.8571428657
95586  -26.773  -1.195  -25.018 0.2857142985
96413  -27.154  -0.828  -25.313 0.2857142985
96402  -26.632  -0.821  -24.860 0.2857142985
73676  -31.671  -22.570  -17.948 0.8571428657
97196  -26.612  0.352  -24.034 0.2857142985
96392  -26.451  -0.694  -24.109 0.1428571492
96369  -30.698  -0.343  -21.544 0.2857142985
97168  -25.933  0.365  -22.684 0.1428571492
95555  -29.770  -0.982  -22.602 0.2857142985
97199  -29.069  0.210  -23.695 0.2857142985
94642  -30.828  -2.410  -20.599 0.2857142985
95509  -32.188  -1.995  -19.859 0.1428571492
94628  -33.562  -2.449  -19.834 0.1428571492
93718  -32.178  -3.270  -19.257 0.1428571492
95510  -32.911  -1.861  -19.799 0.1428571492
96355  -31.176  -0.720  -20.797 0.1428571492
93716  -30.699  -4.010  -20.329 0.4285714328
93717  -31.250  -3.602  -19.800 0.2857142985
93702  -31.835  -3.953  -19.034 0.2857142985
92723  -30.677  -4.532  -20.028 0.4285714328
90531  -30.320  -6.054  -20.064 0.5714285970
90530  -29.917  -6.452  -20.886 0.7142857313
88309  -30.179  -8.995  -18.352 0.4285714328
89425  -30.279  -7.143  -19.061 0.5714285970
88295  -30.923  -9.358  -17.492 0.5714285970
89424  -29.899  -7.833  -19.889 0.7142857313
86302  -29.746  -10.640  -18.431 0.8571428657
75933  -30.586  -20.336  -20.047 0.5714285970
78992  -29.270  -17.474  -21.043 0.4285714328
83343  -30.375  -14.090  -18.321 0.8571428657
67905  -29.486  -27.799  -17.067 0.5714285970
71457  -30.882  -24.662  -17.711 0.7142857313
72576  -30.972  -24.103  -18.072 0.7142857313
72593  -31.207  -23.079  -18.414 0.7142857313
72591  -30.032  -23.915  -19.036 0.4285714328
73690  -30.196  -23.236  -19.151 0.5714285970
74834  -30.589  -21.786  -19.625 0.5714285970
74816  -31.578  -21.764  -18.767 0.7142857313
80066  -32.531  -16.950  -17.232 0.5714285970
81202  -31.910  -16.078  -16.979 0.7142857313
66714  -30.312  -29.068  -16.685 0.5714285970
66719  -31.036  -29.576  -17.604 0.5714285970
75882  -33.947  -19.827  -15.933 0.4285714328
69040  -32.988  -27.040  -11.712 0.2857142985
70217  -32.699  -25.226  -12.122 0.4285714328
74733  -33.492  -21.537  -13.519 0.4285714328
72497  -32.602  -24.041  -13.001 0.4285714328
65461  -29.694  -29.317  -9.390 0.2857142985
72498  -32.717  -23.657  -12.501 0.4285714328
61739  -28.015  -32.011  -7.259 0.1428571492
62964  -28.079  -31.496  -7.862 0.1428571492
62965  -29.022  -30.943  -7.603 0.1428571492
65443  -31.479  -29.086  -7.881 0.2857142985
54615  -23.464  -39.014  -5.230 0.1428571492
55901  -25.537  -37.809  -4.821 0.1428571492
96366  -25.606  -0.090  -22.455 0.1428571492
58299  -26.038  -35.444  -5.969 0.1428571492
95552  -25.883  -0.750  -22.433 0.1428571492
87312  -28.945  -9.726  -23.186 0.5714285970
85419  -29.043  -11.645  -22.789 0.4285714328
85428  -28.743  -11.616  -23.616 0.4285714328
86338  -29.553  -10.480  -22.910 0.5714285970
87313  -29.605  -9.237  -22.553 0.4285714328
82355  -28.741  -14.641  -21.444 0.4285714328
84370  -28.719  -12.737  -21.708 0.4285714328
83389  -28.199  -13.427  -22.214 0.4285714328
85411  -28.883  -11.808  -21.988 0.5714285970
86330  -29.307  -10.909  -22.081 0.5714285970
81246  -29.422  -15.769  -20.636 0.5714285970
70168  -34.433  -25.645  -10.053 0.1428571492
72447  -34.072  -23.768  -10.401 0.1428571492
61799  -26.562  -32.962  -11.799 0.2857142985
68950  -36.182  -26.909  -8.803 0.1428571492
68971  -35.099  -26.857  -9.712 0.1428571492
70138  -36.316  -25.738  -8.735 0.1428571492
70152  -35.096  -25.628  -9.607 0.1428571492
71329  -36.451  -25.002  -8.731 0.1428571492
60593  -25.922  -33.783  -11.754 0.2857142985
66642  -34.359  -28.216  -9.935 0.1428571492
66608  -35.425  -28.059  -9.182 0.1428571492
67788  -35.574  -27.537  -9.263 0.1428571492
68934  -37.024  -26.932  -7.776 0.1428571492
71304  -38.539  -24.874  -6.075 0.1428571492
70125  -37.561  -25.755  -7.550 0.1428571492
71317  -38.247  -24.718  -6.968 0.1428571492
59473  -25.744  -34.312  -11.126 0.2857142985
59492  -25.523  -34.381  -11.316 0.2857142985
65465  -32.660  -28.768  -7.920 0.1428571492
66546  -33.530  -28.862  -7.410 0.1428571492
66574  -33.333  -28.731  -8.411 0.1428571492
66606  -34.074  -28.578  -9.483 0.1428571492
66549  -36.128  -28.277  -7.854 0.1428571492
66575  -34.632  -28.681  -8.578 0.1428571492
67743  -36.720  -27.773  -7.309 0.1428571492
66576  -35.586  -28.265  -8.688 0.1428571492
67744  -37.113  -27.041  -7.152 0.1428571492
68913  -37.863  -26.509  -5.123 0.1428571492
71292  -38.579  -25.217  -5.719 0.1428571492
70114  -37.986  -25.371  -6.478 0.1428571492
59472  -25.374  -34.832  -10.591 0.2857142985
58361  -24.981  -35.467  -10.254 0.2857142985
65419  -31.569  -29.403  -7.306 0.1428571492
65420  -32.161  -29.251  -6.903 0.1428571492
65445  -32.857  -28.854  -7.463 0.1428571492
66523  -33.803  -28.916  -7.123 0.1428571492
66524  -35.567  -28.885  -6.952 0.1428571492
66547  -34.262  -28.842  -7.607 0.1428571492
66526  -36.843  -28.253  -6.276 0.1428571492
68912  -37.558  -26.744  -5.810 0.1428571492
67718  -37.256  -27.831  -5.716 0.1428571492
71305  -39.286  -24.430  -5.914 0.1428571492
71293  -38.896  -25.092  -5.585 0.1428571492
64193  -30.457  -30.427  -7.184 0.1428571492
64194  -31.238  -30.029  -6.732 0.1428571492
65399  -33.725  -29.448  -6.132 0.1428571492
64196  -33.056  -29.671  -5.897 0.1428571492
65424  -35.701  -29.298  -6.213 0.1428571492
66522  -33.538  -28.912  -7.077 0.1428571492
65402  -36.093  -29.615  -5.637 0.1428571492
65447  -34.915  -28.917  -7.059 0.1428571492
66506  -36.364  -29.113  -5.984 0.1428571492
68902  -38.465  -26.691  -4.619 0.1428571492
67696  -37.411  -28.265  -4.974 0.1428571492
70103  -39.159  -25.612  -5.164 0.1428571492
70091  -38.785  -26.021  -4.974 0.1428571492
62945  -31.276  -30.613  -5.875 0.1428571492
62966  -29.802  -30.829  -7.195 0.1428571492
62923  -33.398  -30.995  -5.098 0.1428571492
64155  -32.677  -30.272  -5.627 0.1428571492
64195  -32.181  -29.813  -6.063 0.1428571492
64118  -36.248  -30.495  -4.850 0.1428571492
64159  -35.763  -30.273  -5.185 0.1428571492
65376  -37.043  -29.689  -4.897 0.1428571492
66484  -37.741  -28.915  -4.390 0.1428571492
65403  -36.649  -29.551  -5.385 0.1428571492
66507  -36.812  -28.919  -5.635 0.1428571492
62894  -33.135  -31.598  -5.087 0.1428571492
62922  -32.590  -31.123  -5.257 0.1428571492
62946  -32.022  -30.574  -5.538 0.1428571492
62896  -34.709  -31.496  -4.691 0.1428571492
62895  -33.857  -31.450  -4.894 0.1428571492
64117  -35.353  -30.733  -4.848 0.1428571492
64119  -37.146  -30.687  -4.223 0.1428571492
64115  -33.965  -30.656  -5.088 0.1428571492
65421  -33.239  -29.100  -6.709 0.1428571492
65401  -35.217  -29.583  -5.832 0.1428571492
71294  -39.684  -25.054  -5.475 0.1428571492
72381  -39.768  -23.788  -6.475 0.1428571492
70102  -38.286  -25.735  -5.507 0.1428571492
70113  -37.548  -25.852  -6.922 0.1428571492
71361  -34.357  -24.767  -10.065 0.1428571492
58343  -25.050  -35.442  -9.740 0.2857142985
67675  -38.370  -28.453  -4.059 0.1428571492
67698  -38.956  -27.823  -3.978 0.1428571492
71306  -40.208  -24.406  -5.854 0.1428571492
72397  -40.245  -23.151  -7.004 0.1428571492
81261  -29.141  -15.068  -21.012 0.4285714328
72396  -39.340  -23.396  -7.412 0.1428571492
72380  -38.899  -24.129  -6.694 0.1428571492
71331  -37.643  -24.936  -8.447 0.1428571492
72395  -38.583  -24.140  -7.596 0.1428571492
72446  -33.649  -23.346  -10.956 0.1428571492
88365  -28.725  -8.802  -23.104 0.4285714328
89473  -28.887  -7.834  -23.319 0.4285714328
97187  -33.554  0.404  -22.394 0.1428571492
97185  -32.066  0.914  -22.060 0.1428571492
65464  -32.244  -28.712  -8.235 0.1428571492
74687  -33.634  -21.769  -12.010 0.1428571492
74710  -33.689  -21.263  -12.716 0.1428571492
67825  -34.492  -27.509  -10.133 0.1428571492
69007  -34.507  -26.382  -10.107 0.1428571492
68972  -35.685  -26.394  -9.237 0.1428571492
70153  -35.741  -25.639  -9.144 0.1428571492
68951  -36.753  -26.493  -8.338 0.1428571492
67764  -36.486  -27.491  -8.229 0.1428571492
67787  -35.067  -27.566  -9.683 0.1428571492
70139  -37.088  -25.643  -8.336 0.1428571492
71343  -35.137  -24.499  -9.592 0.1428571492
66607  -34.989  -28.190  -9.470 0.1428571492
67763  -36.009  -27.672  -8.710 0.1428571492
68935  -37.290  -26.374  -7.350 0.1428571492
68922  -37.360  -26.573  -6.674 0.1428571492
66577  -36.075  -27.971  -8.400 0.1428571492
70126  -37.848  -25.311  -7.252 0.1428571492
65444  -32.133  -28.899  -7.566 0.1428571492
66548  -35.278  -28.787  -7.510 0.1428571492
67729  -36.738  -28.107  -6.722 0.1428571492
65422  -34.311  -29.047  -6.805 0.1428571492
66525  -36.174  -28.792  -6.651 0.1428571492
66483  -37.265  -28.953  -4.980 0.1428571492
68901  -37.638  -27.251  -5.002 0.1428571492
64156  -33.541  -30.198  -5.519 0.1428571492
64158  -35.269  -30.141  -5.272 0.1428571492
65400  -34.430  -29.515  -6.003 0.1428571492
64157  -34.505  -30.086  -5.388 0.1428571492
62898  -36.430  -31.552  -4.183 0.1428571492
65377  -37.690  -29.939  -4.241 0.1428571492
64116  -34.600  -30.718  -4.936 0.1428571492
53426  -22.136  -39.771  -6.664 0.1428571492
54652  -22.848  -38.773  -7.052 0.1428571492
53442  -21.970  -39.498  -7.350 0.1428571492
54671  -22.857  -38.436  -7.740 0.1428571492
55961  -23.426  -37.944  -7.784 0.1428571492
55992  -24.132  -37.241  -9.091 0.1428571492
55991  -23.807  -37.077  -9.296 0.1428571492
57230  -24.181  -36.555  -9.476 0.1428571492
58328  -24.712  -36.056  -9.212 0.1428571492
57228  -22.862  -36.262  -9.097 0.1428571492
58341  -23.780  -35.554  -9.813 0.1428571492
58342  -24.598  -35.815  -9.888 0.1428571492
59470  -23.533  -34.422  -10.173 0.1428571492
60573  -23.766  -33.758  -10.623 0.1428571492
59491  -25.197  -34.382  -11.461 0.1428571492
59490  -24.738  -34.067  -11.405 0.1428571492
60592  -25.041  -33.600  -11.756 0.2857142985
60608  -25.526  -33.319  -12.148 0.2857142985
61819  -27.070  -32.080  -13.054 0.2857142985
64371  -28.714  -30.130  -14.943 0.4285714328
65569  -29.950  -29.882  -15.567 0.4285714328
65578  -30.112  -29.873  -16.192 0.4285714328
78991  -29.067  -17.082  -21.318 0.2857142985
81260  -28.867  -15.674  -21.316 0.2857142985
81245  -29.124  -16.003  -21.096 0.2857142985
84387  -28.008  -12.532  -23.881 0.2857142985
86346  -28.410  -10.581  -23.653 0.2857142985
61798  -25.149  -32.914  -12.000 0.1428571492
60609  -25.845  -33.278  -12.387 0.2857142985
55979  -22.636  -37.206  -8.452 0.1428571492
57229  -23.310  -36.549  -9.216 0.1428571492
59471  -24.504  -34.425  -10.781 0.1428571492
61817  -25.483  -32.567  -12.486 0.2857142985
61818  -26.352  -32.848  -12.642 0.2857142985
61834  -26.442  -31.981  -13.211 0.2857142985
63044  -27.455  -31.387  -13.074 0.2857142985
64354  -27.782  -30.789  -13.503 0.4285714328
64370  -27.648  -30.514  -14.502 0.4285714328
64384  -28.077  -30.022  -15.431 0.2857142985
78030  -29.187  -18.606  -21.146 0.2857142985
79008  -28.718  -17.268  -21.518 0.2857142985
80102  -29.072  -16.531  -21.182 0.2857142985
80114  -28.394  -16.288  -21.637 0.2857142985
81274  -28.032  -15.282  -22.038 0.2857142985
82373  -28.217  -14.301  -21.895 0.2857142985
83398  -27.708  -13.299  -23.350 0.2857142985
82406  -26.767  -13.796  -23.890 0.2857142985
78044  -28.971  -17.842  -21.415 0.2857142985
78043  -28.366  -18.313  -21.548 0.2857142985
80126  -27.817  -16.143  -22.186 0.2857142985
81285  -27.441  -15.069  -22.891 0.2857142985
82372  -27.789  -14.393  -22.400 0.2857142985
82389  -27.029  -14.134  -23.441 0.2857142985
83399  -28.152  -13.025  -22.834 0.2857142985
80125  -27.498  -16.554  -22.535 0.2857142985
80124  -26.957  -16.493  -23.067 0.2857142985
81286  -27.651  -15.764  -22.537 0.2857142985
64372  -29.423  -30.082  -15.510 0.4285714328
84388  -28.515  -12.494  -23.258 0.2857142985
83388  -27.796  -13.593  -22.703 0.2857142985
58359  -24.147  -34.951  -10.298 0.1428571492
54651  -22.332  -39.264  -7.274 0.1428571492
55960  -22.760  -37.913  -8.076 0.1428571492
55980  -23.423  -37.406  -8.755 0.1428571492
59452  -22.917  -34.811  -9.564 0.1428571492
83409  -27.453  -13.104  -23.923 0.2857142985
63060  -27.184  -31.354  -13.839 0.4285714328
80136  -26.881  -15.748  -23.347 0.2857142985
64395  -29.397  -30.112  -18.042 0.2857142985
64392  -29.271  -30.189  -17.297 0.2857142985
66718  -30.225  -28.923  -17.413 0.2857142985
99840  -30.511  3.295  -26.315 0.1428571492
99841  -31.560  3.483  -25.786 0.1428571492
99819  -30.857  2.980  -24.309 0.1428571492
98008  -31.198  1.839  -23.047 0.1428571492
97991  -31.540  1.200  -22.285 0.1428571492
99853  -31.518  3.627  -27.078 0.1428571492
98007  -30.302  1.861  -23.405 0.1428571492
98020  -28.825  2.045  -24.195 0.1428571492
98925  -27.894  2.648  -25.418 0.1428571492
65588  -30.577  -29.735  -18.256 0.2857142985
66724  -29.949  -28.785  -17.949 0.2857142985
98009  -32.112  1.748  -22.968 0.1428571492
99831  -32.277  2.960  -24.711 0.1428571492
97978  -31.028  1.101  -22.033 0.1428571492
98913  -30.978  2.552  -23.722 0.1428571492
98914  -31.776  2.273  -23.581 0.1428571492
97184  -30.184  0.248  -22.295 0.1428571492
97990  -30.521  1.227  -22.525 0.1428571492
98927  -29.763  3.005  -24.884 0.1428571492
98926  -29.013  2.741  -24.760 0.1428571492
98019  -28.111  2.400  -24.258 0.1428571492
98018  -27.554  2.549  -24.514 0.1428571492
97989  -29.886  1.383  -23.122 0.1428571492
64386  -29.738  -30.091  -16.073 0.2857142985
99829  -30.523  3.249  -25.070 0.1428571492
99830  -31.608  3.129  -24.641 0.1428571492
98912  -29.999  2.524  -24.268 0.1428571492
99852  -30.347  3.660  -27.514 0.1428571492
98911  -29.280  2.199  -24.253 0.1428571492
98929  -32.247  2.604  -24.205 0.1428571492
78042  -27.507  -18.167  -21.989 0.1428571492
79007  -27.890  -17.521  -21.823 0.1428571492
79023  -27.563  -17.126  -22.228 0.1428571492
80135  -26.408  -15.539  -23.515 0.1428571492
82354  -24.497  -14.989  -22.610 0.1428571492
82371  -24.753  -14.428  -23.147 0.1428571492
78029  -28.678  -18.998  -21.392 0.1428571492
81283  -25.954  -15.195  -23.701 0.1428571492
83387  -24.542  -13.406  -23.286 0.1428571492
84384  -24.833  -12.589  -23.820 0.1428571492
85424  -24.638  -11.953  -23.552 0.2857142985
71477  -29.099  -24.416  -18.942 0.1428571492
74844  -28.232  -21.096  -20.786 0.1428571492
75945  -28.548  -20.428  -21.125 0.1428571492
77013  -28.030  -19.421  -21.440 0.1428571492
82257  -33.380  -14.990  -15.933 0.1428571492
78051  -27.104  -17.823  -22.439 0.1428571492
82405  -26.571  -13.743  -24.131 0.1428571492
85426  -26.515  -11.687  -24.285 0.1428571492
85425  -25.360  -11.462  -23.778 0.2857142985
87318  -27.308  -9.602  -24.510 0.2857142985
90569  -26.850  -7.004  -23.795 0.2857142985
89472  -26.930  -7.685  -22.557 0.2857142985
90555  -26.753  -6.030  -23.669 0.2857142985
95553  -26.347  -1.422  -22.844 0.1428571492
92732  -26.806  -4.522  -20.572 0.1428571492
87319  -27.845  -9.465  -23.671 0.2857142985
86344  -26.344  -10.270  -24.203 0.2857142985
88371  -27.534  -8.984  -24.494 0.2857142985
89495  -28.993  -6.865  -24.226 0.2857142985
89492  -27.361  -7.886  -24.803 0.2857142985
88370  -26.587  -8.432  -23.978 0.2857142985
90584  -28.360  -6.426  -24.678 0.2857142985
89483  -27.082  -7.489  -24.352 0.2857142985
89471  -26.937  -7.664  -23.217 0.2857142985
92770  -26.178  -4.400  -23.346 0.1428571492
90539  -26.393  -6.368  -22.278 0.2857142985
94658  -26.929  -1.880  -21.241 0.1428571492
88354  -25.952  -8.255  -22.280 0.1428571492
88362  -25.558  -8.745  -22.515 0.1428571492
85417  -24.533  -11.406  -22.949 0.2857142985
89457  -26.432  -7.486  -22.288 0.2857142985
91696  -26.045  -5.484  -23.188 0.1428571492
92758  -25.922  -4.475  -22.617 0.1428571492
91680  -26.137  -5.449  -22.040 0.1428571492
84376  -23.934  -12.349  -22.477 0.2857142985
89439  -26.101  -6.965  -21.811 0.1428571492
84362  -22.294  -12.248  -20.179 0.1428571492
83316  -33.441  -13.986  -15.853 0.1428571492
82258  -34.300  -14.830  -15.930 0.1428571492
77012  -26.923  -19.643  -21.292 0.1428571492
79005  -25.935  -17.610  -22.458 0.1428571492
79021  -26.410  -16.987  -22.830 0.1428571492
81271  -24.940  -15.444  -22.908 0.1428571492
82388  -26.341  -14.239  -24.028 0.1428571492
83377  -23.654  -13.263  -22.023 0.1428571492
84392  -26.078  -13.187  -24.518 0.1428571492
86350  -26.695  -9.640  -24.704 0.1428571492
87323  -26.557  -9.220  -24.506 0.2857142985
87311  -25.719  -9.187  -22.832 0.1428571492
88376  -27.000  -8.421  -24.724 0.1428571492
90529  -26.117  -6.442  -21.255 0.1428571492
91668  -26.413  -5.446  -21.083 0.1428571492
93771  -26.301  -3.838  -22.987 0.1428571492
92745  -26.289  -4.462  -21.671 0.1428571492
81184  -34.032  -15.795  -16.093 0.1428571492
90585  -28.798  -6.480  -24.414 0.2857142985
91729  -28.461  -5.515  -24.596 0.2857142985
93746  -26.750  -3.487  -21.390 0.1428571492
90570  -27.067  -6.366  -24.128 0.2857142985
91697  -26.538  -5.852  -23.507 0.2857142985
73707  -28.766  -22.651  -19.630 0.1428571492
77014  -28.988  -19.590  -21.201 0.1428571492
78908  -34.764  -17.878  -15.431 0.1428571492
88372  -28.203  -8.396  -24.092 0.2857142985
85433  -26.931  -12.239  -24.388 0.1428571492
85427  -27.666  -11.696  -24.161 0.1428571492
86345  -27.266  -10.455  -24.136 0.1428571492
77027  -27.781  -18.694  -21.671 0.1428571492
79022  -27.113  -17.197  -22.622 0.1428571492
80123  -26.133  -16.090  -23.268 0.1428571492
78041  -26.625  -18.260  -22.190 0.1428571492
77026  -27.220  -18.918  -21.814 0.1428571492
81272  -25.525  -15.596  -23.306 0.1428571492
81282  -25.268  -15.069  -23.489 0.1428571492
82370  -24.446  -13.894  -22.734 0.1428571492
83396  -25.792  -13.660  -24.365 0.1428571492
84377  -24.326  -12.506  -23.193 0.1428571492
83395  -25.103  -13.558  -23.917 0.1428571492
84386  -26.320  -12.368  -24.430 0.1428571492
85418  -25.155  -10.921  -23.154 0.2857142985
87324  -27.066  -9.183  -24.960 0.2857142985
90554  -26.740  -6.502  -23.217 0.2857142985
90583  -27.736  -6.293  -24.691 0.2857142985
89458  -26.717  -7.813  -22.401 0.1428571492
93731  -27.122  -3.360  -20.487 0.1428571492
88377  -27.602  -8.300  -24.827 0.2857142985
89485  -28.728  -7.522  -24.162 0.2857142985
88378  -28.258  -7.773  -24.734 0.2857142985
89493  -27.770  -7.264  -24.883 0.2857142985
88363  -26.375  -8.544  -22.893 0.1428571492
89484  -27.416  -6.870  -24.559 0.2857142985
95538  -26.288  -1.090  -21.743 0.1428571492
86343  -25.623  -10.378  -23.354 0.1428571492
87317  -26.112  -9.400  -23.555 0.2857142985
63042  -24.628  -31.520  -12.390 0.1428571492
61833  -25.913  -32.177  -12.978 0.1428571492
63058  -25.851  -31.491  -13.370 0.1428571492
64333  -23.773  -30.490  -12.667 0.1428571492
64351  -24.791  -30.221  -13.395 0.1428571492
65544  -24.886  -29.533  -13.945 0.1428571492
64335  -25.276  -30.949  -13.276 0.1428571492
65556  -25.730  -29.458  -14.787 0.1428571492
64352  -25.642  -30.535  -13.811 0.1428571492
61835  -26.818  -31.781  -13.526 0.1428571492
65557  -26.283  -29.600  -15.046 0.1428571492
64369  -26.651  -30.257  -14.695 0.1428571492
64383  -27.329  -30.009  -15.166 0.1428571492
66693  -25.541  -28.906  -15.183 0.1428571492
65574  -26.200  -28.926  -15.904 0.1428571492
65568  -28.141  -29.812  -16.182 0.1428571492
65582  -28.574  -29.877  -17.783 0.1428571492
67910  -28.332  -27.381  -18.275 0.1428571492
69108  -29.217  -26.712  -17.717 0.1428571492
63059  -26.449  -31.335  -13.776 0.1428571492
63025  -24.263  -31.823  -11.897 0.1428571492
63041  -23.641  -31.177  -12.135 0.1428571492
70280  -29.174  -25.589  -18.317 0.1428571492
64385  -28.983  -30.210  -16.165 0.1428571492
63043  -25.364  -31.593  -12.871 0.1428571492
63072  -27.082  -30.890  -14.386 0.1428571492
65577  -28.346  -29.955  -16.952 0.1428571492
64334  -24.675  -30.822  -12.939 0.1428571492
65543  -23.991  -29.456  -13.523 0.1428571492
64368  -25.966  -30.171  -14.352 0.1428571492
64353  -26.305  -30.706  -14.187 0.1428571492
63071  -26.757  -30.987  -14.213 0.1428571492
65566  -26.698  -29.507  -15.443 0.1428571492
65565  -25.985  -29.195  -15.356 0.1428571492
65567  -27.483  -29.596  -15.825 0.1428571492
66678  -24.749  -29.006  -14.390 0.1428571492
63024  -23.519  -31.724  -11.652 0.1428571492
58360  -24.610  -35.228  -10.312 0.2857142985
62990  -26.752  -32.435  -10.212 0.5714285970
64253  -27.518  -31.250  -9.371 0.4285714328
64393  -30.068  -30.096  -16.912 0.4285714328
64394  -30.644  -30.012  -17.198 0.5714285970
64396  -30.147  -30.323  -17.740 0.2857142985
64398  -31.534  -30.490  -17.915 0.5714285970
64400  -30.058  -30.073  -18.204 0.2857142985
64401  -30.816  -30.392  -18.114 0.5714285970
64402  -31.315  -30.561  -18.048 0.5714285970
65375  -36.543  -29.874  -5.238 0.1428571492
65423  -35.224  -29.122  -6.645 0.1428571492
65446  -34.720  -28.874  -7.262 0.1428571492
65545  -25.491  -29.770  -14.243 0.1428571492
65579  -30.300  -29.554  -16.658 0.5714285970
65584  -31.514  -30.170  -17.732 0.5714285970
65589  -31.441  -30.134  -18.169 0.5714285970
66465  -38.234  -28.911  -4.059 0.1428571492
66571  -31.110  -28.578  -9.535 0.2857142985
66694  -30.149  -29.389  -14.810 0.5714285970
66713  -30.170  -28.930  -16.929 0.5714285970
66720  -31.769  -29.932  -17.907 0.5714285970
66725  -30.987  -29.396  -18.037 0.2857142985
66726  -31.547  -29.699  -18.048 0.5714285970
67697  -37.990  -27.836  -4.346 0.1428571492
67730  -37.114  -27.494  -6.544 0.1428571492
67897  -30.653  -27.729  -15.959 0.4285714328
67906  -29.818  -27.664  -16.689 0.4285714328
68952  -37.258  -26.137  -7.933 0.1428571492
69062  -32.107  -27.150  -13.776 0.5714285970
69103  -29.599  -26.907  -17.233 0.5714285970
70092  -39.275  -26.216  -4.783 0.1428571492
70101  -37.649  -25.991  -6.238 0.1428571492
70140  -37.648  -25.517  -8.027 0.1428571492
70141  -37.799  -25.383  -7.691 0.1428571492
71295  -40.452  -25.136  -5.521 0.1428571492
71332  -38.091  -24.942  -7.819 0.1428571492
71451  -31.904  -24.786  -16.708 0.7142857313
71476  -28.457  -24.389  -19.019 0.1428571492
75915  -32.294  -20.279  -18.406 0.8571428657
75946  -29.350  -20.341  -20.767 0.2857142985
76989  -32.721  -19.473  -18.031 0.8571428657
77945  -34.860  -18.069  -15.093 0.1428571492
78052  -27.428  -17.580  -22.241 0.1428571492
78958  -32.268  -18.125  -18.128 0.8571428657
79006  -26.653  -17.610  -22.572 0.1428571492
79009  -29.028  -17.533  -21.401 0.2857142985
80067  -33.066  -16.944  -16.880 0.5714285970
80093  -30.868  -16.943  -19.116 1.0000000000
80104  -29.982  -16.791  -20.162 0.8571428657
80113  -27.931  -16.790  -21.893 0.1428571492
80137  -27.407  -15.998  -22.926 0.2857142985
80138  -27.592  -16.134  -22.572 0.2857142985
81200  -30.945  -15.902  -18.190 0.8571428657
81273  -27.739  -14.954  -22.436 0.2857142985
81284  -26.665  -15.010  -23.515 0.1428571492
82356  -29.133  -14.447  -20.937 0.8571428657
82387  -25.485  -14.409  -23.884 0.1428571492
82390  -27.450  -14.068  -22.889 0.2857142985
83342  -29.883  -14.233  -18.960 0.8571428657
83378  -28.596  -13.692  -21.588 0.2857142985
83386  -24.155  -13.322  -22.628 0.1428571492
83397  -27.156  -13.525  -23.740 0.2857142985
83407  -26.353  -13.523  -24.343 0.1428571492
83408  -26.871  -13.324  -24.125 0.1428571492
84357  -29.196  -12.580  -20.413 1.0000000000
84358  -29.448  -13.071  -19.905 1.0000000000
84378  -28.583  -12.496  -22.514 0.2857142985
84385  -25.738  -12.655  -24.364 0.1428571492
84393  -26.521  -12.803  -24.449 0.1428571492
84394  -27.277  -12.645  -24.218 0.2857142985
85364  -31.724  -12.140  -16.182 0.1428571492
85392  -28.968  -11.994  -20.579 0.7142857313
85432  -26.568  -12.285  -24.435 0.1428571492
86286  -29.895  -11.775  -18.551 0.8571428657
86311  -28.887  -11.571  -20.847 1.0000000000
86321  -28.916  -11.249  -21.306 0.8571428657
86339  -30.056  -9.766  -22.389 0.7142857313
86351  -26.925  -9.873  -24.675 0.2857142985
87241  -31.973  -10.592  -16.275 0.2857142985
87271  -29.695  -9.929  -18.469 0.7142857313
88355  -26.576  -8.108  -22.360 0.1428571492
88364  -26.957  -8.067  -22.607 0.1428571492
89494  -28.547  -7.076  -24.660 0.2857142985
90571  -28.778  -5.887  -24.359 0.5714285970
91660  -31.181  -5.093  -19.094 0.2857142985
91711  -26.282  -4.889  -23.690 0.2857142985
91713  -28.854  -5.490  -24.467 0.5714285970
92724  -31.131  -4.548  -19.451 0.2857142985
92734  -30.289  -4.434  -20.681 0.5714285970
93703  -32.523  -3.820  -18.806 0.1428571492
94643  -31.403  -2.592  -20.153 0.1428571492
94644  -33.914  -1.926  -20.220 0.1428571492
94682  -26.417  -2.362  -24.088 0.4285714328
95508  -31.752  -2.211  -20.009 0.1428571492
95525  -33.497  -1.371  -20.294 0.1428571492
95576  -26.537  -1.630  -24.545 0.2857142985
95587  -26.962  -1.096  -25.180 0.2857142985
96391  -26.307  -0.167  -23.769 0.1428571492
96403  -27.512  -1.049  -25.199 0.2857142985
96412  -26.799  -0.794  -25.219 0.2857142985
96414  -27.494  -0.726  -25.346 0.2857142985
97160  -32.577  -0.027  -20.896 0.1428571492
97170  -30.858  0.666  -21.852 0.1428571492
97208  -26.564  -0.224  -24.915 0.2857142985
97221  -26.814  -0.350  -25.440 0.2857142985
97222  -27.402  -0.326  -25.478 0.2857142985
97979  -31.288  0.896  -21.875 0.1428571492
98928  -31.580  2.691  -24.053 0.1428571492
99820  -31.270  2.865  -24.156 0.1428571492
99842  -32.388  3.192  -25.293 0.1428571492
