#!ascii label  , from subject sub.01.dh.02t2 vox2ras=TkReg
381
65509  -29.449  -28.967  -11.220 0.0000000000
67895  -29.816  -28.328  -16.750 0.0000000000
85419  -29.043  -11.645  -22.789 0.0000000000
80091  -29.898  -16.298  -20.068 0.0000000000
75880  -32.892  -20.850  -17.024 0.0000000000
70216  -32.577  -25.933  -12.715 0.0000000000
86346  -28.410  -10.581  -23.653 0.0000000000
77996  -31.775  -18.523  -18.647 0.0000000000
74815  -31.128  -22.103  -19.249 0.0000000000
66695  -30.564  -29.023  -14.955 0.0000000000
70252  -31.898  -26.059  -15.051 0.0000000000
66664  -31.734  -28.229  -12.811 0.0000000000
60575  -26.005  -33.886  -10.540 0.0000000000
64337  -28.299  -30.175  -12.973 0.0000000000
93784  -27.382  -3.385  -24.008 0.0000000000
92772  -29.615  -4.395  -24.135 0.0000000000
90540  -29.658  -6.343  -21.909 0.0000000000
89440  -29.802  -7.567  -20.826 0.0000000000
88308  -29.454  -9.572  -19.088 0.0000000000
83379  -29.018  -13.850  -21.111 0.0000000000
85380  -30.170  -12.468  -18.300 0.0000000000
82275  -31.357  -15.181  -17.337 0.0000000000
78942  -33.190  -17.600  -17.117 0.0000000000
75866  -34.116  -19.752  -15.430 0.0000000000
71458  -31.635  -24.342  -17.247 0.0000000000
72548  -32.903  -23.752  -15.483 0.0000000000
75932  -29.790  -20.951  -20.261 0.0000000000
73708  -29.765  -22.623  -19.487 0.0000000000
66662  -30.092  -28.832  -13.533 0.0000000000
66681  -31.427  -28.349  -13.820 0.0000000000
66652  -30.982  -28.558  -12.214 0.0000000000
57175  -24.763  -36.719  -6.669 0.0000000000
58313  -25.160  -35.406  -7.690 0.0000000000
59438  -25.601  -34.584  -8.204 0.0000000000
64371  -28.714  -30.130  -14.943 0.0000000000
63060  -27.184  -31.354  -13.839 0.0000000000
91698  -29.521  -5.089  -23.315 0.0000000000
85428  -28.743  -11.616  -23.616 0.0000000000
87313  -29.605  -9.237  -22.553 0.0000000000
86331  -29.951  -10.122  -21.897 0.0000000000
88324  -29.569  -8.857  -19.714 0.0000000000
86322  -29.189  -10.387  -21.181 0.0000000000
82338  -29.378  -14.727  -20.433 0.0000000000
84346  -29.743  -13.377  -19.174 0.0000000000
82298  -29.917  -14.793  -19.071 0.0000000000
84332  -30.723  -13.548  -17.641 0.0000000000
81218  -30.706  -15.826  -18.644 0.0000000000
76988  -32.427  -19.626  -18.344 0.0000000000
77975  -32.530  -18.264  -18.006 0.0000000000
76967  -32.990  -19.497  -17.746 0.0000000000
76948  -33.921  -19.429  -16.360 0.0000000000
75881  -33.553  -20.207  -16.493 0.0000000000
69109  -29.764  -26.529  -17.464 0.0000000000
71469  -30.343  -24.716  -18.214 0.0000000000
70271  -30.797  -25.866  -16.962 0.0000000000
69077  -32.177  -26.212  -14.072 0.0000000000
70253  -32.292  -25.253  -15.521 0.0000000000
71419  -32.508  -24.671  -14.066 0.0000000000
73620  -32.796  -22.999  -14.181 0.0000000000
72497  -32.602  -24.041  -13.001 0.0000000000
61762  -26.491  -32.957  -9.786 0.0000000000
61781  -26.515  -33.002  -10.910 0.0000000000
62991  -27.130  -31.769  -10.016 0.0000000000
63008  -27.407  -31.703  -11.093 0.0000000000
78031  -30.030  -18.404  -20.440 0.0000000000
78978  -30.960  -17.497  -19.075 0.0000000000
77002  -30.496  -19.299  -20.142 0.0000000000
75934  -31.226  -20.261  -19.541 0.0000000000
74799  -31.838  -21.990  -18.129 0.0000000000
66704  -30.558  -28.800  -15.813 0.0000000000
69095  -30.899  -26.997  -16.013 0.0000000000
67878  -31.581  -27.871  -14.665 0.0000000000
67862  -31.989  -27.639  -13.633 0.0000000000
69063  -32.263  -26.860  -13.353 0.0000000000
60542  -26.229  -33.650  -8.528 0.0000000000
64397  -30.990  -30.412  -17.633 0.0000000000
65569  -29.950  -29.882  -15.567 0.0000000000
65547  -29.455  -29.305  -13.906 0.0000000000
65532  -28.813  -29.485  -12.512 0.0000000000
95577  -27.197  -1.522  -24.964 0.0000000000
91728  -27.634  -5.435  -24.409 0.0000000000
93786  -28.785  -3.945  -25.115 0.0000000000
93747  -29.633  -3.364  -22.827 0.0000000000
93748  -29.753  -3.379  -21.798 0.0000000000
91682  -29.993  -5.010  -21.190 0.0000000000
88366  -29.276  -8.134  -22.459 0.0000000000
89459  -29.620  -7.338  -21.723 0.0000000000
90531  -30.320  -6.054  -20.064 0.0000000000
90523  -30.506  -6.225  -19.320 0.0000000000
89412  -30.839  -7.698  -18.197 0.0000000000
89400  -31.060  -8.556  -17.635 0.0000000000
84370  -28.719  -12.737  -21.708 0.0000000000
85393  -29.255  -12.090  -19.805 0.0000000000
86302  -29.746  -10.640  -18.431 0.0000000000
86288  -30.710  -11.173  -16.991 0.0000000000
85363  -31.226  -12.054  -16.494 0.0000000000
82256  -32.714  -15.147  -16.171 0.0000000000
80065  -31.702  -16.978  -17.832 0.0000000000
80066  -32.531  -16.950  -17.232 0.0000000000
72591  -30.032  -23.915  -19.036 0.0000000000
72593  -31.207  -23.079  -18.414 0.0000000000
73677  -32.178  -22.534  -17.349 0.0000000000
70263  -31.572  -25.805  -16.158 0.0000000000
71452  -32.348  -24.271  -16.579 0.0000000000
73663  -32.637  -22.435  -16.653 0.0000000000
74768  -33.480  -21.543  -15.061 0.0000000000
75838  -33.693  -20.855  -14.281 0.0000000000
63026  -27.447  -31.589  -12.259 0.0000000000
64317  -27.806  -30.852  -11.560 0.0000000000
65484  -28.725  -29.755  -10.348 0.0000000000
65520  -29.418  -28.906  -12.108 0.0000000000
66651  -30.114  -28.584  -12.621 0.0000000000
66637  -30.163  -28.510  -11.660 0.0000000000
66638  -31.050  -28.458  -11.218 0.0000000000
66602  -30.189  -28.593  -10.687 0.0000000000
57176  -25.222  -36.368  -6.218 0.0000000000
58297  -24.848  -36.081  -7.383 0.0000000000
58298  -25.458  -35.653  -6.495 0.0000000000
86338  -29.553  -10.480  -22.910 0.0000000000
86330  -29.307  -10.909  -22.081 0.0000000000
85411  -28.883  -11.808  -21.988 0.0000000000
80103  -29.606  -16.695  -20.592 0.0000000000
81246  -29.422  -15.769  -20.636 0.0000000000
81232  -29.806  -15.768  -19.924 0.0000000000
82321  -29.777  -15.081  -19.565 0.0000000000
82322  -30.065  -15.334  -19.234 0.0000000000
82299  -30.251  -15.029  -18.759 0.0000000000
81233  -30.262  -15.820  -19.396 0.0000000000
75897  -32.660  -20.318  -17.877 0.0000000000
76966  -32.709  -19.718  -17.998 0.0000000000
75898  -33.173  -20.026  -17.262 0.0000000000
67905  -29.486  -27.799  -17.067 0.0000000000
69104  -30.030  -26.840  -16.985 0.0000000000
70228  -32.397  -25.648  -13.629 0.0000000000
71406  -32.566  -24.683  -12.981 0.0000000000
72518  -32.596  -23.814  -13.528 0.0000000000
71407  -32.647  -24.507  -12.311 0.0000000000
70217  -32.699  -25.226  -12.122 0.0000000000
61763  -26.850  -32.231  -9.578 0.0000000000
77015  -29.813  -19.561  -20.640 0.0000000000
78017  -30.680  -18.704  -19.786 0.0000000000
74834  -30.589  -21.786  -19.625 0.0000000000
74835  -31.215  -20.906  -19.455 0.0000000000
74816  -31.578  -21.764  -18.767 0.0000000000
66705  -31.028  -28.432  -15.122 0.0000000000
66696  -31.155  -28.552  -14.539 0.0000000000
67850  -32.064  -27.814  -13.033 0.0000000000
67863  -32.143  -27.525  -13.136 0.0000000000
67851  -32.280  -27.690  -12.535 0.0000000000
66665  -32.102  -28.179  -12.185 0.0000000000
55962  -24.152  -37.410  -7.351 0.0000000000
55941  -24.281  -37.478  -6.498 0.0000000000
60541  -25.918  -34.086  -8.434 0.0000000000
65578  -30.112  -29.873  -16.192 0.0000000000
64355  -28.282  -30.118  -13.942 0.0000000000
65558  -28.936  -29.757  -14.222 0.0000000000
65546  -28.792  -29.593  -13.436 0.0000000000
94696  -26.987  -2.312  -24.311 0.0000000000
94697  -28.057  -2.379  -24.635 0.0000000000
95578  -27.820  -1.434  -24.987 0.0000000000
91730  -28.927  -5.255  -24.572 0.0000000000
92786  -28.263  -4.632  -24.764 0.0000000000
92787  -29.062  -4.706  -24.783 0.0000000000
93773  -29.392  -3.640  -24.673 0.0000000000
93760  -29.763  -3.374  -23.828 0.0000000000
94673  -29.581  -2.535  -23.188 0.0000000000
92759  -29.683  -4.096  -23.343 0.0000000000
90556  -29.360  -6.150  -22.879 0.0000000000
92746  -29.658  -4.251  -22.466 0.0000000000
91681  -29.703  -5.265  -22.068 0.0000000000
92747  -29.900  -4.298  -21.455 0.0000000000
88365  -28.725  -8.802  -23.104 0.0000000000
88356  -29.627  -8.376  -21.691 0.0000000000
90530  -29.917  -6.452  -20.886 0.0000000000
90522  -30.026  -6.850  -19.968 0.0000000000
88325  -30.112  -8.086  -19.006 0.0000000000
88309  -30.179  -8.995  -18.352 0.0000000000
81261  -29.141  -15.068  -21.012 0.0000000000
82355  -28.741  -14.641  -21.444 0.0000000000
84371  -28.939  -13.213  -21.255 0.0000000000
84363  -29.029  -12.609  -21.013 0.0000000000
84364  -29.196  -13.194  -20.724 0.0000000000
85379  -29.781  -12.407  -18.911 0.0000000000
85361  -30.127  -12.039  -18.287 0.0000000000
86287  -30.084  -11.347  -18.039 0.0000000000
85362  -30.500  -12.345  -17.574 0.0000000000
83329  -31.239  -14.180  -16.971 0.0000000000
83330  -31.716  -13.785  -16.126 0.0000000000
82276  -31.937  -14.938  -16.456 0.0000000000
78018  -31.196  -18.450  -19.095 0.0000000000
80080  -31.155  -17.025  -18.610 0.0000000000
78957  -31.741  -17.845  -18.373 0.0000000000
77976  -33.012  -18.551  -17.717 0.0000000000
78941  -32.382  -17.737  -17.805 0.0000000000
80046  -32.804  -16.392  -16.692 0.0000000000
80047  -33.651  -16.825  -16.430 0.0000000000
75882  -33.947  -19.827  -15.933 0.0000000000
75839  -34.128  -19.957  -14.715 0.0000000000
72604  -29.290  -23.692  -19.230 0.0000000000
71457  -30.882  -24.662  -17.711 0.0000000000
72576  -30.972  -24.103  -18.072 0.0000000000
72577  -31.306  -23.731  -17.874 0.0000000000
73676  -31.671  -22.570  -17.948 0.0000000000
72578  -32.096  -23.473  -17.127 0.0000000000
69089  -31.471  -26.904  -15.289 0.0000000000
70262  -30.974  -26.330  -16.426 0.0000000000
71428  -32.693  -24.611  -15.036 0.0000000000
71439  -32.656  -24.444  -15.906 0.0000000000
72563  -32.720  -23.577  -16.321 0.0000000000
73651  -32.989  -22.907  -15.866 0.0000000000
73664  -33.029  -22.278  -16.043 0.0000000000
73652  -33.185  -22.266  -15.484 0.0000000000
73621  -33.118  -22.286  -13.797 0.0000000000
74750  -33.425  -21.712  -14.266 0.0000000000
74733  -33.492  -21.537  -13.519 0.0000000000
64281  -27.602  -30.993  -10.029 0.0000000000
64303  -27.806  -30.760  -10.694 0.0000000000
64304  -28.259  -30.182  -10.890 0.0000000000
64282  -28.310  -30.267  -9.930 0.0000000000
75947  -29.898  -20.302  -20.457 0.0000000000
74833  -29.373  -21.836  -20.015 0.0000000000
73709  -30.389  -22.584  -19.353 0.0000000000
66680  -30.765  -28.816  -14.051 0.0000000000
66663  -30.874  -28.580  -13.169 0.0000000000
66653  -31.766  -28.430  -11.825 0.0000000000
59426  -25.625  -34.870  -7.038 0.0000000000
64370  -27.648  -30.514  -14.502 0.0000000000
64354  -27.782  -30.789  -13.503 0.0000000000
92771  -26.869  -4.375  -23.636 0.0000000000
91714  -29.202  -5.296  -24.276 0.0000000000
90572  -29.147  -6.118  -23.881 0.0000000000
89486  -29.193  -6.974  -23.561 0.0000000000
87312  -28.945  -9.726  -23.186 0.0000000000
87304  -29.837  -9.271  -21.782 0.0000000000
88340  -29.660  -8.554  -20.835 0.0000000000
87296  -29.460  -9.462  -21.002 0.0000000000
87287  -29.169  -9.914  -20.055 0.0000000000
83368  -29.291  -13.890  -20.496 0.0000000000
83358  -29.547  -14.061  -19.752 0.0000000000
84347  -30.168  -13.188  -18.405 0.0000000000
83343  -30.375  -14.090  -18.321 0.0000000000
83328  -30.870  -14.537  -17.885 0.0000000000
82274  -30.914  -15.396  -18.102 0.0000000000
76987  -31.787  -19.167  -18.813 0.0000000000
77997  -32.329  -18.646  -18.298 0.0000000000
77998  -32.752  -19.151  -18.072 0.0000000000
77959  -33.602  -18.374  -17.007 0.0000000000
76947  -33.591  -19.259  -17.069 0.0000000000
75865  -33.754  -20.516  -15.451 0.0000000000
71468  -29.699  -24.599  -18.623 0.0000000000
70281  -30.061  -25.724  -17.846 0.0000000000
70272  -31.370  -25.081  -16.966 0.0000000000
70238  -32.078  -26.166  -14.506 0.0000000000
70239  -32.310  -25.520  -14.569 0.0000000000
72535  -32.739  -23.808  -14.576 0.0000000000
73636  -32.952  -23.004  -15.057 0.0000000000
72519  -32.732  -22.952  -13.350 0.0000000000
73582  -33.370  -22.769  -11.688 0.0000000000
72498  -32.717  -23.657  -12.501 0.0000000000
63007  -26.950  -32.299  -10.727 0.0000000000
78992  -29.270  -17.474  -21.043 0.0000000000
78993  -29.999  -17.335  -20.297 0.0000000000
80092  -30.487  -16.850  -19.671 0.0000000000
78977  -30.552  -17.866  -19.728 0.0000000000
77003  -31.154  -19.495  -19.528 0.0000000000
75933  -30.586  -20.336  -20.047 0.0000000000
75914  -31.763  -20.297  -18.931 0.0000000000
74817  -32.203  -20.883  -18.397 0.0000000000
74800  -32.301  -21.667  -17.686 0.0000000000
66714  -30.312  -29.068  -16.685 0.0000000000
67896  -30.165  -27.816  -16.318 0.0000000000
67887  -30.440  -28.259  -15.969 0.0000000000
67888  -31.040  -27.880  -15.594 0.0000000000
69076  -31.973  -26.876  -14.309 0.0000000000
69057  -32.619  -26.904  -12.340 0.0000000000
66654  -32.553  -28.195  -11.571 0.0000000000
55940  -23.664  -37.980  -6.785 0.0000000000
60574  -25.668  -34.232  -9.818 0.0000000000
59453  -25.362  -34.755  -9.377 0.0000000000
60558  -25.736  -34.108  -8.968 0.0000000000
60559  -26.082  -33.650  -9.443 0.0000000000
61747  -26.466  -33.110  -8.942 0.0000000000
66719  -31.036  -29.576  -17.604 0.0000000000
65583  -30.894  -29.851  -17.337 0.0000000000
65570  -30.272  -29.447  -15.737 0.0000000000
65560  -30.157  -29.530  -15.173 0.0000000000
64372  -29.423  -30.082  -15.510 0.0000000000
65559  -29.630  -29.713  -14.798 0.0000000000
66679  -30.119  -29.180  -14.341 0.0000000000
65533  -29.370  -29.006  -13.026 0.0000000000
65519  -28.947  -29.378  -11.726 0.0000000000
94695  -26.541  -2.185  -24.442 0.0000000000
91712  -26.819  -5.359  -23.810 0.0000000000
92785  -27.561  -4.479  -24.171 0.0000000000
93785  -28.183  -3.667  -24.596 0.0000000000
94698  -28.783  -3.181  -24.787 0.0000000000
94685  -29.149  -2.464  -24.161 0.0000000000
93733  -30.476  -3.447  -20.776 0.0000000000
93716  -30.699  -4.010  -20.329 0.0000000000
89473  -28.887  -7.834  -23.319 0.0000000000
89474  -29.352  -7.137  -22.635 0.0000000000
91669  -29.881  -5.686  -21.297 0.0000000000
91670  -30.222  -5.353  -20.512 0.0000000000
92723  -30.677  -4.532  -20.028 0.0000000000
91659  -30.671  -5.334  -19.595 0.0000000000
90510  -31.090  -6.440  -18.523 0.0000000000
89424  -29.899  -7.833  -19.889 0.0000000000
89425  -30.279  -7.143  -19.061 0.0000000000
83389  -28.199  -13.427  -22.214 0.0000000000
85402  -28.887  -11.987  -21.255 0.0000000000
86312  -28.990  -11.107  -20.211 0.0000000000
86301  -29.559  -11.386  -18.993 0.0000000000
87270  -29.348  -10.411  -19.166 0.0000000000
87253  -30.316  -10.194  -17.713 0.0000000000
88295  -30.923  -9.358  -17.492 0.0000000000
84333  -31.066  -13.105  -16.706 0.0000000000
84334  -31.697  -12.714  -16.110 0.0000000000
84319  -32.510  -13.265  -15.865 0.0000000000
83315  -32.586  -14.355  -15.893 0.0000000000
80079  -30.781  -16.461  -18.991 0.0000000000
80064  -31.045  -16.381  -18.320 0.0000000000
81201  -31.273  -15.995  -17.757 0.0000000000
78940  -31.939  -17.538  -17.987 0.0000000000
81202  -31.910  -16.078  -16.979 0.0000000000
81182  -32.501  -15.674  -16.493 0.0000000000
77960  -34.109  -18.612  -16.378 0.0000000000
73690  -30.196  -23.236  -19.151 0.0000000000
72592  -30.638  -23.865  -18.496 0.0000000000
73691  -30.949  -22.656  -19.036 0.0000000000
73692  -31.366  -22.523  -18.562 0.0000000000
69094  -30.565  -26.731  -16.526 0.0000000000
70264  -32.225  -24.937  -16.215 0.0000000000
71459  -32.043  -24.237  -16.943 0.0000000000
74783  -32.730  -21.592  -16.855 0.0000000000
74784  -33.209  -21.472  -16.151 0.0000000000
73637  -33.195  -22.313  -14.648 0.0000000000
63044  -27.455  -31.387  -13.074 0.0000000000
64336  -27.821  -30.828  -12.551 0.0000000000
64318  -28.391  -30.083  -11.881 0.0000000000
65508  -28.795  -29.534  -11.033 0.0000000000
62990  -26.752  -32.435  -10.212 0.0000000000
64253  -27.518  -31.250  -9.371 0.0000000000
64393  -30.068  -30.096  -16.912 0.0000000000
64394  -30.644  -30.012  -17.198 0.0000000000
64398  -31.534  -30.490  -17.915 0.0000000000
64401  -30.816  -30.392  -18.114 0.0000000000
64402  -31.315  -30.561  -18.048 0.0000000000
65579  -30.300  -29.554  -16.658 0.0000000000
65584  -31.514  -30.170  -17.732 0.0000000000
65589  -31.441  -30.134  -18.169 0.0000000000
66694  -30.149  -29.389  -14.810 0.0000000000
66713  -30.170  -28.930  -16.929 0.0000000000
66720  -31.769  -29.932  -17.907 0.0000000000
66726  -31.547  -29.699  -18.048 0.0000000000
67897  -30.653  -27.729  -15.959 0.0000000000
67906  -29.818  -27.664  -16.689 0.0000000000
69062  -32.107  -27.150  -13.776 0.0000000000
69103  -29.599  -26.907  -17.233 0.0000000000
69108  -29.217  -26.712  -17.717 0.0000000000
71451  -31.904  -24.786  -16.708 0.0000000000
75915  -32.294  -20.279  -18.406 0.0000000000
76989  -32.721  -19.473  -18.031 0.0000000000
78958  -32.268  -18.125  -18.128 0.0000000000
80067  -33.066  -16.944  -16.880 0.0000000000
80093  -30.868  -16.943  -19.116 0.0000000000
80104  -29.982  -16.791  -20.162 0.0000000000
81200  -30.945  -15.902  -18.190 0.0000000000
82356  -29.133  -14.447  -20.937 0.0000000000
83342  -29.883  -14.233  -18.960 0.0000000000
84357  -29.196  -12.580  -20.413 0.0000000000
84358  -29.448  -13.071  -19.905 0.0000000000
85392  -28.968  -11.994  -20.579 0.0000000000
86286  -29.895  -11.775  -18.551 0.0000000000
86311  -28.887  -11.571  -20.847 0.0000000000
86321  -28.916  -11.249  -21.306 0.0000000000
86339  -30.056  -9.766  -22.389 0.0000000000
87271  -29.695  -9.929  -18.469 0.0000000000
90571  -28.778  -5.887  -24.359 0.0000000000
91713  -28.854  -5.490  -24.467 0.0000000000
92734  -30.289  -4.434  -20.681 0.0000000000
94682  -26.417  -2.362  -24.088 0.0000000000
