#!ascii label  , from subject sub.01.dh.02t2 vox2ras=TkReg
1700
73516  54.524  -20.311  37.109 0.0000000000
48846  42.161  -39.786  53.622 0.0000000000
46425  27.694  -41.921  57.424 0.0000000000
48784  22.007  -40.177  60.096 0.0000000000
43921  37.544  -44.334  60.584 0.0000000000
45334  32.250  -43.401  49.766 0.0000000000
67294  48.009  -24.968  38.830 0.0000000000
72296  52.789  -20.866  32.213 0.0000000000
65982  49.014  -25.531  48.009 0.0000000000
55132  41.918  -35.388  45.737 0.0000000000
50256  33.475  -38.518  42.642 0.0000000000
43888  28.860  -42.768  61.856 0.0000000000
46392  24.674  -42.419  59.223 0.0000000000
46313  25.186  -41.585  63.533 0.0000000000
45159  33.445  -43.244  58.957 0.0000000000
70809  51.546  -21.725  46.330 0.0000000000
51233  44.622  -38.189  57.841 0.0000000000
53757  47.005  -35.865  54.203 0.0000000000
57497  46.093  -33.252  51.110 0.0000000000
50145  43.056  -38.547  48.812 0.0000000000
51455  39.143  -38.144  44.513 0.0000000000
50163  38.416  -38.846  48.460 0.0000000000
47727  27.784  -40.802  48.435 0.0000000000
45398  28.641  -42.595  44.765 0.0000000000
74765  56.041  -19.388  34.389 0.0000000000
69778  55.596  -23.135  33.241 0.0000000000
47677  25.395  -40.964  52.200 0.0000000000
46530  21.749  -42.566  53.436 0.0000000000
43988  40.628  -42.839  57.043 0.0000000000
48859  36.737  -40.787  52.432 0.0000000000
44007  35.254  -43.649  55.854 0.0000000000
45265  31.056  -41.949  53.049 0.0000000000
70932  50.725  -22.467  37.951 0.0000000000
52340  22.687  -37.816  66.249 0.0000000000
49975  19.400  -39.116  62.232 0.0000000000
76934  54.305  -17.619  37.393 0.0000000000
74693  54.608  -19.700  40.701 0.0000000000
69670  51.593  -23.106  42.166 0.0000000000
67213  48.644  -24.866  43.762 0.0000000000
64895  45.520  -27.821  43.549 0.0000000000
65924  49.665  -26.362  51.637 0.0000000000
61207  45.620  -30.178  47.632 0.0000000000
60132  40.946  -31.578  42.412 0.0000000000
56503  38.044  -34.852  40.153 0.0000000000
48921  32.770  -40.801  47.045 0.0000000000
47543  28.924  -41.621  63.038 0.0000000000
45051  26.821  -42.538  62.525 0.0000000000
48717  26.875  -41.144  62.590 0.0000000000
43868  31.670  -42.817  62.292 0.0000000000
47641  44.598  -39.945  55.675 0.0000000000
50107  45.527  -38.566  53.464 0.0000000000
51380  45.581  -37.893  51.615 0.0000000000
50126  42.295  -39.120  50.925 0.0000000000
51410  40.894  -38.595  48.743 0.0000000000
50128  40.157  -39.219  51.196 0.0000000000
47741  24.870  -41.925  47.620 0.0000000000
47751  25.898  -42.006  46.190 0.0000000000
73514  55.858  -19.990  36.021 0.0000000000
73527  57.546  -20.105  34.919 0.0000000000
72237  55.206  -21.442  35.776 0.0000000000
46525  26.207  -41.467  53.961 0.0000000000
46548  23.707  -41.264  52.871 0.0000000000
46475  24.866  -41.949  55.611 0.0000000000
47604  23.016  -41.696  59.568 0.0000000000
45185  22.670  -42.509  56.867 0.0000000000
47629  21.355  -41.516  57.112 0.0000000000
48810  19.862  -40.930  58.152 0.0000000000
46385  42.213  -42.098  59.375 0.0000000000
42852  39.914  -43.647  58.441 0.0000000000
45199  38.546  -43.194  56.540 0.0000000000
43975  37.073  -44.109  58.079 0.0000000000
46422  30.313  -42.283  57.511 0.0000000000
46468  31.992  -42.253  55.983 0.0000000000
46497  29.882  -41.535  54.725 0.0000000000
46544  27.924  -41.167  53.130 0.0000000000
68500  49.210  -24.192  38.894 0.0000000000
69734  49.593  -24.162  36.487 0.0000000000
67356  48.670  -25.464  36.543 0.0000000000
51141  17.643  -38.841  63.756 0.0000000000
70881  53.334  -21.665  41.794 0.0000000000
72099  52.563  -21.243  43.741 0.0000000000
69593  49.901  -23.475  47.179 0.0000000000
69621  50.551  -23.433  45.067 0.0000000000
67200  48.831  -24.745  45.896 0.0000000000
66033  46.758  -26.247  44.401 0.0000000000
66003  47.164  -26.623  46.094 0.0000000000
56335  43.862  -34.651  48.745 0.0000000000
60017  46.446  -31.256  49.713 0.0000000000
58840  43.617  -32.653  47.190 0.0000000000
61240  43.516  -30.679  45.484 0.0000000000
57668  41.434  -33.548  44.566 0.0000000000
57724  39.931  -33.466  41.809 0.0000000000
55175  40.442  -35.483  43.547 0.0000000000
51511  36.423  -37.763  41.388 0.0000000000
47698  34.286  -41.410  51.205 0.0000000000
48887  35.014  -40.384  49.857 0.0000000000
46599  32.586  -42.254  47.939 0.0000000000
46666  28.503  -41.652  43.270 0.0000000000
73612  55.856  -20.081  29.597 0.0000000000
72314  54.238  -21.565  30.733 0.0000000000
45143  28.696  -42.501  59.830 0.0000000000
46426  25.917  -41.824  57.923 0.0000000000
45120  26.958  -42.659  60.455 0.0000000000
46359  24.875  -42.725  61.264 0.0000000000
48755  23.582  -40.723  62.272 0.0000000000
45089  35.589  -43.567  61.807 0.0000000000
42831  35.778  -44.420  59.920 0.0000000000
43903  33.663  -43.422  61.355 0.0000000000
45116  30.881  -42.865  60.869 0.0000000000
73375  52.033  -20.735  44.847 0.0000000000
69567  49.897  -23.016  49.356 0.0000000000
55025  46.751  -35.151  52.439 0.0000000000
55037  44.850  -35.913  50.452 0.0000000000
52677  42.352  -37.170  47.108 0.0000000000
52706  40.441  -37.302  44.459 0.0000000000
50187  40.586  -38.506  46.444 0.0000000000
50189  38.875  -38.601  46.405 0.0000000000
50206  36.736  -38.735  45.487 0.0000000000
45336  30.272  -42.999  49.225 0.0000000000
45372  30.231  -43.809  46.533 0.0000000000
46612  28.591  -42.342  46.248 0.0000000000
73552  54.223  -20.120  33.785 0.0000000000
71029  54.638  -22.041  32.842 0.0000000000
72262  56.093  -21.200  33.571 0.0000000000
45205  23.480  -42.327  56.327 0.0000000000
46418  43.371  -41.268  57.875 0.0000000000
47645  41.966  -41.289  55.636 0.0000000000
48848  39.685  -40.356  53.347 0.0000000000
46491  39.342  -41.756  55.047 0.0000000000
46517  36.193  -41.690  53.976 0.0000000000
45280  33.292  -43.115  52.471 0.0000000000
43995  34.543  -43.846  57.000 0.0000000000
42895  32.839  -43.460  53.707 0.0000000000
44043  31.614  -43.258  51.497 0.0000000000
47700  29.816  -41.746  50.797 0.0000000000
47703  26.649  -40.643  50.145 0.0000000000
72195  52.096  -21.642  37.832 0.0000000000
72239  53.441  -22.310  35.661 0.0000000000
69732  50.994  -23.076  35.911 0.0000000000
48694  23.891  -39.838  64.969 0.0000000000
49949  22.501  -39.499  63.049 0.0000000000
51120  21.030  -38.290  64.428 0.0000000000
49998  21.036  -39.296  61.004 0.0000000000
74751  53.407  -19.128  35.220 0.0000000000
75875  54.926  -18.218  36.053 0.0000000000
74730  55.252  -18.660  37.682 0.0000000000
73493  54.320  -19.772  39.212 0.0000000000
72174  52.764  -21.543  39.652 0.0000000000
69691  51.381  -22.989  40.421 0.0000000000
68486  50.166  -24.257  40.785 0.0000000000
70848  51.646  -22.397  44.487 0.0000000000
68456  50.315  -24.225  42.868 0.0000000000
67252  48.372  -25.261  40.966 0.0000000000
66077  46.569  -26.333  41.709 0.0000000000
64931  44.728  -27.358  41.601 0.0000000000
65950  49.279  -26.032  49.691 0.0000000000
61156  48.240  -30.371  51.669 0.0000000000
62414  47.779  -29.104  49.848 0.0000000000
63621  47.554  -27.833  48.340 0.0000000000
62466  45.137  -28.884  45.379 0.0000000000
62501  43.494  -29.203  43.661 0.0000000000
52751  38.174  -36.804  41.916 0.0000000000
50141  37.699  -39.451  50.460 0.0000000000
48908  35.822  -39.502  47.790 0.0000000000
50225  33.181  -39.220  44.559 0.0000000000
47761  30.530  -42.101  45.427 0.0000000000
48978  30.616  -40.466  44.116 0.0000000000
47526  27.977  -41.523  62.965 0.0000000000
49968  28.181  -40.210  62.708 0.0000000000
48836  43.766  -39.904  54.545 0.0000000000
48835  44.657  -39.672  54.801 0.0000000000
48844  44.394  -39.337  53.872 0.0000000000
50114  44.782  -38.613  52.529 0.0000000000
48853  43.118  -39.227  52.572 0.0000000000
50127  41.266  -39.013  51.004 0.0000000000
50118  40.993  -39.316  51.848 0.0000000000
73515  54.969  -19.809  37.023 0.0000000000
72217  55.937  -20.406  35.843 0.0000000000
72218  55.443  -20.519  36.107 0.0000000000
46473  26.936  -41.500  55.833 0.0000000000
46501  25.533  -41.662  54.803 0.0000000000
46474  25.853  -41.695  55.779 0.0000000000
48794  22.382  -40.766  59.323 0.0000000000
47616  22.194  -41.440  58.300 0.0000000000
47617  21.526  -41.137  57.935 0.0000000000
47630  20.224  -41.332  56.950 0.0000000000
48809  20.511  -40.620  58.390 0.0000000000
46358  37.764  -42.429  61.218 0.0000000000
45112  38.758  -43.366  60.644 0.0000000000
43919  39.670  -43.394  59.955 0.0000000000
43942  39.184  -43.887  59.373 0.0000000000
43959  38.393  -43.987  58.698 0.0000000000
43960  37.371  -44.319  59.067 0.0000000000
46423  29.370  -42.362  57.408 0.0000000000
46443  30.200  -42.094  56.618 0.0000000000
46471  29.038  -41.768  55.690 0.0000000000
46499  27.627  -41.408  54.849 0.0000000000
68516  48.579  -24.601  38.388 0.0000000000
68535  48.585  -24.684  37.474 0.0000000000
67314  48.036  -25.039  37.841 0.0000000000
74638  53.481  -19.731  43.298 0.0000000000
73415  53.917  -20.313  42.987 0.0000000000
73398  52.555  -20.793  43.909 0.0000000000
67189  49.365  -24.703  47.343 0.0000000000
68421  49.297  -24.207  46.126 0.0000000000
67190  49.001  -24.978  46.818 0.0000000000
66002  47.788  -26.088  46.415 0.0000000000
65984  47.909  -26.451  47.286 0.0000000000
56354  42.873  -34.514  47.161 0.0000000000
57600  43.643  -33.501  47.814 0.0000000000
56377  42.717  -33.995  46.668 0.0000000000
57642  42.936  -33.057  46.130 0.0000000000
56401  41.833  -34.448  45.274 0.0000000000
56446  40.883  -34.724  44.086 0.0000000000
55133  41.525  -35.320  44.991 0.0000000000
46571  33.193  -42.401  50.808 0.0000000000
47711  33.390  -41.712  50.037 0.0000000000
46592  32.348  -42.977  48.800 0.0000000000
73595  54.094  -20.187  30.320 0.0000000000
72315  53.427  -21.094  31.123 0.0000000000
45118  29.003  -42.637  60.857 0.0000000000
45144  27.655  -42.607  59.757 0.0000000000
45093  28.173  -42.873  61.400 0.0000000000
45029  26.260  -42.125  63.074 0.0000000000
45072  26.210  -42.826  62.065 0.0000000000
46332  25.272  -42.058  63.005 0.0000000000
46346  24.479  -42.109  61.702 0.0000000000
47544  24.737  -41.541  63.287 0.0000000000
45042  34.515  -42.572  62.489 0.0000000000
43881  34.274  -43.326  61.833 0.0000000000
43882  33.163  -42.915  62.292 0.0000000000
43886  30.130  -43.223  61.981 0.0000000000
43906  31.108  -43.111  61.631 0.0000000000
45091  30.244  -42.995  61.190 0.0000000000
45142  29.734  -42.612  60.050 0.0000000000
52520  46.457  -36.843  55.317 0.0000000000
56170  46.907  -34.099  55.656 0.0000000000
54992  47.476  -34.251  54.637 0.0000000000
56228  47.581  -33.907  53.743 0.0000000000
55005  47.183  -35.367  53.396 0.0000000000
51390  44.780  -37.990  50.622 0.0000000000
52635  45.110  -37.422  50.862 0.0000000000
52650  44.158  -37.435  49.669 0.0000000000
53890  43.508  -36.625  48.790 0.0000000000
51417  42.982  -37.799  48.027 0.0000000000
51426  42.072  -37.720  46.889 0.0000000000
50159  42.337  -38.422  48.114 0.0000000000
50162  39.433  -38.679  48.266 0.0000000000
50174  39.632  -38.578  47.315 0.0000000000
50175  38.581  -38.604  47.404 0.0000000000
50191  36.535  -38.962  46.643 0.0000000000
46603  29.254  -41.630  48.440 0.0000000000
46611  29.247  -42.315  47.010 0.0000000000
47748  28.526  -41.605  46.964 0.0000000000
74783  55.238  -19.751  34.036 0.0000000000
73551  55.153  -20.361  33.597 0.0000000000
74782  55.920  -19.880  33.799 0.0000000000
72249  57.605  -21.057  34.631 0.0000000000
47691  24.950  -40.753  51.277 0.0000000000
47693  23.008  -41.053  51.150 0.0000000000
46411  25.295  -42.176  58.478 0.0000000000
46427  25.165  -42.111  57.516 0.0000000000
45183  23.776  -42.539  57.317 0.0000000000
45230  21.314  -42.498  55.177 0.0000000000
45207  22.067  -42.577  56.038 0.0000000000
45157  41.866  -42.613  58.342 0.0000000000
46403  42.831  -41.802  58.334 0.0000000000
45194  42.412  -42.202  57.533 0.0000000000
46461  42.777  -41.510  56.405 0.0000000000
46440  41.750  -41.895  56.456 0.0000000000
46489  40.794  -41.492  55.413 0.0000000000
45219  40.231  -42.395  55.970 0.0000000000
44005  36.692  -43.095  56.357 0.0000000000
45242  36.837  -42.104  55.221 0.0000000000
45262  35.275  -42.555  54.385 0.0000000000
46519  34.921  -42.545  53.878 0.0000000000
45263  34.534  -42.961  54.092 0.0000000000
43962  34.578  -43.768  59.211 0.0000000000
43961  35.262  -44.150  58.801 0.0000000000
43979  34.047  -43.482  57.924 0.0000000000
46520  31.366  -42.150  53.924 0.0000000000
44010  32.954  -43.122  55.430 0.0000000000
44023  32.123  -42.951  53.736 0.0000000000
42901  32.143  -43.414  52.606 0.0000000000
45281  31.627  -42.869  52.421 0.0000000000
45320  30.731  -42.669  51.211 0.0000000000
46561  30.120  -41.858  51.837 0.0000000000
47676  26.460  -40.965  52.258 0.0000000000
47689  27.125  -40.934  51.330 0.0000000000
47690  26.010  -40.755  51.295 0.0000000000
70950  51.401  -22.095  37.298 0.0000000000
72206  52.197  -21.890  36.792 0.0000000000
70951  50.807  -22.714  36.872 0.0000000000
67375  50.768  -24.952  35.848 0.0000000000
49900  23.622  -39.211  65.262 0.0000000000
48704  23.239  -39.650  64.383 0.0000000000
49912  23.051  -39.253  65.080 0.0000000000
51139  19.387  -38.602  63.744 0.0000000000
49951  20.250  -38.734  63.304 0.0000000000
49974  20.652  -38.904  62.050 0.0000000000
49999  19.578  -39.494  60.921 0.0000000000
50023  19.727  -39.900  59.922 0.0000000000
48773  19.015  -39.846  60.638 0.0000000000
74769  51.881  -19.245  34.436 0.0000000000
75876  53.865  -18.529  36.001 0.0000000000
75866  54.166  -17.941  36.691 0.0000000000
75864  55.267  -18.096  37.364 0.0000000000
76933  54.923  -17.561  37.565 0.0000000000
74692  54.651  -19.117  40.316 0.0000000000
74702  54.695  -19.160  39.414 0.0000000000
73476  54.388  -20.045  40.117 0.0000000000
72193  53.418  -20.896  38.994 0.0000000000
73463  54.007  -20.750  40.599 0.0000000000
70871  52.932  -22.065  42.391 0.0000000000
70893  52.698  -22.266  41.007 0.0000000000
69679  51.547  -23.100  41.254 0.0000000000
69680  50.833  -23.644  40.810 0.0000000000
69671  51.100  -23.586  41.694 0.0000000000
72072  51.817  -21.304  46.094 0.0000000000
70821  51.896  -21.297  45.448 0.0000000000
70836  51.510  -22.348  45.350 0.0000000000
68438  49.224  -24.329  44.388 0.0000000000
68446  50.175  -24.118  43.883 0.0000000000
68447  49.498  -24.571  43.324 0.0000000000
68457  49.671  -24.746  42.288 0.0000000000
67237  48.098  -25.233  42.165 0.0000000000
67253  47.211  -25.769  41.544 0.0000000000
67238  47.359  -25.687  42.693 0.0000000000
64894  45.925  -27.282  43.901 0.0000000000
66062  46.177  -26.790  42.580 0.0000000000
64912  45.508  -27.484  42.738 0.0000000000
63703  44.566  -28.291  42.977 0.0000000000
65938  49.495  -26.213  50.686 0.0000000000
58753  47.807  -31.905  52.442 0.0000000000
61146  48.342  -30.660  52.300 0.0000000000
59991  47.484  -31.571  51.469 0.0000000000
60030  45.616  -31.071  48.378 0.0000000000
61178  47.117  -30.379  49.725 0.0000000000
62427  46.999  -29.169  48.871 0.0000000000
63609  47.612  -28.245  48.945 0.0000000000
62440  46.815  -28.875  48.194 0.0000000000
63623  46.451  -28.370  47.149 0.0000000000
62442  45.633  -29.503  47.024 0.0000000000
60103  42.301  -31.597  44.463 0.0000000000
61258  43.269  -30.269  44.567 0.0000000000
61272  42.483  -30.463  43.643 0.0000000000
62538  41.772  -29.663  42.021 0.0000000000
61301  41.094  -30.597  41.716 0.0000000000
60146  40.565  -31.684  41.589 0.0000000000
56501  39.058  -34.034  41.006 0.0000000000
57736  39.052  -33.454  40.229 0.0000000000
52707  39.814  -37.587  44.334 0.0000000000
53974  39.926  -36.760  43.318 0.0000000000
52721  39.176  -37.327  43.262 0.0000000000
54022  36.454  -36.625  40.319 0.0000000000
48849  38.698  -40.601  53.251 0.0000000000
48866  38.095  -39.841  51.452 0.0000000000
48867  36.907  -40.216  51.643 0.0000000000
48910  33.980  -40.329  47.835 0.0000000000
48898  34.989  -40.036  48.709 0.0000000000
48920  33.877  -39.864  46.753 0.0000000000
48936  33.975  -39.491  45.678 0.0000000000
48937  32.999  -40.179  45.938 0.0000000000
45384  29.687  -43.643  45.550 0.0000000000
46623  30.629  -43.041  45.834 0.0000000000
46637  30.002  -42.658  45.208 0.0000000000
47785  29.234  -41.205  43.509 0.0000000000
50259  30.505  -39.583  42.757 0.0000000000
69779  55.012  -22.560  33.069 0.0000000000
69801  54.799  -23.095  31.866 0.0000000000
70988  53.941  -22.740  35.387 0.0000000000
45049  29.135  -42.657  62.508 0.0000000000
45050  28.106  -42.757  62.399 0.0000000000
45027  28.105  -42.356  62.795 0.0000000000
46310  27.170  -41.874  62.962 0.0000000000
47528  26.165  -41.185  63.278 0.0000000000
45048  30.002  -42.898  62.856 0.0000000000
48817  44.599  -39.503  57.304 0.0000000000
51232  45.134  -38.033  57.345 0.0000000000
50092  45.437  -39.017  55.891 0.0000000000
50100  46.138  -38.326  54.651 0.0000000000
50111  46.241  -38.031  53.450 0.0000000000
52567  46.485  -36.725  53.204 0.0000000000
50122  45.853  -38.181  52.484 0.0000000000
50124  44.524  -38.482  51.657 0.0000000000
50135  43.237  -38.671  49.711 0.0000000000
50146  42.420  -38.722  49.044 0.0000000000
51392  41.512  -38.738  49.541 0.0000000000
50138  40.477  -38.716  49.989 0.0000000000
50149  39.380  -38.908  49.249 0.0000000000
47728  26.686  -40.660  48.152 0.0000000000
47739  26.555  -40.958  47.086 0.0000000000
47740  25.506  -41.651  47.113 0.0000000000
74749  55.821  -18.929  35.446 0.0000000000
74748  56.937  -19.417  34.762 0.0000000000
73528  56.683  -19.817  35.487 0.0000000000
72236  56.346  -20.867  35.633 0.0000000000
46546  25.812  -41.162  53.123 0.0000000000
46547  24.773  -41.296  53.004 0.0000000000
46526  25.172  -41.544  53.899 0.0000000000
46527  24.123  -41.546  53.820 0.0000000000
46503  23.496  -41.684  54.658 0.0000000000
46393  23.660  -42.451  59.060 0.0000000000
45167  23.109  -42.620  57.473 0.0000000000
46414  22.638  -42.316  57.666 0.0000000000
46430  21.639  -42.077  56.364 0.0000000000
46453  19.131  -42.021  56.812 0.0000000000
43940  40.827  -43.314  59.101 0.0000000000
43972  39.920  -43.547  57.696 0.0000000000
45198  39.465  -43.083  56.496 0.0000000000
43973  39.040  -43.554  57.651 0.0000000000
43992  37.234  -43.410  57.007 0.0000000000
43993  36.151  -43.822  57.028 0.0000000000
46404  32.174  -42.541  58.644 0.0000000000
45202  32.733  -42.671  57.150 0.0000000000
46442  31.185  -42.045  56.756 0.0000000000
46469  31.069  -41.961  55.812 0.0000000000
46522  29.549  -41.222  53.798 0.0000000000
46543  29.130  -40.943  52.991 0.0000000000
46523  28.327  -41.177  53.930 0.0000000000
46524  27.253  -41.499  53.948 0.0000000000
69702  50.267  -23.025  38.640 0.0000000000
69715  50.133  -23.085  37.514 0.0000000000
69716  49.565  -23.745  37.196 0.0000000000
68558  49.221  -24.813  36.416 0.0000000000
51123  18.089  -38.345  64.373 0.0000000000
49953  18.021  -39.005  63.037 0.0000000000
50001  18.041  -39.630  61.995 0.0000000000
48775  17.784  -40.318  61.799 0.0000000000
74680  54.487  -19.707  41.540 0.0000000000
73448  53.968  -20.851  41.629 0.0000000000
72122  53.852  -20.751  42.336 0.0000000000
72124  53.042  -21.590  42.924 0.0000000000
70859  52.501  -22.037  43.208 0.0000000000
70810  50.815  -22.244  47.053 0.0000000000
69620  50.645  -22.948  45.665 0.0000000000
68428  50.009  -23.259  46.221 0.0000000000
68430  49.197  -24.029  45.352 0.0000000000
68439  48.494  -24.844  44.607 0.0000000000
67227  47.325  -25.711  43.697 0.0000000000
66017  47.489  -25.805  45.123 0.0000000000
64876  46.471  -26.748  45.196 0.0000000000
64877  45.976  -27.240  44.649 0.0000000000
56314  44.729  -34.057  49.718 0.0000000000
58769  46.028  -32.395  50.407 0.0000000000
57572  44.650  -32.881  48.938 0.0000000000
58838  44.878  -31.888  48.160 0.0000000000
60043  44.830  -31.182  47.396 0.0000000000
60062  44.597  -30.733  46.794 0.0000000000
58864  43.373  -32.184  46.358 0.0000000000
60083  42.631  -32.045  45.119 0.0000000000
60104  41.724  -32.157  44.197 0.0000000000
58935  40.685  -32.262  42.444 0.0000000000
57692  40.505  -33.770  43.130 0.0000000000
56466  40.141  -34.558  42.920 0.0000000000
55191  39.237  -35.390  42.033 0.0000000000
51457  37.418  -38.443  43.882 0.0000000000
51491  37.293  -37.908  42.216 0.0000000000
51492  36.297  -38.439  42.171 0.0000000000
51531  34.638  -37.672  40.581 0.0000000000
52794  33.943  -37.242  39.397 0.0000000000
47683  35.879  -41.080  52.453 0.0000000000
48876  35.977  -40.274  50.738 0.0000000000
48878  34.376  -41.070  50.680 0.0000000000
48900  33.356  -41.278  48.513 0.0000000000
47744  32.777  -41.572  47.567 0.0000000000
46639  28.591  -42.293  44.218 0.0000000000
46654  27.483  -42.439  43.094 0.0000000000
73613  54.864  -20.045  29.854 0.0000000000
72325  55.212  -21.002  29.893 0.0000000000
71047  55.428  -22.682  30.655 0.0000000000
46408  28.536  -42.399  58.277 0.0000000000
45203  26.916  -41.667  57.571 0.0000000000
45162  27.518  -42.350  58.839 0.0000000000
45163  26.533  -42.135  58.849 0.0000000000
45147  25.250  -42.492  59.677 0.0000000000
45094  27.147  -42.757  61.291 0.0000000000
45096  25.507  -42.824  60.755 0.0000000000
46372  24.873  -42.608  60.250 0.0000000000
46360  24.321  -42.206  60.811 0.0000000000
47591  23.315  -41.237  60.655 0.0000000000
48771  23.031  -40.559  61.106 0.0000000000
43900  36.788  -43.999  61.307 0.0000000000
43945  36.700  -44.520  59.907 0.0000000000
43923  35.378  -44.158  60.598 0.0000000000
43924  34.371  -43.767  60.715 0.0000000000
43948  33.594  -43.526  60.371 0.0000000000
42821  32.446  -43.126  61.800 0.0000000000
43927  32.032  -43.171  60.788 0.0000000000
45139  32.614  -42.957  59.823 0.0000000000
46388  30.514  -42.542  59.298 0.0000000000
46389  29.613  -42.459  59.153 0.0000000000
67295  47.452  -25.416  39.225 0.0000000000
67315  47.500  -25.429  38.220 0.0000000000
67316  46.918  -25.822  38.510 0.0000000000
74618  51.867  -20.478  44.967 0.0000000000
72060  51.223  -21.703  47.639 0.0000000000
70798  50.581  -22.302  48.085 0.0000000000
69578  50.023  -23.170  47.850 0.0000000000
68393  49.535  -24.124  48.308 0.0000000000
57474  47.563  -33.277  52.866 0.0000000000
56274  46.722  -34.304  52.178 0.0000000000
53801  45.979  -36.668  52.394 0.0000000000
55035  45.826  -35.391  51.544 0.0000000000
56295  45.650  -34.786  51.105 0.0000000000
56297  44.748  -35.232  49.941 0.0000000000
55069  43.472  -35.627  48.564 0.0000000000
53930  42.274  -36.373  46.710 0.0000000000
53944  41.592  -36.221  45.446 0.0000000000
52682  41.875  -37.186  46.262 0.0000000000
51437  40.687  -38.002  45.530 0.0000000000
51439  39.576  -38.354  45.184 0.0000000000
50173  40.566  -38.552  47.302 0.0000000000
50188  39.858  -38.625  46.446 0.0000000000
51440  38.884  -38.360  44.997 0.0000000000
50222  37.049  -38.561  44.525 0.0000000000
50223  35.676  -38.621  44.246 0.0000000000
50240  34.411  -38.719  43.486 0.0000000000
44097  31.429  -43.805  48.906 0.0000000000
45361  31.450  -43.667  47.925 0.0000000000
45362  30.715  -43.580  47.763 0.0000000000
45373  29.467  -43.386  46.416 0.0000000000
46624  28.374  -42.576  45.541 0.0000000000
47750  26.569  -41.622  46.338 0.0000000000
46625  27.383  -42.428  45.141 0.0000000000
72282  53.106  -21.007  32.744 0.0000000000
71040  53.851  -21.677  32.169 0.0000000000
72264  54.404  -20.864  33.217 0.0000000000
72263  55.142  -21.201  33.293 0.0000000000
71012  56.410  -22.076  33.666 0.0000000000
73538  57.188  -20.219  34.305 0.0000000000
72261  56.965  -21.097  33.948 0.0000000000
46448  25.115  -42.024  56.543 0.0000000000
46449  24.311  -42.123  56.243 0.0000000000
45248  22.356  -42.384  54.698 0.0000000000
45206  22.667  -42.483  56.173 0.0000000000
45229  22.010  -42.697  55.264 0.0000000000
48806  44.358  -39.729  58.030 0.0000000000
47635  43.849  -40.653  56.655 0.0000000000
47652  43.246  -40.577  55.198 0.0000000000
48838  41.850  -40.350  54.483 0.0000000000
48847  40.934  -40.093  53.794 0.0000000000
47661  40.854  -40.598  54.598 0.0000000000
47663  39.218  -40.796  54.017 0.0000000000
47664  38.352  -41.050  53.780 0.0000000000
45221  38.727  -42.803  55.905 0.0000000000
46493  37.372  -41.845  54.742 0.0000000000
47666  36.852  -41.346  53.592 0.0000000000
46539  35.297  -41.848  52.874 0.0000000000
45298  33.613  -42.575  52.115 0.0000000000
45317  32.645  -43.098  50.928 0.0000000000
42856  36.373  -44.554  58.993 0.0000000000
43976  36.052  -44.239  57.731 0.0000000000
44008  34.419  -43.749  55.888 0.0000000000
45225  33.291  -43.196  56.394 0.0000000000
44021  33.653  -43.496  54.913 0.0000000000
42893  33.657  -43.471  54.423 0.0000000000
42905  33.258  -43.417  53.372 0.0000000000
42912  32.568  -43.356  52.030 0.0000000000
42936  31.704  -43.564  50.498 0.0000000000
45335  30.676  -43.279  49.844 0.0000000000
46583  30.264  -42.462  50.060 0.0000000000
47713  28.760  -41.045  49.781 0.0000000000
47687  29.454  -41.192  51.651 0.0000000000
47702  27.924  -40.923  50.489 0.0000000000
47715  26.910  -40.644  49.038 0.0000000000
48890  25.460  -40.518  49.159 0.0000000000
72205  52.923  -21.302  37.269 0.0000000000
72219  54.236  -20.904  36.736 0.0000000000
72220  53.005  -21.858  36.166 0.0000000000
69733  50.363  -23.507  36.286 0.0000000000
68579  51.178  -24.581  35.685 0.0000000000
66174  48.214  -25.949  36.616 0.0000000000
49947  26.706  -39.490  62.640 0.0000000000
48735  26.210  -40.017  62.700 0.0000000000
48701  25.222  -40.096  63.964 0.0000000000
49898  24.712  -39.246  64.824 0.0000000000
47512  24.582  -40.553  64.216 0.0000000000
47545  24.169  -40.938  63.576 0.0000000000
48738  23.220  -39.938  62.755 0.0000000000
48757  22.498  -40.010  61.360 0.0000000000
51093  22.108  -38.027  65.485 0.0000000000
49929  22.390  -39.086  64.116 0.0000000000
49973  21.974  -39.515  62.007 0.0000000000
50021  21.339  -39.776  60.399 0.0000000000
50037  20.024  -39.979  59.569 0.0000000000
74794  52.101  -19.256  32.704 0.0000000000
73553  53.115  -20.364  33.564 0.0000000000
73540  53.641  -19.942  34.030 0.0000000000
74767  54.082  -19.591  34.435 0.0000000000
75877  52.729  -18.664  35.906 0.0000000000
74750  54.601  -18.944  35.303 0.0000000000
75874  55.329  -18.372  36.461 0.0000000000
74741  55.300  -19.109  37.322 0.0000000000
74731  54.958  -19.124  37.927 0.0000000000
75855  55.069  -18.197  38.296 0.0000000000
74717  54.666  -19.213  38.870 0.0000000000
73494  53.938  -20.220  38.567 0.0000000000
72194  52.785  -21.266  38.417 0.0000000000
72175  52.098  -21.665  38.826 0.0000000000
70931  51.384  -21.975  38.440 0.0000000000
72154  53.011  -21.859  40.614 0.0000000000
70910  52.421  -22.098  40.344 0.0000000000
70912  50.907  -22.535  38.914 0.0000000000
69692  50.743  -23.163  39.705 0.0000000000
68487  49.495  -24.480  40.074 0.0000000000
68488  48.804  -25.003  40.181 0.0000000000
72083  52.001  -21.081  44.809 0.0000000000
70847  51.930  -21.780  43.976 0.0000000000
70860  51.842  -22.487  43.564 0.0000000000
69632  51.210  -23.085  44.866 0.0000000000
69643  51.316  -23.077  43.974 0.0000000000
69659  51.005  -23.708  42.501 0.0000000000
68470  50.449  -24.223  41.733 0.0000000000
68472  49.108  -25.001  40.714 0.0000000000
67273  48.119  -25.112  39.835 0.0000000000
67274  47.441  -25.506  40.311 0.0000000000
67275  46.741  -25.888  40.620 0.0000000000
66048  46.746  -26.177  43.210 0.0000000000
66078  45.682  -26.880  41.560 0.0000000000
67168  49.437  -25.098  49.022 0.0000000000
65965  48.891  -25.873  48.704 0.0000000000
63582  48.908  -28.667  52.071 0.0000000000
60016  46.982  -30.931  50.230 0.0000000000
62406  48.047  -29.426  50.543 0.0000000000
63595  48.520  -28.220  50.666 0.0000000000
64794  48.556  -27.625  50.187 0.0000000000
64811  48.077  -27.334  48.715 0.0000000000
64823  48.408  -26.679  48.262 0.0000000000
64825  47.243  -27.358  47.283 0.0000000000
63650  45.940  -27.892  45.795 0.0000000000
63672  45.474  -28.189  44.736 0.0000000000
61238  44.773  -29.658  45.904 0.0000000000
62484  44.403  -29.069  44.595 0.0000000000
62500  44.213  -28.785  43.852 0.0000000000
62519  43.221  -28.868  42.833 0.0000000000
58951  39.924  -32.529  41.195 0.0000000000
58980  39.321  -32.613  39.542 0.0000000000
55154  40.761  -35.987  43.896 0.0000000000
53989  39.476  -36.321  42.682 0.0000000000
55192  38.901  -35.636  41.781 0.0000000000
52752  37.484  -37.136  41.530 0.0000000000
54005  37.913  -36.196  41.171 0.0000000000
48856  40.128  -39.754  52.335 0.0000000000
50129  39.206  -39.316  51.160 0.0000000000
50150  38.384  -39.077  49.547 0.0000000000
48886  35.969  -39.855  49.606 0.0000000000
48885  36.779  -39.502  49.307 0.0000000000
50177  36.379  -39.241  47.740 0.0000000000
50192  35.645  -39.334  46.901 0.0000000000
50224  34.238  -38.932  44.805 0.0000000000
50241  33.361  -38.846  43.714 0.0000000000
46600  32.048  -42.885  47.701 0.0000000000
47746  31.639  -42.454  46.529 0.0000000000
48938  31.911  -40.983  46.003 0.0000000000
47772  29.398  -41.625  44.269 0.0000000000
48960  30.474  -41.066  44.849 0.0000000000
48959  31.252  -40.474  45.003 0.0000000000
50243  31.645  -39.607  44.047 0.0000000000
50242  32.375  -39.172  43.835 0.0000000000
71039  54.206  -22.151  31.873 0.0000000000
71048  54.750  -22.790  31.217 0.0000000000
69806  56.170  -23.425  30.692 0.0000000000
72238  54.116  -21.929  35.782 0.0000000000
48837  42.834  -40.209  54.380 0.0000000000
48845  43.364  -39.473  53.403 0.0000000000
48854  42.489  -39.412  52.674 0.0000000000
50117  41.915  -39.312  51.831 0.0000000000
48855  41.449  -39.585  52.704 0.0000000000
46446  27.356  -41.699  56.711 0.0000000000
48807  21.988  -40.724  58.785 0.0000000000
48808  21.424  -40.668  58.477 0.0000000000
48795  21.665  -40.335  59.258 0.0000000000
43899  37.860  -43.838  61.124 0.0000000000
45086  38.331  -43.194  60.846 0.0000000000
43920  38.603  -43.766  60.492 0.0000000000
43943  38.087  -44.312  59.703 0.0000000000
46424  28.487  -42.227  57.361 0.0000000000
46444  29.239  -42.096  56.549 0.0000000000
46445  28.307  -41.940  56.580 0.0000000000
46472  28.006  -41.659  55.746 0.0000000000
68501  48.689  -24.699  39.389 0.0000000000
74639  52.673  -20.138  43.727 0.0000000000
67180  49.098  -25.270  47.597 0.0000000000
66001  48.490  -25.585  46.797 0.0000000000
65983  48.536  -25.970  47.635 0.0000000000
56355  42.570  -35.055  46.680 0.0000000000
56378  42.441  -34.523  46.224 0.0000000000
57623  42.692  -33.669  46.326 0.0000000000
56402  41.573  -34.782  44.956 0.0000000000
46572  32.582  -42.848  50.210 0.0000000000
46581  32.512  -42.936  49.690 0.0000000000
45349  32.188  -43.516  48.852 0.0000000000
73576  52.655  -20.307  31.712 0.0000000000
73575  53.119  -20.823  31.340 0.0000000000
45092  28.831  -42.708  61.363 0.0000000000
45119  27.918  -42.768  60.610 0.0000000000
43909  28.656  -42.767  61.647 0.0000000000
46312  25.751  -41.596  63.443 0.0000000000
45053  25.534  -42.121  63.107 0.0000000000
45031  25.309  -42.002  63.259 0.0000000000
47560  24.862  -41.916  62.846 0.0000000000
46323  34.805  -42.065  62.590 0.0000000000
45068  33.999  -42.828  62.316 0.0000000000
45069  33.427  -42.664  62.618 0.0000000000
43887  29.393  -42.938  61.895 0.0000000000
43907  30.047  -43.113  61.560 0.0000000000
43908  29.234  -42.796  61.564 0.0000000000
43929  29.614  -42.864  61.220 0.0000000000
52542  46.641  -36.700  54.518 0.0000000000
53728  46.737  -35.406  55.471 0.0000000000
53742  46.855  -35.710  54.883 0.0000000000
54985  47.120  -34.711  55.309 0.0000000000
54993  47.343  -34.901  54.596 0.0000000000
55004  47.381  -35.038  53.877 0.0000000000
53777  46.869  -35.916  53.626 0.0000000000
51398  43.696  -38.106  49.411 0.0000000000
51397  44.315  -37.920  50.006 0.0000000000
52651  43.616  -37.407  49.046 0.0000000000
50158  42.897  -38.366  48.379 0.0000000000
51409  42.826  -38.185  48.099 0.0000000000
50190  37.718  -38.726  46.453 0.0000000000
50176  37.455  -38.823  47.570 0.0000000000
47737  28.756  -41.404  47.806 0.0000000000
47738  27.656  -41.044  47.456 0.0000000000
74766  55.142  -19.313  34.596 0.0000000000
47678  24.377  -41.008  52.107 0.0000000000
46412  24.208  -42.598  58.017 0.0000000000
45251  20.338  -42.793  54.372 0.0000000000
43970  41.392  -42.865  57.665 0.0000000000
45176  41.875  -42.595  57.729 0.0000000000
45177  41.489  -42.659  57.397 0.0000000000
46439  42.145  -41.933  56.726 0.0000000000
45196  41.271  -42.395  56.807 0.0000000000
45218  40.751  -42.267  56.188 0.0000000000
45197  40.311  -42.726  56.518 0.0000000000
45224  35.709  -43.378  55.777 0.0000000000
45223  36.199  -43.041  55.784 0.0000000000
45244  35.287  -43.109  55.128 0.0000000000
45245  34.681  -43.269  54.800 0.0000000000
45158  34.043  -43.533  58.990 0.0000000000
45178  33.956  -43.452  58.372 0.0000000000
45179  33.568  -43.172  58.006 0.0000000000
45247  31.875  -42.581  54.309 0.0000000000
45264  31.554  -42.491  53.276 0.0000000000
45282  31.054  -42.145  52.368 0.0000000000
45302  30.668  -42.303  51.650 0.0000000000
45283  30.515  -41.964  52.106 0.0000000000
51090  23.598  -38.532  65.347 0.0000000000
51091  23.166  -38.457  65.757 0.0000000000
49901  23.147  -38.860  65.503 0.0000000000
51092  22.674  -38.367  65.636 0.0000000000
49952  19.001  -38.925  63.082 0.0000000000
50000  18.572  -39.598  61.635 0.0000000000
75885  51.445  -18.283  34.644 0.0000000000
76935  53.400  -17.807  37.253 0.0000000000
74703  54.614  -19.439  39.810 0.0000000000
73462  54.413  -20.198  40.683 0.0000000000
70872  52.168  -22.604  42.708 0.0000000000
70883  52.307  -22.559  41.707 0.0000000000
70822  51.750  -21.604  45.718 0.0000000000
67225  48.858  -25.036  42.768 0.0000000000
67226  48.000  -25.245  43.239 0.0000000000
64911  45.883  -27.216  43.290 0.0000000000
64913  44.758  -27.811  42.428 0.0000000000
64896  45.097  -28.058  43.022 0.0000000000
64788  49.365  -27.113  51.314 0.0000000000
58754  47.354  -32.370  51.874 0.0000000000
58755  46.816  -32.675  51.321 0.0000000000
61195  45.897  -30.308  48.206 0.0000000000
61194  46.367  -30.175  48.666 0.0000000000
61206  46.106  -29.836  48.099 0.0000000000
62428  46.526  -29.445  48.285 0.0000000000
62441  46.263  -29.150  47.615 0.0000000000
60119  42.039  -31.139  43.821 0.0000000000
61273  41.938  -30.948  43.477 0.0000000000
61288  41.748  -30.607  42.810 0.0000000000
60145  40.872  -31.230  41.797 0.0000000000
56489  38.984  -34.656  41.247 0.0000000000
56502  38.566  -34.474  40.594 0.0000000000
51472  39.423  -37.763  44.225 0.0000000000
51473  38.808  -37.782  43.586 0.0000000000
48858  37.802  -40.469  52.659 0.0000000000
45385  29.092  -43.017  45.442 0.0000000000
45396  30.062  -43.414  45.361 0.0000000000
45397  29.489  -42.961  45.231 0.0000000000
46330  29.079  -42.294  62.840 0.0000000000
48716  27.550  -41.355  62.796 0.0000000000
47527  27.276  -41.620  62.884 0.0000000000
46311  26.347  -41.673  63.142 0.0000000000
47542  29.889  -41.400  63.191 0.0000000000
46308  30.355  -41.680  63.234 0.0000000000
46329  30.135  -42.168  63.165 0.0000000000
47634  44.569  -40.037  56.116 0.0000000000
48827  45.034  -39.403  56.412 0.0000000000
48830  45.176  -39.458  55.445 0.0000000000
48843  45.159  -39.058  53.962 0.0000000000
48829  45.692  -38.776  54.910 0.0000000000
50101  45.900  -38.455  54.286 0.0000000000
50105  46.242  -38.086  54.010 0.0000000000
50106  45.853  -38.410  53.789 0.0000000000
50112  46.004  -38.252  53.026 0.0000000000
50113  45.496  -38.428  52.786 0.0000000000
50115  43.760  -38.897  52.313 0.0000000000
50125  43.463  -38.759  50.942 0.0000000000
51382  44.412  -38.353  50.928 0.0000000000
50136  42.510  -38.961  49.974 0.0000000000
50139  39.321  -39.053  50.312 0.0000000000
47729  25.627  -40.764  47.832 0.0000000000
74740  55.638  -19.027  36.594 0.0000000000
46502  24.513  -41.741  54.730 0.0000000000
47603  23.627  -42.115  59.716 0.0000000000
46394  22.900  -42.251  58.586 0.0000000000
47628  22.136  -41.878  57.437 0.0000000000
47637  21.218  -41.849  56.147 0.0000000000
47647  19.894  -41.890  55.734 0.0000000000
47638  20.431  -41.668  56.115 0.0000000000
48821  19.908  -41.229  57.545 0.0000000000
47631  19.521  -41.592  57.203 0.0000000000
46431  19.149  -41.886  57.292 0.0000000000
47632  19.203  -41.764  57.609 0.0000000000
46355  40.372  -41.847  60.615 0.0000000000
43941  40.064  -43.507  59.362 0.0000000000
43918  40.511  -43.209  59.679 0.0000000000
42851  40.314  -43.553  58.736 0.0000000000
43956  40.636  -43.508  58.229 0.0000000000
43957  40.073  -43.636  58.077 0.0000000000
42867  39.283  -43.622  57.959 0.0000000000
43974  38.272  -43.695  57.856 0.0000000000
46405  31.321  -42.447  58.539 0.0000000000
46420  32.147  -42.374  57.810 0.0000000000
46421  31.260  -42.233  57.667 0.0000000000
46470  30.081  -41.816  55.698 0.0000000000
46496  31.048  -41.860  54.720 0.0000000000
46545  26.869  -41.220  53.145 0.0000000000
69703  49.617  -23.587  38.250 0.0000000000
68559  48.684  -24.853  36.820 0.0000000000
68534  49.046  -24.345  36.986 0.0000000000
67355  49.554  -25.539  36.294 0.0000000000
51140  18.529  -38.634  63.700 0.0000000000
49977  17.690  -39.636  62.466 0.0000000000
73431  54.127  -20.385  42.140 0.0000000000
74667  54.334  -19.668  42.394 0.0000000000
73416  53.107  -20.553  43.315 0.0000000000
72112  53.244  -20.956  43.032 0.0000000000
72113  52.513  -21.413  43.468 0.0000000000
69592  50.244  -22.967  47.154 0.0000000000
69606  50.220  -23.018  46.588 0.0000000000
69607  49.930  -23.422  46.827 0.0000000000
68431  48.711  -24.558  45.155 0.0000000000
67201  48.273  -25.287  45.410 0.0000000000
67214  47.870  -25.411  44.327 0.0000000000
66018  47.072  -26.388  45.523 0.0000000000
64858  46.669  -26.878  45.857 0.0000000000
57545  44.538  -33.880  49.401 0.0000000000
57544  44.919  -33.271  49.566 0.0000000000
57573  44.238  -33.596  48.787 0.0000000000
57599  44.190  -33.017  48.172 0.0000000000
58813  44.583  -32.668  48.413 0.0000000000
58839  44.253  -32.327  47.691 0.0000000000
58863  43.885  -31.988  47.082 0.0000000000
60044  44.283  -31.688  47.235 0.0000000000
57667  41.902  -33.472  45.038 0.0000000000
58883  42.789  -32.472  45.621 0.0000000000
58884  42.329  -32.631  45.091 0.0000000000
58906  41.330  -32.758  44.018 0.0000000000
57691  40.859  -33.798  43.952 0.0000000000
56447  40.559  -34.585  43.617 0.0000000000
56467  39.629  -34.767  42.404 0.0000000000
55190  39.796  -35.446  42.837 0.0000000000
51475  36.908  -38.321  43.056 0.0000000000
51553  33.704  -37.578  39.863 0.0000000000
47697  34.835  -41.113  51.619 0.0000000000
48869  35.204  -40.900  51.691 0.0000000000
47724  33.275  -41.602  49.015 0.0000000000
47723  33.773  -41.232  49.702 0.0000000000
47734  32.966  -41.760  48.122 0.0000000000
48911  33.270  -41.052  48.010 0.0000000000
72326  54.543  -20.753  30.128 0.0000000000
72313  55.738  -21.913  30.157 0.0000000000
45161  28.233  -42.470  59.143 0.0000000000
46409  27.882  -42.138  58.032 0.0000000000
45145  26.765  -42.505  59.623 0.0000000000
45146  25.899  -42.394  59.544 0.0000000000
45121  26.125  -42.633  60.276 0.0000000000
45071  27.440  -42.907  61.976 0.0000000000
45073  25.565  -42.857  61.521 0.0000000000
46373  24.171  -42.233  59.876 0.0000000000
47561  24.307  -41.490  62.612 0.0000000000
47576  23.818  -41.456  61.415 0.0000000000
48770  23.387  -40.775  61.595 0.0000000000
46343  35.385  -42.533  62.276 0.0000000000
46342  36.171  -42.368  62.051 0.0000000000
45066  36.105  -42.974  61.966 0.0000000000
45087  37.091  -43.186  61.541 0.0000000000
45088  36.057  -43.501  61.722 0.0000000000
43901  35.453  -43.821  61.525 0.0000000000
42819  33.709  -43.273  61.625 0.0000000000
43902  34.304  -43.580  61.375 0.0000000000
43925  33.515  -43.534  60.835 0.0000000000
43883  32.263  -43.114  61.909 0.0000000000
42806  32.045  -43.109  61.983 0.0000000000
43928  31.019  -43.002  60.831 0.0000000000
45115  31.818  -42.962  60.722 0.0000000000
45114  32.640  -43.229  60.599 0.0000000000
45140  31.601  -42.719  60.125 0.0000000000
46387  31.407  -42.590  59.378 0.0000000000
45141  30.676  -42.689  60.134 0.0000000000
46390  28.899  -42.437  58.945 0.0000000000
72046  51.068  -21.546  48.330 0.0000000000
70785  50.263  -22.181  48.911 0.0000000000
69566  49.894  -23.063  48.755 0.0000000000
68378  49.682  -23.512  48.985 0.0000000000
52501  45.819  -37.479  56.608 0.0000000000
56251  47.521  -34.103  53.154 0.0000000000
57455  47.704  -33.042  53.410 0.0000000000
56252  47.214  -34.259  52.647 0.0000000000
57475  47.215  -33.391  52.324 0.0000000000
52615  45.915  -37.659  52.292 0.0000000000
52592  46.042  -37.181  52.540 0.0000000000
52616  45.721  -37.373  52.015 0.0000000000
53844  44.868  -36.871  50.602 0.0000000000
53843  45.353  -36.615  51.194 0.0000000000
55036  45.418  -35.550  51.025 0.0000000000
55050  44.332  -35.826  49.645 0.0000000000
53911  43.112  -36.487  48.107 0.0000000000
55051  43.771  -36.035  49.169 0.0000000000
55088  42.947  -35.544  47.764 0.0000000000
53912  42.632  -36.411  47.438 0.0000000000
50186  41.038  -38.340  46.263 0.0000000000
51427  41.570  -37.952  46.504 0.0000000000
50201  40.846  -38.254  45.873 0.0000000000
51438  40.182  -38.274  45.365 0.0000000000
50202  40.565  -38.406  45.855 0.0000000000
50160  41.412  -38.561  48.386 0.0000000000
50204  39.252  -38.540  45.665 0.0000000000
50205  38.084  -38.560  45.282 0.0000000000
50221  37.729  -38.519  44.482 0.0000000000
45350  30.806  -43.604  48.863 0.0000000000
45351  30.108  -43.058  48.346 0.0000000000
45363  29.829  -43.206  47.332 0.0000000000
45374  29.107  -43.219  45.882 0.0000000000
46614  26.574  -42.138  45.622 0.0000000000
46626  26.405  -42.582  44.956 0.0000000000
72265  53.712  -20.756  33.184 0.0000000000
73550  55.889  -20.491  33.592 0.0000000000
71013  55.456  -22.041  33.301 0.0000000000
47679  23.481  -41.038  51.980 0.0000000000
46549  22.525  -41.541  52.380 0.0000000000
45204  26.392  -41.688  57.698 0.0000000000
46447  26.194  -41.702  56.975 0.0000000000
46428  24.330  -42.321  57.023 0.0000000000
45227  23.207  -42.102  55.674 0.0000000000
45228  22.632  -42.323  55.336 0.0000000000
45184  23.226  -42.587  56.993 0.0000000000
45250  21.235  -42.776  54.356 0.0000000000
47589  41.849  -41.532  60.133 0.0000000000
46367  42.544  -41.508  59.653 0.0000000000
46402  43.195  -41.319  58.574 0.0000000000
47615  43.569  -40.832  58.261 0.0000000000
47627  43.643  -40.783  57.869 0.0000000000
47626  43.884  -40.565  57.425 0.0000000000
46436  43.554  -40.924  57.352 0.0000000000
46462  42.156  -41.599  56.169 0.0000000000
47644  42.703  -41.123  55.781 0.0000000000
47653  42.366  -40.747  55.143 0.0000000000
48839  41.276  -40.471  54.550 0.0000000000
47654  41.400  -40.961  55.219 0.0000000000
46490  40.115  -41.587  55.273 0.0000000000
47656  39.675  -41.135  54.742 0.0000000000
47657  38.859  -41.342  54.482 0.0000000000
46516  36.975  -41.495  54.068 0.0000000000
46538  35.903  -41.556  53.120 0.0000000000
45279  33.729  -42.794  52.832 0.0000000000
46540  34.668  -42.456  53.228 0.0000000000
45299  33.185  -42.900  51.855 0.0000000000
42843  36.373  -44.550  59.712 0.0000000000
42842  36.768  -44.517  59.661 0.0000000000
42844  35.825  -44.466  59.294 0.0000000000
43977  35.376  -44.215  57.874 0.0000000000
43994  35.301  -44.013  56.885 0.0000000000
45201  33.332  -43.100  56.977 0.0000000000
45226  32.877  -42.854  56.232 0.0000000000
44022  32.758  -43.256  54.386 0.0000000000
42894  33.246  -43.472  54.128 0.0000000000
42898  33.508  -43.450  53.969 0.0000000000
42899  33.036  -43.509  53.502 0.0000000000
44038  31.869  -43.285  52.283 0.0000000000
42907  32.379  -43.418  52.372 0.0000000000
42908  31.997  -43.410  51.952 0.0000000000
42913  32.183  -43.449  51.636 0.0000000000
42915  31.494  -43.433  50.853 0.0000000000
42937  31.300  -43.534  50.347 0.0000000000
44044  30.925  -43.072  50.944 0.0000000000
46574  30.345  -42.385  51.026 0.0000000000
46573  30.493  -42.740  50.515 0.0000000000
47712  29.519  -41.615  49.930 0.0000000000
47673  29.264  -40.974  52.339 0.0000000000
47674  28.578  -40.975  52.343 0.0000000000
47688  28.261  -41.007  51.486 0.0000000000
47714  27.807  -40.771  49.456 0.0000000000
48889  26.177  -40.523  49.247 0.0000000000
48879  25.762  -40.506  49.754 0.0000000000
70969  51.668  -22.584  36.105 0.0000000000
72221  52.305  -22.158  36.254 0.0000000000
70990  52.084  -23.164  35.540 0.0000000000
68578  52.221  -24.732  35.773 0.0000000000
67336  47.686  -25.745  37.239 0.0000000000
51136  27.258  -38.672  62.749 0.0000000000
49948  25.933  -39.334  62.711 0.0000000000
49928  25.411  -39.442  63.482 0.0000000000
49927  25.487  -39.866  63.498 0.0000000000
49909  25.320  -39.822  63.800 0.0000000000
48693  24.210  -39.714  64.906 0.0000000000
47499  24.631  -40.071  64.487 0.0000000000
47500  24.254  -40.090  64.702 0.0000000000
47531  24.036  -40.538  64.186 0.0000000000
47513  24.040  -40.233  64.637 0.0000000000
48721  23.204  -39.751  63.627 0.0000000000
48756  22.967  -40.119  61.934 0.0000000000
49972  22.680  -39.735  62.458 0.0000000000
51102  20.670  -37.899  64.951 0.0000000000
51101  21.607  -37.999  65.034 0.0000000000
52355  21.724  -37.849  65.594 0.0000000000
51100  22.337  -38.494  64.979 0.0000000000
51119  21.774  -38.459  64.481 0.0000000000
49950  21.535  -38.992  63.088 0.0000000000
49997  21.867  -39.862  60.969 0.0000000000
48796  20.704  -40.165  59.223 0.0000000000
50022  20.517  -39.746  60.116 0.0000000000
48797  19.531  -40.442  59.186 0.0000000000
47578  18.332  -41.445  60.549 0.0000000000
73563  52.485  -20.386  32.763 0.0000000000
74785  52.261  -19.728  33.588 0.0000000000
74768  52.906  -19.656  34.367 0.0000000000
75878  51.667  -18.467  35.684 0.0000000000
76905  54.749  -18.015  38.750 0.0000000000
75843  54.639  -18.385  39.090 0.0000000000
73504  54.465  -19.628  38.169 0.0000000000
72204  53.496  -20.685  37.889 0.0000000000
72173  53.467  -20.974  39.853 0.0000000000
72137  53.474  -21.516  41.256 0.0000000000
70894  52.002  -22.559  40.734 0.0000000000
70911  51.684  -22.294  39.651 0.0000000000
69681  50.276  -23.914  40.119 0.0000000000
70835  51.792  -21.595  45.018 0.0000000000
72084  51.905  -21.285  44.929 0.0000000000
69633  50.740  -23.583  44.352 0.0000000000
69644  50.876  -23.682  43.450 0.0000000000
67236  48.995  -25.145  41.769 0.0000000000
67251  49.050  -25.101  41.167 0.0000000000
67254  46.678  -26.043  41.223 0.0000000000
66090  46.204  -26.249  40.962 0.0000000000
66063  45.685  -27.158  42.241 0.0000000000
67155  49.634  -25.208  50.064 0.0000000000
64809  48.755  -26.229  49.052 0.0000000000
61155  48.510  -30.017  52.250 0.0000000000
62390  48.726  -29.329  52.488 0.0000000000
62398  48.561  -29.374  51.771 0.0000000000
58786  46.302  -31.900  50.218 0.0000000000
60005  46.697  -31.506  50.367 0.0000000000
62407  47.623  -29.798  49.963 0.0000000000
62405  48.434  -29.049  51.155 0.0000000000
63596  48.151  -28.618  50.140 0.0000000000
63602  48.380  -28.032  50.022 0.0000000000
64802  47.983  -27.759  49.242 0.0000000000
64824  47.844  -27.086  47.797 0.0000000000
62452  45.973  -28.828  46.750 0.0000000000
63635  46.316  -27.999  46.490 0.0000000000
62465  45.726  -28.535  46.018 0.0000000000
63651  45.616  -28.270  45.420 0.0000000000
61222  43.868  -30.627  46.043 0.0000000000
61221  44.419  -30.376  46.285 0.0000000000
61271  43.004  -29.891  43.863 0.0000000000
61257  43.834  -29.670  44.789 0.0000000000
62485  43.721  -29.524  44.430 0.0000000000
63690  44.188  -28.597  43.346 0.0000000000
58936  40.469  -32.724  42.151 0.0000000000
58952  39.643  -32.803  40.954 0.0000000000
57747  39.028  -33.154  39.634 0.0000000000
58966  39.570  -32.598  40.525 0.0000000000
58981  39.025  -33.049  39.359 0.0000000000
52705  41.042  -36.869  44.652 0.0000000000
53958  41.288  -36.290  44.778 0.0000000000
53959  40.868  -36.420  44.268 0.0000000000
52733  39.448  -37.022  43.083 0.0000000000
53990  38.720  -36.107  41.976 0.0000000000
51510  37.036  -37.585  41.590 0.0000000000
54043  36.054  -36.222  39.864 0.0000000000
54006  37.350  -36.609  41.051 0.0000000000
54021  37.073  -36.256  40.396 0.0000000000
50130  38.678  -39.489  51.277 0.0000000000
50140  38.332  -39.315  50.638 0.0000000000
50151  37.580  -39.315  49.874 0.0000000000
48909  35.150  -39.780  47.504 0.0000000000
48897  36.044  -39.559  48.466 0.0000000000
50165  36.600  -39.341  48.403 0.0000000000
48935  34.672  -39.355  45.823 0.0000000000
48956  33.610  -39.315  45.084 0.0000000000
45371  30.985  -43.633  47.249 0.0000000000
46601  31.398  -43.461  47.389 0.0000000000
46622  31.164  -42.716  46.272 0.0000000000
47760  31.221  -42.070  46.022 0.0000000000
47759  31.855  -41.791  46.440 0.0000000000
46653  28.125  -42.221  43.587 0.0000000000
46638  29.271  -42.281  44.642 0.0000000000
46652  28.815  -41.860  43.950 0.0000000000
48979  29.905  -40.602  43.627 0.0000000000
47784  29.904  -41.099  44.220 0.0000000000
50227  31.719  -39.892  44.671 0.0000000000
48977  31.267  -40.087  44.275 0.0000000000
50258  31.326  -39.424  43.052 0.0000000000
50257  32.423  -38.732  42.916 0.0000000000
71030  54.143  -21.762  32.469 0.0000000000
69808  55.030  -23.280  31.469 0.0000000000
69807  55.435  -23.470  31.117 0.0000000000
48732  29.229  -40.773  63.056 0.0000000000
48733  28.055  -40.811  62.796 0.0000000000
48751  27.798  -40.238  62.624 0.0000000000
47651  44.019  -40.285  55.300 0.0000000000
48831  44.573  -39.900  55.413 0.0000000000
50108  44.966  -38.793  53.303 0.0000000000
50109  44.291  -39.045  53.084 0.0000000000
50116  42.848  -39.136  51.872 0.0000000000
46500  26.561  -41.495  54.852 0.0000000000
48819  21.084  -40.934  57.873 0.0000000000
48820  20.497  -41.051  57.647 0.0000000000
46371  39.629  -42.611  60.497 0.0000000000
46370  40.062  -42.482  60.474 0.0000000000
43958  39.082  -43.901  58.809 0.0000000000
42853  39.248  -43.726  58.425 0.0000000000
46498  28.738  -41.353  54.823 0.0000000000
68515  49.080  -24.179  37.861 0.0000000000
67335  48.234  -25.178  37.052 0.0000000000
51142  17.143  -39.076  63.841 0.0000000000
74655  54.083  -19.499  43.152 0.0000000000
73397  53.359  -20.120  43.390 0.0000000000
68407  49.564  -24.184  47.526 0.0000000000
68420  49.678  -23.805  46.695 0.0000000000
67191  48.537  -25.377  46.270 0.0000000000
56336  43.390  -34.641  48.091 0.0000000000
57574  43.744  -34.077  48.384 0.0000000000
57622  43.095  -33.354  46.828 0.0000000000
57643  42.423  -33.472  45.675 0.0000000000
56423  41.594  -34.011  44.911 0.0000000000
56424  41.341  -34.535  44.623 0.0000000000
55174  40.733  -35.093  43.880 0.0000000000
46570  33.818  -41.909  51.207 0.0000000000
47699  33.705  -41.730  50.747 0.0000000000
46580  32.823  -42.287  49.467 0.0000000000
46591  32.679  -42.294  48.463 0.0000000000
45052  25.857  -42.387  62.843 0.0000000000
46344  25.658  -42.556  62.514 0.0000000000
46345  25.142  -42.432  62.306 0.0000000000
45067  35.168  -43.262  62.075 0.0000000000
43880  34.967  -43.552  61.878 0.0000000000
42804  33.443  -43.192  61.759 0.0000000000
43869  30.859  -43.009  62.386 0.0000000000
42807  31.511  -43.286  61.998 0.0000000000
43885  30.998  -43.153  62.033 0.0000000000
45090  30.697  -43.048  61.349 0.0000000000
45117  30.007  -42.829  60.757 0.0000000000
53729  46.421  -35.833  55.922 0.0000000000
54955  46.494  -34.508  56.296 0.0000000000
57419  47.658  -32.889  55.018 0.0000000000
57435  47.930  -32.502  54.475 0.0000000000
56199  47.526  -34.194  54.296 0.0000000000
55016  47.431  -34.747  53.401 0.0000000000
55017  47.172  -35.144  52.940 0.0000000000
51389  45.270  -37.828  51.128 0.0000000000
52617  45.454  -37.429  51.411 0.0000000000
52636  44.612  -37.437  50.319 0.0000000000
53866  44.484  -36.738  50.009 0.0000000000
53867  43.972  -36.710  49.396 0.0000000000
52664  43.256  -37.310  48.357 0.0000000000
52676  42.823  -37.225  47.752 0.0000000000
51418  42.452  -37.914  47.563 0.0000000000
50171  42.080  -38.282  47.473 0.0000000000
50172  41.440  -38.369  47.189 0.0000000000
51411  40.559  -38.659  48.776 0.0000000000
50161  40.389  -38.615  48.234 0.0000000000
46593  29.754  -42.097  48.977 0.0000000000
46602  29.467  -42.253  47.899 0.0000000000
47747  28.990  -41.738  47.264 0.0000000000
74781  56.290  -20.100  33.766 0.0000000000
72235  57.699  -21.026  35.253 0.0000000000
46528  23.023  -41.532  53.736 0.0000000000
46410  26.006  -41.872  58.521 0.0000000000
45208  21.712  -42.495  55.765 0.0000000000
45134  42.310  -42.182  58.993 0.0000000000
46384  42.628  -41.757  59.129 0.0000000000
45156  42.355  -42.211  58.669 0.0000000000
45175  42.433  -42.273  58.044 0.0000000000
46419  42.866  -41.824  57.661 0.0000000000
46437  43.318  -41.329  57.124 0.0000000000
46438  42.726  -41.856  57.038 0.0000000000
46463  41.372  -41.718  55.915 0.0000000000
46464  40.533  -41.968  55.710 0.0000000000
46465  39.827  -42.138  55.558 0.0000000000
45200  37.905  -43.237  56.682 0.0000000000
45222  37.377  -42.685  55.941 0.0000000000
45243  36.114  -42.343  55.023 0.0000000000
46518  35.322  -42.210  53.778 0.0000000000
44029  33.730  -43.270  53.661 0.0000000000
43946  35.109  -44.056  59.809 0.0000000000
43978  34.514  -43.757  58.153 0.0000000000
43996  33.964  -43.514  57.314 0.0000000000
46495  31.694  -42.320  55.184 0.0000000000
45246  32.437  -42.722  55.212 0.0000000000
44030  32.589  -43.395  53.551 0.0000000000
44031  32.144  -43.263  53.159 0.0000000000
45300  31.650  -43.095  51.929 0.0000000000
45301  31.200  -42.788  51.533 0.0000000000
47686  29.985  -41.812  51.351 0.0000000000
47675  27.528  -41.047  52.302 0.0000000000
47704  25.487  -40.579  50.436 0.0000000000
47705  24.517  -40.638  50.289 0.0000000000
70970  50.903  -22.914  36.250 0.0000000000
68557  50.144  -24.668  36.047 0.0000000000
67354  50.572  -25.588  36.196 0.0000000000
48703  23.651  -39.940  64.697 0.0000000000
49911  23.592  -39.573  65.043 0.0000000000
51122  19.080  -38.262  64.328 0.0000000000
51121  20.106  -38.332  64.253 0.0000000000
49931  20.668  -38.500  63.979 0.0000000000
49930  21.296  -38.634  63.898 0.0000000000
48786  19.126  -40.026  60.199 0.0000000000
74786  51.773  -18.907  33.675 0.0000000000
74752  52.312  -19.098  35.159 0.0000000000
75867  53.129  -18.197  36.606 0.0000000000
75865  55.012  -17.700  36.839 0.0000000000
75831  54.553  -18.678  39.991 0.0000000000
73477  53.913  -20.417  39.577 0.0000000000
72153  53.332  -21.332  40.405 0.0000000000
70870  53.218  -21.770  42.027 0.0000000000
70882  53.061  -22.037  41.620 0.0000000000
72071  51.980  -21.113  45.652 0.0000000000
68437  49.980  -23.788  44.768 0.0000000000
66076  46.903  -26.120  41.842 0.0000000000
66049  46.281  -26.758  43.592 0.0000000000
64930  45.286  -27.366  42.105 0.0000000000
64914  44.272  -27.765  42.035 0.0000000000
58740  47.941  -32.083  53.060 0.0000000000
59979  48.254  -31.238  52.630 0.0000000000
59990  47.882  -31.279  51.975 0.0000000000
60003  47.806  -30.986  51.366 0.0000000000
60018  45.852  -31.552  49.141 0.0000000000
61179  46.607  -30.557  49.269 0.0000000000
61193  46.898  -29.968  49.219 0.0000000000
62415  47.374  -29.567  49.486 0.0000000000
62426  47.594  -28.908  49.334 0.0000000000
63610  47.211  -28.455  48.421 0.0000000000
63622  46.947  -28.057  47.814 0.0000000000
62453  45.331  -29.226  46.329 0.0000000000
60102  42.767  -30.994  44.729 0.0000000000
61259  42.676  -30.807  44.375 0.0000000000
62502  42.889  -29.740  43.476 0.0000000000
62520  42.598  -29.446  42.707 0.0000000000
61287  42.251  -30.132  42.927 0.0000000000
62521  42.091  -29.958  42.617 0.0000000000
61314  40.921  -30.294  41.155 0.0000000000
60161  40.125  -31.588  40.543 0.0000000000
57725  39.516  -33.323  41.067 0.0000000000
52719  40.172  -37.024  43.763 0.0000000000
52720  39.664  -37.351  43.741 0.0000000000
52734  38.748  -37.078  42.683 0.0000000000
52773  35.868  -37.235  40.519 0.0000000000
52772  36.517  -37.085  40.739 0.0000000000
52792  35.536  -36.908  39.947 0.0000000000
48857  38.936  -40.156  52.445 0.0000000000
48875  37.074  -39.665  50.515 0.0000000000
48899  33.923  -40.743  48.980 0.0000000000
48919  34.803  -39.539  46.366 0.0000000000
48957  33.082  -39.647  45.193 0.0000000000
44150  29.987  -44.342  45.999 0.0000000000
46610  30.536  -43.608  46.202 0.0000000000
45383  30.151  -43.897  45.832 0.0000000000
48996  31.082  -39.966  43.709 0.0000000000
69794  54.804  -22.821  32.566 0.0000000000
43871  29.288  -42.869  62.210 0.0000000000
43872  28.774  -42.801  62.084 0.0000000000
46309  28.080  -41.946  63.006 0.0000000000
45028  27.125  -42.248  62.826 0.0000000000
47529  25.799  -41.020  63.606 0.0000000000
45046  31.889  -42.466  62.586 0.0000000000
46328  31.230  -42.173  62.959 0.0000000000
45047  30.939  -42.656  62.722 0.0000000000
43870  30.051  -43.148  62.389 0.0000000000
50045  44.682  -38.933  57.631 0.0000000000
50060  45.186  -38.773  57.000 0.0000000000
51255  45.708  -38.010  56.850 0.0000000000
50076  45.934  -38.175  55.960 0.0000000000
50091  45.836  -38.497  55.481 0.0000000000
51277  46.211  -37.721  55.762 0.0000000000
51302  46.413  -37.778  55.060 0.0000000000
51326  46.466  -37.566  54.364 0.0000000000
51346  46.559  -37.115  53.769 0.0000000000
52566  46.681  -36.728  53.841 0.0000000000
51365  46.267  -37.692  52.943 0.0000000000
51366  46.089  -38.012  52.580 0.0000000000
51379  45.890  -37.937  52.165 0.0000000000
50123  45.406  -38.257  52.039 0.0000000000
51381  45.082  -38.167  51.286 0.0000000000
51391  44.007  -38.332  50.251 0.0000000000
50147  41.825  -38.790  49.348 0.0000000000
51399  41.295  -38.623  49.140 0.0000000000
50137  41.608  -38.876  50.056 0.0000000000
51393  41.167  -38.636  49.610 0.0000000000
51400  40.767  -38.623  49.205 0.0000000000
50148  40.182  -38.776  48.944 0.0000000000
46604  25.428  -42.560  46.613 0.0000000000
46605  24.998  -42.447  47.337 0.0000000000
46504  22.625  -41.985  54.591 0.0000000000
45166  23.593  -42.622  57.626 0.0000000000
46413  23.335  -42.621  58.100 0.0000000000
46429  22.113  -42.205  56.780 0.0000000000
46451  21.424  -42.248  55.758 0.0000000000
46478  20.898  -42.200  55.293 0.0000000000
47639  19.676  -41.700  56.426 0.0000000000
45110  40.331  -42.892  60.172 0.0000000000
45109  41.095  -42.802  59.770 0.0000000000
45135  41.782  -42.492  59.175 0.0000000000
43939  41.338  -43.063  58.556 0.0000000000
43955  41.384  -43.061  57.977 0.0000000000
43971  40.884  -43.090  57.480 0.0000000000
43989  40.109  -43.179  57.069 0.0000000000
43990  39.280  -43.399  57.109 0.0000000000
43991  38.401  -43.460  57.157 0.0000000000
42868  38.889  -43.633  57.951 0.0000000000
44006  36.169  -43.433  56.338 0.0000000000
45160  32.866  -42.845  58.786 0.0000000000
45180  32.891  -42.719  57.887 0.0000000000
46441  32.119  -42.295  56.921 0.0000000000
46521  30.765  -41.712  53.578 0.0000000000
46542  30.246  -41.572  52.695 0.0000000000
51104  18.705  -37.954  65.055 0.0000000000
49976  18.430  -39.262  62.378 0.0000000000
48758  17.228  -40.491  62.692 0.0000000000
73447  54.369  -20.285  41.244 0.0000000000
73432  53.880  -20.780  42.116 0.0000000000
72123  53.508  -21.262  42.239 0.0000000000
72111  53.786  -20.713  42.578 0.0000000000
70823  51.188  -22.311  46.117 0.0000000000
68429  49.850  -23.539  45.678 0.0000000000
67215  47.310  -25.741  44.244 0.0000000000
66032  47.340  -25.755  44.527 0.0000000000
66034  46.206  -26.859  44.130 0.0000000000
64878  45.683  -27.783  44.165 0.0000000000
64782  49.562  -27.335  52.163 0.0000000000
57498  45.584  -33.722  50.755 0.0000000000
57519  46.064  -32.728  50.702 0.0000000000
57520  45.608  -33.127  50.407 0.0000000000
58787  45.727  -32.212  49.781 0.0000000000
58812  45.190  -32.228  48.891 0.0000000000
60063  44.085  -31.237  46.686 0.0000000000
60064  43.517  -31.212  46.021 0.0000000000
60082  42.996  -31.426  45.320 0.0000000000
60120  41.556  -31.662  43.567 0.0000000000
58922  40.740  -32.694  43.096 0.0000000000
58923  40.487  -33.223  42.707 0.0000000000
57710  40.270  -33.668  42.482 0.0000000000
56487  39.852  -34.149  42.292 0.0000000000
56488  39.430  -34.357  41.680 0.0000000000
55207  39.125  -34.971  41.561 0.0000000000
51474  37.833  -38.181  43.270 0.0000000000
51512  35.486  -38.181  41.454 0.0000000000
51530  35.645  -37.654  40.865 0.0000000000
52774  35.291  -37.367  40.306 0.0000000000
48860  36.213  -40.939  52.433 0.0000000000
48868  35.852  -40.662  51.878 0.0000000000
48877  34.951  -40.760  50.991 0.0000000000
48888  34.341  -40.905  50.097 0.0000000000
47710  33.964  -41.316  50.415 0.0000000000
45412  28.086  -42.481  44.141 0.0000000000
46668  27.037  -42.474  42.330 0.0000000000
46667  27.834  -41.890  42.828 0.0000000000
71046  56.474  -22.673  30.378 0.0000000000
68607  56.233  -24.197  33.399 0.0000000000
45181  27.194  -41.909  58.196 0.0000000000
45182  26.509  -41.769  58.175 0.0000000000
45164  25.808  -42.077  58.956 0.0000000000
46391  25.369  -42.295  59.188 0.0000000000
45070  28.316  -42.900  61.925 0.0000000000
45095  26.234  -42.774  61.075 0.0000000000
45122  25.515  -42.650  60.109 0.0000000000
47590  23.740  -41.830  60.329 0.0000000000
48783  22.799  -40.714  60.226 0.0000000000
46341  36.955  -42.353  61.755 0.0000000000
43922  36.452  -44.394  60.486 0.0000000000
43947  34.153  -43.620  60.072 0.0000000000
45137  34.094  -43.577  59.528 0.0000000000
45138  33.488  -43.403  59.879 0.0000000000
43866  32.928  -42.685  62.632 0.0000000000
42805  32.728  -43.072  62.178 0.0000000000
42820  33.133  -43.231  61.675 0.0000000000
42822  31.770  -43.079  61.849 0.0000000000
43905  32.151  -43.161  61.573 0.0000000000
43904  32.940  -43.322  61.475 0.0000000000
46386  32.164  -42.665  59.382 0.0000000000
46406  30.412  -42.427  58.403 0.0000000000
46407  29.511  -42.473  58.271 0.0000000000
67337  47.154  -25.858  37.809 0.0000000000
73356  52.007  -20.633  45.921 0.0000000000
72058  51.886  -20.923  46.318 0.0000000000
72059  51.601  -21.337  46.892 0.0000000000
69579  49.692  -23.735  47.693 0.0000000000
67179  49.385  -25.060  48.048 0.0000000000
58741  47.581  -32.613  52.537 0.0000000000
57496  46.735  -33.398  51.745 0.0000000000
53800  46.393  -36.096  52.647 0.0000000000
53820  46.313  -35.699  52.310 0.0000000000
53822  45.554  -37.003  51.681 0.0000000000
53821  45.805  -36.316  52.011 0.0000000000
55026  46.292  -35.229  52.017 0.0000000000
56275  46.085  -34.343  51.612 0.0000000000
56276  45.649  -34.103  51.044 0.0000000000
56296  45.156  -34.450  50.349 0.0000000000
56315  44.446  -34.637  49.462 0.0000000000
55068  43.963  -35.361  49.130 0.0000000000
55089  42.566  -35.577  47.030 0.0000000000
55112  42.288  -35.539  46.397 0.0000000000
53943  41.882  -36.243  46.082 0.0000000000
52692  41.697  -36.756  45.755 0.0000000000
52693  41.277  -37.271  45.329 0.0000000000
52683  41.466  -37.635  45.993 0.0000000000
52694  40.680  -37.665  45.114 0.0000000000
51453  40.336  -37.873  45.091 0.0000000000
51454  39.821  -37.919  44.785 0.0000000000
50203  40.041  -38.564  45.785 0.0000000000
51456  38.312  -38.417  44.254 0.0000000000
51458  36.608  -38.459  43.758 0.0000000000
50239  35.144  -38.638  43.016 0.0000000000
44096  31.707  -43.846  49.121 0.0000000000
44113  31.891  -43.877  48.930 0.0000000000
44114  31.645  -43.829  48.646 0.0000000000
44132  29.503  -43.850  45.999 0.0000000000
44152  29.475  -43.667  45.765 0.0000000000
45386  28.239  -42.679  45.047 0.0000000000
47749  27.571  -41.500  46.570 0.0000000000
46613  27.512  -42.041  45.848 0.0000000000
45399  27.615  -42.560  44.518 0.0000000000
72281  53.806  -21.333  32.659 0.0000000000
72280  54.401  -21.454  32.902 0.0000000000
74764  56.587  -19.817  34.077 0.0000000000
73549  56.565  -20.433  33.822 0.0000000000
46476  23.825  -41.913  55.554 0.0000000000
46477  23.067  -41.883  55.246 0.0000000000
46505  22.280  -42.370  54.371 0.0000000000
45249  22.023  -42.686  54.373 0.0000000000
45266  21.812  -42.638  53.753 0.0000000000
47602  43.124  -41.135  59.184 0.0000000000
50028  44.114  -39.299  58.617 0.0000000000
50046  44.436  -38.902  58.124 0.0000000000
48805  44.532  -39.406  57.672 0.0000000000
47625  44.395  -40.099  56.901 0.0000000000
47642  44.265  -40.337  55.774 0.0000000000
47636  43.432  -41.049  56.620 0.0000000000
47643  43.460  -40.880  56.043 0.0000000000
47655  40.479  -40.994  55.023 0.0000000000
47662  40.138  -40.625  54.277 0.0000000000
48850  38.174  -40.774  53.249 0.0000000000
47669  37.835  -40.981  53.298 0.0000000000
45220  39.626  -42.652  55.945 0.0000000000
46466  39.049  -42.313  55.419 0.0000000000
46467  38.211  -42.372  55.338 0.0000000000
46492  38.507  -41.920  54.844 0.0000000000
47658  38.137  -41.543  54.306 0.0000000000
47665  37.534  -41.322  53.844 0.0000000000
47670  37.212  -41.085  53.094 0.0000000000
47671  36.365  -41.282  52.946 0.0000000000
47672  35.746  -41.401  52.715 0.0000000000
46558  34.849  -41.686  52.235 0.0000000000
46559  34.152  -42.107  52.015 0.0000000000
46560  33.507  -42.492  51.710 0.0000000000
45318  32.340  -43.309  50.305 0.0000000000
43944  37.118  -44.467  59.820 0.0000000000
42869  36.800  -44.430  58.762 0.0000000000
42870  36.374  -44.423  58.376 0.0000000000
42857  35.892  -44.453  58.564 0.0000000000
42871  35.953  -44.397  58.131 0.0000000000
44009  33.549  -43.446  56.036 0.0000000000
44020  34.238  -43.495  54.739 0.0000000000
44036  33.298  -43.282  52.902 0.0000000000
42900  32.563  -43.480  53.091 0.0000000000
42906  32.869  -43.478  52.790 0.0000000000
44037  33.028  -43.276  52.261 0.0000000000
42934  32.324  -43.392  51.432 0.0000000000
44052  32.349  -43.365  51.070 0.0000000000
44074  32.065  -43.580  50.039 0.0000000000
42962  31.538  -43.652  49.975 0.0000000000
44076  31.296  -43.712  49.564 0.0000000000
45319  30.745  -43.013  50.688 0.0000000000
46582  30.546  -42.935  50.278 0.0000000000
46594  29.315  -41.495  48.853 0.0000000000
47726  28.791  -41.031  48.819 0.0000000000
46562  29.741  -41.263  52.315 0.0000000000
47701  29.018  -41.112  50.701 0.0000000000
48901  26.412  -40.565  48.762 0.0000000000
48902  25.905  -40.520  48.599 0.0000000000
48903  25.172  -40.624  48.529 0.0000000000
48891  24.766  -40.650  49.086 0.0000000000
47730  24.469  -41.334  48.223 0.0000000000
70968  52.420  -22.316  35.979 0.0000000000
70989  52.814  -22.760  35.568 0.0000000000
69753  50.698  -24.196  35.751 0.0000000000
69752  51.404  -23.672  35.555 0.0000000000
67357  48.165  -25.572  36.801 0.0000000000
51135  28.263  -38.841  63.142 0.0000000000
48734  27.086  -40.255  62.547 0.0000000000
48718  25.811  -40.414  63.202 0.0000000000
47510  25.504  -40.596  63.663 0.0000000000
46291  25.226  -41.057  63.830 0.0000000000
49910  25.069  -39.279  64.312 0.0000000000
48702  24.951  -39.779  64.410 0.0000000000
47511  25.099  -40.421  64.025 0.0000000000
46292  24.912  -41.062  63.883 0.0000000000
47530  24.622  -41.012  63.790 0.0000000000
48737  23.706  -40.527  63.191 0.0000000000
48720  23.663  -40.260  64.018 0.0000000000
48772  22.480  -40.225  60.756 0.0000000000
48785  21.244  -40.038  59.830 0.0000000000
50038  19.750  -40.082  59.561 0.0000000000
48774  18.531  -40.287  60.827 0.0000000000
74806  52.741  -18.937  31.433 0.0000000000
73539  53.974  -19.865  34.046 0.0000000000
74784  54.700  -19.679  34.195 0.0000000000
74753  51.685  -18.856  35.020 0.0000000000
73505  54.260  -20.219  37.555 0.0000000000
76918  54.377  -17.597  38.115 0.0000000000
74716  54.867  -18.689  38.544 0.0000000000
69693  49.920  -23.719  39.299 0.0000000000
72100  51.997  -21.285  44.333 0.0000000000
69658  51.473  -23.116  43.065 0.0000000000
68471  49.592  -24.752  41.218 0.0000000000
66061  46.858  -26.179  42.261 0.0000000000
66091  45.554  -26.520  40.499 0.0000000000
68379  49.673  -23.933  49.349 0.0000000000
63588  49.260  -27.978  51.796 0.0000000000
58768  46.572  -32.221  50.773 0.0000000000
60004  47.211  -31.207  50.902 0.0000000000
61166  47.962  -30.401  50.958 0.0000000000
61167  47.538  -30.379  50.364 0.0000000000
62399  48.310  -29.754  51.196 0.0000000000
63589  48.765  -28.463  51.498 0.0000000000
63594  48.951  -27.712  51.194 0.0000000000
64793  48.882  -27.029  50.388 0.0000000000
64801  48.426  -27.355  49.571 0.0000000000
64800  48.801  -26.456  49.419 0.0000000000
65966  48.626  -26.281  48.377 0.0000000000
64839  47.552  -26.800  47.098 0.0000000000
64840  46.982  -27.098  46.572 0.0000000000
63634  46.758  -27.749  47.088 0.0000000000
64841  46.371  -27.413  46.076 0.0000000000
64859  46.130  -27.296  45.483 0.0000000000
63671  45.830  -27.810  45.204 0.0000000000
63688  45.367  -28.199  44.076 0.0000000000
61220  44.966  -30.082  46.811 0.0000000000
61239  44.089  -29.947  45.396 0.0000000000
62467  44.629  -29.405  45.324 0.0000000000
62483  45.074  -28.702  44.740 0.0000000000
63673  45.076  -28.556  44.344 0.0000000000
63689  44.847  -28.467  43.696 0.0000000000
63704  43.827  -28.301  42.570 0.0000000000
60133  40.661  -32.062  42.143 0.0000000000
60162  39.794  -32.062  40.436 0.0000000000
55153  41.032  -35.498  44.227 0.0000000000
53973  40.422  -36.467  43.745 0.0000000000
53988  40.058  -36.125  43.191 0.0000000000
55208  38.702  -35.366  41.374 0.0000000000
51490  38.114  -37.681  42.806 0.0000000000
52735  37.966  -37.362  42.228 0.0000000000
52771  37.063  -36.896  40.995 0.0000000000
48865  39.123  -39.684  51.717 0.0000000000
48864  39.659  -39.491  51.614 0.0000000000
48896  36.684  -39.405  48.712 0.0000000000
50164  37.279  -39.176  48.703 0.0000000000
50207  35.356  -39.099  45.722 0.0000000000
45360  31.944  -43.615  48.504 0.0000000000
46609  31.128  -43.179  46.757 0.0000000000
46608  31.832  -42.681  46.944 0.0000000000
47735  32.566  -42.108  47.652 0.0000000000
47745  32.260  -41.998  47.030 0.0000000000
48922  32.213  -41.412  46.613 0.0000000000
47771  29.943  -41.745  44.903 0.0000000000
48940  30.457  -41.564  45.177 0.0000000000
48939  30.923  -41.334  45.483 0.0000000000
48958  32.220  -40.078  45.271 0.0000000000
50226  32.373  -39.556  44.618 0.0000000000
51496  32.669  -38.372  42.406 0.0000000000
72295  53.430  -21.325  31.767 0.0000000000
72294  53.891  -21.741  31.413 0.0000000000
68608  55.604  -24.251  32.768 0.0000000000
70987  54.978  -22.463  35.466 0.0000000000
42803  33.906  -43.427  61.825 0.0000000000
42818  33.951  -43.404  61.603 0.0000000000
42830  36.029  -44.477  60.190 0.0000000000
42839  40.280  -43.530  59.043 0.0000000000
42840  39.892  -43.644  58.987 0.0000000000
42841  39.459  -43.762  58.788 0.0000000000
42854  38.832  -43.713  58.205 0.0000000000
42855  36.808  -44.494  59.324 0.0000000000
42866  39.717  -43.638  58.095 0.0000000000
42914  31.858  -43.480  51.178 0.0000000000
42935  32.137  -43.719  50.934 0.0000000000
42961  31.907  -43.789  50.180 0.0000000000
42963  31.067  -43.576  50.144 0.0000000000
43884  31.571  -43.036  62.044 0.0000000000
43898  38.298  -43.680  60.898 0.0000000000
43917  40.931  -43.128  59.535 0.0000000000
43926  32.738  -43.396  60.845 0.0000000000
43930  29.173  -42.701  61.263 0.0000000000
44019  34.813  -43.400  55.162 0.0000000000
44042  32.684  -43.217  51.594 0.0000000000
44053  32.228  -43.428  50.638 0.0000000000
44054  30.977  -43.481  50.220 0.0000000000
44075  31.729  -43.695  49.644 0.0000000000
44095  32.108  -43.775  49.167 0.0000000000
44115  31.276  -43.741  48.414 0.0000000000
44130  29.985  -44.315  46.246 0.0000000000
44131  29.811  -44.132  46.148 0.0000000000
44151  29.754  -44.082  45.865 0.0000000000
45030  25.668  -41.997  63.277 0.0000000000
45111  39.330  -43.017  60.546 0.0000000000
45113  33.194  -43.450  60.589 0.0000000000
45136  41.184  -42.980  59.430 0.0000000000
45165  23.858  -42.622  57.684 0.0000000000
45195  42.033  -42.327  57.208 0.0000000000
45261  35.674  -42.153  54.323 0.0000000000
46331  25.479  -42.378  62.695 0.0000000000
46356  39.444  -42.228  60.558 0.0000000000
46368  42.067  -41.936  59.741 0.0000000000
46383  43.107  -41.257  58.925 0.0000000000
46417  43.579  -40.878  57.649 0.0000000000
46450  21.821  -42.413  56.143 0.0000000000
46460  43.176  -41.371  56.645 0.0000000000
46494  36.594  -41.905  54.802 0.0000000000
46541  30.782  -41.848  52.862 0.0000000000
47498  24.987  -40.035  64.335 0.0000000000
47577  23.392  -41.033  61.212 0.0000000000
47614  43.962  -40.441  57.941 0.0000000000
47618  19.501  -41.412  57.855 0.0000000000
47646  41.604  -41.355  55.596 0.0000000000
47650  44.370  -40.056  55.352 0.0000000000
47684  35.277  -41.256  52.184 0.0000000000
47685  34.667  -41.504  51.869 0.0000000000
47725  29.284  -41.392  49.265 0.0000000000
47736  29.162  -41.905  47.478 0.0000000000
48692  24.679  -39.756  64.583 0.0000000000
48719  25.683  -39.909  63.168 0.0000000000
48736  25.832  -39.750  62.841 0.0000000000
48752  27.658  -40.018  62.574 0.0000000000
48753  26.227  -39.803  62.632 0.0000000000
48754  26.061  -39.619  62.651 0.0000000000
48818  44.301  -40.137  57.544 0.0000000000
48833  45.796  -38.608  54.570 0.0000000000
48834  45.490  -38.911  54.458 0.0000000000
48842  45.517  -38.709  53.924 0.0000000000
48874  37.800  -39.551  50.780 0.0000000000
49969  28.043  -39.958  62.634 0.0000000000
49970  26.456  -39.748  62.588 0.0000000000
49971  26.332  -39.577  62.619 0.0000000000
50077  45.591  -38.540  56.268 0.0000000000
50178  35.740  -39.458  47.474 0.0000000000
50208  34.557  -39.235  45.526 0.0000000000
51278  45.978  -37.846  56.329 0.0000000000
51325  46.603  -37.144  54.014 0.0000000000
51347  46.457  -37.421  53.677 0.0000000000
51378  46.050  -37.774  52.477 0.0000000000
51408  43.239  -38.026  48.564 0.0000000000
51419  41.972  -38.142  47.082 0.0000000000
51436  41.146  -37.972  45.901 0.0000000000
51529  36.119  -37.466  40.886 0.0000000000
51552  34.269  -37.487  39.852 0.0000000000
52461  44.527  -37.808  58.031 0.0000000000
52519  46.611  -36.330  54.969 0.0000000000
52543  46.520  -37.254  54.789 0.0000000000
52593  45.829  -36.940  52.263 0.0000000000
52753  36.905  -37.322  41.251 0.0000000000
52791  36.091  -36.829  40.290 0.0000000000
53743  46.571  -36.019  55.287 0.0000000000
53778  46.747  -35.817  53.200 0.0000000000
53842  45.589  -35.994  51.467 0.0000000000
54971  46.663  -34.773  55.891 0.0000000000
54984  47.420  -34.255  54.939 0.0000000000
56198  47.576  -33.595  54.725 0.0000000000
56227  47.644  -33.369  54.233 0.0000000000
58739  48.378  -31.607  53.513 0.0000000000
58767  47.102  -32.019  51.259 0.0000000000
58905  41.815  -32.685  44.601 0.0000000000
58965  39.838  -32.183  40.688 0.0000000000
60029  46.228  -30.965  48.996 0.0000000000
61302  40.801  -31.053  41.520 0.0000000000
63603  48.000  -28.298  49.594 0.0000000000
63705  43.053  -28.655  42.325 0.0000000000
64810  48.578  -26.564  48.884 0.0000000000
68392  49.682  -23.559  48.670 0.0000000000
68419  49.949  -23.342  46.516 0.0000000000
68580  50.685  -24.599  35.800 0.0000000000
70834  51.902  -21.286  45.186 0.0000000000
72138  53.123  -22.001  41.112 0.0000000000
