#!ascii label  , from subject sub.01.dh.02t2 vox2ras=TkReg
1006
97987  41.659  2.237  28.291 0.0000000000
98067  46.658  2.983  16.814 0.0000000000
100738  41.252  5.746  17.855 0.0000000000
94373  48.258  -1.536  8.572 0.0000000000
96204  39.987  0.488  20.795 0.0000000000
102894  47.042  8.546  21.728 0.0000000000
97249  49.282  1.812  11.177 0.0000000000
98107  36.986  2.561  9.656 0.0000000000
98886  50.390  3.828  23.494 0.0000000000
98910  44.703  3.960  22.323 0.0000000000
93189  43.545  -1.938  16.533 0.0000000000
102998  39.734  8.234  11.030 0.0000000000
99002  41.537  3.127  10.943 0.0000000000
100758  47.585  5.362  17.173 0.0000000000
99015  46.058  3.864  10.842 0.0000000000
100826  38.785  4.922  7.431 0.0000000000
100652  45.437  5.356  26.573 0.0000000000
99787  42.467  4.686  25.000 0.0000000000
95271  42.134  -0.611  19.318 0.0000000000
102915  42.247  9.007  17.360 0.0000000000
103728  42.821  9.260  12.807 0.0000000000
102946  39.313  8.090  15.438 0.0000000000
100793  38.283  5.524  13.268 0.0000000000
99882  41.079  4.481  14.826 0.0000000000
98936  47.854  3.398  19.598 0.0000000000
99821  49.079  4.420  20.461 0.0000000000
98947  48.514  4.391  16.985 0.0000000000
97292  50.369  1.289  8.822 0.0000000000
99943  48.480  4.065  10.882 0.0000000000
98137  48.157  2.748  8.151 0.0000000000
98151  45.410  2.906  7.913 0.0000000000
96318  47.445  -0.031  10.048 0.0000000000
92191  43.898  -4.236  11.521 0.0000000000
97110  38.789  0.784  26.490 0.0000000000
98902  39.588  3.281  23.737 0.0000000000
102172  43.531  7.576  20.107 0.0000000000
96278  46.166  0.440  13.731 0.0000000000
98087  47.654  2.659  13.235 0.0000000000
95360  48.717  0.041  11.278 0.0000000000
95367  51.667  -0.337  9.933 0.0000000000
101454  51.941  6.312  26.410 0.0000000000
100648  49.668  5.390  26.812 0.0000000000
98898  47.515  3.792  23.283 0.0000000000
98048  45.692  2.279  19.268 0.0000000000
98032  41.677  2.645  21.070 0.0000000000
97155  43.831  1.329  18.988 0.0000000000
97191  44.554  1.045  16.349 0.0000000000
93218  45.775  -2.797  14.192 0.0000000000
97102  37.440  1.273  27.473 0.0000000000
102255  42.829  7.805  8.663 0.0000000000
102288  39.832  6.592  7.464 0.0000000000
100806  38.309  5.254  10.436 0.0000000000
99004  38.660  2.879  11.519 0.0000000000
96337  40.440  0.867  9.658 0.0000000000
100686  48.741  6.224  23.748 0.0000000000
100726  45.904  5.014  20.391 0.0000000000
99842  44.215  4.612  18.182 0.0000000000
98974  48.490  3.960  13.458 0.0000000000
99903  46.607  4.595  13.890 0.0000000000
99892  43.567  4.467  14.441 0.0000000000
99000  43.791  3.649  11.035 0.0000000000
97298  42.990  1.678  8.543 0.0000000000
101579  37.423  5.686  7.937 0.0000000000
101586  38.323  6.142  7.389 0.0000000000
99746  43.680  4.400  27.170 0.0000000000
98860  42.395  3.360  27.054 0.0000000000
102183  40.926  7.691  18.047 0.0000000000
102925  40.426  8.066  17.184 0.0000000000
101514  39.923  6.757  17.221 0.0000000000
100762  39.568  6.077  16.075 0.0000000000
100760  41.271  4.936  16.008 0.0000000000
98941  47.257  3.262  18.628 0.0000000000
98940  48.119  3.708  18.382 0.0000000000
98957  47.554  3.546  16.882 0.0000000000
95388  49.576  -0.303  7.920 0.0000000000
97294  49.177  1.354  8.194 0.0000000000
96347  48.801  0.555  8.183 0.0000000000
97280  47.726  1.104  9.081 0.0000000000
95379  47.882  -0.628  8.897 0.0000000000
93261  46.482  -2.470  9.507 0.0000000000
93270  47.220  -2.473  8.956 0.0000000000
97122  38.130  1.435  24.609 0.0000000000
102905  44.923  9.019  19.500 0.0000000000
102171  44.760  7.599  20.879 0.0000000000
94332  47.145  -1.154  12.585 0.0000000000
95352  47.371  -0.008  12.593 0.0000000000
94341  48.625  -1.246  11.186 0.0000000000
94351  51.970  -1.475  10.293 0.0000000000
92204  52.425  -2.596  9.414 0.0000000000
94369  51.985  -1.280  8.759 0.0000000000
100705  45.107  5.117  23.999 0.0000000000
99784  46.530  4.799  24.139 0.0000000000
98909  45.799  3.856  22.711 0.0000000000
98027  46.784  2.995  21.529 0.0000000000
98028  45.876  2.797  21.332 0.0000000000
98034  39.360  2.393  21.925 0.0000000000
98914  40.575  3.839  22.503 0.0000000000
98044  40.899  1.664  20.900 0.0000000000
94269  42.778  -1.354  17.717 0.0000000000
96211  42.558  0.331  19.299 0.0000000000
96240  43.008  0.080  17.792 0.0000000000
97180  44.274  1.112  17.388 0.0000000000
95309  44.129  -0.423  16.107 0.0000000000
94310  44.642  -0.935  15.140 0.0000000000
92158  44.767  -2.390  15.090 0.0000000000
91066  47.260  -4.330  14.706 0.0000000000
102964  41.241  8.780  12.493 0.0000000000
102977  42.376  8.639  11.323 0.0000000000
102996  41.630  8.466  10.571 0.0000000000
102270  41.084  7.660  7.770 0.0000000000
102241  39.975  7.966  10.015 0.0000000000
101562  38.938  6.598  9.677 0.0000000000
102243  38.600  6.795  10.762 0.0000000000
98977  39.775  3.579  12.700 0.0000000000
99925  38.884  3.690  12.542 0.0000000000
98096  39.620  2.596  11.476 0.0000000000
98117  39.413  1.606  10.278 0.0000000000
98115  41.207  2.063  10.000 0.0000000000
99779  51.181  4.826  25.283 0.0000000000
101475  50.078  6.452  24.905 0.0000000000
100700  50.347  4.661  23.316 0.0000000000
99838  48.087  4.931  18.376 0.0000000000
100725  47.248  4.819  20.558 0.0000000000
99831  46.430  4.627  19.342 0.0000000000
100731  44.859  5.016  19.767 0.0000000000
99853  46.073  4.725  17.585 0.0000000000
97236  48.072  1.998  11.892 0.0000000000
98975  48.066  3.489  13.817 0.0000000000
98094  48.687  2.727  12.048 0.0000000000
99014  47.340  4.011  10.375 0.0000000000
99933  47.748  4.427  12.000 0.0000000000
99946  46.564  4.039  11.599 0.0000000000
99904  45.489  4.309  13.780 0.0000000000
98998  45.355  3.806  11.848 0.0000000000
98986  43.894  3.779  11.999 0.0000000000
99016  44.766  3.589  10.259 0.0000000000
97282  45.176  1.982  9.496 0.0000000000
99060  44.083  2.672  7.920 0.0000000000
97283  43.923  1.933  9.314 0.0000000000
97268  43.262  1.376  10.057 0.0000000000
102890  48.280  8.607  22.522 0.0000000000
99967  37.386  4.330  8.093 0.0000000000
99035  38.303  3.725  8.691 0.0000000000
100619  46.447  5.249  28.689 0.0000000000
99731  45.028  4.638  28.191 0.0000000000
100668  44.284  5.258  25.628 0.0000000000
99800  43.456  5.063  24.033 0.0000000000
95261  41.602  -0.578  19.718 0.0000000000
103694  42.418  9.491  15.508 0.0000000000
102944  40.951  9.064  14.493 0.0000000000
102966  39.399  8.412  13.211 0.0000000000
102225  38.260  7.059  13.093 0.0000000000
101538  38.617  6.442  14.563 0.0000000000
100786  39.536  5.024  14.511 0.0000000000
99908  41.378  3.983  13.150 0.0000000000
98905  49.822  3.604  22.039 0.0000000000
99814  50.149  4.218  21.869 0.0000000000
98930  49.286  4.058  20.178 0.0000000000
99837  48.593  4.663  18.386 0.0000000000
100744  48.622  5.173  17.029 0.0000000000
97263  50.168  1.568  10.024 0.0000000000
98996  49.469  2.980  11.037 0.0000000000
98125  49.196  2.600  9.137 0.0000000000
98126  48.481  3.162  8.668 0.0000000000
99042  47.069  4.052  8.380 0.0000000000
99963  46.089  4.281  7.925 0.0000000000
99057  46.886  3.531  7.002 0.0000000000
97281  46.724  1.579  9.248 0.0000000000
96319  46.780  0.244  10.457 0.0000000000
92200  44.984  -4.076  10.416 0.0000000000
97098  40.450  1.682  27.906 0.0000000000
98011  40.652  2.623  26.119 0.0000000000
98012  39.879  2.153  25.946 0.0000000000
98021  38.533  2.225  23.695 0.0000000000
97137  38.985  1.393  21.610 0.0000000000
103669  44.244  9.541  17.770 0.0000000000
102907  42.914  8.316  19.030 0.0000000000
101502  42.375  6.280  19.390 0.0000000000
97214  45.921  1.689  14.693 0.0000000000
98081  46.730  2.513  14.480 0.0000000000
96277  46.636  0.907  13.356 0.0000000000
96287  47.803  1.030  12.095 0.0000000000
96301  48.856  1.087  11.310 0.0000000000
93260  50.187  -2.342  10.784 0.0000000000
95368  50.503  -0.139  10.336 0.0000000000
96317  50.110  0.878  10.504 0.0000000000
96331  51.900  0.340  9.129 0.0000000000
95387  50.546  -0.547  8.168 0.0000000000
93280  48.833  -2.284  8.585 0.0000000000
92219  47.771  -3.476  8.969 0.0000000000
100633  50.929  5.823  27.466 0.0000000000
99761  49.959  4.576  25.702 0.0000000000
100650  47.364  5.446  26.793 0.0000000000
99763  48.130  4.906  25.091 0.0000000000
98897  48.776  3.689  23.464 0.0000000000
98920  48.009  3.404  21.695 0.0000000000
98046  47.353  3.054  20.429 0.0000000000
98051  45.779  2.367  18.334 0.0000000000
99789  40.951  4.117  24.452 0.0000000000
99810  41.987  4.429  23.006 0.0000000000
98925  43.189  3.455  21.557 0.0000000000
97146  41.876  1.231  20.352 0.0000000000
98041  43.179  2.222  20.388 0.0000000000
98040  44.213  2.227  20.435 0.0000000000
97154  44.724  1.704  19.107 0.0000000000
97179  45.113  1.798  17.824 0.0000000000
97202  45.254  1.430  15.577 0.0000000000
96270  45.097  0.255  14.705 0.0000000000
94324  45.603  -0.842  14.034 0.0000000000
92177  46.687  -2.466  13.248 0.0000000000
91068  45.480  -3.743  14.868 0.0000000000
91082  46.433  -3.733  13.938 0.0000000000
97100  39.061  1.444  28.202 0.0000000000
96157  37.946  0.778  27.351 0.0000000000
96166  36.444  0.250  26.824 0.0000000000
102993  44.428  8.209  10.330 0.0000000000
102285  42.503  7.628  7.172 0.0000000000
101577  38.739  5.741  7.896 0.0000000000
100821  38.768  4.914  8.504 0.0000000000
99948  38.162  3.907  9.775 0.0000000000
101551  37.959  5.313  12.229 0.0000000000
99927  37.978  4.382  11.470 0.0000000000
98106  37.737  2.400  10.314 0.0000000000
102160  47.248  7.279  22.901 0.0000000000
100710  48.744  5.072  22.093 0.0000000000
100711  47.437  5.678  22.272 0.0000000000
101492  45.948  6.739  22.110 0.0000000000
100721  44.665  6.286  20.968 0.0000000000
100732  43.576  5.435  19.587 0.0000000000
99843  43.161  4.813  18.073 0.0000000000
98963  47.872  3.897  15.629 0.0000000000
98962  48.125  4.376  15.292 0.0000000000
100782  48.169  5.094  15.140 0.0000000000
99932  48.567  4.050  11.620 0.0000000000
99902  47.593  4.739  13.916 0.0000000000
99876  46.761  5.185  16.089 0.0000000000
99877  45.855  4.825  15.767 0.0000000000
99867  43.847  4.624  16.330 0.0000000000
99868  42.741  4.718  16.109 0.0000000000
99893  42.577  4.501  14.297 0.0000000000
99923  42.298  4.066  12.524 0.0000000000
98988  42.112  3.730  11.785 0.0000000000
99045  44.658  3.299  8.188 0.0000000000
99032  43.558  3.245  8.866 0.0000000000
99019  41.752  2.525  9.621 0.0000000000
97286  41.630  1.479  9.142 0.0000000000
93233  44.041  -2.954  12.488 0.0000000000
102273  37.752  6.909  7.609 0.0000000000
102290  38.295  6.651  7.114 0.0000000000
97986  42.205  2.465  28.765 0.0000000000
98850  42.732  3.043  28.368 0.0000000000
97997  42.182  2.643  27.995 0.0000000000
102181  40.852  6.893  18.306 0.0000000000
102184  40.497  7.279  17.759 0.0000000000
101513  40.428  6.385  17.465 0.0000000000
100749  40.379  5.897  17.016 0.0000000000
100748  40.977  5.545  17.199 0.0000000000
98949  47.404  3.423  17.671 0.0000000000
95389  48.589  -0.484  8.310 0.0000000000
94363  47.433  -1.734  9.124 0.0000000000
93282  47.216  -2.935  8.719 0.0000000000
102897  47.608  9.052  21.249 0.0000000000
102899  46.008  8.522  20.785 0.0000000000
102900  45.204  8.438  20.384 0.0000000000
102170  45.427  8.046  20.928 0.0000000000
93240  47.085  -2.123  12.786 0.0000000000
93250  47.745  -2.020  12.068 0.0000000000
93257  52.574  -2.486  10.045 0.0000000000
91125  51.438  -3.634  9.557 0.0000000000
92205  51.990  -3.112  9.300 0.0000000000
99807  44.972  4.389  22.931 0.0000000000
99798  45.555  4.567  23.441 0.0000000000
98923  45.292  3.289  21.884 0.0000000000
97136  39.819  1.421  21.070 0.0000000000
98033  40.602  2.265  21.220 0.0000000000
97135  40.542  1.495  20.889 0.0000000000
94268  43.219  -1.320  17.054 0.0000000000
95297  42.946  -0.553  17.538 0.0000000000
95296  43.390  -0.660  16.916 0.0000000000
95310  43.753  -0.470  16.535 0.0000000000
94282  43.752  -1.192  16.401 0.0000000000
94294  44.196  -1.176  15.792 0.0000000000
93203  43.935  -1.685  16.058 0.0000000000
102979  40.481  8.571  11.782 0.0000000000
102978  41.446  8.567  11.545 0.0000000000
102997  40.686  8.380  10.787 0.0000000000
103013  40.840  8.249  9.767 0.0000000000
102242  39.269  7.432  10.369 0.0000000000
102232  38.975  7.654  11.442 0.0000000000
98990  40.368  3.155  11.948 0.0000000000
99003  40.534  2.578  11.166 0.0000000000
98103  41.007  2.190  10.471 0.0000000000
99780  50.504  4.448  24.570 0.0000000000
100684  50.497  5.177  24.372 0.0000000000
99793  50.511  4.330  23.335 0.0000000000
99851  47.688  5.111  17.945 0.0000000000
99839  47.223  4.765  18.471 0.0000000000
99852  47.080  4.960  17.710 0.0000000000
99840  46.258  4.641  18.425 0.0000000000
99864  46.811  5.146  16.954 0.0000000000
97250  48.735  1.935  11.558 0.0000000000
98102  49.181  2.458  11.489 0.0000000000
99945  47.140  4.140  11.345 0.0000000000
99935  46.081  3.974  12.037 0.0000000000
98999  44.749  3.709  11.364 0.0000000000
99030  45.717  3.652  9.347 0.0000000000
97266  45.897  1.191  10.319 0.0000000000
97267  44.524  1.599  10.287 0.0000000000
100827  37.854  5.048  7.512 0.0000000000
100828  37.116  5.007  8.075 0.0000000000
99966  37.616  4.324  7.470 0.0000000000
99050  37.882  3.623  7.453 0.0000000000
99965  39.099  4.072  7.196 0.0000000000
99717  44.897  4.306  29.048 0.0000000000
99732  44.094  4.275  28.382 0.0000000000
99764  43.341  4.593  26.201 0.0000000000
100654  43.887  4.888  26.250 0.0000000000
99786  43.212  4.889  25.315 0.0000000000
100691  43.928  5.243  24.910 0.0000000000
103675  42.898  9.400  16.836 0.0000000000
103681  43.208  9.760  15.985 0.0000000000
103682  42.319  9.316  16.407 0.0000000000
102937  39.736  7.885  16.524 0.0000000000
102935  40.977  9.048  15.549 0.0000000000
102945  40.031  8.908  14.991 0.0000000000
102953  40.096  8.949  13.860 0.0000000000
102954  39.340  8.384  14.307 0.0000000000
102217  38.456  7.133  14.155 0.0000000000
102211  38.825  7.155  15.114 0.0000000000
100773  40.362  4.913  15.157 0.0000000000
100774  39.383  5.763  15.304 0.0000000000
99895  40.625  4.333  14.203 0.0000000000
99909  40.220  3.944  13.362 0.0000000000
98919  49.048  3.510  21.358 0.0000000000
98918  49.709  3.927  21.150 0.0000000000
98931  48.979  3.651  20.325 0.0000000000
98948  48.152  3.859  17.378 0.0000000000
98939  48.510  4.340  17.949 0.0000000000
99850  48.690  4.790  17.419 0.0000000000
100735  48.664  5.066  17.669 0.0000000000
99863  48.686  4.827  16.587 0.0000000000
97279  50.393  1.388  9.401 0.0000000000
98113  49.844  1.955  9.529 0.0000000000
98124  49.872  1.842  9.023 0.0000000000
99041  47.812  3.692  8.165 0.0000000000
99055  47.535  3.705  7.265 0.0000000000
99972  47.465  4.059  6.739 0.0000000000
98148  47.568  3.431  7.429 0.0000000000
96333  47.716  0.406  9.467 0.0000000000
97296  47.020  2.071  8.467 0.0000000000
96334  47.185  0.755  9.911 0.0000000000
97265  46.699  1.038  10.021 0.0000000000
94343  46.440  -1.658  10.447 0.0000000000
93272  46.244  -3.053  9.166 0.0000000000
93262  46.092  -2.717  9.717 0.0000000000
97109  39.573  1.301  26.838 0.0000000000
98000  40.289  2.087  26.636 0.0000000000
97118  39.115  1.689  25.537 0.0000000000
98016  38.794  2.209  24.480 0.0000000000
97127  38.009  1.622  23.204 0.0000000000
98024  38.553  2.136  22.648 0.0000000000
97130  38.328  1.330  22.223 0.0000000000
102906  43.756  8.536  19.328 0.0000000000
102175  43.108  8.022  19.525 0.0000000000
102176  42.390  7.504  19.413 0.0000000000
101499  42.682  6.840  19.790 0.0000000000
96268  46.102  1.105  13.922 0.0000000000
94342  47.853  -0.697  11.848 0.0000000000
95361  47.974  0.220  11.848 0.0000000000
96302  48.324  0.749  11.614 0.0000000000
94340  49.230  -2.021  10.936 0.0000000000
94352  50.958  -1.266  10.404 0.0000000000
96316  50.815  0.651  9.831 0.0000000000
95378  52.030  0.110  9.576 0.0000000000
93278  51.010  -2.285  8.622 0.0000000000
94370  51.187  -1.352  8.540 0.0000000000
93279  49.921  -2.337  8.780 0.0000000000
94371  50.217  -1.375  8.372 0.0000000000
92217  49.280  -2.685  8.905 0.0000000000
92218  48.693  -2.946  8.974 0.0000000000
101441  49.696  6.151  28.580 0.0000000000
101440  50.525  6.241  28.200 0.0000000000
100634  50.043  5.825  27.718 0.0000000000
99744  50.516  4.919  26.291 0.0000000000
100638  45.649  5.168  27.620 0.0000000000
100637  46.518  5.345  27.712 0.0000000000
100651  46.365  5.459  26.639 0.0000000000
99796  47.039  4.283  23.762 0.0000000000
99783  47.426  4.821  24.500 0.0000000000
99795  47.913  4.251  23.803 0.0000000000
99782  48.622  4.289  24.429 0.0000000000
98906  48.970  3.474  22.352 0.0000000000
98907  47.904  3.525  22.590 0.0000000000
98038  46.604  2.759  20.784 0.0000000000
98047  46.686  2.723  19.801 0.0000000000
98050  46.517  2.747  18.881 0.0000000000
98876  40.631  3.045  25.535 0.0000000000
98875  41.332  3.437  25.856 0.0000000000
98890  40.358  3.404  24.664 0.0000000000
98927  41.086  3.329  21.612 0.0000000000
98913  41.577  3.943  22.283 0.0000000000
98926  42.139  3.379  21.599 0.0000000000
98912  42.600  4.019  22.225 0.0000000000
96212  42.024  -0.163  19.660 0.0000000000
96202  41.634  0.304  20.081 0.0000000000
96210  43.213  0.831  19.024 0.0000000000
97145  42.672  1.367  19.958 0.0000000000
97144  43.583  1.703  19.817 0.0000000000
97143  44.496  1.827  19.735 0.0000000000
96238  44.130  0.544  16.701 0.0000000000
97190  45.091  1.701  16.785 0.0000000000
97203  44.679  0.835  15.788 0.0000000000
96261  44.758  0.444  15.290 0.0000000000
93219  45.309  -2.103  14.473 0.0000000000
94309  45.125  -1.101  14.538 0.0000000000
93232  45.634  -1.463  14.043 0.0000000000
93231  46.057  -2.118  13.728 0.0000000000
91081  47.022  -4.093  13.699 0.0000000000
97982  39.105  1.946  28.396 0.0000000000
97991  37.650  2.127  27.544 0.0000000000
97101  38.205  1.388  27.792 0.0000000000
96158  37.203  0.627  27.201 0.0000000000
102995  42.583  8.396  10.389 0.0000000000
102994  43.507  8.149  10.364 0.0000000000
103010  43.796  7.812  9.545 0.0000000000
102253  44.093  7.623  8.714 0.0000000000
102268  43.432  7.645  7.915 0.0000000000
102284  43.566  7.486  6.921 0.0000000000
103035  42.434  7.802  7.852 0.0000000000
102271  40.298  7.330  8.000 0.0000000000
101584  39.645  5.771  6.661 0.0000000000
101585  38.724  5.860  6.973 0.0000000000
101576  39.254  6.236  7.598 0.0000000000
101563  38.503  5.910  10.092 0.0000000000
101570  38.842  5.735  9.044 0.0000000000
100813  38.587  5.061  9.559 0.0000000000
99947  38.574  4.202  9.168 0.0000000000
100814  38.269  4.517  10.130 0.0000000000
101544  38.292  6.286  13.666 0.0000000000
101550  37.997  5.960  12.503 0.0000000000
98992  38.497  3.250  11.732 0.0000000000
99926  38.270  3.934  12.027 0.0000000000
99005  38.098  3.006  11.148 0.0000000000
99936  37.873  3.473  11.048 0.0000000000
98105  38.803  2.344  10.897 0.0000000000
97272  40.047  1.248  9.746 0.0000000000
102136  51.522  7.339  25.738 0.0000000000
100685  49.356  5.767  23.969 0.0000000000
102148  49.739  7.702  24.436 0.0000000000
101476  49.116  6.734  24.127 0.0000000000
102158  48.774  7.636  23.801 0.0000000000
101486  48.292  6.757  23.590 0.0000000000
99816  49.320  4.465  21.017 0.0000000000
100709  49.539  4.625  21.832 0.0000000000
100717  49.056  4.683  21.352 0.0000000000
100719  46.705  5.380  21.318 0.0000000000
100712  46.246  6.022  22.023 0.0000000000
100720  45.408  5.964  21.328 0.0000000000
101495  44.838  6.729  21.263 0.0000000000
99833  44.429  4.703  19.043 0.0000000000
99834  43.543  4.844  18.828 0.0000000000
100733  42.658  5.263  18.878 0.0000000000
98088  47.070  2.385  13.755 0.0000000000
98073  47.242  3.283  15.079 0.0000000000
98080  47.479  3.027  14.180 0.0000000000
98969  48.194  4.173  14.400 0.0000000000
99887  48.166  4.759  15.019 0.0000000000
99901  48.075  4.480  14.091 0.0000000000
99012  48.895  3.628  10.603 0.0000000000
98997  49.199  3.210  11.400 0.0000000000
99918  47.284  4.475  12.972 0.0000000000
99889  47.023  5.044  14.992 0.0000000000
99890  45.745  4.608  14.764 0.0000000000
99891  44.618  4.386  14.606 0.0000000000
99879  43.715  4.541  15.376 0.0000000000
99880  42.741  4.592  15.181 0.0000000000
99922  43.171  4.101  12.674 0.0000000000
98987  42.996  3.874  11.804 0.0000000000
99001  42.756  3.601  10.845 0.0000000000
99058  45.970  3.587  7.458 0.0000000000
99044  45.669  3.752  8.221 0.0000000000
98141  43.835  2.247  8.430 0.0000000000
99046  43.537  2.953  7.976 0.0000000000
99047  42.851  2.406  8.236 0.0000000000
99033  42.536  2.645  8.731 0.0000000000
98143  42.345  2.101  8.410 0.0000000000
98144  41.877  1.915  8.697 0.0000000000
97299  42.350  1.706  8.585 0.0000000000
97253  43.786  1.139  11.354 0.0000000000
97269  42.288  1.085  9.691 0.0000000000
94335  45.122  -2.109  11.793 0.0000000000
93242  44.281  -3.120  11.989 0.0000000000
102274  37.339  6.507  8.186 0.0000000000
101578  38.048  5.838  7.621 0.0000000000
98849  43.304  3.641  27.913 0.0000000000
98859  43.139  3.799  27.239 0.0000000000
99765  42.617  4.247  26.049 0.0000000000
102916  41.270  8.233  17.910 0.0000000000
102924  41.294  8.873  16.682 0.0000000000
102917  40.755  7.832  17.746 0.0000000000
102926  40.011  7.709  17.021 0.0000000000
101523  39.691  6.464  16.688 0.0000000000
101530  39.275  6.481  15.824 0.0000000000
100761  40.173  5.684  16.329 0.0000000000
100772  41.094  4.650  15.315 0.0000000000
98956  48.054  3.916  16.502 0.0000000000
96352  50.072  0.645  7.872 0.0000000000
97293  49.986  1.301  8.338 0.0000000000
97305  49.643  0.936  7.958 0.0000000000
97295  47.942  1.626  8.575 0.0000000000
96348  48.168  0.455  8.763 0.0000000000
95371  47.416  -0.904  9.586 0.0000000000
94356  46.737  -1.868  9.827 0.0000000000
94355  47.214  -1.526  9.505 0.0000000000
93271  46.646  -2.726  9.091 0.0000000000
92211  46.098  -3.575  9.231 0.0000000000
97119  38.681  0.972  25.850 0.0000000000
96176  37.954  0.686  25.449 0.0000000000
102904  45.919  8.965  19.883 0.0000000000
102901  44.390  8.277  20.095 0.0000000000
94333  46.639  -0.930  13.025 0.0000000000
95343  46.595  -0.146  13.242 0.0000000000
93259  51.371  -2.289  10.642 0.0000000000
93258  52.149  -2.423  10.380 0.0000000000
94350  52.569  -1.741  10.016 0.0000000000
94362  52.457  -1.151  9.522 0.0000000000
94368  52.384  -1.244  9.150 0.0000000000
93276  52.353  -1.895  8.995 0.0000000000
92216  51.328  -2.920  8.795 0.0000000000
100635  48.697  5.838  28.317 0.0000000000
100689  45.736  5.214  24.541 0.0000000000
100666  46.090  5.449  25.587 0.0000000000
99785  45.945  4.784  23.897 0.0000000000
99797  46.295  4.411  23.583 0.0000000000
98899  46.586  3.927  23.234 0.0000000000
98921  47.197  3.277  22.048 0.0000000000
98922  46.298  3.240  22.052 0.0000000000
98039  45.454  2.329  20.300 0.0000000000
98915  39.684  3.377  22.685 0.0000000000
98901  40.176  3.797  23.417 0.0000000000
98928  40.189  3.147  21.872 0.0000000000
95270  42.434  -0.640  18.727 0.0000000000
96225  42.712  -0.134  18.271 0.0000000000
96224  43.294  0.565  18.320 0.0000000000
97166  43.908  1.065  18.167 0.0000000000
96239  43.509  0.216  17.217 0.0000000000
96251  43.942  0.048  16.495 0.0000000000
96250  44.369  0.309  16.029 0.0000000000
95322  44.461  -0.359  15.519 0.0000000000
93220  44.704  -1.642  15.082 0.0000000000
91049  46.366  -4.253  15.629 0.0000000000
91065  48.469  -4.332  14.887 0.0000000000
103729  41.936  9.192  13.098 0.0000000000
102962  43.054  8.987  11.958 0.0000000000
103012  41.779  8.376  9.535 0.0000000000
103024  41.829  8.145  8.532 0.0000000000
103025  40.944  8.043  8.731 0.0000000000
102256  40.178  7.650  9.018 0.0000000000
102272  39.664  6.924  8.314 0.0000000000
102257  39.539  7.154  9.339 0.0000000000
101556  38.162  5.903  11.232 0.0000000000
99910  39.188  4.084  13.085 0.0000000000
99911  38.543  4.786  13.226 0.0000000000
98978  39.216  3.649  12.645 0.0000000000
98991  39.080  3.186  12.131 0.0000000000
98097  39.007  2.708  11.551 0.0000000000
98104  39.964  2.118  10.718 0.0000000000
98116  40.450  1.644  10.113 0.0000000000
97271  40.982  1.352  9.689 0.0000000000
100661  51.292  5.568  25.507 0.0000000000
101462  51.574  6.563  25.887 0.0000000000
100662  50.951  5.722  25.032 0.0000000000
101474  50.649  5.851  25.013 0.0000000000
99829  48.301  4.606  19.245 0.0000000000
99822  48.494  4.589  20.247 0.0000000000
99823  47.812  4.658  19.917 0.0000000000
99824  46.993  4.665  19.905 0.0000000000
100730  45.630  4.735  19.720 0.0000000000
99832  45.448  4.574  19.148 0.0000000000
99841  45.239  4.522  18.314 0.0000000000
99854  45.064  4.532  17.434 0.0000000000
98095  48.056  2.540  12.486 0.0000000000
98086  48.350  3.194  12.914 0.0000000000
99013  48.226  4.000  10.253 0.0000000000
99944  47.994  4.334  11.056 0.0000000000
99934  46.885  4.237  12.151 0.0000000000
99919  46.300  4.187  12.955 0.0000000000
99920  45.203  3.983  12.771 0.0000000000
99905  44.389  4.249  13.660 0.0000000000
99906  43.367  4.343  13.534 0.0000000000
99921  44.104  4.007  12.817 0.0000000000
98127  45.493  2.354  8.878 0.0000000000
99059  44.656  2.977  7.855 0.0000000000
98140  44.927  2.529  8.355 0.0000000000
98129  43.924  1.972  9.056 0.0000000000
97297  43.521  1.843  8.762 0.0000000000
97284  43.034  1.467  9.151 0.0000000000
102891  47.487  8.394  22.233 0.0000000000
101571  37.007  5.965  8.642 0.0000000000
99036  37.774  3.537  8.456 0.0000000000
99021  37.674  3.563  9.576 0.0000000000
99730  45.522  4.851  28.276 0.0000000000
99745  44.463  4.638  27.571 0.0000000000
100653  44.524  5.047  26.606 0.0000000000
100667  45.118  5.410  25.603 0.0000000000
100690  44.746  5.343  24.774 0.0000000000
99799  44.602  4.881  23.523 0.0000000000
99808  44.090  4.586  22.908 0.0000000000
96203  40.673  0.368  20.452 0.0000000000
95262  40.896  -0.444  20.148 0.0000000000
94242  42.226  -1.283  18.958 0.0000000000
93175  42.667  -1.892  18.031 0.0000000000
93174  43.013  -2.164  17.294 0.0000000000
92142  43.900  -2.324  16.009 0.0000000000
103693  43.031  9.776  15.062 0.0000000000
103704  42.467  9.536  14.606 0.0000000000
103695  41.754  9.214  15.941 0.0000000000
103705  41.723  9.295  15.027 0.0000000000
103715  41.800  9.242  14.067 0.0000000000
102952  41.063  8.953  13.473 0.0000000000
102965  40.287  8.731  12.807 0.0000000000
102980  39.548  8.334  12.118 0.0000000000
102224  38.770  7.790  12.563 0.0000000000
102967  38.716  7.846  13.670 0.0000000000
100787  38.762  5.559  14.197 0.0000000000
101531  38.937  6.455  15.230 0.0000000000
100775  38.865  6.046  14.854 0.0000000000
99897  39.065  4.717  13.881 0.0000000000
99896  39.771  4.487  13.928 0.0000000000
98976  40.625  3.616  12.712 0.0000000000
98989  41.312  3.593  12.176 0.0000000000
98895  50.355  3.821  22.661 0.0000000000
99805  50.362  4.195  22.416 0.0000000000
98904  50.234  3.968  21.898 0.0000000000
99820  49.396  4.263  20.732 0.0000000000
99827  49.173  4.263  20.171 0.0000000000
98935  48.961  3.999  19.187 0.0000000000
98934  49.113  4.179  19.821 0.0000000000
99828  48.839  4.345  19.640 0.0000000000
100736  48.494  5.059  17.986 0.0000000000
100757  48.159  5.420  16.730 0.0000000000
97264  49.669  1.728  10.591 0.0000000000
98101  49.482  2.551  10.948 0.0000000000
98114  49.674  2.425  10.119 0.0000000000
99026  49.265  3.116  9.962 0.0000000000
98136  49.393  1.906  8.560 0.0000000000
99027  48.543  3.453  9.424 0.0000000000
99028  47.666  3.882  9.313 0.0000000000
99029  46.721  3.875  9.425 0.0000000000
99962  46.589  4.333  7.758 0.0000000000
99986  46.392  4.135  7.054 0.0000000000
98150  46.492  3.028  7.575 0.0000000000
98138  47.210  2.512  7.967 0.0000000000
98139  46.186  2.525  8.350 0.0000000000
95363  46.173  -0.867  11.265 0.0000000000
93252  45.129  -2.865  11.162 0.0000000000
94357  46.278  -2.240  10.139 0.0000000000
93251  45.496  -2.945  10.406 0.0000000000
92190  44.479  -3.864  11.105 0.0000000000
97097  41.091  2.024  27.784 0.0000000000
97998  41.541  2.524  27.324 0.0000000000
97999  40.908  2.314  26.855 0.0000000000
98014  40.210  2.732  25.449 0.0000000000
98015  39.497  2.485  24.945 0.0000000000
98020  39.143  2.707  24.071 0.0000000000
98023  39.033  2.797  23.103 0.0000000000
98035  38.726  1.874  22.029 0.0000000000
96194  39.353  0.585  21.229 0.0000000000
103674  43.698  9.603  17.025 0.0000000000
102914  43.042  9.232  17.340 0.0000000000
102909  44.385  9.261  18.596 0.0000000000
102910  43.317  8.937  18.112 0.0000000000
102911  42.156  8.378  18.555 0.0000000000
102179  41.800  7.853  18.872 0.0000000000
101503  41.632  6.695  18.978 0.0000000000
101506  41.285  6.274  18.369 0.0000000000
97201  45.806  1.970  15.360 0.0000000000
98074  46.345  2.603  15.533 0.0000000000
97226  46.526  1.767  13.844 0.0000000000
97225  47.008  1.816  13.161 0.0000000000
95342  46.951  0.421  12.987 0.0000000000
96276  47.219  1.000  12.782 0.0000000000
97237  47.512  1.900  12.495 0.0000000000
96286  48.333  1.369  11.642 0.0000000000
96300  49.452  1.052  10.933 0.0000000000
93249  48.590  -2.471  11.502 0.0000000000
94353  49.696  -1.049  10.617 0.0000000000
94354  49.091  -0.425  10.894 0.0000000000
95369  49.491  0.128  10.816 0.0000000000
96332  51.016  0.756  9.204 0.0000000000
96345  50.840  0.560  8.453 0.0000000000
95385  52.222  -0.588  8.814 0.0000000000
95386  51.404  -0.418  8.484 0.0000000000
95394  50.702  0.026  8.125 0.0000000000
95395  50.231  0.082  7.766 0.0000000000
94372  49.185  -1.439  8.210 0.0000000000
93281  47.880  -2.508  8.795 0.0000000000
92209  48.214  -3.939  9.309 0.0000000000
101438  51.826  6.382  27.365 0.0000000000
99742  51.344  5.161  26.260 0.0000000000
99760  50.884  4.657  25.688 0.0000000000
100618  47.400  5.382  29.120 0.0000000000
100636  47.477  5.465  27.985 0.0000000000
100649  48.434  5.569  26.966 0.0000000000
100665  47.183  5.253  25.512 0.0000000000
100664  48.232  5.253  25.921 0.0000000000
100663  49.092  5.086  26.130 0.0000000000
99762  48.969  4.616  25.350 0.0000000000
99781  49.611  4.107  24.722 0.0000000000
98887  49.857  3.700  23.942 0.0000000000
98896  49.839  3.465  22.996 0.0000000000
98932  48.142  3.395  20.753 0.0000000000
98026  47.330  3.207  21.617 0.0000000000
98937  47.076  3.066  19.243 0.0000000000
98059  46.578  2.860  17.947 0.0000000000
98060  45.793  2.373  17.332 0.0000000000
98861  41.620  3.005  26.719 0.0000000000
99766  41.960  4.162  25.643 0.0000000000
99788  41.553  4.333  24.866 0.0000000000
99803  40.701  4.142  23.773 0.0000000000
99802  41.393  4.457  23.841 0.0000000000
99801  42.275  4.739  23.933 0.0000000000
99809  43.014  4.565  22.990 0.0000000000
98911  43.661  4.078  22.187 0.0000000000
97147  41.047  1.126  20.589 0.0000000000
98043  41.384  1.837  20.767 0.0000000000
98042  42.227  2.063  20.517 0.0000000000
98031  42.685  2.835  20.937 0.0000000000
98030  43.734  2.835  20.987 0.0000000000
98924  44.250  3.406  21.647 0.0000000000
98029  44.803  2.711  21.168 0.0000000000
97142  45.141  1.922  19.560 0.0000000000
97165  44.503  1.475  18.369 0.0000000000
97164  45.183  1.884  18.695 0.0000000000
98068  45.772  2.250  16.277 0.0000000000
97215  45.444  1.162  14.840 0.0000000000
95344  45.890  -0.225  13.844 0.0000000000
95334  44.832  -0.333  14.865 0.0000000000
95333  45.350  -0.283  14.367 0.0000000000
93241  46.642  -1.655  13.168 0.0000000000
92176  47.173  -3.226  12.832 0.0000000000
92141  44.367  -2.986  15.593 0.0000000000
92157  45.209  -3.052  14.807 0.0000000000
91067  46.229  -4.064  14.643 0.0000000000
92156  45.897  -3.475  14.320 0.0000000000
92166  46.393  -3.096  13.671 0.0000000000
92165  46.736  -3.597  13.508 0.0000000000
97086  41.294  1.758  29.073 0.0000000000
97091  40.639  1.825  28.732 0.0000000000
97099  39.715  1.268  28.048 0.0000000000
96163  39.177  0.903  27.576 0.0000000000
96156  38.701  0.943  27.710 0.0000000000
96164  38.573  0.688  27.005 0.0000000000
96173  38.190  0.517  26.199 0.0000000000
97111  36.685  1.178  27.171 0.0000000000
95215  36.591  -0.454  26.204 0.0000000000
102314  42.086  7.498  5.325 0.0000000000
103036  41.930  7.874  7.724 0.0000000000
102301  41.703  7.307  6.085 0.0000000000
102315  40.890  7.121  5.291 0.0000000000
101569  39.181  6.377  8.632 0.0000000000
99955  38.887  4.139  8.098 0.0000000000
99020  38.220  3.750  9.296 0.0000000000
99006  37.493  3.119  10.368 0.0000000000
102233  38.307  6.939  11.916 0.0000000000
100799  38.118  5.051  12.567 0.0000000000
100800  37.949  4.817  11.910 0.0000000000
100807  38.021  4.891  11.110 0.0000000000
99937  37.888  3.948  10.689 0.0000000000
98119  37.375  1.930  9.892 0.0000000000
102137  50.972  7.209  25.445 0.0000000000
102886  48.700  8.268  23.237 0.0000000000
102162  47.575  8.121  22.594 0.0000000000
102163  46.887  7.698  22.422 0.0000000000
99794  50.325  4.498  22.779 0.0000000000
100701  49.730  4.940  22.927 0.0000000000
100702  48.374  5.799  23.121 0.0000000000
100718  48.084  4.873  21.171 0.0000000000
100703  47.609  6.053  22.818 0.0000000000
101490  47.262  6.201  22.724 0.0000000000
102164  46.269  7.191  22.279 0.0000000000
102167  45.807  7.652  21.644 0.0000000000
102168  45.118  7.191  21.459 0.0000000000
101497  44.176  6.733  20.710 0.0000000000
100728  43.583  5.933  20.014 0.0000000000
101501  43.166  6.013  19.828 0.0000000000
101505  41.991  5.723  18.717 0.0000000000
100737  41.932  5.273  17.948 0.0000000000
98964  47.298  3.422  16.068 0.0000000000
98970  47.853  3.759  14.720 0.0000000000
98955  48.341  4.420  16.137 0.0000000000
99875  48.456  4.819  15.802 0.0000000000
100756  48.492  5.179  16.264 0.0000000000
100770  48.063  5.395  15.981 0.0000000000
98984  48.730  3.643  12.419 0.0000000000
99917  48.193  4.358  12.926 0.0000000000
99888  47.956  5.033  14.688 0.0000000000
100784  47.495  5.312  15.744 0.0000000000
100771  47.505  5.378  16.433 0.0000000000
99865  45.921  4.803  16.720 0.0000000000
99866  44.926  4.530  16.519 0.0000000000
99878  44.793  4.481  15.568 0.0000000000
99855  44.007  4.616  17.282 0.0000000000
99856  42.918  4.819  17.104 0.0000000000
100747  41.942  4.978  16.787 0.0000000000
100759  42.001  4.839  16.172 0.0000000000
99881  41.778  4.537  15.102 0.0000000000
99894  41.638  4.374  14.167 0.0000000000
99907  42.395  4.340  13.374 0.0000000000
99924  41.778  3.882  12.414 0.0000000000
99031  44.661  3.444  9.092 0.0000000000
99017  43.668  3.441  9.947 0.0000000000
99018  42.575  3.220  9.744 0.0000000000
97270  41.343  1.981  9.376 0.0000000000
96336  41.175  1.059  9.495 0.0000000000
97285  42.209  1.316  9.066 0.0000000000
96321  41.701  0.732  9.527 0.0000000000
91139  46.414  -4.061  9.157 0.0000000000
92178  43.946  -3.788  11.767 0.0000000000
92189  45.110  -3.505  10.592 0.0000000000
92195  52.442  -2.738  9.719 0.0000000000
92206  50.993  -3.317  9.034 0.0000000000
92210  46.473  -3.320  8.997 0.0000000000
92215  51.624  -2.697  8.762 0.0000000000
92220  46.910  -3.459  8.804 0.0000000000
92221  46.559  -3.670  9.034 0.0000000000
93141  42.016  -1.688  19.099 0.0000000000
93202  44.307  -2.051  15.594 0.0000000000
93266  52.546  -2.045  9.508 0.0000000000
93267  52.362  -2.414  9.152 0.0000000000
93268  50.759  -2.786  8.823 0.0000000000
93277  51.889  -2.202  8.750 0.0000000000
94243  41.830  -1.274  19.403 0.0000000000
94255  42.492  -1.346  18.375 0.0000000000
94281  43.972  -0.828  16.218 0.0000000000
94295  43.974  -1.363  16.092 0.0000000000
94323  46.115  -1.069  13.535 0.0000000000
94345  45.412  -2.346  11.293 0.0000000000
94364  47.019  -2.246  9.222 0.0000000000
95284  42.630  -0.807  18.121 0.0000000000
95353  46.912  -0.569  12.834 0.0000000000
95359  49.132  0.589  11.067 0.0000000000
95366  52.260  -0.980  9.843 0.0000000000
95370  49.102  -0.066  10.980 0.0000000000
95372  47.105  -0.756  10.183 0.0000000000
95377  52.283  -0.336  9.460 0.0000000000
95384  52.413  -0.570  9.148 0.0000000000
95396  49.823  0.284  7.669 0.0000000000
96155  39.173  1.016  27.968 0.0000000000
96201  42.235  0.761  20.012 0.0000000000
96260  45.187  0.800  14.913 0.0000000000
96269  45.608  0.623  14.334 0.0000000000
96303  46.384  -0.179  11.016 0.0000000000
96315  51.585  0.349  9.538 0.0000000000
96330  52.408  -0.048  9.044 0.0000000000
96335  41.858  0.971  9.193 0.0000000000
96343  52.397  -0.260  8.883 0.0000000000
96344  52.035  0.054  8.668 0.0000000000
96346  50.180  0.930  8.121 0.0000000000
96351  50.443  0.344  8.019 0.0000000000
96353  49.500  0.602  7.882 0.0000000000
97087  41.119  1.821  29.268 0.0000000000
97090  41.184  1.851  28.519 0.0000000000
97093  39.371  1.757  28.502 0.0000000000
97107  41.044  2.167  27.296 0.0000000000
97108  40.551  1.935  27.243 0.0000000000
97121  38.846  1.991  24.941 0.0000000000
97148  40.389  0.993  20.714 0.0000000000
97153  45.192  1.915  19.180 0.0000000000
97156  43.161  1.123  19.423 0.0000000000
97181  43.742  0.737  17.779 0.0000000000
97287  40.679  1.097  9.550 0.0000000000
97300  42.069  1.761  8.657 0.0000000000
97304  49.835  1.054  8.010 0.0000000000
97966  41.530  1.999  29.451 0.0000000000
97979  41.775  1.908  28.979 0.0000000000
97981  39.594  2.094  28.574 0.0000000000
98010  41.219  2.757  26.575 0.0000000000
98037  47.375  3.121  21.149 0.0000000000
98075  45.773  2.085  15.679 0.0000000000
98120  36.890  1.935  9.742 0.0000000000
98128  44.488  2.295  8.849 0.0000000000
98130  42.032  2.220  8.686 0.0000000000
98131  41.619  2.033  9.079 0.0000000000
98135  49.902  1.597  8.665 0.0000000000
98142  43.078  2.129  8.140 0.0000000000
98149  47.337  3.158  7.390 0.0000000000
98152  44.418  2.611  8.036 0.0000000000
98153  43.775  2.512  8.131 0.0000000000
98874  42.092  3.768  26.151 0.0000000000
98888  49.275  3.835  24.161 0.0000000000
98889  41.021  3.846  24.980 0.0000000000
98891  39.617  3.006  24.377 0.0000000000
98900  46.073  4.184  23.206 0.0000000000
98908  46.874  3.513  22.690 0.0000000000
98917  50.030  4.137  21.595 0.0000000000
98985  44.656  3.785  12.178 0.0000000000
99011  49.438  3.051  10.687 0.0000000000
99034  41.940  2.386  8.941 0.0000000000
99037  37.466  3.952  8.321 0.0000000000
99043  46.306  4.025  8.451 0.0000000000
99048  39.132  3.578  7.146 0.0000000000
99049  38.612  3.576  7.573 0.0000000000
99051  37.584  4.024  7.843 0.0000000000
99056  47.383  3.661  6.981 0.0000000000
99061  39.048  3.285  6.952 0.0000000000
99062  38.530  3.116  6.937 0.0000000000
99063  38.075  3.362  6.589 0.0000000000
99067  47.465  3.861  6.754 0.0000000000
99068  47.261  3.874  6.661 0.0000000000
99069  46.765  3.905  6.787 0.0000000000
99070  46.418  3.996  6.839 0.0000000000
99071  39.073  2.989  6.672 0.0000000000
99072  38.528  3.067  6.375 0.0000000000
99073  38.201  3.309  6.196 0.0000000000
99715  45.897  5.003  28.783 0.0000000000
99716  45.525  4.700  28.785 0.0000000000
99743  51.126  4.992  26.310 0.0000000000
99747  43.049  4.043  26.744 0.0000000000
99759  51.361  5.029  25.928 0.0000000000
99806  50.064  4.442  22.161 0.0000000000
99811  41.101  4.306  23.044 0.0000000000
99812  40.588  4.121  23.159 0.0000000000
99815  49.752  4.314  21.450 0.0000000000
99817  48.832  4.615  20.916 0.0000000000
99830  47.530  4.663  19.191 0.0000000000
99869  42.095  4.696  15.733 0.0000000000
99956  37.006  4.450  8.679 0.0000000000
99960  47.527  4.068  7.197 0.0000000000
99961  47.181  4.208  7.498 0.0000000000
99964  39.145  3.689  6.830 0.0000000000
99973  47.201  4.264  6.900 0.0000000000
99974  46.705  4.413  7.140 0.0000000000
99975  46.186  4.178  7.501 0.0000000000
99976  39.038  3.427  6.496 0.0000000000
99977  38.641  4.032  6.608 0.0000000000
99978  37.907  3.979  6.766 0.0000000000
99983  47.432  3.981  6.501 0.0000000000
99984  47.212  4.080  6.690 0.0000000000
99985  46.797  4.199  6.796 0.0000000000
99987  38.896  3.121  6.308 0.0000000000
99988  38.569  3.439  6.235 0.0000000000
99989  37.936  3.845  6.237 0.0000000000
100620  45.883  5.095  28.364 0.0000000000
100632  51.429  5.958  27.350 0.0000000000
100639  45.014  4.963  27.325 0.0000000000
100646  51.414  5.558  26.608 0.0000000000
100647  50.659  5.356  26.887 0.0000000000
100669  43.700  5.032  25.656 0.0000000000
100683  51.127  4.907  24.829 0.0000000000
100687  47.109  5.122  24.915 0.0000000000
100688  46.685  5.162  24.829 0.0000000000
100704  45.589  4.936  23.933 0.0000000000
100706  44.361  5.205  24.201 0.0000000000
100713  45.716  6.345  21.818 0.0000000000
100716  49.475  4.494  21.353 0.0000000000
100724  47.958  4.716  20.457 0.0000000000
100727  44.392  5.824  20.413 0.0000000000
100745  48.197  5.297  17.572 0.0000000000
100746  47.663  5.260  17.605 0.0000000000
100769  48.304  5.134  15.569 0.0000000000
100783  47.916  5.263  15.321 0.0000000000
100785  40.050  4.685  14.473 0.0000000000
100834  38.782  4.454  6.960 0.0000000000
100835  38.256  4.500  7.024 0.0000000000
101463  50.985  6.421  25.365 0.0000000000
101464  50.637  6.909  25.265 0.0000000000
101487  47.483  6.654  23.035 0.0000000000
101488  47.011  7.064  22.802 0.0000000000
101491  46.743  6.625  22.554 0.0000000000
101494  45.376  6.745  21.722 0.0000000000
101498  43.299  6.516  20.109 0.0000000000
101507  40.700  6.693  18.024 0.0000000000
101512  40.937  5.959  17.765 0.0000000000
101522  40.123  6.091  16.907 0.0000000000
101557  37.954  5.393  11.812 0.0000000000
102135  52.060  7.285  26.329 0.0000000000
102146  51.235  7.759  25.428 0.0000000000
102147  50.605  7.588  25.104 0.0000000000
102159  47.829  7.666  23.090 0.0000000000
102166  46.506  8.077  21.810 0.0000000000
102173  42.905  7.115  19.969 0.0000000000
102177  41.833  6.950  19.238 0.0000000000
102180  41.314  7.355  18.640 0.0000000000
102185  40.092  6.925  17.437 0.0000000000
102192  40.169  7.585  17.266 0.0000000000
102193  39.800  7.258  17.064 0.0000000000
102201  39.222  7.240  16.010 0.0000000000
102202  39.042  6.847  15.549 0.0000000000
102210  39.073  7.548  15.428 0.0000000000
102254  43.284  7.717  8.741 0.0000000000
102269  42.824  7.742  8.132 0.0000000000
102286  41.331  7.426  6.909 0.0000000000
102893  47.848  8.884  21.825 0.0000000000
102895  46.420  8.371  21.389 0.0000000000
102912  41.574  8.000  18.555 0.0000000000
102923  41.911  9.106  16.729 0.0000000000
102936  40.220  8.585  16.107 0.0000000000
102947  39.005  7.648  15.152 0.0000000000
102955  38.864  7.754  14.654 0.0000000000
102963  42.164  8.836  12.228 0.0000000000
103011  42.757  7.992  9.302 0.0000000000
103023  42.447  7.913  8.375 0.0000000000
103683  41.816  9.141  16.442 0.0000000000
103703  43.245  9.744  14.263 0.0000000000
103714  42.620  9.460  13.700 0.0000000000
