#!ascii label  , from subject sub.01.dh.02t2 vox2ras=TkReg
1059
55177  34.890  -35.198  43.989 0.0000000000
78065  42.456  -16.984  28.851 0.0000000000
66197  34.406  -26.426  35.849 0.0000000000
54997  14.449  -35.608  53.998 0.0000000000
60069  29.622  -30.624  45.901 0.0000000000
72246  34.161  -21.493  35.119 0.0000000000
56326  20.118  -34.686  48.217 0.0000000000
52608  18.016  -38.238  51.712 0.0000000000
53937  24.400  -36.927  46.418 0.0000000000
77036  46.144  -17.701  28.028 0.0000000000
61261  35.838  -30.394  44.743 0.0000000000
62542  34.275  -29.103  41.782 0.0000000000
58885  39.232  -32.523  44.836 0.0000000000
82372  44.544  -12.438  26.966 0.0000000000
80362  47.326  -14.358  25.217 0.0000000000
78056  38.683  -16.661  30.858 0.0000000000
73582  42.528  -20.898  31.400 0.0000000000
72289  38.334  -21.152  32.099 0.0000000000
68597  39.088  -25.010  34.582 0.0000000000
52667  33.859  -37.415  49.134 0.0000000000
50095  12.485  -39.845  56.104 0.0000000000
50057  7.871  -39.766  57.540 0.0000000000
49981  6.821  -38.661  61.980 0.0000000000
56432  31.540  -34.393  44.941 0.0000000000
55075  29.321  -35.873  47.997 0.0000000000
67265  30.574  -25.523  40.999 0.0000000000
67284  36.296  -26.476  40.751 0.0000000000
84538  51.259  -10.749  24.211 0.0000000000
77038  44.175  -17.465  28.685 0.0000000000
74846  44.539  -19.613  29.340 0.0000000000
58927  35.261  -32.857  43.091 0.0000000000
58938  37.291  -32.706  42.500 0.0000000000
56426  37.393  -34.290  44.115 0.0000000000
80325  41.411  -14.312  29.022 0.0000000000
82352  43.733  -12.514  29.549 0.0000000000
80334  43.080  -14.770  27.738 0.0000000000
79247  44.780  -15.682  27.257 0.0000000000
43936  7.712  -44.146  61.141 0.0000000000
74814  37.694  -19.089  31.238 0.0000000000
75911  36.597  -18.624  32.762 0.0000000000
68603  33.750  -24.153  34.920 0.0000000000
68613  36.514  -24.110  33.776 0.0000000000
67381  36.651  -26.172  35.038 0.0000000000
66178  37.503  -26.916  36.809 0.0000000000
52583  16.276  -37.237  52.934 0.0000000000
51339  17.595  -39.084  54.078 0.0000000000
51341  15.537  -38.638  53.902 0.0000000000
51295  15.367  -39.164  56.344 0.0000000000
52563  12.685  -37.893  54.400 0.0000000000
52496  9.290  -36.594  57.687 0.0000000000
51205  7.067  -39.121  59.621 0.0000000000
57650  30.333  -32.964  45.123 0.0000000000
55139  30.059  -35.500  45.091 0.0000000000
56411  28.578  -34.219  45.012 0.0000000000
53880  23.523  -37.669  49.618 0.0000000000
52670  25.803  -37.968  48.861 0.0000000000
64915  38.649  -28.145  42.664 0.0000000000
64936  35.261  -27.573  41.214 0.0000000000
74760  36.318  -18.999  35.205 0.0000000000
70979  33.745  -21.268  36.685 0.0000000000
69740  32.273  -23.799  36.439 0.0000000000
55043  21.497  -36.737  49.698 0.0000000000
53837  21.214  -37.525  51.799 0.0000000000
55045  18.842  -35.888  49.658 0.0000000000
55031  16.490  -35.455  51.756 0.0000000000
56247  15.623  -33.955  52.976 0.0000000000
58914  25.865  -32.922  44.532 0.0000000000
57656  24.071  -33.532  46.010 0.0000000000
55102  22.217  -35.842  47.296 0.0000000000
62472  34.416  -28.983  45.932 0.0000000000
62509  31.965  -29.338  43.821 0.0000000000
61292  35.239  -30.286  42.235 0.0000000000
61289  37.851  -31.046  42.049 0.0000000000
83452  47.401  -10.912  25.761 0.0000000000
80364  45.747  -13.376  25.728 0.0000000000
79261  46.710  -15.543  26.364 0.0000000000
78068  39.977  -16.452  29.581 0.0000000000
74849  41.716  -18.768  29.798 0.0000000000
74831  39.728  -19.133  30.342 0.0000000000
72301  39.947  -21.018  31.554 0.0000000000
71017  40.439  -22.605  33.381 0.0000000000
72292  35.622  -21.247  32.856 0.0000000000
69782  39.049  -23.431  33.713 0.0000000000
53945  34.417  -36.326  45.862 0.0000000000
55115  36.352  -35.623  46.572 0.0000000000
79205  40.474  -14.947  31.760 0.0000000000
54990  12.446  -35.457  55.235 0.0000000000
52538  10.696  -37.025  55.586 0.0000000000
50072  10.231  -40.098  56.534 0.0000000000
47620  10.389  -41.129  58.510 0.0000000000
47622  8.523  -41.626  58.510 0.0000000000
46400  7.082  -42.195  59.822 0.0000000000
47584  6.211  -41.572  61.321 0.0000000000
47536  5.530  -40.723  63.239 0.0000000000
55158  33.243  -35.634  44.661 0.0000000000
53948  31.898  -36.426  45.492 0.0000000000
53898  30.849  -36.578  48.222 0.0000000000
55119  26.953  -35.898  46.266 0.0000000000
66163  31.798  -26.118  37.434 0.0000000000
63745  30.991  -28.597  41.105 0.0000000000
64963  32.365  -28.089  39.155 0.0000000000
66136  35.177  -27.554  38.264 0.0000000000
56358  38.845  -34.754  47.879 0.0000000000
82399  52.530  -12.804  23.575 0.0000000000
82393  49.388  -12.179  24.625 0.0000000000
80381  51.182  -14.278  23.803 0.0000000000
77039  43.519  -17.369  28.924 0.0000000000
75963  44.143  -18.555  29.135 0.0000000000
75964  43.201  -18.433  29.475 0.0000000000
56469  35.121  -34.045  43.037 0.0000000000
56449  36.258  -34.384  43.308 0.0000000000
56427  36.305  -34.734  44.551 0.0000000000
79236  41.712  -15.383  28.693 0.0000000000
80335  42.163  -14.423  28.391 0.0000000000
79235  42.667  -15.597  28.195 0.0000000000
79234  43.758  -15.779  27.776 0.0000000000
45105  6.736  -43.816  61.124 0.0000000000
75910  37.053  -17.885  33.048 0.0000000000
75893  37.482  -18.108  33.976 0.0000000000
68586  33.869  -24.827  35.065 0.0000000000
67396  35.266  -25.207  34.672 0.0000000000
67382  35.582  -26.029  35.134 0.0000000000
66194  37.264  -26.674  35.732 0.0000000000
66179  36.460  -27.108  36.600 0.0000000000
53793  15.159  -36.453  53.339 0.0000000000
51359  16.050  -38.142  53.380 0.0000000000
52561  14.754  -37.592  53.710 0.0000000000
51342  14.549  -38.696  54.310 0.0000000000
53770  13.992  -36.650  54.058 0.0000000000
58890  30.328  -32.144  45.591 0.0000000000
57651  29.241  -33.395  44.736 0.0000000000
58892  28.689  -32.493  44.694 0.0000000000
53834  23.373  -37.514  51.498 0.0000000000
66038  31.807  -26.336  45.016 0.0000000000
64899  38.337  -27.308  42.787 0.0000000000
70961  33.027  -21.865  37.182 0.0000000000
69720  32.407  -22.500  37.677 0.0000000000
55061  20.295  -35.563  48.814 0.0000000000
53883  20.197  -36.550  49.528 0.0000000000
55062  19.059  -35.068  49.233 0.0000000000
56290  17.671  -33.602  50.659 0.0000000000
56291  16.617  -34.028  51.600 0.0000000000
55032  16.140  -34.985  52.077 0.0000000000
58873  24.949  -31.936  46.194 0.0000000000
57613  20.611  -33.430  47.622 0.0000000000
56366  22.185  -33.860  46.617 0.0000000000
55103  21.395  -34.833  47.271 0.0000000000
55079  21.894  -36.283  48.261 0.0000000000
62506  35.259  -29.844  44.032 0.0000000000
61276  35.845  -30.368  43.463 0.0000000000
58924  37.977  -32.824  43.181 0.0000000000
60134  37.687  -31.943  42.399 0.0000000000
60122  38.424  -31.832  43.152 0.0000000000
61274  39.149  -30.585  43.453 0.0000000000
60085  39.643  -31.386  45.211 0.0000000000
82363  44.054  -12.314  27.901 0.0000000000
82379  45.953  -12.028  26.470 0.0000000000
81387  44.701  -12.919  26.588 0.0000000000
78094  45.622  -16.628  27.554 0.0000000000
79246  46.070  -16.002  26.891 0.0000000000
78093  46.629  -16.590  27.255 0.0000000000
78069  39.282  -16.577  29.864 0.0000000000
77010  39.811  -17.766  29.831 0.0000000000
75949  38.947  -18.045  30.309 0.0000000000
73587  37.653  -19.792  31.576 0.0000000000
73586  38.339  -20.130  31.404 0.0000000000
72288  39.401  -21.463  32.148 0.0000000000
71031  40.696  -22.058  32.896 0.0000000000
71033  38.913  -22.011  32.698 0.0000000000
73536  34.973  -20.068  35.043 0.0000000000
74776  35.357  -19.665  34.027 0.0000000000
72274  35.052  -21.387  33.586 0.0000000000
68598  37.913  -24.900  34.295 0.0000000000
69784  36.995  -23.462  33.389 0.0000000000
68611  38.517  -24.162  34.040 0.0000000000
68609  40.074  -24.089  34.098 0.0000000000
53916  33.509  -36.937  47.496 0.0000000000
53914  35.364  -36.441  47.404 0.0000000000
78028  40.051  -16.116  32.639 0.0000000000
79206  39.872  -15.385  31.247 0.0000000000
79213  40.188  -14.952  30.649 0.0000000000
52629  19.381  -38.208  51.058 0.0000000000
51369  19.841  -38.677  52.692 0.0000000000
51296  14.448  -39.415  56.673 0.0000000000
51272  14.614  -39.449  57.897 0.0000000000
51297  13.695  -39.733  57.189 0.0000000000
50070  12.302  -40.285  57.360 0.0000000000
54981  12.035  -34.961  56.030 0.0000000000
53754  11.540  -36.528  55.329 0.0000000000
53738  11.128  -36.004  56.160 0.0000000000
51275  8.539  -38.238  57.004 0.0000000000
51299  9.282  -38.063  56.269 0.0000000000
50073  9.237  -39.703  56.452 0.0000000000
48823  10.479  -40.597  57.356 0.0000000000
48825  8.660  -40.105  56.926 0.0000000000
47621  9.614  -41.404  58.542 0.0000000000
48814  8.730  -40.911  57.634 0.0000000000
51181  6.964  -38.856  60.304 0.0000000000
48802  6.818  -40.675  59.437 0.0000000000
48790  6.475  -40.335  60.487 0.0000000000
47597  6.442  -41.713  60.712 0.0000000000
48778  6.162  -40.054  61.453 0.0000000000
56407  32.426  -34.121  45.523 0.0000000000
57673  33.491  -34.463  44.838 0.0000000000
55159  32.435  -35.471  44.762 0.0000000000
53961  32.556  -36.162  44.885 0.0000000000
53962  31.766  -35.924  44.924 0.0000000000
55094  29.844  -35.970  47.117 0.0000000000
53919  30.674  -36.311  47.243 0.0000000000
55074  30.155  -36.047  48.114 0.0000000000
56414  25.297  -35.008  45.094 0.0000000000
56413  26.732  -34.557  44.964 0.0000000000
55099  26.059  -37.020  46.389 0.0000000000
52642  27.384  -37.861  50.175 0.0000000000
73603  42.192  -20.279  30.627 0.0000000000
73602  43.244  -20.475  30.485 0.0000000000
73581  43.556  -21.114  31.508 0.0000000000
68492  31.065  -23.737  39.958 0.0000000000
68505  31.120  -23.846  38.807 0.0000000000
67304  30.807  -25.889  39.002 0.0000000000
62526  33.189  -29.859  42.795 0.0000000000
62528  31.551  -29.181  42.913 0.0000000000
62543  33.305  -29.372  41.831 0.0000000000
66081  35.470  -27.028  41.106 0.0000000000
64948  33.940  -27.636  40.068 0.0000000000
66097  34.963  -27.503  39.878 0.0000000000
66137  34.175  -27.587  38.110 0.0000000000
66116  35.469  -27.297  39.242 0.0000000000
66114  37.211  -26.577  39.448 0.0000000000
55113  37.812  -35.166  46.890 0.0000000000
83464  51.940  -11.287  23.990 0.0000000000
81394  46.970  -13.203  25.109 0.0000000000
82394  48.375  -11.835  24.740 0.0000000000
80372  48.410  -14.036  24.683 0.0000000000
80370  50.328  -14.656  24.067 0.0000000000
79291  51.146  -15.099  23.921 0.0000000000
58828  19.686  -33.114  48.350 0.0000000000
56328  18.861  -34.013  49.168 0.0000000000
77037  45.230  -17.316  28.142 0.0000000000
75977  46.602  -18.568  28.556 0.0000000000
74856  45.845  -18.959  28.755 0.0000000000
58909  35.557  -31.991  43.609 0.0000000000
60123  36.048  -31.345  43.037 0.0000000000
58940  35.655  -33.037  42.457 0.0000000000
57694  37.288  -33.526  42.828 0.0000000000
57645  38.591  -33.576  44.604 0.0000000000
81352  43.314  -12.730  30.452 0.0000000000
81360  42.869  -12.844  29.218 0.0000000000
81370  42.965  -13.475  27.981 0.0000000000
81378  43.443  -13.659  27.498 0.0000000000
80343  44.168  -14.508  26.869 0.0000000000
79248  43.786  -15.040  27.285 0.0000000000
79233  44.334  -15.990  27.669 0.0000000000
45129  8.546  -43.696  60.887 0.0000000000
78030  38.591  -16.867  32.072 0.0000000000
77001  38.123  -17.263  31.169 0.0000000000
76986  37.449  -17.594  32.028 0.0000000000
75920  36.977  -18.433  32.111 0.0000000000
73570  36.380  -20.180  32.391 0.0000000000
71008  34.074  -22.434  34.779 0.0000000000
71023  34.643  -22.775  34.023 0.0000000000
69771  34.767  -23.658  34.201 0.0000000000
68599  36.906  -24.781  34.242 0.0000000000
67393  38.158  -25.603  34.761 0.0000000000
67379  38.255  -26.194  35.328 0.0000000000
66176  39.544  -26.699  37.253 0.0000000000
53872  32.599  -37.698  50.084 0.0000000000
51372  17.107  -38.066  52.483 0.0000000000
51357  18.154  -38.942  53.326 0.0000000000
51358  16.966  -38.431  53.061 0.0000000000
51340  16.599  -38.942  53.946 0.0000000000
51317  16.368  -39.216  54.903 0.0000000000
51319  14.427  -39.302  55.394 0.0000000000
51344  12.784  -38.847  54.753 0.0000000000
53725  9.919  -36.065  57.364 0.0000000000
52478  8.824  -37.054  58.312 0.0000000000
52457  8.466  -37.414  58.788 0.0000000000
51252  7.653  -38.968  58.254 0.0000000000
51203  7.941  -37.323  60.083 0.0000000000
51180  7.201  -38.161  60.946 0.0000000000
51160  7.212  -38.039  62.118 0.0000000000
56433  30.577  -33.946  44.884 0.0000000000
55161  30.750  -34.930  44.602 0.0000000000
56434  29.745  -34.205  44.768 0.0000000000
56386  28.938  -34.664  45.425 0.0000000000
56364  28.293  -35.247  46.401 0.0000000000
53922  23.857  -37.071  47.238 0.0000000000
53921  25.180  -37.456  46.956 0.0000000000
53902  24.625  -37.856  48.559 0.0000000000
72285  42.433  -21.415  32.281 0.0000000000
67243  30.663  -25.745  42.256 0.0000000000
63708  36.932  -28.551  41.505 0.0000000000
63727  34.900  -28.310  41.362 0.0000000000
64918  36.328  -27.712  41.549 0.0000000000
66051  36.930  -26.905  42.124 0.0000000000
84539  50.395  -10.234  24.660 0.0000000000
46351  5.314  -42.856  62.682 0.0000000000
73524  35.971  -20.029  36.413 0.0000000000
72230  34.878  -20.511  36.652 0.0000000000
72231  34.042  -21.096  35.948 0.0000000000
70996  33.243  -22.624  35.729 0.0000000000
69760  32.882  -23.305  35.804 0.0000000000
67385  32.933  -24.844  35.884 0.0000000000
53835  22.680  -37.211  51.465 0.0000000000
53836  21.891  -37.193  51.545 0.0000000000
53860  20.981  -37.254  50.378 0.0000000000
52646  20.280  -37.855  50.789 0.0000000000
53838  18.773  -37.625  50.603 0.0000000000
55046  18.264  -34.885  49.925 0.0000000000
53862  18.335  -36.084  50.128 0.0000000000
53840  17.180  -36.606  51.359 0.0000000000
53815  16.669  -36.512  52.060 0.0000000000
55022  15.714  -35.865  52.884 0.0000000000
54996  14.926  -35.390  53.682 0.0000000000
60090  27.372  -31.252  45.028 0.0000000000
60091  26.462  -31.327  45.188 0.0000000000
58895  25.163  -32.618  44.994 0.0000000000
56415  24.167  -34.394  45.417 0.0000000000
57634  23.192  -33.463  46.485 0.0000000000
56391  23.268  -34.254  46.012 0.0000000000
55101  23.203  -36.374  46.776 0.0000000000
53923  22.799  -36.735  47.636 0.0000000000
53881  22.578  -37.044  49.432 0.0000000000
63658  33.499  -27.942  46.139 0.0000000000
64882  32.369  -27.228  45.344 0.0000000000
62489  33.711  -29.154  45.037 0.0000000000
62507  34.214  -29.912  43.649 0.0000000000
62524  34.685  -29.705  41.942 0.0000000000
60136  35.840  -31.409  41.963 0.0000000000
61304  36.113  -30.520  41.071 0.0000000000
62540  35.924  -29.703  41.118 0.0000000000
62522  38.253  -29.925  42.083 0.0000000000
62503  39.368  -29.661  43.594 0.0000000000
83453  46.630  -11.660  25.898 0.0000000000
81395  46.226  -12.899  25.513 0.0000000000
80363  46.324  -13.828  25.460 0.0000000000
79263  44.935  -14.718  26.527 0.0000000000
80353  46.459  -14.724  25.876 0.0000000000
78067  40.974  -16.272  29.129 0.0000000000
75965  42.350  -18.198  29.559 0.0000000000
75967  40.904  -17.939  29.488 0.0000000000
74830  40.859  -19.239  30.021 0.0000000000
73604  41.209  -20.037  30.586 0.0000000000
74813  38.817  -19.318  30.738 0.0000000000
73585  39.504  -20.113  31.037 0.0000000000
72300  40.929  -21.216  31.635 0.0000000000
72286  41.388  -21.726  32.441 0.0000000000
71016  41.432  -22.465  33.419 0.0000000000
74775  35.901  -18.944  34.144 0.0000000000
73559  35.925  -19.886  32.805 0.0000000000
72290  37.214  -21.192  32.314 0.0000000000
71022  35.415  -22.487  33.367 0.0000000000
71020  37.449  -22.720  33.084 0.0000000000
71034  37.879  -21.985  32.654 0.0000000000
71018  39.500  -22.709  33.300 0.0000000000
55136  35.049  -36.013  45.500 0.0000000000
55135  36.054  -35.324  45.653 0.0000000000
55116  35.620  -36.000  46.443 0.0000000000
53892  36.544  -36.368  48.422 0.0000000000
80318  40.706  -14.539  29.920 0.0000000000
80326  40.768  -14.826  29.364 0.0000000000
56221  14.352  -34.878  54.283 0.0000000000
56194  13.130  -34.470  55.008 0.0000000000
54989  13.221  -35.309  54.773 0.0000000000
53753  12.461  -36.447  54.766 0.0000000000
52537  11.673  -37.430  54.919 0.0000000000
51321  11.979  -38.711  54.957 0.0000000000
52516  9.637  -36.928  56.379 0.0000000000
50098  10.353  -38.401  55.326 0.0000000000
50086  11.041  -39.796  56.059 0.0000000000
50071  11.298  -40.366  57.035 0.0000000000
48811  11.403  -40.726  58.416 0.0000000000
47610  8.185  -42.264  59.020 0.0000000000
48815  7.386  -40.885  58.239 0.0000000000
47611  7.284  -41.748  59.176 0.0000000000
46378  8.116  -43.150  59.989 0.0000000000
45154  7.168  -42.728  60.056 0.0000000000
45132  6.375  -42.698  60.872 0.0000000000
45106  6.211  -43.225  61.386 0.0000000000
48761  5.901  -40.081  62.478 0.0000000000
48762  5.710  -40.816  62.682 0.0000000000
46350  5.731  -42.446  62.264 0.0000000000
57697  34.529  -34.352  43.722 0.0000000000
57672  34.009  -34.250  44.333 0.0000000000
55157  34.255  -35.795  44.600 0.0000000000
53960  33.325  -36.238  44.903 0.0000000000
53933  33.136  -36.711  46.480 0.0000000000
53917  32.499  -36.950  47.476 0.0000000000
53949  30.980  -35.979  45.414 0.0000000000
53918  31.508  -36.739  47.338 0.0000000000
53897  31.706  -37.070  48.439 0.0000000000
57653  27.319  -33.763  44.826 0.0000000000
56388  27.526  -35.272  45.919 0.0000000000
55077  28.018  -36.151  47.664 0.0000000000
53900  27.044  -37.269  47.947 0.0000000000
53899  27.813  -36.747  48.222 0.0000000000
53876  28.688  -36.781  49.480 0.0000000000
74847  43.490  -19.489  29.717 0.0000000000
69707  31.756  -23.162  38.205 0.0000000000
68540  31.892  -24.482  36.940 0.0000000000
66183  32.915  -26.052  36.570 0.0000000000
64884  31.208  -27.312  44.007 0.0000000000
64920  30.669  -27.323  42.841 0.0000000000
66083  30.468  -27.144  41.304 0.0000000000
63728  33.521  -28.321  41.062 0.0000000000
63760  31.708  -28.525  39.786 0.0000000000
66118  30.950  -26.911  39.002 0.0000000000
66138  32.254  -27.030  37.924 0.0000000000
66161  33.689  -27.149  37.301 0.0000000000
66181  34.373  -26.830  36.450 0.0000000000
66158  36.763  -27.152  37.613 0.0000000000
56404  37.155  -34.874  45.569 0.0000000000
56380  38.498  -34.474  46.461 0.0000000000
57625  39.262  -33.373  45.894 0.0000000000
56356  40.127  -33.540  47.679 0.0000000000
57624  39.768  -32.914  46.353 0.0000000000
83462  53.274  -12.132  23.236 0.0000000000
83457  49.187  -10.901  24.989 0.0000000000
83456  50.326  -11.437  24.512 0.0000000000
80371  49.369  -14.344  24.430 0.0000000000
81402  50.074  -13.683  24.184 0.0000000000
82391  51.038  -12.319  24.095 0.0000000000
81409  51.783  -13.564  23.726 0.0000000000
81408  52.670  -13.760  23.306 0.0000000000
77021  42.943  -17.538  29.177 0.0000000000
56450  35.129  -34.579  43.451 0.0000000000
56428  35.664  -34.768  43.954 0.0000000000
78086  41.678  -16.191  28.827 0.0000000000
78085  42.252  -16.294  28.622 0.0000000000
78084  43.267  -16.722  28.484 0.0000000000
43915  6.390  -44.017  61.614 0.0000000000
67383  34.360  -25.765  35.365 0.0000000000
66195  36.032  -26.787  35.683 0.0000000000
66196  35.002  -26.542  35.788 0.0000000000
53769  14.660  -36.532  53.629 0.0000000000
52585  14.981  -36.995  53.439 0.0000000000
58871  30.072  -31.519  45.732 0.0000000000
58891  29.584  -32.146  45.107 0.0000000000
60088  29.528  -31.367  45.401 0.0000000000
53810  23.791  -37.636  52.296 0.0000000000
66024  32.565  -26.327  45.754 0.0000000000
56327  19.540  -34.406  48.639 0.0000000000
56345  20.400  -34.205  47.763 0.0000000000
56368  20.980  -34.048  47.351 0.0000000000
55081  20.716  -34.915  47.940 0.0000000000
62505  35.781  -29.971  44.288 0.0000000000
58908  38.711  -32.743  43.997 0.0000000000
58907  39.033  -32.239  44.170 0.0000000000
60105  39.200  -31.571  43.998 0.0000000000
82362  45.069  -11.778  28.517 0.0000000000
82371  45.003  -11.776  27.439 0.0000000000
82381  44.824  -12.516  26.634 0.0000000000
77044  45.844  -17.200  27.823 0.0000000000
77043  46.403  -17.098  27.675 0.0000000000
77042  46.977  -16.946  27.523 0.0000000000
47595  9.913  -42.508  61.001 0.0000000000
78070  38.856  -16.750  30.222 0.0000000000
77026  39.044  -17.115  29.922 0.0000000000
77012  38.666  -17.386  30.386 0.0000000000
73569  37.589  -20.382  31.900 0.0000000000
72303  38.467  -20.678  31.727 0.0000000000
72256  34.617  -20.952  34.593 0.0000000000
53895  34.022  -37.164  48.337 0.0000000000
78046  39.273  -16.025  31.462 0.0000000000
78055  39.140  -16.206  30.445 0.0000000000
51384  19.156  -38.766  51.585 0.0000000000
51383  19.611  -38.728  51.851 0.0000000000
51370  18.787  -39.000  52.263 0.0000000000
51320  13.141  -39.549  55.682 0.0000000000
50069  13.127  -40.038  57.789 0.0000000000
50084  12.807  -39.930  56.757 0.0000000000
50074  8.518  -39.126  56.878 0.0000000000
50089  8.752  -38.637  56.725 0.0000000000
50006  6.643  -39.141  61.136 0.0000000000
47583  6.309  -41.005  60.935 0.0000000000
56431  32.356  -34.793  44.976 0.0000000000
55160  31.568  -35.277  44.768 0.0000000000
55095  29.045  -35.353  46.896 0.0000000000
55056  29.598  -36.239  48.947 0.0000000000
55141  24.601  -35.811  45.509 0.0000000000
56390  25.829  -35.858  45.539 0.0000000000
55121  25.201  -36.505  45.761 0.0000000000
68484  30.839  -24.905  41.466 0.0000000000
68493  30.797  -24.672  40.554 0.0000000000
68506  30.764  -24.681  39.456 0.0000000000
67286  30.551  -25.466  40.013 0.0000000000
67264  35.703  -26.759  40.911 0.0000000000
66082  34.959  -27.397  40.491 0.0000000000
66096  35.709  -26.903  40.324 0.0000000000
66095  36.634  -26.538  40.127 0.0000000000
80373  47.716  -13.423  24.778 0.0000000000
58800  19.594  -32.446  49.007 0.0000000000
58779  20.212  -31.751  49.748 0.0000000000
58827  20.425  -32.656  48.065 0.0000000000
75978  45.620  -18.284  28.455 0.0000000000
75979  44.853  -18.107  28.659 0.0000000000
75962  45.107  -18.874  28.918 0.0000000000
58926  35.759  -32.233  42.661 0.0000000000
56448  37.111  -34.091  43.181 0.0000000000
57695  36.743  -33.953  42.645 0.0000000000
57670  37.562  -33.810  43.395 0.0000000000
57669  38.120  -33.600  43.769 0.0000000000
56425  38.158  -34.029  44.342 0.0000000000
81354  41.696  -13.701  29.420 0.0000000000
81353  42.146  -13.145  30.034 0.0000000000
81371  42.360  -13.832  28.367 0.0000000000
80344  43.509  -14.143  27.368 0.0000000000
78083  44.452  -16.505  27.946 0.0000000000
78082  45.076  -16.699  27.840 0.0000000000
45130  7.921  -43.705  60.525 0.0000000000
76972  38.649  -17.288  32.814 0.0000000000
76985  38.080  -17.030  32.057 0.0000000000
76973  37.696  -17.449  32.667 0.0000000000
75921  36.693  -18.721  32.422 0.0000000000
74798  37.084  -19.511  31.871 0.0000000000
74799  36.577  -19.119  32.403 0.0000000000
69772  34.238  -23.511  34.591 0.0000000000
69787  34.694  -23.367  34.136 0.0000000000
67395  36.267  -25.423  34.605 0.0000000000
68600  35.933  -24.677  34.162 0.0000000000
67394  37.246  -25.525  34.610 0.0000000000
67380  37.524  -26.078  35.039 0.0000000000
66177  38.494  -26.863  37.046 0.0000000000
66156  38.672  -26.812  37.991 0.0000000000
78014  39.204  -17.065  32.832 0.0000000000
52582  16.775  -37.691  52.556 0.0000000000
51294  16.316  -39.190  56.066 0.0000000000
51318  15.430  -39.233  55.104 0.0000000000
52562  13.758  -37.794  54.103 0.0000000000
51343  13.528  -38.830  54.571 0.0000000000
52456  8.640  -36.767  59.282 0.0000000000
52479  8.358  -37.675  58.069 0.0000000000
51228  7.927  -38.056  58.869 0.0000000000
51227  8.290  -37.397  59.270 0.0000000000
57632  30.893  -32.416  45.955 0.0000000000
57649  30.952  -33.053  45.739 0.0000000000
56408  31.580  -33.499  45.725 0.0000000000
56409  30.868  -33.340  45.295 0.0000000000
57674  29.852  -33.690  44.862 0.0000000000
56410  29.207  -34.213  44.886 0.0000000000
56363  28.772  -35.003  46.065 0.0000000000
56387  28.308  -34.853  45.645 0.0000000000
53903  23.246  -37.280  48.482 0.0000000000
53879  24.481  -37.973  50.007 0.0000000000
67242  30.946  -25.028  42.589 0.0000000000
67231  30.914  -25.944  43.033 0.0000000000
64934  36.580  -28.315  41.484 0.0000000000
64916  37.935  -28.068  42.210 0.0000000000
66037  38.407  -26.643  43.271 0.0000000000
64900  37.471  -27.336  42.234 0.0000000000
66050  37.806  -26.677  42.658 0.0000000000
45083  5.084  -43.526  62.777 0.0000000000
70995  33.628  -22.002  35.661 0.0000000000
69739  32.519  -22.832  36.758 0.0000000000
69761  32.604  -24.140  35.902 0.0000000000
68587  33.134  -24.355  35.450 0.0000000000
53859  22.101  -37.016  50.374 0.0000000000
53884  19.543  -36.033  49.462 0.0000000000
53861  19.342  -37.066  50.066 0.0000000000
56311  18.318  -33.704  49.723 0.0000000000
55063  18.563  -34.424  49.484 0.0000000000
55030  17.444  -35.382  50.794 0.0000000000
53839  17.996  -37.022  50.511 0.0000000000
55021  15.893  -35.360  52.532 0.0000000000
55009  15.509  -34.880  52.966 0.0000000000
55010  15.324  -35.503  53.215 0.0000000000
56248  15.352  -34.716  53.257 0.0000000000
61230  26.910  -30.275  45.960 0.0000000000
60072  26.129  -30.635  46.194 0.0000000000
58874  24.361  -32.656  46.296 0.0000000000
58896  24.546  -32.867  45.648 0.0000000000
57655  24.692  -33.683  45.157 0.0000000000
55124  22.053  -34.956  46.550 0.0000000000
56392  22.596  -34.259  46.328 0.0000000000
55123  23.110  -35.263  46.256 0.0000000000
55060  21.412  -36.290  48.939 0.0000000000
55059  22.037  -36.595  48.941 0.0000000000
53882  21.926  -36.715  49.481 0.0000000000
63657  33.973  -28.349  46.537 0.0000000000
63675  33.632  -28.566  45.862 0.0000000000
62473  33.965  -28.848  45.874 0.0000000000
61277  35.040  -29.941  43.099 0.0000000000
61278  34.572  -29.898  42.916 0.0000000000
62525  34.262  -29.763  42.444 0.0000000000
61293  34.797  -29.878  42.610 0.0000000000
58939  36.282  -32.650  42.140 0.0000000000
60147  36.728  -31.145  41.302 0.0000000000
61290  37.103  -30.854  41.317 0.0000000000
62539  36.719  -30.072  41.057 0.0000000000
62523  37.506  -30.074  41.438 0.0000000000
63724  37.102  -29.520  41.255 0.0000000000
61260  39.547  -30.513  44.259 0.0000000000
82351  44.507  -12.395  30.253 0.0000000000
83446  46.977  -10.671  26.973 0.0000000000
83447  46.373  -11.537  26.567 0.0000000000
81396  45.683  -12.717  25.952 0.0000000000
82386  46.087  -12.208  26.040 0.0000000000
80355  44.681  -13.830  26.465 0.0000000000
79262  45.740  -15.153  26.471 0.0000000000
77023  41.254  -17.344  29.196 0.0000000000
77024  40.401  -17.335  29.530 0.0000000000
75948  39.504  -18.278  30.098 0.0000000000
75947  40.315  -18.338  29.823 0.0000000000
73605  40.267  -19.777  30.642 0.0000000000
75937  37.603  -17.966  31.397 0.0000000000
75936  38.319  -18.247  30.693 0.0000000000
73584  40.559  -20.496  31.085 0.0000000000
72287  40.372  -21.604  32.243 0.0000000000
74774  36.910  -18.462  34.595 0.0000000000
73560  35.559  -20.231  33.156 0.0000000000
73571  35.872  -20.731  32.604 0.0000000000
72291  36.283  -21.249  32.498 0.0000000000
69786  35.138  -23.462  33.817 0.0000000000
69785  36.025  -23.415  33.452 0.0000000000
69783  37.996  -23.429  33.563 0.0000000000
71019  38.465  -22.706  33.185 0.0000000000
55137  34.389  -36.211  45.317 0.0000000000
53931  34.849  -36.436  46.492 0.0000000000
53893  35.682  -36.601  48.347 0.0000000000
53913  36.055  -36.283  47.740 0.0000000000
80311  41.305  -14.066  31.395 0.0000000000
80312  40.738  -14.374  30.801 0.0000000000
79222  40.228  -15.412  29.661 0.0000000000
53813  21.783  -37.293  52.700 0.0000000000
51271  15.363  -39.141  57.506 0.0000000000
56220  14.986  -34.513  53.877 0.0000000000
54980  12.690  -34.756  55.267 0.0000000000
56165  12.909  -33.800  55.622 0.0000000000
53752  13.343  -36.244  54.440 0.0000000000
51322  10.975  -38.063  55.132 0.0000000000
50087  9.883  -39.092  55.783 0.0000000000
48812  10.721  -40.825  58.104 0.0000000000
48822  11.142  -40.588  57.777 0.0000000000
47609  9.418  -42.219  59.561 0.0000000000
51229  7.351  -38.978  58.973 0.0000000000
50058  7.384  -39.680  58.367 0.0000000000
50042  7.026  -39.823  59.054 0.0000000000
46399  7.675  -42.610  59.621 0.0000000000
45153  7.546  -43.118  60.105 0.0000000000
46380  6.355  -42.138  60.933 0.0000000000
46379  6.653  -42.345  60.359 0.0000000000
46364  6.152  -42.269  61.501 0.0000000000
47551  5.582  -41.350  62.817 0.0000000000
46338  5.296  -42.102  62.799 0.0000000000
57696  34.871  -33.717  43.569 0.0000000000
56430  33.175  -34.883  44.691 0.0000000000
56429  33.793  -35.096  44.396 0.0000000000
53947  32.810  -36.506  45.563 0.0000000000
53934  32.182  -36.706  46.408 0.0000000000
55138  30.910  -35.543  44.863 0.0000000000
53950  30.298  -35.839  45.710 0.0000000000
53873  31.757  -37.517  49.579 0.0000000000
58893  26.903  -31.931  44.592 0.0000000000
58912  27.295  -32.612  44.509 0.0000000000
57677  26.966  -33.275  44.586 0.0000000000
56365  27.907  -35.476  46.612 0.0000000000
55097  27.566  -35.882  46.890 0.0000000000
53901  25.946  -37.738  47.993 0.0000000000
52669  26.605  -37.746  48.676 0.0000000000
52641  28.047  -37.739  50.480 0.0000000000
53855  27.684  -37.309  49.464 0.0000000000
53877  28.088  -36.721  49.089 0.0000000000
74848  42.583  -19.024  29.867 0.0000000000
69706  32.358  -22.235  38.597 0.0000000000
69697  31.606  -22.899  39.222 0.0000000000
67322  31.388  -25.534  37.913 0.0000000000
68521  31.578  -24.344  37.873 0.0000000000
67321  31.707  -25.091  37.353 0.0000000000
67341  32.169  -25.556  36.839 0.0000000000
63677  32.111  -28.073  44.864 0.0000000000
62491  31.739  -28.651  44.324 0.0000000000
63730  31.387  -29.092  41.784 0.0000000000
63711  30.853  -28.267  42.747 0.0000000000
63712  30.564  -28.022  42.107 0.0000000000
66068  30.485  -27.169  41.915 0.0000000000
64951  30.698  -27.982  40.657 0.0000000000
63710  35.350  -27.843  41.287 0.0000000000
64937  34.597  -27.601  40.971 0.0000000000
64949  33.060  -28.093  39.658 0.0000000000
63742  33.155  -28.069  40.240 0.0000000000
64964  31.237  -27.900  39.460 0.0000000000
64977  31.931  -27.606  38.732 0.0000000000
66139  31.622  -26.874  38.228 0.0000000000
64976  32.539  -27.441  38.192 0.0000000000
64975  33.316  -27.459  37.941 0.0000000000
66160  34.768  -27.318  37.333 0.0000000000
66159  35.782  -27.326  37.451 0.0000000000
66134  36.992  -26.911  38.575 0.0000000000
56405  36.360  -34.922  45.227 0.0000000000
55134  36.686  -35.302  46.102 0.0000000000
56381  37.660  -34.985  46.388 0.0000000000
57626  38.717  -33.811  45.425 0.0000000000
56379  39.287  -33.874  46.598 0.0000000000
57601  40.127  -32.994  47.093 0.0000000000
58865  40.057  -32.265  46.330 0.0000000000
83463  52.635  -11.745  23.666 0.0000000000
84544  52.834  -10.608  23.597 0.0000000000
82398  53.121  -13.068  23.171 0.0000000000
82392  50.524  -12.625  24.242 0.0000000000
81410  50.888  -13.452  23.940 0.0000000000
82400  51.503  -12.503  23.960 0.0000000000
77020  43.615  -17.855  29.131 0.0000000000
57713  35.337  -33.604  42.775 0.0000000000
56468  35.544  -34.148  42.851 0.0000000000
80324  41.855  -14.102  28.704 0.0000000000
80336  41.722  -14.705  28.643 0.0000000000
43937  7.269  -43.883  60.929 0.0000000000
75909  38.014  -17.635  33.491 0.0000000000
75894  36.565  -18.441  33.611 0.0000000000
68602  34.277  -24.335  34.716 0.0000000000
67397  34.541  -24.897  34.788 0.0000000000
53792  15.722  -36.438  53.048 0.0000000000
52584  15.490  -37.346  53.368 0.0000000000
52560  15.344  -37.900  53.616 0.0000000000
52433  8.432  -36.442  60.107 0.0000000000
57652  28.165  -33.460  44.735 0.0000000000
53857  23.751  -37.789  50.692 0.0000000000
66039  31.270  -26.400  43.962 0.0000000000
64898  39.162  -27.811  43.246 0.0000000000
55044  20.881  -36.469  49.441 0.0000000000
58849  24.430  -32.096  46.877 0.0000000000
57612  21.311  -33.266  47.395 0.0000000000
57611  22.342  -33.213  47.197 0.0000000000
56367  21.604  -33.991  46.873 0.0000000000
55080  21.326  -35.600  48.086 0.0000000000
62488  34.685  -29.620  44.972 0.0000000000
60135  36.902  -31.698  41.719 0.0000000000
58937  37.867  -32.340  42.780 0.0000000000
61275  38.683  -30.752  42.748 0.0000000000
60121  38.922  -31.200  43.316 0.0000000000
82357  43.534  -12.607  28.620 0.0000000000
82355  45.419  -11.829  29.633 0.0000000000
83448  45.893  -11.918  26.684 0.0000000000
83444  45.803  -11.703  27.135 0.0000000000
82380  45.351  -12.281  26.490 0.0000000000
81386  45.213  -13.210  26.110 0.0000000000
79245  47.056  -16.182  26.792 0.0000000000
77025  39.613  -17.159  29.758 0.0000000000
77011  39.234  -17.649  29.994 0.0000000000
72302  38.978  -20.829  31.579 0.0000000000
71032  39.877  -21.999  32.853 0.0000000000
73535  35.744  -19.649  35.628 0.0000000000
74761  35.503  -19.463  34.797 0.0000000000
74762  35.162  -19.866  34.501 0.0000000000
73544  34.999  -20.330  34.111 0.0000000000
71037  35.502  -21.786  33.122 0.0000000000
68612  37.485  -24.150  33.865 0.0000000000
68610  39.562  -24.131  34.112 0.0000000000
53932  34.019  -36.562  46.546 0.0000000000
53915  34.437  -36.733  47.428 0.0000000000
53894  34.840  -36.762  48.364 0.0000000000
78045  39.919  -15.603  31.785 0.0000000000
79214  39.660  -15.613  30.547 0.0000000000
79223  39.545  -15.972  29.921 0.0000000000
52628  20.467  -38.212  51.889 0.0000000000
53814  20.985  -37.555  53.075 0.0000000000
52606  20.461  -38.222  53.020 0.0000000000
51273  13.944  -39.778  58.341 0.0000000000
50055  12.560  -40.346  58.302 0.0000000000
56166  12.262  -34.041  56.576 0.0000000000
53737  11.910  -35.872  55.482 0.0000000000
52497  8.777  -37.396  57.251 0.0000000000
52517  9.095  -37.533  56.616 0.0000000000
51300  8.908  -38.335  56.631 0.0000000000
50088  9.085  -38.834  56.437 0.0000000000
48824  9.522  -40.500  57.017 0.0000000000
48813  9.924  -40.986  57.804 0.0000000000
50026  6.700  -39.632  59.977 0.0000000000
47596  6.696  -41.448  60.097 0.0000000000
47566  5.958  -40.816  61.633 0.0000000000
47552  5.228  -41.406  63.138 0.0000000000
55117  29.781  -35.677  46.135 0.0000000000
53936  30.444  -36.094  46.307 0.0000000000
53874  30.796  -36.931  49.315 0.0000000000
55055  30.279  -36.442  48.829 0.0000000000
57679  25.505  -33.670  44.676 0.0000000000
56435  26.460  -34.033  44.646 0.0000000000
56436  26.041  -34.207  44.604 0.0000000000
56389  26.470  -35.523  45.567 0.0000000000
55120  26.287  -36.292  45.983 0.0000000000
52643  26.216  -38.238  50.434 0.0000000000
52656  26.441  -38.016  49.486 0.0000000000
52625  26.950  -38.195  51.288 0.0000000000
74829  41.887  -19.559  30.135 0.0000000000
74828  42.784  -19.794  30.172 0.0000000000
68483  31.184  -23.919  41.315 0.0000000000
68522  31.073  -24.831  38.567 0.0000000000
62527  32.278  -29.623  43.001 0.0000000000
62544  32.361  -29.524  42.134 0.0000000000
63729  32.387  -29.015  41.170 0.0000000000
66066  35.671  -27.284  41.261 0.0000000000
64962  33.461  -27.984  38.809 0.0000000000
66117  34.561  -27.718  39.073 0.0000000000
66135  36.085  -27.191  38.431 0.0000000000
66115  36.321  -26.845  39.363 0.0000000000
55073  37.197  -36.025  48.050 0.0000000000
55091  37.480  -35.594  47.461 0.0000000000
55072  37.818  -35.772  48.227 0.0000000000
55090  38.153  -35.186  47.578 0.0000000000
82385  46.870  -12.113  25.373 0.0000000000
82395  47.605  -11.567  25.057 0.0000000000
81405  47.606  -12.493  24.790 0.0000000000
81404  48.469  -12.885  24.616 0.0000000000
57590  19.643  -33.735  48.359 0.0000000000
57560  19.265  -33.443  48.757 0.0000000000
57561  18.809  -33.022  49.339 0.0000000000
57588  21.811  -32.706  47.802 0.0000000000
58850  21.159  -32.653  47.729 0.0000000000
60107  36.230  -31.198  44.189 0.0000000000
57712  36.030  -33.752  42.326 0.0000000000
57711  36.747  -33.362  42.375 0.0000000000
58925  37.568  -33.112  42.927 0.0000000000
58886  38.928  -33.053  44.623 0.0000000000
81361  42.094  -13.691  28.876 0.0000000000
81369  43.561  -12.950  27.747 0.0000000000
81377  43.903  -13.342  27.205 0.0000000000
78095  44.983  -16.378  27.655 0.0000000000
46377  8.911  -43.176  60.527 0.0000000000
78047  38.622  -16.746  31.648 0.0000000000
77002  37.749  -17.411  31.638 0.0000000000
76974  37.209  -17.773  32.454 0.0000000000
72257  34.524  -21.872  34.277 0.0000000000
68614  35.707  -24.018  33.834 0.0000000000
68601  34.969  -24.249  34.295 0.0000000000
67392  38.852  -25.754  35.001 0.0000000000
67378  39.293  -26.095  35.649 0.0000000000
66192  39.135  -26.640  36.441 0.0000000000
66193  38.337  -26.629  36.126 0.0000000000
53896  32.924  -37.460  48.757 0.0000000000
52654  33.483  -37.529  49.869 0.0000000000
78029  39.078  -16.748  32.325 0.0000000000
51371  17.669  -38.436  52.443 0.0000000000
52498  8.411  -37.936  57.499 0.0000000000
51251  8.093  -38.508  57.692 0.0000000000
51204  7.429  -38.410  59.816 0.0000000000
50005  6.930  -38.455  61.589 0.0000000000
55162  30.048  -34.700  44.667 0.0000000000
57675  29.494  -33.879  44.795 0.0000000000
55140  29.475  -34.783  45.002 0.0000000000
55118  29.327  -35.129  45.782 0.0000000000
53938  23.958  -36.780  46.546 0.0000000000
52657  25.443  -38.129  49.655 0.0000000000
52644  25.206  -38.218  50.654 0.0000000000
73567  43.032  -21.165  31.931 0.0000000000
68467  30.963  -24.765  42.073 0.0000000000
63726  35.690  -28.816  41.266 0.0000000000
64935  36.140  -28.358  41.281 0.0000000000
63709  35.651  -28.077  41.306 0.0000000000
64919  35.728  -27.557  41.320 0.0000000000
64901  36.842  -27.400  41.922 0.0000000000
66065  36.190  -27.063  41.591 0.0000000000
67241  36.235  -26.826  41.466 0.0000000000
79275  47.779  -15.207  25.584 0.0000000000
80361  48.110  -14.875  25.056 0.0000000000
45082  5.718  -43.672  62.168 0.0000000000
73534  36.766  -19.540  35.947 0.0000000000
73525  35.176  -20.143  35.923 0.0000000000
72245  34.518  -20.639  35.569 0.0000000000
69759  33.503  -22.908  35.206 0.0000000000
70980  33.088  -22.279  36.284 0.0000000000
69773  33.417  -23.650  35.099 0.0000000000
67384  33.420  -25.210  35.632 0.0000000000
52645  20.782  -37.693  51.200 0.0000000000
52630  18.383  -37.971  51.006 0.0000000000
52631  17.629  -37.580  51.226 0.0000000000
52609  17.163  -37.553  52.010 0.0000000000
52610  16.648  -37.069  52.444 0.0000000000
53816  16.247  -36.408  52.546 0.0000000000
55020  16.302  -35.946  52.210 0.0000000000
53791  16.077  -36.542  52.857 0.0000000000
55011  14.881  -35.896  53.553 0.0000000000
60089  28.605  -31.266  45.114 0.0000000000
61245  27.588  -30.585  45.538 0.0000000000
58894  26.042  -32.133  44.732 0.0000000000
60073  25.481  -31.270  46.168 0.0000000000
60092  25.624  -31.589  45.499 0.0000000000
55142  24.045  -35.293  45.519 0.0000000000
57633  23.923  -32.705  46.803 0.0000000000
57635  22.563  -33.664  46.579 0.0000000000
57657  23.580  -33.856  46.080 0.0000000000
55143  23.631  -34.685  45.748 0.0000000000
55122  23.962  -36.280  46.050 0.0000000000
55100  23.702  -36.674  46.617 0.0000000000
53924  22.219  -36.502  47.863 0.0000000000
53904  22.386  -36.817  48.451 0.0000000000
53858  22.964  -37.384  50.535 0.0000000000
64864  33.074  -27.229  46.017 0.0000000000
63676  32.955  -28.229  45.514 0.0000000000
62490  32.505  -29.025  44.710 0.0000000000
62508  32.917  -29.814  43.931 0.0000000000
62541  35.191  -29.448  41.615 0.0000000000
61291  35.792  -30.846  42.625 0.0000000000
60137  35.662  -30.728  41.726 0.0000000000
60149  35.883  -30.851  41.442 0.0000000000
61305  35.622  -30.289  41.462 0.0000000000
63725  36.571  -29.013  41.203 0.0000000000
63707  37.544  -28.965  41.616 0.0000000000
63706  38.451  -28.927  42.356 0.0000000000
62504  38.842  -29.777  42.885 0.0000000000
63692  39.048  -28.834  43.051 0.0000000000
84532  47.678  -10.271  26.540 0.0000000000
80354  45.523  -14.170  25.980 0.0000000000
78066  41.761  -16.790  28.893 0.0000000000
77022  42.057  -17.488  29.199 0.0000000000
75966  41.557  -18.042  29.499 0.0000000000
74850  41.061  -18.502  29.664 0.0000000000
73583  41.525  -20.695  31.174 0.0000000000
74832  39.043  -18.622  30.406 0.0000000000
74812  39.441  -19.561  30.704 0.0000000000
73606  39.734  -19.647  30.697 0.0000000000
72299  41.751  -21.155  31.806 0.0000000000
72273  42.105  -21.942  32.943 0.0000000000
74792  35.635  -19.494  33.568 0.0000000000
74791  36.003  -19.286  33.030 0.0000000000
72275  34.880  -22.144  33.772 0.0000000000
71036  35.972  -21.960  32.807 0.0000000000
71021  36.450  -22.707  33.066 0.0000000000
71035  36.876  -21.982  32.717 0.0000000000
69781  40.254  -23.546  33.887 0.0000000000
69780  40.882  -22.973  33.763 0.0000000000
55156  35.433  -35.245  44.618 0.0000000000
55093  35.969  -35.963  47.149 0.0000000000
55092  36.673  -35.880  47.437 0.0000000000
80317  41.330  -13.827  30.216 0.0000000000
79221  40.949  -15.223  29.060 0.0000000000
51356  19.252  -38.867  53.514 0.0000000000
56193  13.852  -34.205  54.597 0.0000000000
54988  13.991  -35.172  54.494 0.0000000000
54998  13.830  -35.810  54.407 0.0000000000
53771  13.200  -36.993  54.222 0.0000000000
50096  11.931  -39.629  55.634 0.0000000000
53739  10.372  -36.220  56.652 0.0000000000
52515  10.431  -36.492  56.158 0.0000000000
52539  10.084  -37.351  55.697 0.0000000000
51298  9.831  -37.906  55.687 0.0000000000
51323  10.364  -37.733  55.417 0.0000000000
50097  10.971  -39.069  55.272 0.0000000000
50085  12.000  -40.094  56.440 0.0000000000
50056  11.806  -40.521  57.922 0.0000000000
50041  12.039  -40.609  58.638 0.0000000000
46398  8.483  -42.758  59.659 0.0000000000
47623  7.798  -41.706  58.615 0.0000000000
45131  6.889  -43.293  60.523 0.0000000000
49982  6.544  -39.250  62.184 0.0000000000
47567  5.835  -41.361  62.120 0.0000000000
56451  34.402  -34.886  44.004 0.0000000000
53946  33.766  -36.372  45.568 0.0000000000
53963  31.297  -35.712  44.945 0.0000000000
53935  31.262  -36.448  46.336 0.0000000000
60108  28.297  -32.064  44.668 0.0000000000
58911  27.984  -32.629  44.541 0.0000000000
57654  26.757  -33.826  44.704 0.0000000000
56412  27.767  -34.356  45.196 0.0000000000
55096  28.214  -35.569  47.119 0.0000000000
55076  28.618  -35.954  47.803 0.0000000000
53920  26.293  -37.333  47.174 0.0000000000
55098  26.866  -36.614  46.862 0.0000000000
52655  27.131  -37.593  49.211 0.0000000000
55078  27.523  -36.552  47.498 0.0000000000
55058  28.308  -36.403  48.318 0.0000000000
55057  28.782  -36.259  48.784 0.0000000000
55042  29.133  -36.558  49.420 0.0000000000
74827  43.256  -19.967  30.094 0.0000000000
73617  43.992  -20.239  29.916 0.0000000000
73566  43.322  -21.203  31.977 0.0000000000
69721  31.971  -23.482  37.287 0.0000000000
68564  32.474  -24.685  36.275 0.0000000000
67364  32.903  -25.382  36.202 0.0000000000
67363  33.492  -25.905  36.031 0.0000000000
64883  31.719  -27.215  44.614 0.0000000000
63693  31.082  -28.035  43.768 0.0000000000
64902  30.877  -27.400  43.402 0.0000000000
66054  30.839  -26.556  43.152 0.0000000000
66067  30.553  -26.813  42.417 0.0000000000
67244  30.473  -26.625  41.842 0.0000000000
67266  30.453  -26.349  41.228 0.0000000000
63743  32.448  -28.521  40.067 0.0000000000
63744  31.443  -28.591  40.469 0.0000000000
64950  31.039  -28.265  40.133 0.0000000000
64965  30.671  -27.459  40.039 0.0000000000
66119  30.601  -26.801  39.681 0.0000000000
64992  32.891  -27.237  37.746 0.0000000000
66162  32.613  -26.766  37.376 0.0000000000
66182  33.496  -26.533  36.592 0.0000000000
66180  35.388  -27.082  36.517 0.0000000000
66157  37.731  -27.027  37.802 0.0000000000
66133  37.921  -26.791  38.764 0.0000000000
55155  35.969  -34.943  45.053 0.0000000000
56403  38.162  -34.269  45.057 0.0000000000
57644  38.987  -33.291  45.077 0.0000000000
56338  39.490  -34.640  48.732 0.0000000000
56357  39.592  -34.021  47.403 0.0000000000
57602  39.621  -33.454  46.677 0.0000000000
58866  39.681  -32.400  45.744 0.0000000000
60066  39.949  -31.851  45.837 0.0000000000
83458  48.092  -11.117  25.113 0.0000000000
84534  48.958  -10.162  25.427 0.0000000000
81403  49.373  -13.301  24.467 0.0000000000
83455  51.098  -11.823  24.153 0.0000000000
51274  8.884  -37.896  56.730 0.0000000000
51360  15.607  -38.004  53.560 0.0000000000
52607  18.715  -38.561  51.446 0.0000000000
52668  27.092  -37.443  48.667 0.0000000000
53817  15.940  -36.127  52.779 0.0000000000
53878  27.481  -37.147  48.798 0.0000000000
55104  20.874  -34.502  47.592 0.0000000000
55114  37.145  -35.396  46.612 0.0000000000
55125  21.729  -34.559  46.785 0.0000000000
55176  35.286  -35.006  43.926 0.0000000000
56271  16.083  -34.412  52.244 0.0000000000
56292  16.283  -34.713  51.889 0.0000000000
56339  38.865  -34.875  48.546 0.0000000000
56346  19.888  -34.139  48.147 0.0000000000
56393  22.011  -34.347  46.584 0.0000000000
56416  23.748  -34.150  45.849 0.0000000000
57589  20.010  -33.533  47.942 0.0000000000
57676  27.553  -33.166  44.593 0.0000000000
57678  26.297  -33.525  44.515 0.0000000000
57693  37.714  -33.379  43.219 0.0000000000
58851  20.831  -32.960  47.625 0.0000000000
58913  26.555  -32.730  44.516 0.0000000000
60071  26.767  -30.184  46.527 0.0000000000
60106  38.861  -32.095  43.838 0.0000000000
60109  27.766  -31.917  44.614 0.0000000000
60148  36.324  -31.107  41.360 0.0000000000
61244  28.240  -30.379  45.748 0.0000000000
61246  26.859  -30.743  45.507 0.0000000000
61303  36.599  -30.775  41.125 0.0000000000
62492  31.386  -28.370  44.062 0.0000000000
62510  31.382  -28.697  43.634 0.0000000000
62545  31.862  -29.439  42.444 0.0000000000
63678  31.476  -27.960  44.360 0.0000000000
63731  30.695  -28.389  41.666 0.0000000000
63759  31.919  -28.386  39.526 0.0000000000
64917  37.067  -28.019  41.807 0.0000000000
64921  30.566  -27.559  42.297 0.0000000000
64938  30.524  -27.728  41.655 0.0000000000
64991  33.120  -27.181  37.565 0.0000000000
66040  31.031  -26.906  43.655 0.0000000000
66052  36.552  -27.229  41.809 0.0000000000
66053  31.032  -26.072  43.374 0.0000000000
66080  35.999  -26.917  41.334 0.0000000000
66098  30.463  -26.999  40.530 0.0000000000
67240  36.680  -26.582  41.719 0.0000000000
67263  36.099  -26.676  41.195 0.0000000000
67285  35.909  -26.655  40.827 0.0000000000
67287  30.410  -26.184  40.361 0.0000000000
67305  30.496  -26.069  39.737 0.0000000000
67342  31.734  -25.579  37.352 0.0000000000
67362  33.970  -26.376  35.976 0.0000000000
68588  32.779  -24.515  35.881 0.0000000000
72298  43.545  -21.208  32.013 0.0000000000
73568  38.192  -20.587  31.793 0.0000000000
73618  43.494  -20.066  30.032 0.0000000000
76984  38.610  -17.006  32.294 0.0000000000
81362  41.710  -13.867  29.079 0.0000000000
82364  43.495  -12.811  28.051 0.0000000000
82387  45.711  -12.421  26.167 0.0000000000
82401  50.965  -12.858  24.023 0.0000000000
