#!ascii label  , from subject sub.01.dh.02t2 vox2ras=TkReg
966
63397  14.047  -28.909  67.443 0.0000000000
57451  8.852  -33.787  54.833 0.0000000000
57278  6.965  -33.481  66.238 0.0000000000
64671  5.059  -27.523  62.961 0.0000000000
71941  5.910  -22.570  56.572 0.0000000000
60994  9.740  -30.902  67.785 0.0000000000
64624  8.567  -27.888  66.542 0.0000000000
59808  17.692  -29.959  66.290 0.0000000000
57266  12.351  -31.605  66.717 0.0000000000
53599  7.985  -35.516  65.853 0.0000000000
73066  5.576  -20.854  64.857 0.0000000000
68253  5.727  -24.383  60.333 0.0000000000
73092  7.172  -20.046  61.859 0.0000000000
53639  5.400  -36.927  63.065 0.0000000000
57317  7.344  -33.489  62.330 0.0000000000
61021  7.429  -30.950  64.865 0.0000000000
69339  7.156  -24.218  66.170 0.0000000000
62306  9.051  -29.780  59.932 0.0000000000
63561  7.357  -28.520  55.101 0.0000000000
63593  6.353  -27.755  51.588 0.0000000000
69499  8.812  -23.450  54.390 0.0000000000
62234  12.418  -29.664  67.669 0.0000000000
64620  10.800  -28.808  66.732 0.0000000000
62217  16.312  -29.265  67.926 0.0000000000
58541  15.038  -30.571  66.589 0.0000000000
59800  13.430  -30.526  67.873 0.0000000000
58528  10.859  -31.491  67.877 0.0000000000
75623  5.915  -19.771  62.886 0.0000000000
54854  6.277  -35.605  64.899 0.0000000000
57293  6.744  -33.996  64.235 0.0000000000
58552  7.109  -32.895  65.520 0.0000000000
68166  8.475  -24.737  65.144 0.0000000000
66913  7.951  -25.712  65.873 0.0000000000
54821  7.651  -34.754  66.773 0.0000000000
51109  6.724  -37.414  64.940 0.0000000000
53603  5.991  -36.292  65.883 0.0000000000
52380  5.417  -37.565  64.143 0.0000000000
61049  7.536  -30.534  63.190 0.0000000000
58620  8.473  -32.069  61.264 0.0000000000
62298  6.721  -28.835  61.600 0.0000000000
69453  5.553  -23.844  58.092 0.0000000000
63531  6.039  -27.339  57.931 0.0000000000
65869  5.549  -26.360  56.009 0.0000000000
62388  6.687  -28.375  53.264 0.0000000000
68305  5.590  -25.340  53.973 0.0000000000
58538  7.904  -32.081  67.835 0.0000000000
61005  7.610  -30.649  66.940 0.0000000000
63403  9.193  -29.103  67.585 0.0000000000
65751  9.783  -26.497  65.115 0.0000000000
59833  18.922  -29.978  64.926 0.0000000000
58600  16.815  -30.592  62.556 0.0000000000
58567  15.797  -30.533  64.469 0.0000000000
57285  13.208  -31.493  64.917 0.0000000000
56012  10.102  -33.322  66.566 0.0000000000
56008  9.074  -33.454  67.976 0.0000000000
69388  5.583  -23.571  63.403 0.0000000000
67003  4.807  -25.914  61.788 0.0000000000
70609  5.828  -22.680  62.159 0.0000000000
71852  6.401  -21.711  60.632 0.0000000000
71870  6.683  -21.701  59.528 0.0000000000
64618  16.674  -27.663  66.245 0.0000000000
62284  22.376  -28.371  62.545 0.0000000000
64653  23.484  -27.360  64.609 0.0000000000
62242  20.393  -28.984  66.225 0.0000000000
64603  18.662  -28.097  66.627 0.0000000000
51206  4.236  -38.297  61.216 0.0000000000
54918  5.366  -35.987  60.681 0.0000000000
56043  6.376  -35.070  62.447 0.0000000000
58590  7.329  -32.717  63.975 0.0000000000
63433  6.305  -28.555  64.089 0.0000000000
63416  7.417  -28.692  66.053 0.0000000000
64643  6.638  -27.723  64.910 0.0000000000
66937  5.910  -25.445  64.159 0.0000000000
70560  5.974  -22.234  65.658 0.0000000000
57363  6.041  -34.425  59.234 0.0000000000
58671  7.650  -32.751  58.454 0.0000000000
59943  9.271  -31.728  57.049 0.0000000000
62320  6.737  -28.043  59.721 0.0000000000
62340  7.996  -28.683  57.457 0.0000000000
61126  10.077  -30.738  55.696 0.0000000000
61143  8.291  -29.707  52.753 0.0000000000
59989  7.215  -31.024  51.432 0.0000000000
73105  8.374  -20.566  61.348 0.0000000000
71891  7.910  -21.601  58.279 0.0000000000
70665  10.208  -22.350  57.259 0.0000000000
70714  7.221  -23.121  55.340 0.0000000000
68343  6.426  -25.300  52.810 0.0000000000
63385  13.602  -29.256  67.983 0.0000000000
63412  12.350  -29.223  66.835 0.0000000000
63410  14.513  -28.643  66.530 0.0000000000
63383  15.403  -29.007  67.752 0.0000000000
60988  14.970  -29.862  67.613 0.0000000000
62220  13.819  -29.602  68.155 0.0000000000
60990  13.169  -30.171  68.206 0.0000000000
55000  8.727  -35.539  54.433 0.0000000000
57473  9.492  -33.554  54.033 0.0000000000
56020  6.517  -34.529  65.579 0.0000000000
57283  6.719  -33.813  65.334 0.0000000000
58551  7.148  -32.710  65.975 0.0000000000
59885  18.990  -29.864  61.615 0.0000000000
56014  7.339  -34.110  66.939 0.0000000000
53591  6.685  -35.966  66.393 0.0000000000
54823  6.625  -35.186  66.227 0.0000000000
54853  6.154  -35.782  65.445 0.0000000000
62275  6.279  -28.942  63.302 0.0000000000
62286  6.755  -29.192  62.319 0.0000000000
63467  5.537  -28.163  62.107 0.0000000000
69466  5.649  -23.639  56.994 0.0000000000
68278  5.463  -25.014  57.096 0.0000000000
68285  5.567  -24.720  56.329 0.0000000000
67069  5.571  -25.788  55.301 0.0000000000
69485  5.896  -24.209  55.434 0.0000000000
59805  9.287  -31.407  68.106 0.0000000000
60996  8.415  -30.606  67.693 0.0000000000
62225  9.397  -30.218  67.649 0.0000000000
64635  10.370  -28.023  65.886 0.0000000000
66948  10.295  -25.582  63.899 0.0000000000
59826  18.191  -29.980  65.725 0.0000000000
59848  17.915  -30.221  64.897 0.0000000000
58547  16.806  -30.298  65.867 0.0000000000
58543  13.071  -31.332  66.546 0.0000000000
58550  14.177  -31.279  65.615 0.0000000000
57280  12.773  -31.610  65.493 0.0000000000
57275  10.999  -32.422  66.846 0.0000000000
59803  10.656  -31.303  67.956 0.0000000000
57262  10.176  -32.380  68.094 0.0000000000
58530  9.486  -31.967  68.439 0.0000000000
57265  8.487  -32.404  68.240 0.0000000000
70577  5.503  -22.382  64.385 0.0000000000
69399  5.647  -23.577  62.529 0.0000000000
73072  5.411  -21.355  63.507 0.0000000000
74382  6.231  -20.185  62.423 0.0000000000
74383  5.936  -20.423  62.389 0.0000000000
74405  6.238  -20.892  61.590 0.0000000000
71851  6.621  -21.604  60.344 0.0000000000
74403  7.074  -21.108  61.033 0.0000000000
62248  20.791  -29.009  65.862 0.0000000000
53656  5.193  -36.994  62.137 0.0000000000
54901  5.444  -36.190  61.639 0.0000000000
54890  5.711  -36.218  62.568 0.0000000000
59850  7.387  -32.102  64.698 0.0000000000
57292  7.016  -33.338  64.120 0.0000000000
59849  7.413  -31.772  64.237 0.0000000000
61035  7.392  -30.791  63.966 0.0000000000
62255  6.929  -29.736  64.641 0.0000000000
63405  7.976  -28.920  67.204 0.0000000000
62239  7.697  -29.731  66.885 0.0000000000
64625  8.114  -27.995  66.474 0.0000000000
68160  7.477  -24.858  65.923 0.0000000000
65726  7.300  -26.762  65.756 0.0000000000
66915  6.874  -25.708  65.591 0.0000000000
65752  6.223  -26.562  64.341 0.0000000000
68169  6.429  -24.635  65.534 0.0000000000
69358  5.887  -23.665  65.503 0.0000000000
69347  6.565  -23.635  66.154 0.0000000000
58601  15.736  -30.430  62.592 0.0000000000
58616  16.108  -30.445  61.582 0.0000000000
53610  8.309  -35.537  64.961 0.0000000000
53619  8.167  -35.869  64.072 0.0000000000
52349  7.625  -36.110  65.198 0.0000000000
49918  6.292  -38.163  64.504 0.0000000000
51129  7.134  -38.143  63.914 0.0000000000
52393  5.123  -37.722  63.482 0.0000000000
52406  4.876  -37.834  62.695 0.0000000000
57330  6.535  -34.405  61.156 0.0000000000
56097  5.803  -34.728  59.842 0.0000000000
57343  6.868  -33.814  60.614 0.0000000000
59896  8.864  -31.427  60.420 0.0000000000
58655  8.128  -32.567  59.596 0.0000000000
59907  8.933  -31.517  59.351 0.0000000000
59922  8.026  -32.345  57.905 0.0000000000
61094  9.437  -30.899  58.340 0.0000000000
67020  5.551  -25.625  60.775 0.0000000000
63491  6.094  -27.649  60.925 0.0000000000
65842  5.719  -26.332  60.105 0.0000000000
63547  6.551  -27.995  56.441 0.0000000000
63529  6.934  -28.178  57.227 0.0000000000
63528  7.554  -28.492  56.932 0.0000000000
63543  9.248  -29.207  56.232 0.0000000000
63559  8.969  -28.727  55.240 0.0000000000
61141  9.978  -30.061  53.941 0.0000000000
63579  8.041  -28.670  53.912 0.0000000000
63580  6.212  -27.815  53.094 0.0000000000
62396  7.067  -29.126  52.485 0.0000000000
61153  6.711  -29.666  51.708 0.0000000000
73103  9.999  -20.028  61.046 0.0000000000
73147  8.346  -21.420  59.638 0.0000000000
71869  9.276  -21.479  59.532 0.0000000000
70692  10.429  -22.673  55.912 0.0000000000
70693  9.403  -22.890  55.866 0.0000000000
70681  8.837  -22.711  56.508 0.0000000000
70713  8.150  -23.295  54.967 0.0000000000
70735  7.281  -23.824  54.595 0.0000000000
69520  7.800  -24.201  53.970 0.0000000000
62223  10.856  -30.385  67.652 0.0000000000
62237  10.574  -30.003  67.509 0.0000000000
63400  11.187  -29.585  67.260 0.0000000000
61001  16.790  -29.715  67.157 0.0000000000
59820  16.360  -30.202  66.385 0.0000000000
59797  15.450  -30.079  67.301 0.0000000000
59812  14.541  -30.515  67.191 0.0000000000
58535  12.945  -31.116  67.311 0.0000000000
57267  11.562  -31.807  67.123 0.0000000000
58527  12.114  -31.177  68.006 0.0000000000
59802  11.628  -30.990  68.165 0.0000000000
74362  6.374  -19.604  64.772 0.0000000000
74370  5.394  -20.150  63.837 0.0000000000
75605  6.490  -18.830  64.307 0.0000000000
75612  6.798  -18.641  63.607 0.0000000000
75611  7.318  -18.230  63.351 0.0000000000
54867  6.245  -35.842  64.202 0.0000000000
56031  6.393  -35.182  63.848 0.0000000000
56026  6.466  -34.910  64.558 0.0000000000
58558  7.086  -33.054  65.077 0.0000000000
59836  7.372  -32.009  65.206 0.0000000000
66911  8.606  -26.337  65.616 0.0000000000
65724  8.268  -26.999  65.967 0.0000000000
66924  8.335  -25.543  65.530 0.0000000000
69345  7.810  -23.975  65.743 0.0000000000
70557  7.736  -22.784  65.950 0.0000000000
70558  7.100  -22.631  66.191 0.0000000000
53589  7.723  -35.326  66.332 0.0000000000
52350  7.380  -36.412  65.561 0.0000000000
53601  7.202  -36.354  66.110 0.0000000000
52352  6.682  -36.718  66.118 0.0000000000
51098  6.147  -37.401  65.476 0.0000000000
51130  5.507  -38.198  64.304 0.0000000000
52379  5.780  -37.362  64.744 0.0000000000
53620  5.738  -36.883  64.489 0.0000000000
58606  7.579  -32.719  62.943 0.0000000000
58638  7.554  -33.243  61.165 0.0000000000
59877  8.105  -31.274  62.499 0.0000000000
61071  7.672  -29.737  62.152 0.0000000000
62296  8.311  -29.553  61.066 0.0000000000
68262  5.471  -24.545  59.032 0.0000000000
65852  5.405  -26.324  59.000 0.0000000000
67042  5.405  -25.425  58.334 0.0000000000
64735  5.747  -27.038  57.350 0.0000000000
63563  6.298  -27.856  55.368 0.0000000000
62365  6.732  -28.310  54.789 0.0000000000
64760  5.776  -27.138  54.872 0.0000000000
64771  5.493  -26.785  54.008 0.0000000000
65910  5.434  -26.589  52.941 0.0000000000
69497  10.734  -23.349  54.300 0.0000000000
68320  8.923  -24.107  53.172 0.0000000000
68319  9.872  -24.153  53.115 0.0000000000
58545  7.559  -32.404  67.117 0.0000000000
58546  7.352  -32.536  66.499 0.0000000000
59815  7.870  -31.386  67.586 0.0000000000
62227  8.482  -29.925  67.729 0.0000000000
64610  8.839  -28.526  67.174 0.0000000000
64607  10.130  -29.088  67.021 0.0000000000
64622  9.503  -28.217  66.578 0.0000000000
65722  9.068  -27.124  65.885 0.0000000000
66936  9.386  -25.722  64.803 0.0000000000
59845  19.662  -29.723  64.353 0.0000000000
59873  18.680  -29.820  62.798 0.0000000000
59861  18.267  -30.174  64.204 0.0000000000
58549  15.062  -30.805  65.905 0.0000000000
58555  15.027  -30.976  65.111 0.0000000000
58569  13.963  -31.279  63.924 0.0000000000
54835  9.656  -34.022  65.899 0.0000000000
54818  9.522  -33.692  66.835 0.0000000000
57268  10.676  -32.403  67.365 0.0000000000
54806  9.565  -33.469  67.295 0.0000000000
54808  8.639  -34.151  67.352 0.0000000000
54809  8.133  -34.328  67.331 0.0000000000
56013  7.783  -33.909  67.520 0.0000000000
66971  5.112  -25.643  63.189 0.0000000000
65808  4.438  -27.221  62.338 0.0000000000
68209  4.869  -25.410  62.690 0.0000000000
68221  5.526  -24.322  62.034 0.0000000000
68235  5.792  -24.005  61.254 0.0000000000
71828  5.631  -21.531  62.560 0.0000000000
70610  5.940  -22.282  61.706 0.0000000000
69430  5.943  -23.280  60.385 0.0000000000
70635  6.128  -22.566  59.807 0.0000000000
70649  5.916  -22.667  58.448 0.0000000000
71918  5.909  -22.243  57.432 0.0000000000
63396  15.330  -28.630  67.036 0.0000000000
61058  20.898  -29.100  62.793 0.0000000000
65803  24.395  -25.494  62.814 0.0000000000
65759  24.002  -25.970  64.014 0.0000000000
64666  23.728  -26.582  63.363 0.0000000000
62263  22.871  -28.124  63.986 0.0000000000
61030  22.043  -28.828  63.779 0.0000000000
61032  20.825  -29.358  64.335 0.0000000000
61013  19.683  -29.624  65.511 0.0000000000
60998  19.190  -29.378  66.259 0.0000000000
63391  19.837  -28.327  66.457 0.0000000000
62230  18.383  -28.926  67.039 0.0000000000
63394  17.239  -28.625  67.148 0.0000000000
63395  16.206  -28.678  67.517 0.0000000000
54900  5.738  -35.599  61.207 0.0000000000
57318  6.874  -34.131  62.569 0.0000000000
57304  6.586  -34.582  63.407 0.0000000000
57303  6.931  -33.675  63.668 0.0000000000
58607  7.267  -33.165  63.413 0.0000000000
59864  7.616  -31.476  63.431 0.0000000000
61051  6.896  -29.900  63.728 0.0000000000
63446  5.883  -28.187  63.407 0.0000000000
59829  7.369  -31.731  66.216 0.0000000000
61015  7.331  -30.852  65.833 0.0000000000
62249  7.152  -29.847  65.240 0.0000000000
64626  7.650  -27.807  66.057 0.0000000000
64636  7.159  -27.761  65.571 0.0000000000
62254  6.901  -29.465  64.887 0.0000000000
64644  6.119  -27.539  64.065 0.0000000000
65772  5.260  -26.475  63.426 0.0000000000
68190  5.605  -24.515  63.880 0.0000000000
69371  5.577  -23.308  64.517 0.0000000000
73056  5.683  -21.217  65.240 0.0000000000
71790  6.994  -21.600  66.059 0.0000000000
73054  6.823  -20.535  65.729 0.0000000000
73064  6.565  -19.992  65.335 0.0000000000
51145  7.477  -37.137  63.124 0.0000000000
51128  7.105  -37.428  64.427 0.0000000000
58656  7.364  -33.254  60.118 0.0000000000
57384  6.599  -33.830  58.628 0.0000000000
59956  8.787  -32.590  56.060 0.0000000000
63479  5.803  -28.091  61.496 0.0000000000
62309  6.925  -28.481  60.651 0.0000000000
62308  7.769  -28.953  60.447 0.0000000000
63517  6.044  -27.296  58.954 0.0000000000
63502  7.085  -28.199  58.990 0.0000000000
62327  8.978  -29.374  58.305 0.0000000000
62338  9.512  -29.806  57.372 0.0000000000
61115  9.812  -30.878  56.703 0.0000000000
58722  9.303  -32.720  54.804 0.0000000000
59966  10.225  -31.504  54.594 0.0000000000
62386  7.381  -28.786  53.453 0.0000000000
61151  7.953  -30.193  52.324 0.0000000000
75619  8.499  -18.233  62.868 0.0000000000
74378  9.029  -18.949  62.299 0.0000000000
74391  8.024  -20.083  62.014 0.0000000000
73124  7.928  -21.141  60.617 0.0000000000
73170  7.277  -21.541  58.644 0.0000000000
71916  6.764  -21.757  57.431 0.0000000000
71914  8.359  -21.989  57.710 0.0000000000
71938  7.188  -22.165  56.843 0.0000000000
71973  6.233  -23.069  55.502 0.0000000000
70737  6.471  -24.252  54.559 0.0000000000
68344  6.174  -25.067  53.312 0.0000000000
67136  5.933  -26.086  52.107 0.0000000000
67154  6.578  -26.268  51.170 0.0000000000
63384  14.491  -29.117  67.827 0.0000000000
62219  14.739  -29.480  67.877 0.0000000000
56223  8.348  -34.708  54.915 0.0000000000
56222  9.218  -34.682  54.369 0.0000000000
56019  6.590  -34.407  66.042 0.0000000000
57282  6.749  -33.635  65.785 0.0000000000
59871  20.225  -29.223  62.250 0.0000000000
59884  19.674  -29.486  61.682 0.0000000000
59872  19.522  -29.489  62.539 0.0000000000
56015  6.918  -34.271  66.465 0.0000000000
54837  6.329  -35.342  65.847 0.0000000000
63455  5.394  -28.077  63.105 0.0000000000
62287  6.244  -28.852  62.660 0.0000000000
64670  5.003  -27.611  62.768 0.0000000000
70682  5.787  -23.082  56.386 0.0000000000
69465  5.632  -24.279  56.683 0.0000000000
69477  5.812  -23.755  56.195 0.0000000000
69484  5.709  -24.467  55.773 0.0000000000
70696  5.978  -23.369  55.667 0.0000000000
60995  9.051  -30.784  67.750 0.0000000000
59818  18.039  -29.980  66.032 0.0000000000
59827  17.425  -30.208  65.879 0.0000000000
57272  13.382  -31.384  65.980 0.0000000000
57273  12.530  -31.673  66.134 0.0000000000
57281  11.992  -32.197  65.665 0.0000000000
57274  11.638  -32.190  66.397 0.0000000000
56010  11.235  -32.570  65.827 0.0000000000
59804  9.988  -31.401  68.278 0.0000000000
58529  10.170  -31.852  68.394 0.0000000000
71805  5.474  -21.349  64.595 0.0000000000
71804  5.445  -21.744  64.028 0.0000000000
73073  5.420  -20.949  64.075 0.0000000000
74381  6.776  -20.137  62.384 0.0000000000
74393  6.529  -20.786  62.035 0.0000000000
74392  6.965  -20.662  61.830 0.0000000000
74404  6.615  -21.139  61.461 0.0000000000
73107  7.039  -20.814  61.638 0.0000000000
54880  6.026  -36.108  63.441 0.0000000000
61036  7.320  -30.588  64.300 0.0000000000
64611  8.404  -28.493  67.081 0.0000000000
68161  6.965  -24.794  65.910 0.0000000000
54836  8.834  -34.944  65.574 0.0000000000
53621  5.641  -36.737  63.922 0.0000000000
57329  7.156  -33.763  61.639 0.0000000000
61078  9.066  -30.628  60.224 0.0000000000
61084  9.229  -30.537  59.541 0.0000000000
59906  9.158  -31.246  58.997 0.0000000000
61083  9.314  -30.857  58.964 0.0000000000
63546  7.140  -28.271  56.197 0.0000000000
63545  7.858  -28.520  56.043 0.0000000000
63560  8.215  -28.572  55.224 0.0000000000
63570  8.727  -28.650  54.518 0.0000000000
63572  7.452  -28.636  54.641 0.0000000000
63587  6.347  -27.759  52.220 0.0000000000
62397  6.687  -28.623  52.183 0.0000000000
62404  6.373  -28.513  51.294 0.0000000000
74388  10.482  -19.288  61.330 0.0000000000
73122  9.877  -20.665  60.591 0.0000000000
71850  9.756  -21.198  60.118 0.0000000000
71849  10.467  -20.937  60.147 0.0000000000
70711  10.076  -23.067  55.099 0.0000000000
70712  9.064  -23.183  55.078 0.0000000000
69500  8.369  -23.541  54.445 0.0000000000
70733  8.138  -23.577  54.487 0.0000000000
69519  8.423  -23.786  53.988 0.0000000000
62222  11.668  -30.209  67.835 0.0000000000
62236  11.069  -29.956  67.500 0.0000000000
62235  11.865  -29.864  67.589 0.0000000000
63423  12.749  -28.891  66.097 0.0000000000
59810  16.011  -30.074  66.948 0.0000000000
61002  16.031  -29.929  67.320 0.0000000000
60989  14.143  -30.053  68.149 0.0000000000
59799  14.342  -30.321  67.613 0.0000000000
59813  13.941  -30.641  67.346 0.0000000000
58526  12.784  -30.873  67.921 0.0000000000
62221  12.719  -29.775  68.008 0.0000000000
60991  12.196  -30.443  68.124 0.0000000000
60992  11.267  -30.757  67.955 0.0000000000
74368  6.175  -19.409  64.222 0.0000000000
76701  7.174  -17.635  63.820 0.0000000000
56023  6.502  -34.695  65.099 0.0000000000
59830  7.350  -31.889  65.677 0.0000000000
66923  8.728  -25.660  65.289 0.0000000000
69344  8.155  -23.741  65.418 0.0000000000
53590  7.189  -35.836  66.292 0.0000000000
53602  6.319  -36.405  66.214 0.0000000000
52353  6.185  -36.960  65.965 0.0000000000
52367  5.945  -37.098  65.440 0.0000000000
53611  5.982  -36.478  65.090 0.0000000000
53612  6.031  -36.317  64.509 0.0000000000
59878  7.811  -31.374  62.982 0.0000000000
62285  7.173  -29.360  62.073 0.0000000000
61070  8.214  -30.005  61.811 0.0000000000
62297  7.487  -29.211  61.451 0.0000000000
68271  5.499  -24.675  58.352 0.0000000000
67056  5.425  -25.897  56.438 0.0000000000
67050  5.334  -25.772  57.324 0.0000000000
65868  5.537  -26.558  56.747 0.0000000000
64748  5.801  -27.230  56.194 0.0000000000
65884  5.638  -26.783  55.819 0.0000000000
67083  5.545  -25.656  54.551 0.0000000000
64761  5.568  -26.649  54.536 0.0000000000
65899  5.440  -26.243  54.166 0.0000000000
64781  5.489  -26.885  53.484 0.0000000000
67096  5.471  -25.633  53.574 0.0000000000
70710  11.134  -22.906  55.105 0.0000000000
69517  10.311  -23.737  53.622 0.0000000000
58544  7.718  -32.506  67.605 0.0000000000
59822  7.622  -31.818  67.300 0.0000000000
58539  7.698  -32.019  67.509 0.0000000000
62226  8.871  -30.143  67.717 0.0000000000
63389  8.759  -29.726  67.739 0.0000000000
63404  8.572  -29.211  67.620 0.0000000000
63414  10.746  -29.224  67.099 0.0000000000
63401  10.333  -29.474  67.270 0.0000000000
65721  9.712  -27.689  66.005 0.0000000000
65737  9.399  -26.654  65.448 0.0000000000
59846  19.077  -29.883  64.734 0.0000000000
61047  18.601  -29.983  64.417 0.0000000000
61034  18.729  -30.016  64.807 0.0000000000
58566  17.211  -30.466  64.709 0.0000000000
58540  15.738  -30.347  66.394 0.0000000000
58548  16.070  -30.357  66.002 0.0000000000
57284  13.785  -31.405  65.226 0.0000000000
58556  14.093  -31.325  64.794 0.0000000000
58557  13.445  -31.421  64.327 0.0000000000
57290  12.733  -31.729  64.217 0.0000000000
56024  11.214  -32.818  63.623 0.0000000000
56018  10.268  -33.409  66.009 0.0000000000
58537  10.985  -31.804  67.559 0.0000000000
57261  10.544  -32.139  67.777 0.0000000000
56003  9.674  -32.972  68.086 0.0000000000
56002  9.965  -32.903  67.819 0.0000000000
56007  9.592  -33.308  67.657 0.0000000000
54807  9.203  -33.800  67.308 0.0000000000
56009  8.362  -33.759  67.872 0.0000000000
58532  8.268  -32.055  68.086 0.0000000000
57271  8.046  -32.909  68.092 0.0000000000
57276  7.622  -33.189  67.334 0.0000000000
66972  4.745  -25.876  63.006 0.0000000000
68208  5.213  -24.815  62.952 0.0000000000
70600  5.617  -22.709  62.896 0.0000000000
68236  5.454  -24.922  61.428 0.0000000000
69414  5.840  -23.427  61.776 0.0000000000
75614  5.690  -19.697  63.482 0.0000000000
73081  5.471  -20.953  63.174 0.0000000000
74373  5.591  -20.232  62.991 0.0000000000
73108  6.057  -21.132  61.972 0.0000000000
71836  5.957  -21.876  61.813 0.0000000000
70624  6.078  -22.452  60.984 0.0000000000
71871  6.634  -21.729  59.781 0.0000000000
71872  6.347  -22.070  59.211 0.0000000000
71894  6.140  -22.051  58.222 0.0000000000
71893  6.449  -21.797  58.617 0.0000000000
64606  16.255  -28.224  66.722 0.0000000000
64619  16.008  -27.773  66.157 0.0000000000
62283  22.717  -27.885  62.064 0.0000000000
61066  21.955  -28.574  61.589 0.0000000000
61056  21.983  -28.646  62.080 0.0000000000
61044  22.039  -28.794  62.956 0.0000000000
64638  23.608  -27.007  65.029 0.0000000000
65739  23.905  -26.069  64.578 0.0000000000
64637  23.739  -26.597  64.752 0.0000000000
65781  23.979  -26.089  63.584 0.0000000000
64652  23.721  -26.640  64.310 0.0000000000
63440  23.516  -27.243  63.934 0.0000000000
63441  23.205  -27.754  64.383 0.0000000000
61017  21.958  -28.712  64.349 0.0000000000
61031  21.492  -29.089  64.060 0.0000000000
61018  21.402  -28.889  64.680 0.0000000000
61006  20.245  -29.314  65.820 0.0000000000
61007  19.660  -29.331  66.122 0.0000000000
62243  19.738  -29.110  66.307 0.0000000000
64602  19.471  -28.092  66.470 0.0000000000
63392  18.990  -28.510  66.708 0.0000000000
63393  18.125  -28.592  66.893 0.0000000000
62231  17.594  -29.180  67.233 0.0000000000
64605  16.936  -28.164  66.766 0.0000000000
52434  4.386  -37.622  60.545 0.0000000000
53669  5.109  -36.983  61.119 0.0000000000
56059  6.032  -35.674  62.067 0.0000000000
56058  6.264  -35.051  61.641 0.0000000000
58589  7.490  -32.347  63.602 0.0000000000
59865  7.473  -31.568  63.860 0.0000000000
62265  6.536  -29.320  63.925 0.0000000000
64659  5.916  -27.726  63.692 0.0000000000
59823  7.523  -31.538  66.929 0.0000000000
62244  7.512  -29.237  66.446 0.0000000000
62240  7.539  -30.254  66.599 0.0000000000
62245  7.421  -29.785  66.111 0.0000000000
65725  7.860  -26.838  65.929 0.0000000000
63425  7.091  -28.785  65.430 0.0000000000
63432  6.671  -28.824  64.773 0.0000000000
65753  5.801  -26.749  63.718 0.0000000000
65754  5.554  -26.974  63.611 0.0000000000
65771  5.767  -26.044  63.580 0.0000000000
65792  5.286  -25.944  63.341 0.0000000000
69348  5.995  -22.950  65.882 0.0000000000
69359  5.694  -22.773  65.358 0.0000000000
70567  5.730  -22.049  65.217 0.0000000000
71792  5.839  -21.581  65.424 0.0000000000
58599  17.786  -30.366  62.428 0.0000000000
52377  7.759  -36.480  63.798 0.0000000000
52366  7.098  -36.930  65.284 0.0000000000
52416  4.656  -37.883  61.697 0.0000000000
56098  5.501  -35.245  59.496 0.0000000000
57364  5.710  -34.789  58.788 0.0000000000
57386  5.749  -34.872  58.397 0.0000000000
58621  8.141  -32.359  61.810 0.0000000000
58637  8.060  -32.697  60.756 0.0000000000
58672  7.161  -33.199  59.071 0.0000000000
58683  7.054  -33.279  58.100 0.0000000000
57402  6.620  -33.832  57.681 0.0000000000
58682  7.470  -32.884  57.601 0.0000000000
59932  8.553  -32.049  57.452 0.0000000000
59933  7.901  -32.547  57.146 0.0000000000
59944  8.489  -32.455  56.604 0.0000000000
58707  8.292  -33.100  56.001 0.0000000000
65824  4.516  -26.941  61.896 0.0000000000
64694  5.320  -27.498  61.461 0.0000000000
63490  6.466  -27.884  60.338 0.0000000000
64723  5.534  -27.035  58.437 0.0000000000
63516  6.397  -27.601  58.543 0.0000000000
63514  7.441  -28.442  57.831 0.0000000000
63515  6.844  -28.076  58.393 0.0000000000
62328  8.166  -28.757  58.214 0.0000000000
63501  7.498  -28.421  58.746 0.0000000000
62339  8.763  -28.933  57.502 0.0000000000
62352  9.379  -29.250  55.948 0.0000000000
62351  9.693  -29.747  56.333 0.0000000000
59955  9.495  -32.042  55.945 0.0000000000
61134  10.426  -31.005  54.584 0.0000000000
61142  9.139  -29.902  53.028 0.0000000000
59977  9.243  -30.829  52.665 0.0000000000
62377  6.651  -28.279  54.196 0.0000000000
62376  6.950  -28.580  54.191 0.0000000000
62387  7.044  -28.710  53.390 0.0000000000
61152  7.214  -30.198  51.966 0.0000000000
62395  7.457  -29.306  52.631 0.0000000000
59988  7.785  -31.073  51.793 0.0000000000
74377  9.879  -18.706  62.120 0.0000000000
74390  8.718  -19.795  61.847 0.0000000000
74379  8.176  -19.244  62.377 0.0000000000
73106  7.486  -20.634  61.598 0.0000000000
73169  7.912  -21.519  58.946 0.0000000000
73148  7.541  -21.476  59.697 0.0000000000
73186  6.885  -21.548  57.986 0.0000000000
71915  7.445  -21.789  57.657 0.0000000000
71935  10.760  -22.237  57.283 0.0000000000
71912  10.586  -22.238  57.820 0.0000000000
71888  11.022  -21.895  58.979 0.0000000000
71889  9.839  -21.956  58.753 0.0000000000
71913  9.430  -22.231  57.732 0.0000000000
70695  7.616  -22.896  55.709 0.0000000000
71937  8.017  -22.463  56.901 0.0000000000
71955  7.049  -22.491  56.102 0.0000000000
71956  6.493  -22.488  56.173 0.0000000000
71972  6.539  -22.863  55.648 0.0000000000
70716  6.404  -23.561  55.051 0.0000000000
70715  6.716  -23.366  55.136 0.0000000000
69521  7.118  -24.642  53.751 0.0000000000
69540  6.434  -24.874  53.562 0.0000000000
67114  5.774  -25.538  52.876 0.0000000000
67113  6.150  -25.503  52.622 0.0000000000
68341  7.681  -24.957  52.733 0.0000000000
63398  12.954  -29.338  67.548 0.0000000000
63411  13.414  -28.967  66.817 0.0000000000
63422  13.824  -28.826  65.847 0.0000000000
62218  15.771  -29.301  67.926 0.0000000000
60987  15.701  -29.773  67.546 0.0000000000
54838  6.371  -35.205  65.372 0.0000000000
54822  7.075  -35.049  66.458 0.0000000000
53592  6.294  -35.865  66.230 0.0000000000
61062  6.707  -29.525  63.246 0.0000000000
61061  6.975  -29.721  62.956 0.0000000000
62299  6.170  -28.566  61.887 0.0000000000
68270  5.529  -24.846  57.882 0.0000000000
69452  5.566  -24.316  57.365 0.0000000000
68279  5.391  -25.513  56.840 0.0000000000
68286  5.449  -25.267  56.388 0.0000000000
67057  5.536  -26.009  55.761 0.0000000000
67068  5.513  -25.540  55.814 0.0000000000
67082  5.594  -25.358  55.205 0.0000000000
68304  5.708  -24.978  54.684 0.0000000000
59806  8.496  -31.368  67.886 0.0000000000
63387  9.542  -29.674  67.539 0.0000000000
64634  10.922  -28.567  66.407 0.0000000000
64642  10.506  -27.520  65.102 0.0000000000
65750  10.198  -26.843  64.936 0.0000000000
66935  10.082  -26.155  64.628 0.0000000000
59825  18.870  -29.809  65.467 0.0000000000
59834  18.366  -30.008  65.274 0.0000000000
59835  17.704  -30.221  65.404 0.0000000000
58553  16.895  -30.365  65.583 0.0000000000
58542  14.032  -31.075  66.490 0.0000000000
57279  13.502  -31.427  65.463 0.0000000000
56011  10.744  -32.840  66.316 0.0000000000
56005  10.512  -32.851  66.919 0.0000000000
57263  9.654  -32.496  68.342 0.0000000000
56004  9.348  -32.947  68.238 0.0000000000
57270  8.586  -33.249  68.164 0.0000000000
57264  8.928  -32.697  68.304 0.0000000000
58531  8.811  -31.970  68.235 0.0000000000
70590  5.503  -22.577  63.716 0.0000000000
71827  5.624  -22.134  62.545 0.0000000000
74394  6.051  -21.087  62.105 0.0000000000
73127  6.416  -21.239  61.407 0.0000000000
73126  6.720  -21.472  60.630 0.0000000000
73150  6.749  -21.612  60.046 0.0000000000
62273  22.815  -28.002  63.058 0.0000000000
61011  21.112  -28.972  65.132 0.0000000000
62241  21.135  -28.585  66.083 0.0000000000
63407  20.710  -28.355  66.487 0.0000000000
64604  17.791  -28.108  66.720 0.0000000000
56044  6.281  -35.456  62.984 0.0000000000
58572  7.028  -33.244  64.687 0.0000000000
58571  7.223  -32.906  64.376 0.0000000000
62238  8.070  -29.729  67.536 0.0000000000
63415  7.649  -28.709  66.615 0.0000000000
66914  7.432  -25.760  65.888 0.0000000000
65738  6.763  -26.704  65.202 0.0000000000
66926  6.360  -25.604  64.956 0.0000000000
68179  5.950  -24.528  64.785 0.0000000000
58617  15.005  -30.421  61.610 0.0000000000
53609  8.822  -35.174  64.831 0.0000000000
52364  7.689  -36.306  64.534 0.0000000000
52378  7.410  -37.022  64.122 0.0000000000
51131  5.019  -38.445  63.752 0.0000000000
51161  4.331  -38.575  62.466 0.0000000000
56077  5.807  -35.150  60.535 0.0000000000
56078  5.471  -35.635  60.106 0.0000000000
57344  6.219  -34.353  60.146 0.0000000000
59886  8.694  -31.517  61.089 0.0000000000
58636  8.536  -32.112  60.536 0.0000000000
58654  8.649  -31.951  59.982 0.0000000000
59908  8.280  -32.234  58.693 0.0000000000
59921  8.674  -31.835  58.306 0.0000000000
59931  9.161  -31.498  57.892 0.0000000000
65833  5.254  -26.583  61.076 0.0000000000
64703  5.882  -27.019  60.572 0.0000000000
63504  6.192  -27.355  59.964 0.0000000000
63530  6.439  -27.757  57.554 0.0000000000
63527  8.316  -28.730  56.778 0.0000000000
63544  8.770  -28.866  55.977 0.0000000000
63558  9.514  -29.017  55.185 0.0000000000
61135  10.263  -30.436  54.795 0.0000000000
62373  9.361  -28.937  54.335 0.0000000000
62384  9.114  -29.034  53.775 0.0000000000
62385  8.080  -28.801  53.505 0.0000000000
73104  9.247  -20.311  61.203 0.0000000000
73123  8.956  -21.058  60.483 0.0000000000
71890  8.692  -21.699  58.633 0.0000000000
70679  10.767  -22.324  56.811 0.0000000000
70680  9.702  -22.560  56.745 0.0000000000
71936  8.838  -22.438  57.138 0.0000000000
70694  8.341  -22.919  55.894 0.0000000000
70734  7.857  -23.617  54.566 0.0000000000
68322  7.559  -24.644  53.329 0.0000000000
60993  10.444  -30.935  67.816 0.0000000000
62224  10.090  -30.169  67.563 0.0000000000
63413  11.233  -29.076  66.880 0.0000000000
63399  12.022  -29.592  67.278 0.0000000000
63424  11.736  -28.743  66.235 0.0000000000
59809  17.011  -30.020  66.602 0.0000000000
59819  17.268  -30.131  66.198 0.0000000000
59821  15.620  -30.304  66.672 0.0000000000
59811  15.138  -30.340  67.015 0.0000000000
59798  14.884  -30.256  67.337 0.0000000000
58533  14.675  -30.559  66.961 0.0000000000
58534  14.212  -30.750  66.985 0.0000000000
58536  11.674  -31.448  67.629 0.0000000000
59801  12.579  -30.709  68.178 0.0000000000
74363  5.743  -20.199  64.494 0.0000000000
74364  5.472  -20.501  64.342 0.0000000000
74369  5.794  -19.702  64.167 0.0000000000
75606  5.966  -19.437  63.893 0.0000000000
75613  6.187  -19.284  63.502 0.0000000000
76695  6.872  -17.841  64.327 0.0000000000
75622  6.440  -19.509  62.951 0.0000000000
75621  7.030  -19.194  62.974 0.0000000000
57287  6.703  -33.974  64.862 0.0000000000
61016  7.383  -30.992  65.312 0.0000000000
65723  8.640  -27.137  65.960 0.0000000000
66912  8.326  -26.207  65.741 0.0000000000
66925  8.163  -25.595  65.703 0.0000000000
68167  8.248  -24.552  65.345 0.0000000000
68168  8.035  -24.995  65.675 0.0000000000
68159  7.757  -24.655  65.846 0.0000000000
69337  7.693  -24.256  65.859 0.0000000000
69338  7.489  -24.237  66.012 0.0000000000
69346  7.315  -23.585  66.153 0.0000000000
53588  8.166  -35.069  66.431 0.0000000000
53600  7.397  -36.082  66.006 0.0000000000
52351  7.064  -36.742  65.799 0.0000000000
52336  6.899  -36.316  66.318 0.0000000000
52335  7.026  -36.479  66.194 0.0000000000
51096  6.750  -37.051  65.673 0.0000000000
51097  6.453  -37.211  65.588 0.0000000000
51110  6.233  -37.627  65.016 0.0000000000
49919  5.799  -38.022  64.799 0.0000000000
51111  5.947  -37.823  64.897 0.0000000000
58622  7.646  -33.043  62.097 0.0000000000
58605  7.936  -32.215  62.550 0.0000000000
61060  7.594  -30.066  62.705 0.0000000000
61059  8.068  -30.399  62.341 0.0000000000
59887  8.434  -31.188  61.812 0.0000000000
61069  8.728  -30.585  61.102 0.0000000000
62295  8.792  -29.930  60.603 0.0000000000
67031  5.548  -25.463  59.609 0.0000000000
65861  5.283  -26.449  57.870 0.0000000000
67049  5.436  -25.286  57.761 0.0000000000
63548  6.117  -27.542  56.819 0.0000000000
63562  6.806  -28.241  55.438 0.0000000000
62364  6.973  -28.507  54.784 0.0000000000
63573  6.212  -27.810  54.101 0.0000000000
65885  5.605  -26.349  55.132 0.0000000000
64770  5.741  -27.279  53.748 0.0000000000
64780  5.639  -27.067  52.917 0.0000000000
64787  6.075  -27.147  52.085 0.0000000000
69498  9.706  -23.375  54.346 0.0000000000
69518  9.319  -23.689  53.721 0.0000000000
68338  10.456  -24.655  52.579 0.0000000000
57452  8.119  -33.902  55.464 0.0000000000
57277  7.305  -33.330  66.734 0.0000000000
59816  7.698  -31.022  67.246 0.0000000000
59807  8.218  -31.070  67.698 0.0000000000
60997  8.073  -30.880  67.640 0.0000000000
61004  7.920  -30.520  67.439 0.0000000000
63386  9.891  -29.653  67.410 0.0000000000
63402  9.673  -29.250  67.354 0.0000000000
64621  10.334  -28.731  66.738 0.0000000000
64608  9.848  -28.932  67.032 0.0000000000
64609  9.330  -28.654  67.119 0.0000000000
64623  8.990  -27.923  66.607 0.0000000000
59859  19.525  -29.550  63.547 0.0000000000
59860  18.822  -29.785  64.073 0.0000000000
59874  18.215  -30.172  63.432 0.0000000000
58583  17.542  -30.510  63.618 0.0000000000
58565  17.841  -30.366  64.347 0.0000000000
58584  16.449  -30.545  63.593 0.0000000000
59862  14.188  -31.010  62.843 0.0000000000
59828  16.812  -30.249  66.057 0.0000000000
58554  15.999  -30.477  65.338 0.0000000000
58568  14.763  -30.922  64.227 0.0000000000
58586  14.349  -30.955  63.321 0.0000000000
58587  13.728  -31.307  63.088 0.0000000000
57291  12.011  -32.327  63.975 0.0000000000
54851  9.353  -34.744  64.841 0.0000000000
54852  8.840  -35.109  65.086 0.0000000000
54819  8.784  -34.533  66.551 0.0000000000
57269  10.282  -32.615  67.732 0.0000000000
56006  10.029  -33.096  67.310 0.0000000000
54820  8.184  -34.721  66.815 0.0000000000
66952  4.709  -26.744  63.310 0.0000000000
64682  4.739  -27.452  62.760 0.0000000000
66973  4.519  -26.575  63.124 0.0000000000
66988  4.379  -26.269  62.722 0.0000000000
67004  4.460  -26.070  62.341 0.0000000000
68222  5.066  -25.191  62.243 0.0000000000
71816  5.458  -21.415  62.943 0.0000000000
73093  5.816  -20.920  62.438 0.0000000000
71835  5.794  -22.024  62.127 0.0000000000
70623  5.952  -22.788  61.544 0.0000000000
68252  5.870  -23.714  60.776 0.0000000000
69440  5.749  -23.501  59.345 0.0000000000
70666  5.700  -22.905  57.286 0.0000000000
59858  20.225  -29.332  63.181 0.0000000000
65760  24.176  -25.692  63.659 0.0000000000
63453  23.244  -27.661  63.528 0.0000000000
62274  22.448  -28.469  63.485 0.0000000000
62251  22.844  -28.055  64.654 0.0000000000
61045  21.526  -29.048  63.304 0.0000000000
61046  20.905  -29.302  63.649 0.0000000000
59844  20.264  -29.552  63.982 0.0000000000
61012  20.578  -29.306  65.425 0.0000000000
61020  20.050  -29.717  65.169 0.0000000000
59824  19.468  -29.799  65.172 0.0000000000
61014  19.002  -29.675  65.722 0.0000000000
61008  18.699  -29.688  66.016 0.0000000000
61009  18.175  -29.812  66.228 0.0000000000
63390  20.285  -28.374  66.471 0.0000000000
62228  20.083  -28.685  66.436 0.0000000000
62229  19.310  -28.985  66.592 0.0000000000
60999  18.607  -29.488  66.439 0.0000000000
61000  17.772  -29.644  66.658 0.0000000000
62232  16.774  -29.143  67.692 0.0000000000
62233  16.268  -28.963  67.845 0.0000000000
57319  6.487  -34.843  62.883 0.0000000000
61050  7.324  -30.408  63.538 0.0000000000
63447  5.479  -27.796  63.116 0.0000000000
61010  7.413  -30.806  66.451 0.0000000000
64645  5.694  -27.100  63.735 0.0000000000
65773  5.090  -26.891  63.422 0.0000000000
66950  5.471  -25.404  63.499 0.0000000000
70578  5.551  -21.885  64.726 0.0000000000
70559  6.428  -22.442  66.051 0.0000000000
71791  6.294  -21.587  65.753 0.0000000000
73055  5.965  -21.024  65.425 0.0000000000
73065  6.171  -20.401  65.083 0.0000000000
58598  18.319  -30.146  61.826 0.0000000000
58614  17.778  -30.344  61.248 0.0000000000
58615  17.040  -30.498  61.480 0.0000000000
52365  7.296  -36.799  64.914 0.0000000000
51146  7.261  -37.885  63.390 0.0000000000
57362  6.651  -33.793  59.622 0.0000000000
57385  6.115  -34.481  58.140 0.0000000000
57403  6.374  -34.288  57.291 0.0000000000
58723  8.695  -33.249  55.366 0.0000000000
64681  4.818  -27.559  62.373 0.0000000000
62310  6.318  -28.265  61.173 0.0000000000
62307  8.464  -29.387  60.324 0.0000000000
64712  5.766  -26.929  59.502 0.0000000000
63503  6.428  -27.626  59.433 0.0000000000
62330  6.665  -27.829  59.057 0.0000000000
62329  6.891  -28.076  59.166 0.0000000000
62319  7.272  -28.425  59.604 0.0000000000
62318  8.388  -28.973  59.371 0.0000000000
62317  9.299  -29.933  59.039 0.0000000000
62326  9.414  -30.212  58.222 0.0000000000
61104  9.603  -30.886  57.613 0.0000000000
58706  8.894  -32.732  55.634 0.0000000000
58738  10.094  -32.428  53.470 0.0000000000
62375  7.348  -28.624  54.365 0.0000000000
62394  7.801  -29.300  52.819 0.0000000000
61150  8.621  -30.403  52.551 0.0000000000
59987  8.719  -31.270  52.180 0.0000000000
75610  7.895  -17.970  63.274 0.0000000000
75620  7.659  -18.750  62.877 0.0000000000
74380  7.411  -19.810  62.396 0.0000000000
73125  7.160  -21.251  60.768 0.0000000000
73149  6.878  -21.590  59.642 0.0000000000
73171  6.689  -21.619  58.531 0.0000000000
73172  6.399  -21.615  58.050 0.0000000000
71917  6.298  -21.815  57.626 0.0000000000
71940  6.151  -22.216  56.725 0.0000000000
71939  6.590  -22.079  56.781 0.0000000000
71958  5.816  -22.960  55.891 0.0000000000
71974  6.125  -23.228  55.380 0.0000000000
70717  6.182  -23.768  55.083 0.0000000000
69501  6.090  -24.504  54.527 0.0000000000
70736  6.833  -24.069  54.564 0.0000000000
69523  6.204  -24.685  53.970 0.0000000000
68323  5.765  -25.151  53.701 0.0000000000
67115  5.326  -25.965  53.028 0.0000000000
65922  5.568  -26.383  52.634 0.0000000000
68321  8.145  -24.349  53.298 0.0000000000
67135  6.386  -25.730  52.123 0.0000000000
65936  6.311  -26.379  51.422 0.0000000000
64792  6.306  -27.401  51.417 0.0000000000
51108  7.059  -37.153  64.938 0.0000000000
54917  5.634  -35.568  60.776 0.0000000000
58696  7.040  -33.400  57.366 0.0000000000
59814  8.094  -31.703  67.890 0.0000000000
59817  18.650  -29.975  65.823 0.0000000000
59847  18.348  -30.111  64.794 0.0000000000
59863  14.070  -31.149  62.991 0.0000000000
59920  9.154  -31.335  58.645 0.0000000000
59945  7.925  -32.786  56.771 0.0000000000
59965  10.443  -31.127  54.372 0.0000000000
60986  16.252  -29.587  67.638 0.0000000000
61003  8.202  -30.190  67.667 0.0000000000
61033  18.791  -29.937  64.598 0.0000000000
61048  18.545  -30.067  64.646 0.0000000000
62250  7.263  -30.372  65.014 0.0000000000
62293  22.258  -28.220  61.432 0.0000000000
62294  21.922  -28.541  61.328 0.0000000000
62316  9.406  -30.463  58.650 0.0000000000
62361  9.851  -29.593  55.502 0.0000000000
62362  9.330  -29.005  55.617 0.0000000000
62363  7.167  -28.582  54.820 0.0000000000
62372  9.788  -29.400  54.662 0.0000000000
62374  7.676  -28.673  54.080 0.0000000000
62383  9.612  -29.310  54.134 0.0000000000
63382  15.812  -28.952  67.857 0.0000000000
63388  9.068  -29.666  67.709 0.0000000000
63408  20.324  -28.129  66.451 0.0000000000
63454  5.530  -28.053  62.847 0.0000000000
63526  9.147  -29.085  56.710 0.0000000000
63569  9.311  -28.838  54.785 0.0000000000
63571  7.853  -28.602  54.374 0.0000000000
63578  8.341  -28.688  53.988 0.0000000000
64601  19.853  -28.066  66.413 0.0000000000
64660  5.401  -27.414  63.372 0.0000000000
65782  24.244  -25.667  63.252 0.0000000000
65793  4.961  -26.085  63.282 0.0000000000
65794  4.739  -27.051  63.260 0.0000000000
65809  4.376  -27.059  62.717 0.0000000000
65825  4.364  -26.438  62.298 0.0000000000
65911  5.383  -26.394  53.290 0.0000000000
65923  5.354  -26.216  52.978 0.0000000000
66939  24.296  -25.456  63.500 0.0000000000
66949  9.855  -25.554  64.397 0.0000000000
66951  4.796  -26.462  63.294 0.0000000000
66982  24.553  -25.141  62.701 0.0000000000
66987  4.638  -25.762  62.492 0.0000000000
67041  5.469  -25.221  58.015 0.0000000000
67095  5.620  -25.418  53.336 0.0000000000
68188  10.057  -24.943  63.816 0.0000000000
68293  5.644  -24.591  55.980 0.0000000000
68294  5.605  -24.873  55.698 0.0000000000
68324  5.584  -25.371  53.686 0.0000000000
68362  6.698  -25.392  52.460 0.0000000000
68363  6.462  -25.459  52.498 0.0000000000
69372  5.566  -22.468  64.880 0.0000000000
69429  5.945  -23.255  61.119 0.0000000000
69476  5.733  -24.321  56.067 0.0000000000
69522  6.664  -24.648  53.938 0.0000000000
69538  6.817  -25.063  53.101 0.0000000000
69539  6.608  -24.966  53.356 0.0000000000
70664  10.559  -22.267  57.264 0.0000000000
71799  5.614  -21.455  65.064 0.0000000000
71815  5.429  -21.846  63.137 0.0000000000
71892  6.661  -21.729  59.203 0.0000000000
71954  7.580  -22.598  56.278 0.0000000000
71957  6.177  -22.688  56.070 0.0000000000
71971  7.018  -22.655  55.786 0.0000000000
73080  5.418  -21.378  63.169 0.0000000000
73091  6.946  -20.429  62.056 0.0000000000
73187  6.517  -21.583  57.848 0.0000000000
73188  6.286  -21.616  57.800 0.0000000000
75607  5.623  -19.697  63.840 0.0000000000
