#!ascii label  , from subject sub.01.dh.02t2 vox2ras=TkReg
711
51117  28.854  -38.942  63.774 0.0000000000
72089  44.910  -21.917  45.826 0.0000000000
74657  52.772  -19.716  43.278 0.0000000000
63549  48.454  -29.064  54.738 0.0000000000
51192  36.469  -39.667  60.042 0.0000000000
46325  33.468  -42.295  62.958 0.0000000000
73378  49.272  -20.803  45.403 0.0000000000
74528  49.559  -20.650  49.747 0.0000000000
61087  45.574  -31.827  57.117 0.0000000000
49987  41.117  -40.023  60.160 0.0000000000
76954  51.126  -17.020  34.512 0.0000000000
74705  51.747  -19.026  39.344 0.0000000000
63590  44.772  -28.118  51.804 0.0000000000
70721  46.493  -23.354  52.525 0.0000000000
51133  33.087  -40.290  62.712 0.0000000000
48713  31.339  -40.810  63.986 0.0000000000
72086  47.226  -21.792  45.589 0.0000000000
74580  49.387  -20.382  47.644 0.0000000000
73313  47.292  -20.618  48.350 0.0000000000
52500  46.024  -36.898  56.286 0.0000000000
47557  37.557  -41.606  61.512 0.0000000000
51165  38.945  -39.439  60.460 0.0000000000
46355  40.372  -41.847  60.615 0.0000000000
76955  50.581  -16.657  35.046 0.0000000000
75868  52.204  -18.269  36.423 0.0000000000
76922  50.812  -18.217  36.849 0.0000000000
72139  50.636  -21.082  41.841 0.0000000000
73480  50.135  -20.472  39.307 0.0000000000
74682  52.455  -19.520  41.616 0.0000000000
75821  53.941  -18.352  40.473 0.0000000000
75798  54.325  -19.134  42.650 0.0000000000
62342  46.997  -30.022  56.359 0.0000000000
62355  44.813  -29.796  55.082 0.0000000000
64753  45.839  -27.610  54.980 0.0000000000
67117  45.756  -25.462  51.993 0.0000000000
67072  47.794  -25.683  54.457 0.0000000000
68307  48.546  -24.491  53.159 0.0000000000
64773  49.305  -27.573  53.592 0.0000000000
49941  34.968  -40.788  62.219 0.0000000000
72127  48.954  -22.065  42.921 0.0000000000
73399  50.966  -20.500  44.226 0.0000000000
74577  51.689  -20.210  47.121 0.0000000000
72046  51.068  -21.546  48.330 0.0000000000
54904  43.544  -36.397  58.704 0.0000000000
56079  45.522  -34.627  58.317 0.0000000000
57387  46.539  -33.561  56.258 0.0000000000
58697  48.089  -32.013  54.904 0.0000000000
59978  48.449  -31.019  52.927 0.0000000000
52440  42.074  -38.219  58.244 0.0000000000
50009  43.438  -39.651  59.685 0.0000000000
74795  51.857  -18.701  33.217 0.0000000000
74732  50.659  -18.724  37.434 0.0000000000
75845  52.722  -17.918  39.010 0.0000000000
75844  54.510  -18.084  39.236 0.0000000000
72033  45.130  -21.740  48.995 0.0000000000
73235  48.051  -21.011  52.080 0.0000000000
69542  49.570  -23.156  51.461 0.0000000000
49944  29.463  -40.258  63.363 0.0000000000
49925  29.812  -39.831  63.874 0.0000000000
47525  30.529  -41.210  63.378 0.0000000000
73382  46.432  -21.488  46.276 0.0000000000
73337  47.240  -20.932  47.289 0.0000000000
73362  46.032  -21.362  46.803 0.0000000000
47574  38.899  -41.593  60.810 0.0000000000
77989  49.826  -16.696  35.072 0.0000000000
76938  50.466  -17.719  36.261 0.0000000000
76939  49.945  -17.635  36.174 0.0000000000
73433  51.727  -20.290  42.687 0.0000000000
73450  51.324  -20.564  41.748 0.0000000000
74670  52.404  -19.755  42.589 0.0000000000
74668  53.704  -18.769  42.596 0.0000000000
63532  47.510  -29.284  55.735 0.0000000000
63533  47.003  -28.870  55.963 0.0000000000
64751  47.251  -27.750  55.513 0.0000000000
65873  47.058  -26.727  55.129 0.0000000000
65872  47.767  -26.913  55.005 0.0000000000
65886  48.775  -26.970  54.238 0.0000000000
63565  48.754  -28.576  54.091 0.0000000000
49942  34.233  -40.653  62.441 0.0000000000
47519  34.402  -41.333  62.705 0.0000000000
47559  35.537  -41.889  62.296 0.0000000000
72102  48.273  -21.899  44.634 0.0000000000
70873  48.302  -22.317  43.112 0.0000000000
72101  49.035  -21.666  44.317 0.0000000000
73419  49.969  -21.086  43.844 0.0000000000
73377  50.060  -20.525  45.230 0.0000000000
74620  51.366  -20.060  45.731 0.0000000000
74621  50.525  -20.038  45.937 0.0000000000
74549  49.684  -20.320  49.363 0.0000000000
74563  50.487  -19.964  48.676 0.0000000000
73292  50.146  -20.944  49.392 0.0000000000
70785  50.263  -22.181  48.911 0.0000000000
72032  50.018  -21.810  49.502 0.0000000000
53688  44.264  -36.980  58.791 0.0000000000
54902  44.581  -35.335  58.642 0.0000000000
53686  44.956  -36.187  57.747 0.0000000000
54972  46.432  -35.126  56.361 0.0000000000
57404  47.277  -33.070  55.446 0.0000000000
50012  40.485  -39.649  60.075 0.0000000000
51211  40.841  -39.174  58.737 0.0000000000
52420  41.964  -38.635  58.896 0.0000000000
52418  43.190  -38.149  58.950 0.0000000000
50010  42.753  -39.674  60.102 0.0000000000
77998  51.952  -15.460  34.363 0.0000000000
75901  51.732  -17.949  33.498 0.0000000000
76935  53.400  -17.807  37.253 0.0000000000
73479  51.013  -20.169  39.682 0.0000000000
73495  49.722  -20.537  38.497 0.0000000000
74720  50.332  -19.846  38.124 0.0000000000
74733  50.203  -19.148  37.225 0.0000000000
74719  50.928  -18.975  38.135 0.0000000000
75847  51.450  -18.506  38.099 0.0000000000
75835  52.416  -18.305  39.223 0.0000000000
75807  54.551  -19.007  41.131 0.0000000000
76888  54.336  -18.354  39.987 0.0000000000
58675  45.073  -32.624  57.571 0.0000000000
59937  44.327  -31.835  56.174 0.0000000000
63575  44.763  -28.523  53.326 0.0000000000
61138  44.061  -29.972  53.254 0.0000000000
69506  46.156  -23.805  52.417 0.0000000000
68365  45.071  -24.370  50.535 0.0000000000
69543  45.312  -23.522  51.168 0.0000000000
72034  44.469  -22.483  49.253 0.0000000000
72007  46.214  -21.997  51.240 0.0000000000
73253  46.580  -21.212  51.024 0.0000000000
71991  46.859  -21.762  52.117 0.0000000000
67097  49.766  -25.750  52.645 0.0000000000
68326  49.447  -24.424  52.259 0.0000000000
67116  49.837  -25.623  51.973 0.0000000000
68364  49.915  -24.358  50.521 0.0000000000
49922  32.531  -40.169  63.650 0.0000000000
46305  32.511  -41.935  63.232 0.0000000000
43867  32.497  -42.718  62.431 0.0000000000
46306  31.615  -41.716  63.275 0.0000000000
73379  48.431  -21.167  45.574 0.0000000000
74602  49.411  -20.367  46.788 0.0000000000
73359  48.204  -20.910  46.682 0.0000000000
74565  48.708  -20.515  48.550 0.0000000000
74550  48.874  -20.473  49.458 0.0000000000
49991  37.480  -40.013  61.100 0.0000000000
51167  37.830  -39.511  60.696 0.0000000000
48769  38.521  -40.251  61.051 0.0000000000
48768  39.200  -40.617  60.939 0.0000000000
47572  40.712  -41.217  60.602 0.0000000000
47570  42.076  -41.056  60.184 0.0000000000
46369  41.143  -42.158  60.302 0.0000000000
75878  51.667  -18.467  35.684 0.0000000000
76944  50.891  -17.519  35.553 0.0000000000
76937  51.347  -18.107  36.517 0.0000000000
76920  52.704  -17.854  37.701 0.0000000000
72157  49.176  -21.599  40.945 0.0000000000
72156  50.258  -21.115  40.952 0.0000000000
73465  51.082  -20.555  40.711 0.0000000000
74695  52.246  -19.367  40.571 0.0000000000
74694  52.615  -18.655  40.143 0.0000000000
74681  52.989  -18.993  41.054 0.0000000000
75809  54.075  -18.719  41.413 0.0000000000
61096  46.242  -31.485  56.995 0.0000000000
61107  44.808  -30.874  56.181 0.0000000000
62344  45.806  -29.693  56.114 0.0000000000
63552  45.536  -28.352  55.106 0.0000000000
64764  45.475  -27.510  53.873 0.0000000000
65914  45.608  -26.872  51.982 0.0000000000
65902  45.775  -26.385  53.317 0.0000000000
67074  46.389  -25.431  54.158 0.0000000000
68297  46.735  -24.530  53.732 0.0000000000
69504  47.633  -23.442  53.468 0.0000000000
68295  48.143  -24.747  53.701 0.0000000000
67085  49.431  -25.878  53.296 0.0000000000
64772  49.484  -27.532  53.107 0.0000000000
51171  33.270  -39.880  61.558 0.0000000000
51170  34.293  -40.070  61.433 0.0000000000
49993  35.967  -40.446  61.576 0.0000000000
48750  36.026  -41.068  62.107 0.0000000000
46341  36.955  -42.353  61.755 0.0000000000
72125  50.333  -21.278  42.631 0.0000000000
73417  51.363  -20.463  43.552 0.0000000000
74640  52.228  -20.186  44.268 0.0000000000
74619  51.852  -20.299  45.361 0.0000000000
73356  52.007  -20.633  45.921 0.0000000000
73333  51.750  -20.578  47.095 0.0000000000
74579  50.374  -20.063  47.745 0.0000000000
73334  51.596  -20.450  47.761 0.0000000000
56084  42.361  -35.798  58.243 0.0000000000
56082  43.667  -35.018  58.529 0.0000000000
58642  44.401  -33.854  58.693 0.0000000000
58640  45.378  -33.260  58.539 0.0000000000
53703  45.541  -35.981  57.224 0.0000000000
57365  46.172  -33.783  57.550 0.0000000000
59909  46.297  -32.705  57.579 0.0000000000
59935  46.978  -31.828  56.427 0.0000000000
61105  47.486  -31.139  55.914 0.0000000000
61116  48.330  -30.904  54.941 0.0000000000
62366  48.665  -30.027  53.933 0.0000000000
58725  48.421  -31.690  53.950 0.0000000000
53672  42.903  -36.942  58.494 0.0000000000
52417  43.657  -37.981  58.931 0.0000000000
51209  44.039  -38.525  58.708 0.0000000000
47587  42.978  -41.086  59.679 0.0000000000
47601  43.506  -40.747  58.832 0.0000000000
75914  52.371  -18.059  32.636 0.0000000000
75869  49.989  -18.313  36.572 0.0000000000
75858  50.477  -18.460  36.975 0.0000000000
76909  52.236  -18.035  37.981 0.0000000000
76919  53.585  -17.620  37.948 0.0000000000
75834  53.035  -18.079  39.678 0.0000000000
76899  53.870  -17.875  39.607 0.0000000000
76906  54.422  -17.789  38.912 0.0000000000
61119  44.274  -30.672  54.936 0.0000000000
72063  43.971  -22.406  47.569 0.0000000000
72061  45.298  -21.532  47.153 0.0000000000
73294  46.626  -21.014  49.391 0.0000000000
74531  47.569  -20.513  50.188 0.0000000000
74513  48.700  -20.579  50.973 0.0000000000
70718  48.128  -22.375  52.964 0.0000000000
70738  48.986  -22.140  52.122 0.0000000000
72019  49.494  -21.877  50.892 0.0000000000
69555  49.963  -23.335  50.052 0.0000000000
62378  48.701  -29.637  53.550 0.0000000000
62390  48.726  -29.329  52.488 0.0000000000
49926  29.193  -39.377  63.780 0.0000000000
49945  28.734  -39.814  63.113 0.0000000000
72088  45.806  -21.740  45.931 0.0000000000
72073  45.348  -21.653  46.450 0.0000000000
74658  51.906  -19.769  43.437 0.0000000000
62354  48.037  -29.627  55.337 0.0000000000
63551  47.538  -28.448  55.544 0.0000000000
63550  48.030  -28.665  55.219 0.0000000000
64750  47.907  -27.801  55.106 0.0000000000
64749  48.498  -27.899  54.565 0.0000000000
46303  33.773  -41.825  63.027 0.0000000000
47520  33.988  -41.377  62.890 0.0000000000
45043  33.728  -42.516  62.703 0.0000000000
73402  48.896  -21.277  44.857 0.0000000000
73401  49.574  -21.084  44.516 0.0000000000
74622  49.727  -20.343  46.074 0.0000000000
74548  50.387  -20.345  49.252 0.0000000000
74527  49.943  -20.623  49.557 0.0000000000
73268  49.641  -20.922  49.857 0.0000000000
52437  44.453  -37.534  58.344 0.0000000000
53687  44.554  -36.506  58.151 0.0000000000
52461  44.527  -37.808  58.031 0.0000000000
51188  40.158  -39.320  59.719 0.0000000000
51187  41.504  -39.279  59.421 0.0000000000
51164  41.944  -39.680  59.939 0.0000000000
51163  42.129  -39.654  59.981 0.0000000000
49986  42.093  -39.977  60.190 0.0000000000
78008  51.626  -16.228  34.289 0.0000000000
76966  51.768  -16.884  33.838 0.0000000000
74706  50.718  -19.781  38.853 0.0000000000
74718  51.535  -18.667  38.508 0.0000000000
74679  54.609  -19.220  41.016 0.0000000000
75819  54.570  -18.916  40.760 0.0000000000
59912  45.384  -32.439  57.629 0.0000000000
59926  44.677  -32.292  56.758 0.0000000000
59936  44.855  -31.637  56.613 0.0000000000
63583  44.765  -28.227  52.552 0.0000000000
63591  44.359  -28.519  51.513 0.0000000000
69526  45.590  -23.763  51.583 0.0000000000
70741  46.188  -22.913  51.988 0.0000000000
70756  45.263  -23.003  50.902 0.0000000000
71992  46.491  -22.259  51.898 0.0000000000
70740  46.651  -22.456  52.181 0.0000000000
65912  49.740  -26.466  52.549 0.0000000000
68325  49.748  -25.136  52.245 0.0000000000
65924  49.665  -26.362  51.637 0.0000000000
67137  49.797  -25.409  51.078 0.0000000000
49908  31.428  -40.237  64.270 0.0000000000
49923  31.861  -39.718  64.044 0.0000000000
48698  32.139  -40.498  64.166 0.0000000000
47508  32.401  -40.763  64.084 0.0000000000
47523  31.882  -41.235  63.851 0.0000000000
72104  46.762  -22.193  45.134 0.0000000000
70850  47.008  -22.604  44.519 0.0000000000
72103  47.469  -22.141  44.958 0.0000000000
72085  47.825  -21.671  45.360 0.0000000000
73380  47.683  -21.313  46.001 0.0000000000
74583  47.087  -20.656  47.724 0.0000000000
74582  47.630  -20.664  47.683 0.0000000000
74566  47.792  -20.586  48.350 0.0000000000
74551  47.984  -20.553  49.377 0.0000000000
49964  37.218  -40.532  61.368 0.0000000000
49963  37.944  -40.235  61.257 0.0000000000
48748  38.106  -40.782  61.379 0.0000000000
46356  39.444  -42.228  60.558 0.0000000000
47555  39.042  -41.116  61.081 0.0000000000
47573  39.756  -41.307  60.839 0.0000000000
48767  40.366  -40.628  60.643 0.0000000000
46354  40.935  -41.633  60.534 0.0000000000
78000  50.336  -16.142  34.799 0.0000000000
77999  51.068  -15.848  34.687 0.0000000000
76936  52.392  -17.924  37.009 0.0000000000
76921  51.731  -18.096  37.380 0.0000000000
72155  50.813  -20.835  41.306 0.0000000000
73449  51.936  -20.005  41.967 0.0000000000
73464  51.813  -20.024  41.133 0.0000000000
73478  51.610  -19.869  40.260 0.0000000000
75787  54.180  -18.951  43.053 0.0000000000
75800  53.800  -18.722  42.086 0.0000000000
75808  54.437  -19.041  41.564 0.0000000000
74667  54.334  -19.668  42.394 0.0000000000
62331  46.665  -30.878  56.676 0.0000000000
62333  45.917  -30.465  56.513 0.0000000000
62343  46.442  -29.753  56.271 0.0000000000
64736  46.702  -28.253  55.672 0.0000000000
63534  46.340  -28.965  55.829 0.0000000000
64738  45.800  -28.279  55.289 0.0000000000
63566  45.374  -28.151  54.635 0.0000000000
65890  45.975  -26.427  54.320 0.0000000000
67059  47.215  -26.012  54.750 0.0000000000
65889  46.658  -26.107  54.657 0.0000000000
67073  47.018  -25.394  54.292 0.0000000000
68296  47.422  -24.639  53.888 0.0000000000
64763  49.027  -27.674  53.932 0.0000000000
67070  49.112  -26.413  53.808 0.0000000000
65901  49.352  -26.942  53.627 0.0000000000
65900  49.652  -26.579  53.134 0.0000000000
51153  32.344  -39.726  62.278 0.0000000000
51152  33.062  -39.942  61.984 0.0000000000
51151  34.289  -40.339  62.115 0.0000000000
51150  35.022  -40.418  61.837 0.0000000000
51169  35.593  -40.223  61.285 0.0000000000
49966  35.463  -40.533  61.886 0.0000000000
49965  36.232  -40.699  61.705 0.0000000000
72141  49.133  -22.043  42.000 0.0000000000
72126  49.665  -21.714  42.709 0.0000000000
73418  50.569  -20.862  43.505 0.0000000000
74641  51.622  -20.318  44.581 0.0000000000
74599  51.756  -20.239  46.481 0.0000000000
73332  51.873  -20.650  46.439 0.0000000000
74601  50.076  -20.030  46.839 0.0000000000
74562  51.061  -20.091  48.844 0.0000000000
73312  51.321  -20.682  48.327 0.0000000000
72045  51.603  -21.093  47.738 0.0000000000
56063  43.179  -35.827  58.587 0.0000000000
56083  43.028  -35.367  58.351 0.0000000000
56062  43.666  -35.504  58.552 0.0000000000
56080  45.162  -34.736  59.012 0.0000000000
56081  44.698  -34.545  59.204 0.0000000000
57346  45.048  -33.893  59.214 0.0000000000
57345  45.577  -33.932  58.769 0.0000000000
52483  45.541  -37.056  56.927 0.0000000000
52482  45.790  -36.506  56.692 0.0000000000
56118  46.331  -34.228  56.691 0.0000000000
54938  46.158  -34.724  56.967 0.0000000000
57388  46.299  -33.646  56.904 0.0000000000
58657  46.312  -33.057  57.262 0.0000000000
59923  46.455  -32.287  57.141 0.0000000000
58674  46.576  -32.813  56.494 0.0000000000
58684  47.662  -32.487  55.242 0.0000000000
58685  47.371  -32.486  55.578 0.0000000000
58698  47.887  -32.029  55.223 0.0000000000
61117  47.999  -30.575  55.398 0.0000000000
59946  48.166  -31.543  55.037 0.0000000000
59958  48.282  -30.992  54.940 0.0000000000
58710  48.391  -31.579  54.421 0.0000000000
51166  38.573  -39.424  60.546 0.0000000000
52442  37.986  -38.678  59.700 0.0000000000
51213  38.558  -38.736  59.620 0.0000000000
52462  41.901  -37.924  57.693 0.0000000000
53704  41.930  -37.138  57.899 0.0000000000
53689  42.600  -36.622  58.423 0.0000000000
52439  42.549  -37.333  58.346 0.0000000000
51185  43.196  -38.939  59.387 0.0000000000
51184  43.597  -38.752  59.001 0.0000000000
50029  43.756  -39.283  59.050 0.0000000000
48782  42.398  -40.797  60.186 0.0000000000
47600  43.911  -40.409  58.369 0.0000000000
75900  52.145  -17.767  33.125 0.0000000000
74794  52.101  -19.256  32.704 0.0000000000
72176  49.648  -21.023  40.069 0.0000000000
72196  49.424  -20.984  39.233 0.0000000000
74742  49.661  -19.209  36.267 0.0000000000
75879  49.668  -18.137  35.910 0.0000000000
75846  52.106  -18.297  38.531 0.0000000000
75856  51.707  -18.264  37.890 0.0000000000
76908  52.884  -17.728  38.447 0.0000000000
75822  53.356  -18.460  40.446 0.0000000000
75833  53.605  -18.134  40.048 0.0000000000
75832  54.398  -18.316  39.743 0.0000000000
76898  54.202  -17.865  39.605 0.0000000000
62345  45.147  -29.896  55.781 0.0000000000
61118  44.652  -30.454  55.554 0.0000000000
62356  44.494  -29.990  54.469 0.0000000000
65913  45.687  -26.354  52.280 0.0000000000
69556  44.749  -23.863  50.285 0.0000000000
72020  45.197  -22.027  50.129 0.0000000000
72048  44.469  -22.039  48.299 0.0000000000
72062  44.614  -21.886  47.393 0.0000000000
72047  45.181  -21.507  48.036 0.0000000000
73315  45.920  -21.286  48.648 0.0000000000
73252  47.009  -20.835  51.430 0.0000000000
73272  46.928  -20.755  50.440 0.0000000000
73251  47.869  -20.583  51.392 0.0000000000
74514  48.461  -20.492  50.971 0.0000000000
69503  48.159  -23.493  53.179 0.0000000000
70719  47.550  -22.877  53.160 0.0000000000
68346  49.656  -23.780  51.698 0.0000000000
69524  49.153  -23.228  52.126 0.0000000000
70755  49.393  -22.431  51.467 0.0000000000
72004  49.097  -21.514  51.559 0.0000000000
70754  49.669  -22.802  51.053 0.0000000000
70771  49.768  -22.492  50.394 0.0000000000
69541  49.892  -23.502  50.989 0.0000000000
67155  49.634  -25.208  50.064 0.0000000000
61136  48.648  -30.463  53.756 0.0000000000
61137  48.637  -30.603  53.410 0.0000000000
49924  31.020  -39.848  64.249 0.0000000000
48714  30.714  -40.591  63.898 0.0000000000
47524  31.161  -41.190  63.600 0.0000000000
48715  29.986  -40.661  63.430 0.0000000000
72105  46.043  -22.026  45.181 0.0000000000
72087  46.544  -21.796  45.727 0.0000000000
73360  47.466  -21.155  46.713 0.0000000000
73361  46.811  -21.250  46.796 0.0000000000
73338  46.659  -21.011  47.433 0.0000000000
46358  37.764  -42.429  61.218 0.0000000000
47556  38.458  -41.281  61.231 0.0000000000
47575  38.229  -41.824  61.075 0.0000000000
45085  38.907  -42.726  60.627 0.0000000000
76945  50.190  -17.050  35.519 0.0000000000
73434  51.006  -20.772  42.659 0.0000000000
74669  53.182  -19.051  42.277 0.0000000000
74656  53.575  -19.229  43.075 0.0000000000
62341  47.528  -30.229  55.896 0.0000000000
64752  46.574  -27.542  55.357 0.0000000000
65874  46.398  -26.842  54.970 0.0000000000
65888  47.875  -26.291  54.852 0.0000000000
65887  48.260  -26.460  54.632 0.0000000000
65871  48.327  -27.217  54.695 0.0000000000
64762  49.126  -28.180  53.618 0.0000000000
49943  33.632  -40.537  62.705 0.0000000000
49920  33.912  -40.853  62.894 0.0000000000
48730  34.484  -41.014  62.554 0.0000000000
47540  34.925  -41.471  62.530 0.0000000000
47539  35.628  -41.387  62.293 0.0000000000
70861  47.963  -22.407  43.734 0.0000000000
72116  48.717  -22.096  43.750 0.0000000000
72115  49.463  -21.638  43.633 0.0000000000
72114  49.992  -21.307  43.253 0.0000000000
73400  50.340  -20.722  44.396 0.0000000000
73376  50.869  -20.406  45.063 0.0000000000
74600  50.995  -19.873  46.776 0.0000000000
74564  49.628  -20.221  48.615 0.0000000000
74547  50.847  -20.224  49.178 0.0000000000
73291  50.910  -20.516  49.161 0.0000000000
72031  50.775  -21.277  49.038 0.0000000000
70786  49.939  -22.579  49.626 0.0000000000
54903  43.984  -36.024  58.485 0.0000000000
54921  44.375  -36.017  58.288 0.0000000000
54920  44.897  -35.444  58.191 0.0000000000
53716  46.039  -35.816  56.659 0.0000000000
56142  46.670  -33.998  55.938 0.0000000000
57405  46.813  -33.360  55.797 0.0000000000
56141  46.937  -33.585  55.636 0.0000000000
56169  47.301  -33.728  55.307 0.0000000000
50013  39.658  -39.548  60.301 0.0000000000
51189  39.114  -39.132  60.184 0.0000000000
51210  41.638  -38.865  58.855 0.0000000000
52419  42.598  -38.205  58.731 0.0000000000
51186  42.495  -39.216  59.592 0.0000000000
76965  52.332  -17.176  33.188 0.0000000000
74707  50.211  -20.161  38.691 0.0000000000
73506  49.825  -20.184  37.603 0.0000000000
75820  54.313  -18.601  40.461 0.0000000000
75831  54.553  -18.678  39.991 0.0000000000
58676  44.658  -33.026  57.392 0.0000000000
62368  44.745  -29.309  54.399 0.0000000000
62369  44.434  -29.678  53.871 0.0000000000
62380  44.383  -29.223  53.288 0.0000000000
62391  44.093  -29.335  52.614 0.0000000000
68327  45.872  -24.610  52.169 0.0000000000
68347  45.619  -24.900  51.649 0.0000000000
68328  45.531  -24.393  51.593 0.0000000000
69544  45.118  -23.828  50.989 0.0000000000
70757  44.927  -23.467  50.505 0.0000000000
70787  44.107  -22.950  49.286 0.0000000000
70773  44.918  -22.676  50.201 0.0000000000
73273  46.198  -21.361  50.316 0.0000000000
72006  46.661  -21.404  51.492 0.0000000000
71990  47.633  -21.569  52.395 0.0000000000
68306  49.114  -24.899  52.902 0.0000000000
69502  48.763  -24.008  52.639 0.0000000000
68345  49.877  -24.604  51.563 0.0000000000
51134  32.285  -39.725  62.760 0.0000000000
51113  32.032  -39.619  63.355 0.0000000000
51112  32.669  -40.184  63.180 0.0000000000
48711  33.104  -40.719  63.589 0.0000000000
47521  33.458  -41.311  63.323 0.0000000000
46304  33.163  -41.871  63.250 0.0000000000
45044  33.162  -42.590  62.782 0.0000000000
45026  32.841  -42.350  63.008 0.0000000000
46327  32.111  -42.022  63.047 0.0000000000
46307  30.813  -41.706  63.262 0.0000000000
70849  47.614  -22.426  44.333 0.0000000000
73358  48.994  -20.705  46.277 0.0000000000
73335  48.798  -20.588  47.062 0.0000000000
74604  47.741  -20.921  47.192 0.0000000000
74581  48.389  -20.612  47.706 0.0000000000
74529  48.906  -20.591  50.325 0.0000000000
51232  45.134  -38.033  57.345 0.0000000000
51168  36.936  -39.899  60.742 0.0000000000
51191  37.430  -39.360  60.201 0.0000000000
49990  38.255  -39.824  60.956 0.0000000000
49989  39.026  -39.840  60.596 0.0000000000
48747  38.744  -40.928  61.242 0.0000000000
49988  39.992  -40.035  60.526 0.0000000000
48766  41.322  -40.601  60.330 0.0000000000
47571  41.451  -41.245  60.328 0.0000000000
47589  41.849  -41.532  60.133 0.0000000000
45108  41.555  -42.389  59.789 0.0000000000
73466  50.409  -20.673  40.139 0.0000000000
75810  53.639  -18.725  41.315 0.0000000000
61097  45.922  -31.265  56.869 0.0000000000
61098  45.385  -31.208  56.688 0.0000000000
62334  45.414  -30.405  56.285 0.0000000000
63535  45.619  -28.935  55.533 0.0000000000
63553  45.086  -28.858  54.960 0.0000000000
63567  45.008  -28.489  54.108 0.0000000000
64765  45.045  -28.062  53.615 0.0000000000
64775  45.058  -27.769  53.077 0.0000000000
64784  45.307  -27.454  52.137 0.0000000000
64774  45.491  -27.078  52.844 0.0000000000
67087  45.987  -25.488  53.658 0.0000000000
67099  45.900  -25.464  52.789 0.0000000000
68309  46.275  -24.576  53.136 0.0000000000
68308  46.604  -24.114  53.329 0.0000000000
69488  46.850  -23.686  53.330 0.0000000000
70697  47.203  -23.215  53.233 0.0000000000
69487  47.256  -23.653  53.545 0.0000000000
69486  47.688  -23.942  53.606 0.0000000000
67071  48.689  -25.876  54.016 0.0000000000
67086  48.797  -25.193  53.431 0.0000000000
51193  35.159  -39.828  60.437 0.0000000000
49992  36.572  -40.344  61.255 0.0000000000
48749  36.926  -41.028  61.702 0.0000000000
47558  36.399  -41.644  61.987 0.0000000000
72140  49.913  -21.571  41.824 0.0000000000
74639  52.673  -20.138  43.727 0.0000000000
74618  51.867  -20.478  44.967 0.0000000000
74598  51.926  -20.380  45.751 0.0000000000
74578  51.360  -20.100  47.710 0.0000000000
56101  42.793  -34.892  57.696 0.0000000000
57348  43.963  -34.428  58.448 0.0000000000
57331  44.135  -34.881  58.870 0.0000000000
57347  44.345  -34.269  59.013 0.0000000000
58661  44.529  -33.598  58.216 0.0000000000
58641  44.864  -33.387  58.636 0.0000000000
59898  45.269  -32.928  58.123 0.0000000000
59911  45.634  -32.590  57.975 0.0000000000
52460  44.902  -37.207  57.658 0.0000000000
54919  45.429  -35.246  57.725 0.0000000000
53702  45.989  -35.223  56.964 0.0000000000
54939  45.880  -34.988  57.296 0.0000000000
56100  45.874  -34.489  57.731 0.0000000000
57366  46.072  -34.130  58.122 0.0000000000
58659  45.823  -32.927  58.185 0.0000000000
61085  46.066  -31.995  57.630 0.0000000000
59924  46.292  -31.899  57.344 0.0000000000
61095  46.588  -31.510  56.845 0.0000000000
61106  47.082  -30.892  56.439 0.0000000000
58686  46.938  -32.359  55.989 0.0000000000
59934  47.348  -31.877  55.839 0.0000000000
62353  48.430  -30.043  54.853 0.0000000000
62367  48.638  -29.572  54.252 0.0000000000
61128  48.583  -30.438  54.438 0.0000000000
61127  48.634  -30.721  54.172 0.0000000000
58739  48.378  -31.607  53.513 0.0000000000
57454  47.849  -32.744  53.919 0.0000000000
58726  48.073  -32.201  53.611 0.0000000000
52443  37.536  -38.803  59.384 0.0000000000
51236  38.598  -38.696  58.825 0.0000000000
54922  42.870  -36.166  58.569 0.0000000000
54905  43.228  -36.316  58.638 0.0000000000
53671  43.251  -37.178  58.713 0.0000000000
53670  43.658  -37.067  58.979 0.0000000000
52438  44.060  -37.956  58.857 0.0000000000
51208  44.362  -38.369  58.309 0.0000000000
49985  42.501  -40.073  60.310 0.0000000000
48781  42.810  -40.437  60.206 0.0000000000
48780  43.416  -40.448  59.766 0.0000000000
47586  43.387  -40.723  59.365 0.0000000000
48793  43.845  -40.091  59.262 0.0000000000
48792  44.066  -40.126  58.676 0.0000000000
51135  28.263  -38.841  63.142 0.0000000000
74806  52.741  -18.937  31.433 0.0000000000
76923  50.263  -18.009  36.587 0.0000000000
75857  51.077  -18.462  37.523 0.0000000000
74704  52.447  -18.469  39.600 0.0000000000
76889  54.193  -18.209  40.025 0.0000000000
76900  53.241  -17.657  39.136 0.0000000000
76907  53.755  -17.589  38.717 0.0000000000
76917  54.931  -17.762  38.180 0.0000000000
70837  44.309  -22.340  45.617 0.0000000000
61108  44.309  -31.057  55.675 0.0000000000
72035  43.954  -22.839  49.019 0.0000000000
72075  44.167  -22.247  46.746 0.0000000000
72074  44.765  -21.863  46.604 0.0000000000
73339  45.988  -21.255  47.717 0.0000000000
73314  46.755  -20.776  48.262 0.0000000000
74552  47.307  -20.695  49.679 0.0000000000
73293  47.335  -20.750  48.875 0.0000000000
74530  48.149  -20.419  50.403 0.0000000000
71976  47.855  -22.028  52.851 0.0000000000
71975  48.137  -21.978  52.812 0.0000000000
69525  48.614  -23.332  52.630 0.0000000000
70739  48.531  -22.682  52.575 0.0000000000
73234  48.354  -21.155  52.036 0.0000000000
72005  48.755  -21.386  51.926 0.0000000000
73249  49.038  -21.083  51.335 0.0000000000
73269  49.232  -21.028  50.734 0.0000000000
72018  49.655  -21.507  50.099 0.0000000000
63564  48.765  -29.113  53.723 0.0000000000
63574  49.026  -28.700  53.288 0.0000000000
61145  48.597  -30.315  52.876 0.0000000000
62389  48.801  -29.402  53.080 0.0000000000
63581  49.183  -28.417  52.583 0.0000000000
45025  33.009  -42.368  63.045 0.0000000000
45045  32.707  -42.489  62.791 0.0000000000
45065  36.602  -42.756  61.865 0.0000000000
46324  34.101  -42.193  62.808 0.0000000000
46326  32.632  -42.160  63.097 0.0000000000
46357  38.551  -42.328  60.739 0.0000000000
47509  32.176  -40.867  64.119 0.0000000000
47522  32.700  -41.189  63.824 0.0000000000
47541  34.349  -41.717  62.791 0.0000000000
47588  42.427  -41.217  60.025 0.0000000000
48699  31.706  -40.605  64.187 0.0000000000
48700  31.239  -40.416  64.185 0.0000000000
48709  34.174  -41.143  62.745 0.0000000000
48710  33.739  -41.191  63.167 0.0000000000
48712  32.546  -40.549  63.980 0.0000000000
48729  35.267  -41.105  62.317 0.0000000000
48731  34.055  -40.823  62.647 0.0000000000
48764  42.522  -40.303  60.280 0.0000000000
48765  42.182  -40.528  60.231 0.0000000000
49906  32.195  -40.167  64.078 0.0000000000
49907  31.735  -40.151  64.233 0.0000000000
49940  35.588  -40.833  62.087 0.0000000000
49967  34.799  -40.561  62.099 0.0000000000
50011  42.372  -39.662  60.032 0.0000000000
50014  39.187  -39.470  60.408 0.0000000000
51132  33.851  -40.186  62.281 0.0000000000
51190  38.174  -38.952  60.225 0.0000000000
52421  37.677  -38.926  59.863 0.0000000000
52422  37.175  -39.203  59.667 0.0000000000
52423  36.745  -39.297  59.562 0.0000000000
52436  44.699  -36.873  57.947 0.0000000000
53690  42.263  -36.870  58.198 0.0000000000
53717  45.689  -36.316  56.877 0.0000000000
54923  42.446  -36.131  58.391 0.0000000000
54956  46.323  -34.805  56.658 0.0000000000
56060  44.692  -34.974  59.087 0.0000000000
56061  44.315  -35.053  58.852 0.0000000000
56099  46.134  -34.337  57.178 0.0000000000
56117  46.494  -34.073  56.275 0.0000000000
57332  43.959  -34.801  58.727 0.0000000000
58639  45.766  -33.409  58.369 0.0000000000
58658  46.192  -33.160  57.955 0.0000000000
58660  44.994  -32.989  57.980 0.0000000000
58673  46.809  -32.950  55.886 0.0000000000
58709  48.584  -31.341  54.070 0.0000000000
58724  49.069  -31.806  53.879 0.0000000000
59897  45.089  -32.881  58.375 0.0000000000
59910  46.171  -32.447  57.804 0.0000000000
59925  45.128  -32.143  57.117 0.0000000000
59947  47.866  -31.530  55.406 0.0000000000
59957  48.571  -31.102  54.298 0.0000000000
59967  48.664  -31.078  53.970 0.0000000000
59968  48.626  -31.074  53.656 0.0000000000
61086  45.837  -31.924  57.419 0.0000000000
61144  48.651  -30.091  53.400 0.0000000000
62332  46.394  -30.630  56.620 0.0000000000
62379  44.650  -29.043  53.811 0.0000000000
63536  45.142  -29.347  55.381 0.0000000000
64737  46.170  -28.251  55.471 0.0000000000
64783  45.569  -26.958  52.315 0.0000000000
65870  48.554  -27.346  54.493 0.0000000000
65925  45.689  -25.980  51.703 0.0000000000
67058  47.560  -26.289  54.910 0.0000000000
67084  49.793  -26.158  52.948 0.0000000000
67098  49.558  -25.232  52.673 0.0000000000
68298  46.315  -24.986  53.726 0.0000000000
68348  45.347  -24.611  51.130 0.0000000000
69505  46.546  -23.731  52.953 0.0000000000
69527  45.350  -24.137  51.354 0.0000000000
69557  44.266  -23.922  49.758 0.0000000000
70698  47.054  -23.361  53.281 0.0000000000
70720  46.882  -22.926  52.797 0.0000000000
70772  49.607  -22.402  50.959 0.0000000000
70774  44.529  -23.191  49.833 0.0000000000
71977  47.387  -22.220  52.665 0.0000000000
71988  48.834  -21.627  52.049 0.0000000000
71989  48.349  -21.676  52.350 0.0000000000
72021  44.755  -22.568  49.875 0.0000000000
72049  43.807  -22.697  48.457 0.0000000000
72090  44.350  -22.116  46.133 0.0000000000
73236  47.424  -20.991  52.019 0.0000000000
73250  48.632  -20.944  51.529 0.0000000000
73270  48.880  -20.694  50.929 0.0000000000
73271  47.462  -20.439  50.824 0.0000000000
73295  45.766  -21.409  49.518 0.0000000000
73311  51.631  -20.671  47.759 0.0000000000
73336  48.372  -20.719  47.213 0.0000000000
73357  51.892  -20.463  46.508 0.0000000000
73381  47.021  -21.454  46.185 0.0000000000
74567  47.278  -20.521  48.053 0.0000000000
74603  48.071  -20.784  47.335 0.0000000000
75786  54.312  -19.171  43.024 0.0000000000
75799  54.108  -18.781  42.442 0.0000000000
75915  51.989  -18.530  33.014 0.0000000000
