#!ascii label  , from subject sub.01.dh.02t2 vox2ras=TkReg
1504
48776  12.471  -40.858  61.407 0.0000000000
69738  43.920  -23.848  35.620 0.0000000000
52550  31.742  -37.642  53.937 0.0000000000
54973  41.925  -35.524  56.831 0.0000000000
53811  23.183  -37.315  52.296 0.0000000000
53662  20.627  -36.790  61.757 0.0000000000
78078  51.091  -16.777  28.139 0.0000000000
76946  49.720  -17.330  35.429 0.0000000000
63652  41.064  -28.194  45.507 0.0000000000
81412  53.875  -13.890  22.178 0.0000000000
50019  30.830  -39.930  60.383 0.0000000000
52401  16.115  -37.826  61.813 0.0000000000
78042  50.480  -16.791  31.429 0.0000000000
73578  47.221  -20.217  31.272 0.0000000000
68473  44.934  -24.583  40.473 0.0000000000
70913  48.394  -22.036  40.527 0.0000000000
67278  40.980  -25.905  40.402 0.0000000000
55039  38.618  -35.572  50.117 0.0000000000
51329  37.776  -38.501  54.408 0.0000000000
52448  26.653  -37.904  59.528 0.0000000000
53626  25.015  -36.760  62.645 0.0000000000
53735  21.785  -36.883  57.205 0.0000000000
51269  17.371  -39.308  56.980 0.0000000000
51352  27.783  -38.646  53.738 0.0000000000
80331  54.067  -15.135  27.932 0.0000000000
79210  54.752  -15.191  31.424 0.0000000000
72251  47.783  -21.901  34.508 0.0000000000
69610  40.971  -23.855  46.431 0.0000000000
57521  42.592  -32.823  50.781 0.0000000000
78128  51.673  -16.349  24.819 0.0000000000
79267  57.202  -15.372  25.286 0.0000000000
79316  58.654  -15.282  20.732 0.0000000000
52382  31.010  -38.673  62.927 0.0000000000
51178  14.466  -39.332  61.368 0.0000000000
52374  15.437  -37.086  64.724 0.0000000000
49934  13.822  -39.372  64.585 0.0000000000
74844  46.639  -19.663  29.380 0.0000000000
69648  45.206  -23.375  43.650 0.0000000000
69660  47.148  -23.101  43.270 0.0000000000
46337  9.042  -43.259  64.031 0.0000000000
67360  40.729  -26.231  37.025 0.0000000000
53849  32.472  -37.854  50.921 0.0000000000
52620  34.801  -37.885  51.511 0.0000000000
51332  34.911  -38.702  54.116 0.0000000000
53731  24.496  -37.725  55.883 0.0000000000
53720  23.868  -36.826  57.560 0.0000000000
53766  22.506  -37.591  54.661 0.0000000000
52604  25.482  -38.288  52.441 0.0000000000
51290  26.595  -38.949  56.692 0.0000000000
54886  23.369  -35.652  62.503 0.0000000000
79230  52.682  -15.998  28.055 0.0000000000
78063  54.132  -16.061  29.721 0.0000000000
78064  53.224  -16.517  29.533 0.0000000000
78009  49.533  -16.206  33.389 0.0000000000
80274  51.238  -14.513  34.255 0.0000000000
71014  43.124  -22.154  33.589 0.0000000000
72270  44.642  -21.010  33.442 0.0000000000
70993  45.623  -22.846  35.059 0.0000000000
66037  38.407  -26.643  43.271 0.0000000000
68450  38.931  -24.998  43.542 0.0000000000
66005  40.730  -26.308  45.899 0.0000000000
55007  39.941  -35.687  53.008 0.0000000000
56278  40.767  -34.824  51.114 0.0000000000
56230  42.776  -34.717  53.541 0.0000000000
79259  48.858  -16.372  26.236 0.0000000000
79282  49.472  -15.353  24.701 0.0000000000
79257  50.737  -16.373  26.652 0.0000000000
80350  53.609  -15.737  27.204 0.0000000000
79329  56.242  -15.706  18.890 0.0000000000
77076  56.010  -17.066  21.335 0.0000000000
79295  58.111  -14.947  22.884 0.0000000000
77060  54.913  -17.052  23.149 0.0000000000
51285  31.949  -39.244  56.601 0.0000000000
52489  34.847  -38.624  57.383 0.0000000000
50015  34.008  -39.817  60.134 0.0000000000
53665  17.681  -37.373  61.113 0.0000000000
54860  19.900  -36.003  64.983 0.0000000000
53614  17.532  -36.158  64.426 0.0000000000
78081  47.923  -17.066  27.920 0.0000000000
75956  51.218  -18.277  29.681 0.0000000000
75958  49.294  -19.086  29.293 0.0000000000
75933  48.613  -18.562  31.606 0.0000000000
76968  47.951  -18.381  32.937 0.0000000000
68518  44.201  -24.700  37.777 0.0000000000
69717  46.263  -23.513  37.179 0.0000000000
70897  47.109  -22.878  40.232 0.0000000000
61242  39.853  -30.296  45.009 0.0000000000
57367  44.034  -33.954  57.770 0.0000000000
47594  10.544  -41.820  60.538 0.0000000000
48724  12.086  -41.095  63.983 0.0000000000
47534  10.636  -42.040  64.782 0.0000000000
68595  41.426  -24.253  34.629 0.0000000000
68520  42.664  -25.428  37.869 0.0000000000
67276  42.750  -25.621  39.886 0.0000000000
69664  43.362  -24.230  42.876 0.0000000000
53870  35.992  -36.750  49.205 0.0000000000
53803  37.511  -36.918  52.451 0.0000000000
51303  40.407  -37.972  55.510 0.0000000000
52503  36.913  -38.383  57.455 0.0000000000
51235  39.518  -39.039  58.315 0.0000000000
53658  27.997  -37.431  61.457 0.0000000000
52398  27.117  -37.908  62.546 0.0000000000
54893  26.098  -36.501  61.165 0.0000000000
54932  23.510  -35.936  59.751 0.0000000000
53709  21.175  -36.948  58.922 0.0000000000
51336  20.329  -38.295  54.281 0.0000000000
52495  19.838  -38.315  57.063 0.0000000000
52450  19.439  -37.748  59.357 0.0000000000
52453  16.470  -38.204  59.409 0.0000000000
51249  14.720  -39.437  58.980 0.0000000000
50055  12.560  -40.346  58.302 0.0000000000
53829  30.525  -37.441  51.238 0.0000000000
53854  28.316  -37.391  50.010 0.0000000000
53763  30.023  -37.766  53.700 0.0000000000
50079  29.887  -39.576  56.676 0.0000000000
51218  28.887  -39.326  59.623 0.0000000000
77005  54.747  -16.658  30.826 0.0000000000
80306  52.602  -14.426  32.049 0.0000000000
73580  44.667  -20.926  31.760 0.0000000000
74789  47.057  -20.077  32.889 0.0000000000
74771  49.242  -19.327  34.523 0.0000000000
72208  48.151  -21.621  37.272 0.0000000000
73507  49.299  -20.607  37.204 0.0000000000
67303  38.302  -26.201  40.304 0.0000000000
69667  40.588  -24.619  43.337 0.0000000000
70839  43.178  -23.056  46.152 0.0000000000
58789  40.731  -32.644  48.257 0.0000000000
61196  41.798  -30.441  48.226 0.0000000000
58711  43.989  -32.582  54.633 0.0000000000
61157  43.537  -30.313  51.727 0.0000000000
63624  43.007  -28.284  47.956 0.0000000000
67169  43.743  -25.571  48.429 0.0000000000
70775  43.985  -23.589  49.495 0.0000000000
79289  53.109  -15.721  23.374 0.0000000000
78114  54.036  -16.520  25.860 0.0000000000
81384  55.299  -14.038  26.661 0.0000000000
51114  31.173  -39.137  63.900 0.0000000000
50004  13.095  -40.341  61.381 0.0000000000
49979  14.169  -39.421  62.616 0.0000000000
49980  13.360  -39.949  62.667 0.0000000000
70865  44.915  -22.941  44.443 0.0000000000
70851  46.276  -22.557  44.655 0.0000000000
43893  8.080  -44.591  62.585 0.0000000000
52599  32.300  -37.833  52.348 0.0000000000
52598  33.192  -38.209  52.433 0.0000000000
52549  32.998  -37.979  54.310 0.0000000000
53764  23.679  -37.749  53.730 0.0000000000
53732  23.823  -37.333  56.290 0.0000000000
53765  23.117  -37.672  54.244 0.0000000000
53856  24.442  -38.079  50.887 0.0000000000
52580  24.121  -37.865  53.111 0.0000000000
52556  25.259  -38.100  54.328 0.0000000000
53660  22.186  -36.292  62.023 0.0000000000
54873  21.438  -36.012  64.066 0.0000000000
78077  52.180  -16.604  28.360 0.0000000000
77030  52.626  -16.875  28.912 0.0000000000
77031  51.733  -17.488  28.738 0.0000000000
78001  49.655  -16.541  34.148 0.0000000000
79165  50.342  -15.435  34.196 0.0000000000
69767  43.452  -23.083  34.528 0.0000000000
71004  44.471  -22.335  34.463 0.0000000000
69755  45.067  -23.254  35.480 0.0000000000
64897  39.712  -27.913  43.820 0.0000000000
64880  39.288  -27.234  43.916 0.0000000000
66020  39.722  -26.407  44.943 0.0000000000
64860  40.881  -27.168  45.448 0.0000000000
54986  40.785  -35.880  55.003 0.0000000000
56203  41.145  -35.055  53.886 0.0000000000
56172  42.103  -35.015  55.190 0.0000000000
78090  49.586  -16.742  27.136 0.0000000000
79258  49.835  -16.472  26.360 0.0000000000
79232  50.788  -16.469  27.661 0.0000000000
79241  51.224  -16.289  27.362 0.0000000000
79307  55.214  -15.711  20.801 0.0000000000
79308  54.746  -15.385  21.503 0.0000000000
77065  55.494  -17.121  22.362 0.0000000000
79296  54.407  -15.659  22.184 0.0000000000
50049  31.400  -40.195  58.532 0.0000000000
51240  33.129  -39.817  58.425 0.0000000000
50032  32.542  -40.128  59.601 0.0000000000
53666  16.944  -37.485  61.216 0.0000000000
53633  17.926  -36.408  63.625 0.0000000000
53634  16.824  -37.013  63.294 0.0000000000
53598  15.062  -37.011  66.056 0.0000000000
54848  16.309  -36.130  65.954 0.0000000000
77035  47.212  -17.497  27.960 0.0000000000
75975  48.796  -18.375  28.704 0.0000000000
75976  47.737  -18.413  28.569 0.0000000000
73614  46.882  -20.242  29.945 0.0000000000
74826  48.133  -19.964  30.466 0.0000000000
74809  48.090  -19.553  31.320 0.0000000000
77000  48.094  -17.998  32.329 0.0000000000
75935  47.452  -19.370  32.200 0.0000000000
68489  45.013  -24.568  39.463 0.0000000000
69695  45.688  -23.959  38.916 0.0000000000
69683  45.690  -24.084  40.096 0.0000000000
78092  47.665  -16.601  27.260 0.0000000000
47564  10.908  -42.166  62.719 0.0000000000
47582  10.265  -42.634  62.146 0.0000000000
68583  41.253  -25.115  35.498 0.0000000000
68562  42.384  -25.067  36.386 0.0000000000
67376  41.172  -25.659  36.317 0.0000000000
67320  40.791  -26.355  38.959 0.0000000000
67319  41.536  -26.014  38.653 0.0000000000
67277  41.905  -25.861  40.198 0.0000000000
68475  43.112  -25.058  41.621 0.0000000000
68476  42.075  -25.205  41.785 0.0000000000
52665  34.836  -36.864  48.974 0.0000000000
52570  36.461  -38.267  53.188 0.0000000000
52595  36.667  -37.532  52.470 0.0000000000
52569  37.481  -37.789  53.264 0.0000000000
52545  38.875  -37.450  53.995 0.0000000000
51328  38.800  -38.192  54.509 0.0000000000
51237  35.783  -38.959  58.666 0.0000000000
52488  35.713  -38.694  57.561 0.0000000000
52466  36.669  -38.608  58.447 0.0000000000
51212  39.458  -38.959  59.305 0.0000000000
52441  41.456  -38.655  57.987 0.0000000000
53675  27.341  -37.508  60.620 0.0000000000
54881  27.413  -37.306  61.466 0.0000000000
53676  26.653  -37.164  60.321 0.0000000000
54978  23.036  -36.551  57.397 0.0000000000
54947  23.900  -36.380  58.463 0.0000000000
54966  22.913  -36.319  58.098 0.0000000000
54933  22.731  -36.035  60.081 0.0000000000
53722  21.267  -36.824  57.966 0.0000000000
52606  20.461  -38.222  53.020 0.0000000000
50094  17.781  -39.396  55.339 0.0000000000
51315  18.909  -39.096  55.821 0.0000000000
51267  19.110  -38.722  57.217 0.0000000000
52472  19.322  -38.245  58.151 0.0000000000
52473  18.594  -38.523  58.299 0.0000000000
52452  17.244  -38.200  59.325 0.0000000000
51246  16.926  -38.705  58.232 0.0000000000
50054  13.363  -40.153  58.800 0.0000000000
53874  30.796  -36.931  49.315 0.0000000000
55041  29.592  -36.632  49.658 0.0000000000
52625  26.950  -38.195  51.288 0.0000000000
52624  28.100  -37.965  51.150 0.0000000000
52600  29.237  -38.070  52.340 0.0000000000
52554  28.931  -38.282  53.599 0.0000000000
51310  30.032  -38.891  54.988 0.0000000000
51311  28.827  -38.717  54.986 0.0000000000
51266  26.564  -38.821  57.708 0.0000000000
51241  27.942  -39.325  58.627 0.0000000000
52446  27.900  -38.395  60.175 0.0000000000
52424  28.724  -37.981  60.956 0.0000000000
53644  25.599  -37.094  62.462 0.0000000000
49916  12.082  -40.099  66.449 0.0000000000
49915  12.713  -39.905  65.849 0.0000000000
79227  55.174  -15.134  29.333 0.0000000000
78050  54.827  -15.641  30.812 0.0000000000
78049  55.193  -15.900  30.848 0.0000000000
76994  54.668  -16.367  31.240 0.0000000000
78039  54.282  -16.205  32.129 0.0000000000
77009  50.744  -17.831  30.948 0.0000000000
78053  52.046  -16.918  30.618 0.0000000000
79201  50.690  -15.436  31.855 0.0000000000
80282  52.722  -14.438  33.834 0.0000000000
72252  46.842  -21.625  34.030 0.0000000000
73557  46.142  -20.667  33.233 0.0000000000
72267  47.544  -21.298  33.741 0.0000000000
73555  48.068  -20.628  33.467 0.0000000000
72250  48.556  -21.201  34.807 0.0000000000
70934  46.902  -22.666  38.528 0.0000000000
70953  46.955  -22.886  37.473 0.0000000000
72178  48.157  -21.666  39.031 0.0000000000
67283  36.995  -26.211  40.660 0.0000000000
68432  39.829  -24.618  45.378 0.0000000000
68449  39.839  -24.778  43.408 0.0000000000
69624  40.925  -23.807  45.474 0.0000000000
69636  41.736  -23.843  44.866 0.0000000000
69609  42.081  -23.604  46.899 0.0000000000
55072  37.818  -35.772  48.227 0.0000000000
55070  38.807  -34.995  48.983 0.0000000000
57522  42.069  -33.449  50.581 0.0000000000
56316  41.079  -34.076  49.695 0.0000000000
58771  41.769  -32.498  49.681 0.0000000000
60031  41.247  -31.351  47.960 0.0000000000
60007  42.068  -31.763  49.782 0.0000000000
58699  43.972  -32.820  55.742 0.0000000000
62400  43.875  -29.278  51.654 0.0000000000
62416  43.379  -29.126  50.095 0.0000000000
64796  44.419  -28.175  50.159 0.0000000000
64813  44.056  -27.632  48.636 0.0000000000
64803  44.794  -27.125  49.507 0.0000000000
79281  50.700  -16.010  24.674 0.0000000000
78139  52.187  -16.261  24.399 0.0000000000
78126  53.412  -16.617  24.800 0.0000000000
78115  53.144  -16.603  25.649 0.0000000000
80340  53.860  -15.329  27.427 0.0000000000
80349  54.332  -14.753  26.870 0.0000000000
81368  54.903  -13.897  27.710 0.0000000000
81374  56.166  -13.189  27.734 0.0000000000
78184  57.628  -16.024  19.652 0.0000000000
79287  57.764  -15.075  23.827 0.0000000000
80369  57.943  -14.207  24.530 0.0000000000
81391  57.453  -13.915  25.772 0.0000000000
52407  30.805  -39.300  61.855 0.0000000000
51172  32.438  -39.779  61.524 0.0000000000
52368  31.610  -39.177  63.071 0.0000000000
51177  15.056  -38.883  61.461 0.0000000000
53636  15.525  -37.647  63.248 0.0000000000
51143  14.817  -38.606  63.252 0.0000000000
52376  14.376  -37.968  64.957 0.0000000000
52347  14.470  -37.421  66.346 0.0000000000
74845  45.638  -19.653  29.206 0.0000000000
73615  46.051  -20.337  29.868 0.0000000000
69673  45.352  -24.180  41.533 0.0000000000
69672  46.478  -23.579  41.868 0.0000000000
69647  46.176  -23.319  43.510 0.0000000000
70850  47.008  -22.604  44.519 0.0000000000
45080  9.215  -43.651  62.389 0.0000000000
45081  8.620  -44.187  62.070 0.0000000000
43864  8.150  -44.307  63.761 0.0000000000
67378  39.293  -26.095  35.649 0.0000000000
66131  39.639  -26.655  38.997 0.0000000000
52653  34.286  -37.228  49.792 0.0000000000
52621  33.730  -38.026  51.559 0.0000000000
51367  34.825  -38.688  53.040 0.0000000000
51330  36.689  -38.779  54.669 0.0000000000
52493  25.186  -37.940  57.593 0.0000000000
53707  24.913  -37.125  58.272 0.0000000000
53719  24.463  -37.537  57.035 0.0000000000
53733  23.224  -36.862  56.772 0.0000000000
53749  22.595  -37.294  55.839 0.0000000000
51270  16.228  -39.025  57.236 0.0000000000
51318  15.430  -39.233  55.104 0.0000000000
52626  25.865  -38.383  51.440 0.0000000000
52578  26.150  -38.445  53.590 0.0000000000
51335  26.985  -38.855  54.769 0.0000000000
52555  26.095  -38.532  54.861 0.0000000000
52532  25.838  -38.634  56.023 0.0000000000
56039  24.221  -35.897  62.389 0.0000000000
79229  53.685  -15.726  28.282 0.0000000000
78074  54.759  -15.493  29.219 0.0000000000
78076  53.301  -16.313  28.756 0.0000000000
79211  54.204  -15.307  30.956 0.0000000000
78024  49.319  -16.451  32.227 0.0000000000
79187  50.452  -15.011  32.479 0.0000000000
80285  50.407  -14.856  33.765 0.0000000000
79164  50.803  -15.156  34.541 0.0000000000
72284  43.390  -21.349  32.409 0.0000000000
72271  43.717  -21.548  33.361 0.0000000000
71003  45.320  -22.171  34.559 0.0000000000
71001  46.973  -22.380  34.714 0.0000000000
72177  48.797  -21.578  39.721 0.0000000000
67228  37.442  -26.233  42.403 0.0000000000
68464  37.775  -25.643  42.302 0.0000000000
67216  38.817  -25.683  44.101 0.0000000000
67202  39.614  -25.447  45.297 0.0000000000
67192  40.664  -25.306  46.414 0.0000000000
55019  38.926  -35.679  51.703 0.0000000000
56300  39.766  -35.114  50.579 0.0000000000
56257  40.313  -34.971  51.725 0.0000000000
56255  41.852  -34.765  52.237 0.0000000000
57477  43.099  -34.150  52.122 0.0000000000
79275  47.779  -15.207  25.584 0.0000000000
79283  48.744  -14.884  24.791 0.0000000000
79274  48.581  -15.573  25.441 0.0000000000
79272  50.372  -16.378  25.836 0.0000000000
78103  51.252  -16.411  26.326 0.0000000000
78101  52.992  -16.559  26.432 0.0000000000
79256  51.718  -16.190  26.974 0.0000000000
80342  52.747  -16.232  27.571 0.0000000000
79318  55.367  -15.455  19.897 0.0000000000
78172  56.427  -16.563  20.058 0.0000000000
77074  57.484  -16.726  20.764 0.0000000000
78143  58.312  -15.274  21.832 0.0000000000
77063  57.506  -16.875  21.642 0.0000000000
78134  57.096  -16.961  23.690 0.0000000000
78123  56.658  -16.812  24.617 0.0000000000
52509  31.710  -38.479  55.583 0.0000000000
52526  33.363  -38.236  55.369 0.0000000000
52491  33.229  -38.706  56.726 0.0000000000
51261  34.247  -38.928  57.866 0.0000000000
51193  35.159  -39.828  60.437 0.0000000000
53663  19.650  -36.918  61.598 0.0000000000
53631  20.174  -36.402  63.381 0.0000000000
53632  19.184  -36.521  63.439 0.0000000000
54876  18.704  -36.156  64.275 0.0000000000
53615  16.764  -36.327  64.539 0.0000000000
54847  17.100  -35.960  65.963 0.0000000000
77033  49.305  -17.574  28.293 0.0000000000
75972  51.514  -18.057  29.185 0.0000000000
75974  49.878  -18.340  28.828 0.0000000000
75957  50.294  -18.829  29.788 0.0000000000
75945  50.100  -18.693  30.890 0.0000000000
75959  48.259  -19.171  29.098 0.0000000000
74825  48.847  -19.499  30.610 0.0000000000
76998  49.089  -17.759  31.666 0.0000000000
78025  48.827  -16.916  32.367 0.0000000000
78002  49.084  -17.144  33.564 0.0000000000
76957  49.191  -17.605  33.934 0.0000000000
68537  44.319  -24.295  36.694 0.0000000000
69736  45.309  -23.623  36.132 0.0000000000
69705  45.612  -23.914  37.841 0.0000000000
69694  46.443  -23.288  39.450 0.0000000000
70896  47.777  -22.539  40.820 0.0000000000
70875  47.156  -23.122  42.118 0.0000000000
70885  47.723  -22.668  41.792 0.0000000000
70895  48.420  -22.211  41.398 0.0000000000
62469  40.219  -29.417  44.917 0.0000000000
56119  42.787  -34.657  56.979 0.0000000000
80352  47.186  -15.202  25.838 0.0000000000
79260  47.780  -15.951  26.389 0.0000000000
78091  48.797  -16.714  26.985 0.0000000000
83466  54.252  -11.956  22.139 0.0000000000
82404  53.645  -12.544  22.699 0.0000000000
48777  11.920  -41.125  60.939 0.0000000000
48741  12.681  -40.549  63.349 0.0000000000
47563  11.402  -41.601  62.275 0.0000000000
47533  11.390  -41.567  64.423 0.0000000000
48697  10.993  -41.184  66.291 0.0000000000
46336  9.823  -43.023  63.705 0.0000000000
69768  42.563  -23.509  34.580 0.0000000000
69769  41.446  -23.417  34.159 0.0000000000
68581  42.971  -24.049  35.361 0.0000000000
68561  43.350  -24.279  35.952 0.0000000000
68538  43.380  -24.822  37.067 0.0000000000
68503  44.160  -24.777  38.896 0.0000000000
67339  41.612  -25.914  37.751 0.0000000000
67297  42.814  -25.508  38.949 0.0000000000
68490  44.197  -24.867  40.008 0.0000000000
69674  44.271  -24.439  42.142 0.0000000000
69663  44.665  -23.929  42.872 0.0000000000
70866  44.359  -22.910  44.711 0.0000000000
53868  37.532  -36.214  49.664 0.0000000000
52637  35.827  -37.116  50.839 0.0000000000
53825  36.666  -36.770  51.416 0.0000000000
53824  37.777  -36.137  51.255 0.0000000000
53780  38.905  -36.678  53.204 0.0000000000
54987  40.271  -36.268  54.488 0.0000000000
53744  40.798  -36.747  55.652 0.0000000000
52525  34.347  -38.357  55.713 0.0000000000
51307  36.231  -38.803  55.774 0.0000000000
51306  37.502  -38.831  55.545 0.0000000000
52464  37.985  -38.526  59.189 0.0000000000
51258  38.184  -38.815  57.733 0.0000000000
51281  38.429  -38.984  56.435 0.0000000000
51256  40.568  -38.873  56.768 0.0000000000
53718  41.461  -37.389  57.062 0.0000000000
54940  41.922  -36.263  58.018 0.0000000000
52385  28.950  -38.218  63.512 0.0000000000
53625  27.708  -37.734  62.415 0.0000000000
53643  26.753  -37.376  62.088 0.0000000000
54894  25.256  -36.257  61.437 0.0000000000
54930  25.322  -36.570  59.796 0.0000000000
54910  25.139  -36.210  60.674 0.0000000000
56074  24.551  -35.943  61.220 0.0000000000
54912  23.408  -35.755  60.760 0.0000000000
54913  22.579  -36.057  61.194 0.0000000000
53678  21.453  -36.751  61.065 0.0000000000
53789  21.827  -37.569  53.844 0.0000000000
53790  21.282  -37.740  54.305 0.0000000000
53768  21.387  -37.733  55.401 0.0000000000
51337  19.770  -38.579  54.491 0.0000000000
52536  20.170  -38.272  55.212 0.0000000000
53736  20.942  -37.257  57.356 0.0000000000
53723  20.686  -37.251  58.226 0.0000000000
53696  20.283  -37.343  59.732 0.0000000000
53680  19.479  -37.241  60.609 0.0000000000
53681  18.601  -37.377  60.618 0.0000000000
52410  17.086  -37.618  60.725 0.0000000000
52431  15.912  -38.246  60.183 0.0000000000
51247  16.022  -38.780  58.176 0.0000000000
52454  15.864  -38.507  59.205 0.0000000000
51200  15.243  -38.806  60.633 0.0000000000
51201  14.647  -39.279  60.764 0.0000000000
50039  13.535  -40.139  59.787 0.0000000000
48799  12.373  -40.734  59.923 0.0000000000
48789  11.926  -41.090  60.134 0.0000000000
47608  10.675  -41.383  59.405 0.0000000000
53873  31.757  -37.517  49.579 0.0000000000
53828  31.287  -37.589  51.380 0.0000000000
53782  31.274  -37.443  52.688 0.0000000000
53853  29.210  -37.074  50.112 0.0000000000
53784  30.376  -37.528  52.888 0.0000000000
52551  30.872  -37.638  54.159 0.0000000000
52510  31.103  -38.535  55.088 0.0000000000
50078  30.825  -39.623  56.786 0.0000000000
50050  30.387  -39.975  58.486 0.0000000000
51264  27.945  -39.321  56.790 0.0000000000
50051  29.417  -39.779  58.442 0.0000000000
50020  29.994  -39.655  60.096 0.0000000000
51175  29.936  -38.855  61.116 0.0000000000
52397  29.358  -37.888  62.107 0.0000000000
49935  13.199  -40.019  64.966 0.0000000000
51095  13.781  -38.619  66.185 0.0000000000
78062  54.935  -15.568  30.012 0.0000000000
77007  52.237  -17.359  30.045 0.0000000000
78040  52.559  -15.981  30.920 0.0000000000
79198  54.368  -14.641  31.587 0.0000000000
80297  52.006  -14.160  32.786 0.0000000000
80281  53.919  -14.147  33.298 0.0000000000
78021  54.509  -15.518  32.501 0.0000000000
73617  43.992  -20.239  29.916 0.0000000000
73579  46.159  -20.497  31.881 0.0000000000
72283  44.205  -21.039  32.672 0.0000000000
73564  45.919  -20.384  32.721 0.0000000000
74796  46.969  -20.040  32.518 0.0000000000
75904  47.536  -19.407  32.865 0.0000000000
75902  48.885  -18.604  33.709 0.0000000000
74770  49.475  -18.606  34.883 0.0000000000
69735  46.068  -23.501  36.245 0.0000000000
70972  46.862  -23.034  36.395 0.0000000000
72241  48.192  -21.858  35.593 0.0000000000
72197  48.888  -21.229  38.593 0.0000000000
72207  48.749  -21.192  37.665 0.0000000000
72240  48.772  -20.947  35.846 0.0000000000
74743  49.461  -19.840  36.011 0.0000000000
74742  49.661  -19.209  36.267 0.0000000000
66133  37.921  -26.791  38.764 0.0000000000
67301  39.604  -26.314  40.081 0.0000000000
68480  38.285  -25.561  41.883 0.0000000000
68478  40.068  -25.412  42.096 0.0000000000
68477  41.061  -25.258  41.954 0.0000000000
69665  42.069  -24.209  43.099 0.0000000000
69635  42.972  -23.366  45.204 0.0000000000
70838  43.769  -22.513  46.002 0.0000000000
56338  39.490  -34.640  48.732 0.0000000000
58841  40.303  -32.014  46.889 0.0000000000
61209  41.140  -30.588  46.959 0.0000000000
62454  41.556  -29.327  46.853 0.0000000000
57421  43.479  -34.273  55.737 0.0000000000
57456  43.985  -33.428  53.941 0.0000000000
57499  43.597  -32.692  51.917 0.0000000000
59969  43.925  -31.055  53.152 0.0000000000
59993  42.887  -31.313  51.017 0.0000000000
61180  42.484  -30.469  49.663 0.0000000000
62430  42.328  -29.578  48.381 0.0000000000
63636  41.845  -28.476  47.023 0.0000000000
65985  42.326  -27.013  47.243 0.0000000000
65970  42.071  -25.955  47.385 0.0000000000
68395  42.327  -24.767  47.958 0.0000000000
67138  45.333  -25.264  50.304 0.0000000000
68381  43.548  -24.559  49.003 0.0000000000
69580  42.589  -24.013  48.253 0.0000000000
70799  43.076  -22.980  48.323 0.0000000000
82398  53.121  -13.068  23.171 0.0000000000
79298  53.241  -15.040  22.926 0.0000000000
79288  53.702  -15.951  23.228 0.0000000000
78125  54.339  -16.941  24.764 0.0000000000
78112  56.185  -16.446  25.560 0.0000000000
79270  54.040  -16.053  26.458 0.0000000000
79252  54.901  -15.395  26.516 0.0000000000
80359  56.521  -14.693  26.078 0.0000000000
81383  56.538  -13.351  26.889 0.0000000000
52371  29.694  -38.405  64.024 0.0000000000
51115  30.277  -39.049  64.072 0.0000000000
48759  12.647  -40.693  62.241 0.0000000000
72106  45.379  -22.038  45.306 0.0000000000
70852  45.515  -22.497  44.805 0.0000000000
52574  31.747  -37.615  52.969 0.0000000000
52573  32.578  -37.941  53.266 0.0000000000
53787  23.063  -37.522  53.143 0.0000000000
53786  23.543  -37.596  52.897 0.0000000000
53661  21.463  -36.567  61.922 0.0000000000
53629  21.907  -36.178  63.312 0.0000000000
53630  21.068  -36.192  63.341 0.0000000000
76956  49.520  -17.396  34.711 0.0000000000
77990  49.651  -16.922  34.918 0.0000000000
69756  44.259  -23.294  34.994 0.0000000000
63653  40.507  -28.411  44.847 0.0000000000
64879  39.930  -27.492  44.388 0.0000000000
64861  40.470  -27.379  45.013 0.0000000000
56145  41.489  -35.391  55.534 0.0000000000
56144  42.149  -35.068  56.290 0.0000000000
78079  49.859  -16.897  27.667 0.0000000000
79242  50.196  -16.514  27.129 0.0000000000
80387  54.184  -14.722  21.983 0.0000000000
80388  53.572  -14.558  22.547 0.0000000000
50018  31.853  -40.035  60.361 0.0000000000
53652  16.688  -37.411  62.000 0.0000000000
53653  16.093  -37.654  62.284 0.0000000000
73599  46.550  -20.484  30.686 0.0000000000
73577  47.754  -20.092  30.918 0.0000000000
74810  47.163  -19.848  32.067 0.0000000000
68596  40.332  -24.470  34.483 0.0000000000
68584  39.929  -25.296  35.248 0.0000000000
67299  41.308  -26.051  39.530 0.0000000000
67256  41.534  -25.620  41.102 0.0000000000
51348  36.917  -38.440  53.870 0.0000000000
51305  38.663  -38.800  55.315 0.0000000000
51214  36.476  -39.303  59.495 0.0000000000
52445  36.219  -38.877  58.725 0.0000000000
52444  36.780  -38.991  59.136 0.0000000000
53691  26.822  -37.540  60.059 0.0000000000
53692  26.211  -37.198  59.638 0.0000000000
54979  22.473  -36.558  57.540 0.0000000000
54967  22.037  -36.472  58.276 0.0000000000
50083  17.881  -39.443  56.098 0.0000000000
50082  18.452  -39.300  56.250 0.0000000000
51268  18.418  -39.148  57.208 0.0000000000
51244  18.699  -38.701  57.810 0.0000000000
51245  18.006  -38.871  58.122 0.0000000000
52577  27.249  -38.536  53.147 0.0000000000
52602  27.656  -38.333  52.168 0.0000000000
52576  28.299  -38.384  53.089 0.0000000000
51333  28.468  -38.579  54.012 0.0000000000
51221  26.550  -38.225  59.107 0.0000000000
51220  27.056  -38.517  59.220 0.0000000000
52447  27.309  -38.160  60.002 0.0000000000
52426  27.674  -38.024  60.398 0.0000000000
54868  25.146  -36.597  62.335 0.0000000000
48696  11.467  -40.573  66.832 0.0000000000
80330  54.902  -14.573  28.354 0.0000000000
80329  55.707  -14.459  29.378 0.0000000000
78038  54.772  -15.820  31.724 0.0000000000
78054  51.261  -17.124  30.878 0.0000000000
73542  46.839  -21.203  33.611 0.0000000000
72266  48.276  -21.233  33.991 0.0000000000
70914  47.823  -22.195  39.781 0.0000000000
70933  47.506  -22.054  38.801 0.0000000000
69611  40.393  -24.090  45.759 0.0000000000
69625  40.270  -24.074  45.198 0.0000000000
55054  38.053  -35.945  49.050 0.0000000000
55071  38.439  -35.293  48.524 0.0000000000
55053  38.514  -35.476  49.360 0.0000000000
58770  42.319  -32.375  50.310 0.0000000000
63576  44.442  -28.795  52.795 0.0000000000
63598  44.275  -28.505  50.790 0.0000000000
63597  44.736  -28.125  51.153 0.0000000000
64804  44.423  -27.863  49.520 0.0000000000
64795  44.928  -27.627  50.402 0.0000000000
78129  51.149  -16.431  25.184 0.0000000000
79280  51.398  -16.035  24.473 0.0000000000
79290  51.898  -15.737  23.979 0.0000000000
78127  52.558  -16.494  24.885 0.0000000000
80339  54.380  -14.502  27.502 0.0000000000
79317  58.324  -15.587  19.879 0.0000000000
80410  59.167  -14.782  20.816 0.0000000000
79279  57.502  -15.224  24.740 0.0000000000
81401  57.914  -13.876  25.094 0.0000000000
80358  57.335  -14.797  25.431 0.0000000000
52408  30.321  -38.792  61.793 0.0000000000
52395  31.041  -39.173  62.399 0.0000000000
51158  14.992  -38.777  62.382 0.0000000000
50002  14.558  -39.226  62.025 0.0000000000
49957  14.084  -39.425  63.544 0.0000000000
51127  14.425  -38.582  64.161 0.0000000000
51107  13.954  -38.596  65.187 0.0000000000
74846  44.539  -19.613  29.340 0.0000000000
73616  44.993  -20.450  29.784 0.0000000000
69662  45.801  -23.701  42.730 0.0000000000
45104  8.323  -44.068  61.238 0.0000000000
43878  8.032  -44.573  63.334 0.0000000000
53872  32.599  -37.698  50.084 0.0000000000
52640  33.193  -37.838  50.770 0.0000000000
52622  32.807  -37.958  51.591 0.0000000000
51351  34.558  -38.631  53.644 0.0000000000
51368  34.321  -38.644  53.129 0.0000000000
51350  35.348  -38.708  53.569 0.0000000000
51331  35.504  -38.730  54.663 0.0000000000
52512  25.026  -38.194  56.504 0.0000000000
53748  23.192  -37.381  55.475 0.0000000000
52627  24.915  -38.169  51.562 0.0000000000
52534  24.662  -37.907  54.787 0.0000000000
52533  25.105  -38.150  55.364 0.0000000000
52511  25.769  -38.577  57.117 0.0000000000
56040  23.824  -35.735  62.692 0.0000000000
54871  23.347  -35.867  63.365 0.0000000000
78051  53.871  -16.065  30.337 0.0000000000
79189  49.280  -16.310  32.637 0.0000000000
79188  49.870  -15.521  32.648 0.0000000000
79173  49.893  -15.593  33.503 0.0000000000
78000  50.336  -16.142  34.799 0.0000000000
72272  42.885  -21.839  32.980 0.0000000000
70994  44.950  -22.789  34.917 0.0000000000
71002  46.179  -22.296  34.569 0.0000000000
70992  46.439  -22.919  35.412 0.0000000000
67229  36.945  -26.642  42.034 0.0000000000
67217  38.232  -26.005  43.346 0.0000000000
66006  39.972  -25.870  45.564 0.0000000000
67203  39.255  -25.561  44.682 0.0000000000
67193  40.128  -25.326  45.840 0.0000000000
55018  39.695  -35.336  51.945 0.0000000000
56233  40.313  -35.116  52.336 0.0000000000
56202  42.029  -35.026  54.216 0.0000000000
56231  41.861  -34.914  53.260 0.0000000000
56254  42.582  -34.613  52.688 0.0000000000
57478  42.510  -34.469  52.137 0.0000000000
56253  43.296  -34.328  52.875 0.0000000000
78104  50.779  -16.422  26.161 0.0000000000
79231  51.681  -16.286  27.878 0.0000000000
79240  52.383  -16.162  27.556 0.0000000000
80333  52.861  -16.106  27.725 0.0000000000
80332  53.359  -15.715  27.777 0.0000000000
78173  55.916  -16.449  20.378 0.0000000000
77093  56.750  -16.802  20.272 0.0000000000
77075  56.826  -17.221  21.073 0.0000000000
77066  55.065  -17.073  22.867 0.0000000000
77058  56.394  -17.413  23.017 0.0000000000
77054  55.589  -17.291  23.958 0.0000000000
52508  32.701  -38.451  56.084 0.0000000000
51284  32.743  -38.903  56.725 0.0000000000
51217  33.919  -39.756  59.460 0.0000000000
51239  33.837  -39.616  58.728 0.0000000000
51216  34.501  -39.667  59.637 0.0000000000
53664  18.650  -37.042  61.438 0.0000000000
53650  18.835  -36.799  62.500 0.0000000000
54877  18.004  -36.104  64.497 0.0000000000
54862  18.402  -35.903  65.072 0.0000000000
54863  17.497  -35.967  65.100 0.0000000000
53617  15.481  -37.502  63.606 0.0000000000
53616  15.782  -36.954  64.073 0.0000000000
74840  49.891  -19.027  30.462 0.0000000000
75961  46.694  -19.129  29.010 0.0000000000
75960  47.263  -19.125  29.063 0.0000000000
74843  47.638  -19.846  29.666 0.0000000000
74808  48.981  -19.055  31.129 0.0000000000
75932  49.455  -18.595  31.262 0.0000000000
78044  48.928  -17.076  31.952 0.0000000000
76999  48.424  -17.725  32.028 0.0000000000
76980  47.984  -18.164  32.622 0.0000000000
76979  48.428  -17.533  32.564 0.0000000000
76967  48.512  -17.846  33.183 0.0000000000
68536  44.921  -24.105  36.893 0.0000000000
68517  44.952  -24.283  37.408 0.0000000000
70915  47.079  -22.544  39.378 0.0000000000
69661  46.798  -23.378  42.846 0.0000000000
70884  48.348  -22.346  42.339 0.0000000000
72141  49.133  -22.043  42.000 0.0000000000
62486  39.799  -29.535  44.290 0.0000000000
61241  40.331  -30.255  45.549 0.0000000000
79261  46.710  -15.543  26.364 0.0000000000
79244  47.506  -16.225  26.828 0.0000000000
78080  48.623  -17.076  27.709 0.0000000000
47580  11.316  -41.531  61.262 0.0000000000
47549  10.943  -42.207  63.784 0.0000000000
47548  11.493  -41.658  63.334 0.0000000000
47517  11.164  -41.459  65.188 0.0000000000
45061  9.382  -43.484  63.248 0.0000000000
71007  42.144  -22.878  33.957 0.0000000000
69780  40.882  -22.973  33.763 0.0000000000
69770  40.891  -23.952  34.237 0.0000000000
68594  41.971  -23.879  34.635 0.0000000000
68582  42.401  -24.335  35.195 0.0000000000
67358  42.301  -25.397  37.033 0.0000000000
68539  42.716  -25.257  37.355 0.0000000000
68519  43.196  -25.210  38.246 0.0000000000
67361  39.845  -26.346  36.436 0.0000000000
67298  42.140  -25.802  39.259 0.0000000000
68504  43.445  -25.228  39.426 0.0000000000
68491  43.419  -25.280  40.528 0.0000000000
68474  44.159  -24.769  41.205 0.0000000000
68458  43.178  -24.684  42.243 0.0000000000
69675  43.644  -24.688  42.044 0.0000000000
69649  43.926  -23.344  44.159 0.0000000000
53892  36.544  -36.368  48.422 0.0000000000
53869  36.756  -36.443  49.480 0.0000000000
52638  35.139  -37.149  50.513 0.0000000000
52619  35.914  -37.388  51.522 0.0000000000
52594  37.203  -37.405  52.743 0.0000000000
53802  38.413  -36.150  52.124 0.0000000000
52522  39.837  -37.368  54.666 0.0000000000
53758  39.760  -36.688  54.099 0.0000000000
53745  40.336  -36.736  54.833 0.0000000000
52507  33.688  -38.390  56.275 0.0000000000
52506  34.564  -38.414  56.565 0.0000000000
52504  36.298  -38.652  57.120 0.0000000000
52523  35.868  -38.834  56.493 0.0000000000
51283  36.412  -38.716  56.543 0.0000000000
51282  37.187  -38.556  56.742 0.0000000000
51236  38.598  -38.696  58.825 0.0000000000
51257  39.478  -39.214  57.204 0.0000000000
51280  39.584  -38.925  56.098 0.0000000000
51234  40.620  -39.127  57.758 0.0000000000
52463  41.462  -38.295  57.291 0.0000000000
53705  41.687  -37.282  57.519 0.0000000000
53624  28.577  -37.912  62.707 0.0000000000
53642  27.935  -37.413  62.027 0.0000000000
54882  26.804  -37.091  61.542 0.0000000000
54883  25.809  -36.646  61.866 0.0000000000
53693  25.487  -36.910  59.252 0.0000000000
53694  24.834  -36.712  59.076 0.0000000000
54948  23.511  -36.241  58.746 0.0000000000
54931  24.328  -36.284  59.453 0.0000000000
54911  24.185  -35.884  60.549 0.0000000000
54895  23.985  -35.716  61.360 0.0000000000
54950  22.066  -36.532  59.441 0.0000000000
54934  22.094  -36.520  60.460 0.0000000000
54914  22.055  -36.462  61.030 0.0000000000
53695  21.281  -36.896  60.054 0.0000000000
52581  20.676  -38.036  53.840 0.0000000000
52558  20.689  -37.994  54.778 0.0000000000
51356  19.252  -38.867  53.514 0.0000000000
51338  18.676  -39.134  54.669 0.0000000000
51291  19.399  -38.707  56.381 0.0000000000
51314  19.522  -38.692  55.450 0.0000000000
52514  20.072  -38.322  56.107 0.0000000000
52513  20.564  -37.868  56.747 0.0000000000
52494  20.283  -37.792  57.697 0.0000000000
52449  20.108  -37.584  59.160 0.0000000000
53697  19.599  -37.516  59.979 0.0000000000
52428  18.565  -37.738  59.989 0.0000000000
52429  17.690  -37.825  60.141 0.0000000000
52430  16.787  -37.919  60.135 0.0000000000
51295  15.367  -39.164  56.344 0.0000000000
51272  14.614  -39.449  57.897 0.0000000000
51248  15.448  -39.045  58.610 0.0000000000
51224  15.353  -38.924  59.614 0.0000000000
51225  14.720  -39.338  59.945 0.0000000000
50025  12.982  -40.411  60.295 0.0000000000
50040  12.652  -40.459  59.288 0.0000000000
48800  11.728  -40.968  59.258 0.0000000000
48801  10.978  -40.975  58.746 0.0000000000
47607  11.428  -41.231  59.772 0.0000000000
53852  30.124  -36.899  50.258 0.0000000000
53851  30.997  -37.401  50.402 0.0000000000
53805  31.592  -37.547  52.195 0.0000000000
53806  30.974  -37.403  52.098 0.0000000000
53877  28.088  -36.721  49.089 0.0000000000
53876  28.688  -36.781  49.480 0.0000000000
53831  28.940  -37.735  50.968 0.0000000000
53785  29.879  -37.776  53.180 0.0000000000
53808  29.562  -37.802  52.123 0.0000000000
53762  30.412  -37.602  53.615 0.0000000000
53761  30.935  -37.384  53.470 0.0000000000
52528  31.386  -38.006  54.764 0.0000000000
52529  30.553  -38.180  54.717 0.0000000000
51287  29.476  -39.225  55.847 0.0000000000
51286  30.781  -39.224  55.714 0.0000000000
50063  30.158  -39.798  57.574 0.0000000000
51313  26.749  -38.930  55.669 0.0000000000
51312  27.697  -38.975  55.392 0.0000000000
51289  27.452  -39.109  56.331 0.0000000000
51219  28.095  -38.992  59.452 0.0000000000
50052  28.477  -39.584  58.425 0.0000000000
50036  28.851  -39.567  59.110 0.0000000000
50035  29.569  -39.701  59.406 0.0000000000
51197  30.072  -39.370  60.685 0.0000000000
51198  29.129  -38.842  60.364 0.0000000000
53673  28.618  -37.678  61.373 0.0000000000
53657  28.772  -37.637  61.842 0.0000000000
53623  29.409  -37.883  63.117 0.0000000000
51136  27.258  -38.672  62.749 0.0000000000
54874  20.507  -36.150  64.157 0.0000000000
54859  20.885  -36.172  64.982 0.0000000000
48723  12.615  -40.456  64.466 0.0000000000
49895  13.107  -39.191  67.269 0.0000000000
49903  13.242  -39.233  66.516 0.0000000000
51087  13.544  -38.535  67.295 0.0000000000
52348  14.022  -37.922  66.699 0.0000000000
51083  13.597  -38.040  67.927 0.0000000000
77019  51.838  -17.768  29.548 0.0000000000
79200  52.008  -15.252  31.560 0.0000000000
79199  53.316  -14.985  31.303 0.0000000000
80305  53.711  -14.170  32.027 0.0000000000
81338  50.820  -14.163  33.592 0.0000000000
80307  51.422  -14.669  32.236 0.0000000000
81337  51.656  -14.109  33.483 0.0000000000
81322  53.124  -13.938  33.454 0.0000000000
79171  53.828  -14.828  33.567 0.0000000000
79185  54.553  -14.775  33.028 0.0000000000
79186  54.159  -15.400  33.119 0.0000000000
78022  53.776  -16.086  32.658 0.0000000000
73601  44.308  -20.859  30.619 0.0000000000
73618  43.494  -20.066  30.032 0.0000000000
73600  45.479  -20.786  30.727 0.0000000000
73558  45.365  -20.631  33.168 0.0000000000
74790  46.498  -20.265  32.756 0.0000000000
74797  46.566  -20.246  32.391 0.0000000000
73554  48.748  -20.457  34.137 0.0000000000
74787  48.517  -19.652  33.572 0.0000000000
70952  47.502  -22.156  37.819 0.0000000000
70971  47.672  -22.299  36.639 0.0000000000
73496  49.321  -20.814  37.893 0.0000000000
72222  48.811  -21.085  36.820 0.0000000000
73518  49.310  -20.270  36.414 0.0000000000
66113  38.127  -26.456  39.791 0.0000000000
66112  39.147  -26.499  39.584 0.0000000000
67302  38.819  -26.257  40.203 0.0000000000
68481  37.697  -25.757  41.702 0.0000000000
68463  38.506  -25.269  42.632 0.0000000000
68448  40.329  -24.669  43.366 0.0000000000
68462  39.452  -25.054  42.770 0.0000000000
68461  40.489  -24.837  42.843 0.0000000000
68460  41.562  -24.770  42.561 0.0000000000
69666  41.095  -24.493  43.271 0.0000000000
69622  42.550  -23.446  46.316 0.0000000000
70855  43.439  -22.934  45.610 0.0000000000
56299  40.389  -34.814  50.372 0.0000000000
56318  39.779  -34.943  49.822 0.0000000000
57547  40.716  -33.309  48.729 0.0000000000
56337  40.240  -33.891  48.282 0.0000000000
57575  40.448  -33.136  47.942 0.0000000000
57601  40.127  -32.994  47.093 0.0000000000
58815  40.553  -32.274  47.618 0.0000000000
60045  41.171  -30.907  47.354 0.0000000000
61208  41.491  -30.323  47.359 0.0000000000
61223  41.328  -30.004  46.684 0.0000000000
57368  43.436  -34.365  57.375 0.0000000000
56143  43.042  -34.515  56.290 0.0000000000
57390  43.481  -34.176  56.743 0.0000000000
57436  43.883  -33.817  55.037 0.0000000000
58727  43.993  -32.324  53.481 0.0000000000
61147  43.830  -30.155  52.450 0.0000000000
59980  43.660  -30.954  52.278 0.0000000000
59992  43.334  -31.200  51.691 0.0000000000
61158  43.112  -30.455  51.125 0.0000000000
63612  43.312  -28.563  48.738 0.0000000000
62429  42.787  -29.295  48.812 0.0000000000
63613  42.817  -28.900  48.266 0.0000000000
63625  42.432  -28.588  47.647 0.0000000000
64827  42.134  -27.599  47.117 0.0000000000
64826  42.689  -27.590  47.543 0.0000000000
65968  43.785  -26.473  48.266 0.0000000000
65969  42.649  -26.484  47.634 0.0000000000
67170  43.018  -25.477  48.155 0.0000000000
67171  42.261  -25.504  47.683 0.0000000000
65926  45.565  -26.611  51.219 0.0000000000
67118  45.604  -25.464  51.323 0.0000000000
68366  44.763  -24.423  49.932 0.0000000000
69568  43.696  -23.967  49.340 0.0000000000
69569  43.137  -24.004  48.880 0.0000000000
70789  42.996  -23.670  48.658 0.0000000000
70800  42.871  -23.470  48.355 0.0000000000
70788  43.531  -23.284  49.032 0.0000000000
83462  53.274  -12.132  23.236 0.0000000000
80379  52.663  -14.792  23.263 0.0000000000
81414  52.960  -14.160  23.083 0.0000000000
78124  55.492  -17.142  24.599 0.0000000000
78113  55.048  -16.619  25.738 0.0000000000
79254  53.773  -15.896  26.775 0.0000000000
81385  54.738  -14.180  26.815 0.0000000000
79253  54.419  -15.484  26.612 0.0000000000
80348  55.007  -14.878  26.555 0.0000000000
79269  55.633  -15.535  26.330 0.0000000000
80360  55.716  -14.536  26.517 0.0000000000
81392  56.212  -14.136  26.485 0.0000000000
81393  55.713  -14.203  26.591 0.0000000000
79330  55.565  -15.186  18.801 0.0000000000
78201  56.835  -15.656  18.710 0.0000000000
79294  58.339  -15.015  22.171 0.0000000000
52370  30.486  -38.392  63.847 0.0000000000
50003  13.869  -39.616  61.664 0.0000000000
70864  45.774  -22.968  44.195 0.0000000000
52572  33.698  -38.410  53.420 0.0000000000
52548  34.279  -38.434  54.588 0.0000000000
53746  24.550  -37.842  55.245 0.0000000000
53747  23.992  -37.643  54.961 0.0000000000
53833  24.085  -37.887  51.563 0.0000000000
52605  24.533  -38.015  52.386 0.0000000000
52579  24.997  -38.070  53.320 0.0000000000
52557  24.435  -37.898  54.046 0.0000000000
54897  22.766  -35.825  62.177 0.0000000000
54887  22.776  -35.803  62.967 0.0000000000
53628  22.383  -36.021  63.204 0.0000000000
54872  22.390  -35.998  63.776 0.0000000000
54858  21.850  -35.895  64.832 0.0000000000
77018  52.466  -17.167  29.470 0.0000000000
77989  49.826  -16.696  35.072 0.0000000000
71006  42.887  -22.704  34.050 0.0000000000
71005  43.667  -22.278  34.108 0.0000000000
69766  43.977  -22.778  34.483 0.0000000000
64881  38.774  -27.058  43.500 0.0000000000
66035  39.434  -26.866  44.331 0.0000000000
66036  38.902  -26.466  44.045 0.0000000000
66019  40.452  -26.790  45.313 0.0000000000
54994  40.751  -35.401  54.281 0.0000000000
55006  40.549  -35.362  53.656 0.0000000000
56173  41.305  -35.226  54.718 0.0000000000
79243  49.451  -16.664  26.759 0.0000000000
78158  55.178  -16.429  21.643 0.0000000000
78145  55.080  -16.723  22.227 0.0000000000
78146  54.620  -16.513  22.686 0.0000000000
51263  32.134  -39.707  57.307 0.0000000000
50048  32.454  -40.129  58.581 0.0000000000
50047  33.136  -40.081  58.959 0.0000000000
50016  33.541  -39.838  60.315 0.0000000000
53651  17.742  -36.932  62.306 0.0000000000
53608  15.209  -37.081  65.498 0.0000000000
53607  15.699  -36.609  65.375 0.0000000000
77034  48.259  -17.606  28.248 0.0000000000
73598  47.390  -20.234  30.480 0.0000000000
75934  47.794  -18.782  32.121 0.0000000000
75916  47.662  -18.794  32.710 0.0000000000
68502  45.002  -24.471  38.379 0.0000000000
69682  46.393  -23.553  40.734 0.0000000000
70874  47.586  -22.777  42.858 0.0000000000
77042  46.977  -16.946  27.523 0.0000000000
47581  10.680  -41.983  61.668 0.0000000000
47565  10.420  -42.691  63.207 0.0000000000
68563  41.675  -25.417  36.240 0.0000000000
67359  41.762  -25.644  36.881 0.0000000000
66175  40.196  -26.535  37.815 0.0000000000
67340  40.880  -26.323  38.110 0.0000000000
67255  42.507  -25.544  40.891 0.0000000000
68459  42.567  -24.708  42.384 0.0000000000
53871  35.267  -36.769  49.019 0.0000000000
52596  35.554  -38.276  52.577 0.0000000000
53781  38.079  -37.250  53.066 0.0000000000
52568  38.320  -37.428  53.493 0.0000000000
52546  38.245  -37.889  53.944 0.0000000000
51327  39.332  -37.720  54.513 0.0000000000
51304  39.729  -38.205  55.165 0.0000000000
52468  35.284  -38.736  57.895 0.0000000000
52467  35.902  -38.699  58.221 0.0000000000
52487  36.469  -38.466  57.824 0.0000000000
52486  37.246  -38.444  58.061 0.0000000000
51188  40.158  -39.320  59.719 0.0000000000
54891  27.447  -37.326  61.287 0.0000000000
54892  26.954  -37.056  61.036 0.0000000000
54909  26.169  -36.730  60.392 0.0000000000
53721  23.424  -36.658  57.443 0.0000000000
54965  23.509  -36.461  57.865 0.0000000000
54949  22.805  -36.167  59.032 0.0000000000
51355  20.102  -38.499  53.632 0.0000000000
50103  17.903  -39.345  54.774 0.0000000000
50093  18.336  -39.324  55.548 0.0000000000
51292  18.829  -39.082  56.609 0.0000000000
52451  18.326  -38.295  59.075 0.0000000000
51222  17.522  -38.538  58.752 0.0000000000
52474  16.812  -38.331  58.895 0.0000000000
51273  13.944  -39.778  58.341 0.0000000000
51250  14.107  -39.795  59.357 0.0000000000
50069  13.127  -40.038  57.789 0.0000000000
53875  30.065  -36.559  49.439 0.0000000000
52642  27.384  -37.861  50.175 0.0000000000
52601  28.781  -38.208  52.061 0.0000000000
52575  29.202  -38.086  52.884 0.0000000000
52553  29.568  -38.004  53.772 0.0000000000
52530  29.703  -38.270  54.520 0.0000000000
52531  29.102  -38.369  54.194 0.0000000000
51265  27.386  -39.215  57.307 0.0000000000
51242  27.393  -39.040  58.367 0.0000000000
51199  28.337  -38.563  60.150 0.0000000000
52425  28.174  -38.110  60.578 0.0000000000
53674  28.091  -37.613  61.041 0.0000000000
48707  11.813  -40.766  65.419 0.0000000000
48706  12.587  -40.297  65.173 0.0000000000
49904  12.599  -39.566  66.864 0.0000000000
76995  54.041  -16.904  31.559 0.0000000000
77008  51.537  -17.776  30.328 0.0000000000
78041  51.476  -16.219  31.135 0.0000000000
79163  51.503  -14.941  34.464 0.0000000000
80273  51.952  -14.471  34.125 0.0000000000
73581  43.556  -21.114  31.508 0.0000000000
72253  45.857  -21.459  33.968 0.0000000000
72269  45.327  -21.007  33.583 0.0000000000
73543  46.519  -21.157  33.590 0.0000000000
73556  47.096  -20.784  33.335 0.0000000000
74788  47.699  -19.899  33.154 0.0000000000
73541  48.941  -20.292  35.092 0.0000000000
72198  48.058  -21.559  38.205 0.0000000000
73517  49.679  -19.881  36.911 0.0000000000
66094  37.408  -26.365  40.125 0.0000000000
67282  37.794  -26.106  40.505 0.0000000000
69639  39.397  -24.746  44.362 0.0000000000
69638  39.893  -24.407  44.606 0.0000000000
69652  40.429  -24.500  43.839 0.0000000000
69637  40.727  -24.037  44.657 0.0000000000
69651  41.419  -24.105  43.937 0.0000000000
69623  41.872  -23.749  45.875 0.0000000000
56298  41.204  -34.314  50.228 0.0000000000
57546  41.280  -33.513  49.555 0.0000000000
58788  41.122  -32.384  48.812 0.0000000000
58814  40.864  -32.076  48.103 0.0000000000
60020  41.731  -31.429  49.021 0.0000000000
60019  42.153  -31.103  49.560 0.0000000000
57406  43.916  -33.550  56.393 0.0000000000
58687  44.271  -32.837  56.597 0.0000000000
59937  44.327  -31.835  56.174 0.0000000000
59948  44.037  -31.702  55.276 0.0000000000
62401  43.455  -29.787  51.152 0.0000000000
62409  43.188  -29.742  50.523 0.0000000000
62408  43.639  -29.145  50.714 0.0000000000
63604  43.933  -28.584  49.998 0.0000000000
63611  43.871  -28.329  49.256 0.0000000000
64814  43.318  -27.526  48.041 0.0000000000
64812  44.496  -27.207  48.988 0.0000000000
65951  44.560  -26.359  48.950 0.0000000000
78138  52.776  -16.324  24.094 0.0000000000
81376  54.692  -13.923  27.065 0.0000000000
81375  55.474  -13.541  27.333 0.0000000000
78185  56.699  -16.275  19.552 0.0000000000
78200  57.375  -15.733  19.001 0.0000000000
79328  58.084  -15.445  19.066 0.0000000000
78133  57.682  -15.993  23.248 0.0000000000
80378  58.155  -14.463  23.526 0.0000000000
80368  58.720  -13.812  24.298 0.0000000000
49995  32.061  -39.896  61.058 0.0000000000
51173  31.437  -39.631  61.671 0.0000000000
52394  31.738  -39.424  62.499 0.0000000000
52369  31.077  -38.819  63.386 0.0000000000
52412  15.664  -38.341  61.339 0.0000000000
52402  15.718  -37.968  62.326 0.0000000000
52413  15.384  -38.470  62.066 0.0000000000
52389  15.257  -37.947  63.440 0.0000000000
52375  15.058  -37.640  64.361 0.0000000000
49956  14.470  -39.121  63.142 0.0000000000
51126  14.897  -38.196  63.813 0.0000000000
52362  14.790  -37.468  65.445 0.0000000000
53586  14.660  -36.914  67.057 0.0000000000
74856  45.845  -18.959  28.755 0.0000000000
69646  46.855  -23.170  43.495 0.0000000000
70863  46.561  -22.951  44.032 0.0000000000
70862  47.240  -22.840  43.721 0.0000000000
46363  9.545  -43.154  61.682 0.0000000000
45103  8.889  -43.666  61.442 0.0000000000
45062  8.700  -44.071  63.247 0.0000000000
45040  8.327  -43.925  64.399 0.0000000000
66154  40.220  -26.550  38.541 0.0000000000
66110  40.174  -26.492  39.494 0.0000000000
52639  34.099  -37.599  50.669 0.0000000000
52597  34.284  -38.519  52.444 0.0000000000
52571  35.892  -38.549  53.267 0.0000000000
51349  36.156  -38.698  53.841 0.0000000000
52469  26.151  -37.844  58.894 0.0000000000
53706  25.684  -37.295  58.878 0.0000000000
52470  25.549  -37.675  58.359 0.0000000000
53734  22.538  -36.850  56.815 0.0000000000
51316  17.227  -39.245  54.798 0.0000000000
51293  17.149  -39.336  55.709 0.0000000000
51294  16.316  -39.190  56.066 0.0000000000
52603  26.545  -38.473  52.334 0.0000000000
51334  27.809  -38.817  54.474 0.0000000000
51353  27.087  -38.692  53.998 0.0000000000
52492  25.879  -38.302  58.097 0.0000000000
79228  54.513  -15.350  28.602 0.0000000000
78075  54.305  -15.868  29.013 0.0000000000
79202  49.914  -16.183  31.988 0.0000000000
80299  50.139  -15.026  33.277 0.0000000000
80284  50.843  -14.337  33.925 0.0000000000
80275  50.705  -14.768  34.192 0.0000000000
72255  44.234  -21.637  33.989 0.0000000000
72254  44.931  -21.503  34.101 0.0000000000
72157  49.176  -21.599  40.945 0.0000000000
67262  36.722  -26.270  41.251 0.0000000000
67239  37.192  -26.001  41.812 0.0000000000
68451  37.955  -25.363  43.105 0.0000000000
68442  38.532  -25.371  43.707 0.0000000000
66021  39.134  -25.988  44.459 0.0000000000
68441  39.050  -25.061  44.305 0.0000000000
68423  40.418  -24.573  46.143 0.0000000000
68422  40.880  -24.588  46.867 0.0000000000
55028  38.638  -35.694  50.957 0.0000000000
55038  39.205  -35.311  50.371 0.0000000000
55027  39.382  -35.374  51.131 0.0000000000
56279  40.034  -35.039  51.163 0.0000000000
56232  40.905  -35.083  52.927 0.0000000000
56256  40.936  -34.866  51.949 0.0000000000
56277  41.625  -34.546  51.228 0.0000000000
57501  42.425  -34.155  51.575 0.0000000000
57500  43.064  -33.172  51.429 0.0000000000
80361  48.110  -14.875  25.056 0.0000000000
79273  49.568  -16.132  25.480 0.0000000000
78118  50.912  -16.439  25.660 0.0000000000
78117  51.520  -16.526  25.708 0.0000000000
78116  52.294  -16.634  25.672 0.0000000000
78102  52.067  -16.470  26.454 0.0000000000
79255  52.879  -16.265  27.163 0.0000000000
79239  52.798  -16.230  27.507 0.0000000000
80351  53.331  -16.128  27.336 0.0000000000
80341  53.157  -16.090  27.543 0.0000000000
80411  55.164  -14.401  19.480 0.0000000000
78186  55.917  -15.871  19.488 0.0000000000
80400  55.005  -14.642  20.587 0.0000000000
77107  57.192  -16.423  19.750 0.0000000000
77092  57.375  -16.501  20.111 0.0000000000
78170  58.274  -15.720  20.946 0.0000000000
78157  58.020  -16.173  21.222 0.0000000000
78144  58.017  -15.855  22.139 0.0000000000
77064  56.633  -17.371  22.002 0.0000000000
77057  57.389  -16.949  22.657 0.0000000000
78122  57.389  -16.049  24.238 0.0000000000
52527  32.298  -38.038  55.047 0.0000000000
52490  33.919  -38.602  57.088 0.0000000000
51262  32.973  -39.299  57.599 0.0000000000
51238  35.058  -39.074  58.500 0.0000000000
51215  35.843  -39.325  59.302 0.0000000000
49994  32.504  -39.819  61.053 0.0000000000
51195  33.143  -39.783  60.969 0.0000000000
51194  34.018  -39.891  60.680 0.0000000000
51170  34.293  -40.070  61.433 0.0000000000
53812  22.506  -37.211  52.441 0.0000000000
53648  20.807  -36.496  62.594 0.0000000000
53649  19.877  -36.673  62.542 0.0000000000
54875  19.597  -36.215  64.193 0.0000000000
54861  19.138  -35.903  64.848 0.0000000000
54845  19.095  -35.636  65.732 0.0000000000
53635  15.896  -37.442  62.957 0.0000000000
53606  16.373  -36.238  65.305 0.0000000000
54864  16.786  -36.046  65.363 0.0000000000
77032  50.479  -17.546  28.391 0.0000000000
75973  50.938  -18.260  28.973 0.0000000000
75944  50.866  -18.406  30.360 0.0000000000
76997  49.935  -17.908  31.484 0.0000000000
75977  46.602  -18.568  28.556 0.0000000000
74842  48.677  -19.657  29.811 0.0000000000
74841  49.496  -19.334  30.114 0.0000000000
74824  49.544  -19.047  30.820 0.0000000000
78043  49.559  -16.994  31.828 0.0000000000
78010  48.989  -16.731  33.095 0.0000000000
69737  44.552  -23.754  35.949 0.0000000000
69719  44.917  -23.929  36.530 0.0000000000
69718  45.464  -23.895  36.886 0.0000000000
69704  46.300  -23.364  38.235 0.0000000000
70886  47.120  -23.081  41.253 0.0000000000
63691  39.644  -28.723  43.633 0.0000000000
63674  40.031  -28.583  44.284 0.0000000000
62468  40.773  -29.347  45.488 0.0000000000
56102  42.270  -35.496  57.906 0.0000000000
56120  42.247  -35.216  57.221 0.0000000000
57349  43.477  -34.639  57.932 0.0000000000
78105  48.369  -16.367  26.602 0.0000000000
78106  48.144  -16.382  26.820 0.0000000000
82403  54.000  -12.996  22.146 0.0000000000
48760  11.982  -41.165  61.827 0.0000000000
48742  12.097  -41.175  62.832 0.0000000000
48708  11.202  -41.282  65.650 0.0000000000
46349  9.898  -43.229  62.724 0.0000000000
47550  10.305  -42.526  64.140 0.0000000000
46320  10.229  -42.401  64.922 0.0000000000
47518  10.745  -41.674  65.687 0.0000000000
71015  42.424  -22.346  33.488 0.0000000000
69757  43.336  -23.737  35.150 0.0000000000
67377  40.362  -25.760  36.041 0.0000000000
67338  42.263  -25.562  37.534 0.0000000000
67318  42.398  -25.623  38.346 0.0000000000
67317  42.817  -25.449  38.516 0.0000000000
70853  44.736  -22.472  45.099 0.0000000000
55073  37.197  -36.025  48.050 0.0000000000
53891  37.341  -36.196  48.806 0.0000000000
53845  37.744  -36.124  50.351 0.0000000000
52652  34.866  -36.907  49.515 0.0000000000
53848  35.450  -36.799  49.727 0.0000000000
53826  36.139  -37.048  51.019 0.0000000000
53847  36.109  -36.777  50.336 0.0000000000
53846  37.063  -36.349  50.432 0.0000000000
55029  38.182  -35.898  50.514 0.0000000000
53823  38.422  -35.899  51.525 0.0000000000
55008  39.171  -35.892  52.399 0.0000000000
53779  39.728  -36.239  53.571 0.0000000000
54995  40.229  -35.881  54.030 0.0000000000
54974  41.445  -35.971  56.330 0.0000000000
52547  34.964  -38.501  55.299 0.0000000000
52505  35.387  -38.631  56.859 0.0000000000
52524  35.239  -38.554  56.027 0.0000000000
51308  35.460  -38.680  55.457 0.0000000000
52465  37.360  -38.622  58.790 0.0000000000
52485  37.862  -38.555  58.553 0.0000000000
51259  37.351  -38.515  57.510 0.0000000000
51279  40.445  -38.360  55.953 0.0000000000
52484  41.138  -37.976  56.537 0.0000000000
53730  41.136  -37.007  56.517 0.0000000000
54958  41.586  -36.616  57.282 0.0000000000
54957  41.880  -35.826  57.312 0.0000000000
52386  28.006  -38.152  62.867 0.0000000000
52399  26.273  -37.712  62.419 0.0000000000
54929  25.818  -36.808  59.790 0.0000000000
56053  24.692  -36.087  61.601 0.0000000000
54884  24.795  -36.262  62.092 0.0000000000
56054  24.308  -35.853  61.772 0.0000000000
56055  23.887  -35.651  62.083 0.0000000000
54896  23.354  -35.653  61.681 0.0000000000
53677  21.981  -36.463  61.442 0.0000000000
53788  22.445  -37.503  53.468 0.0000000000
53767  21.966  -37.611  55.022 0.0000000000
53750  22.004  -37.366  56.152 0.0000000000
52559  20.246  -38.271  54.687 0.0000000000
52535  20.718  -37.940  55.778 0.0000000000
53751  21.283  -37.511  56.452 0.0000000000
52471  20.101  -37.710  58.595 0.0000000000
53710  20.495  -37.373  58.920 0.0000000000
53679  20.470  -37.040  60.804 0.0000000000
53682  18.136  -37.571  60.479 0.0000000000
52411  16.435  -37.797  61.060 0.0000000000
52475  16.324  -38.476  58.766 0.0000000000
51271  15.363  -39.141  57.506 0.0000000000
52476  15.904  -38.656  58.694 0.0000000000
51176  15.322  -38.670  61.135 0.0000000000
51202  14.139  -39.547  60.948 0.0000000000
51226  14.142  -39.671  60.255 0.0000000000
50024  13.627  -39.936  60.723 0.0000000000
48788  12.490  -40.774  60.674 0.0000000000
50041  12.039  -40.609  58.638 0.0000000000
47593  11.317  -41.392  60.335 0.0000000000
47609  9.418  -42.219  59.561 0.0000000000
53850  31.825  -37.709  50.649 0.0000000000
53827  32.034  -37.739  51.526 0.0000000000
53760  31.284  -37.445  53.201 0.0000000000
53830  29.777  -37.391  51.134 0.0000000000
53807  30.347  -37.426  52.072 0.0000000000
53783  30.882  -37.387  52.772 0.0000000000
51309  30.665  -38.746  55.044 0.0000000000
50062  31.286  -39.918  57.531 0.0000000000
50034  30.601  -40.049  59.419 0.0000000000
51288  28.382  -39.157  56.130 0.0000000000
50080  28.905  -39.488  56.720 0.0000000000
50065  28.209  -39.516  57.440 0.0000000000
50064  29.162  -39.692  57.548 0.0000000000
52409  29.377  -38.168  61.525 0.0000000000
52396  30.104  -38.164  62.453 0.0000000000
53640  29.829  -37.776  62.957 0.0000000000
49958  13.381  -40.071  63.938 0.0000000000
49914  13.472  -39.306  65.551 0.0000000000
52333  14.267  -37.416  67.009 0.0000000000
79220  55.376  -15.200  30.112 0.0000000000
78052  52.914  -16.638  30.245 0.0000000000
79212  53.431  -15.794  30.731 0.0000000000
81323  52.180  -14.180  33.802 0.0000000000
81335  53.346  -13.696  33.084 0.0000000000
80296  53.067  -13.831  32.616 0.0000000000
80304  54.447  -14.187  32.234 0.0000000000
79197  54.725  -14.852  32.184 0.0000000000
72297  43.881  -21.195  32.094 0.0000000000
73565  45.097  -20.588  32.666 0.0000000000
74811  46.639  -20.249  32.094 0.0000000000
75917  47.409  -19.488  32.466 0.0000000000
75903  48.024  -18.903  33.189 0.0000000000
75887  49.368  -18.254  34.454 0.0000000000
75886  49.571  -18.045  35.164 0.0000000000
69754  45.722  -23.291  35.647 0.0000000000
70991  47.401  -22.530  35.499 0.0000000000
72223  48.341  -21.593  36.436 0.0000000000
74755  49.369  -19.624  35.518 0.0000000000
74754  49.524  -18.810  35.407 0.0000000000
75879  49.668  -18.137  35.910 0.0000000000
66132  38.832  -26.668  38.893 0.0000000000
66111  39.871  -26.531  39.530 0.0000000000
67279  40.081  -25.942  40.572 0.0000000000
67261  37.361  -25.944  41.197 0.0000000000
67260  38.048  -25.782  41.212 0.0000000000
67259  38.797  -25.750  41.327 0.0000000000
68479  39.108  -25.482  42.050 0.0000000000
67258  39.652  -25.718  41.349 0.0000000000
67257  40.580  -25.677  41.266 0.0000000000
69650  42.552  -23.745  43.980 0.0000000000
69634  43.584  -23.168  44.816 0.0000000000
70854  43.869  -22.847  45.129 0.0000000000
55052  39.035  -35.102  49.589 0.0000000000
56317  40.594  -34.272  49.383 0.0000000000
60065  40.265  -31.289  46.088 0.0000000000
60032  40.827  -31.747  47.729 0.0000000000
60046  40.769  -31.306  47.134 0.0000000000
61224  40.872  -30.323  46.274 0.0000000000
62455  41.171  -29.262  46.196 0.0000000000
56171  42.853  -34.678  55.585 0.0000000000
56201  43.110  -34.631  54.613 0.0000000000
57420  43.820  -33.712  55.849 0.0000000000
56229  43.625  -34.223  53.622 0.0000000000
57476  43.807  -33.370  52.634 0.0000000000
59959  44.041  -31.462  54.256 0.0000000000
61129  44.223  -30.480  53.991 0.0000000000
58742  43.762  -31.976  52.341 0.0000000000
58756  43.296  -32.113  51.509 0.0000000000
58757  42.790  -32.215  50.875 0.0000000000
60006  42.502  -31.399  50.228 0.0000000000
61181  42.076  -30.445  49.039 0.0000000000
62417  42.958  -29.528  49.614 0.0000000000
62418  42.504  -29.858  49.109 0.0000000000
62443  41.897  -29.460  47.590 0.0000000000
63637  41.482  -28.365  46.314 0.0000000000
64843  41.310  -27.376  45.916 0.0000000000
66004  41.416  -26.870  46.255 0.0000000000
65986  41.696  -26.422  46.878 0.0000000000
65987  41.038  -25.829  46.547 0.0000000000
67182  41.167  -25.374  46.955 0.0000000000
68409  41.414  -24.759  47.402 0.0000000000
69582  41.649  -24.397  47.509 0.0000000000
65939  45.203  -26.460  49.879 0.0000000000
67156  44.897  -25.624  49.442 0.0000000000
67139  44.699  -24.958  49.568 0.0000000000
67157  44.161  -25.270  48.973 0.0000000000
68394  42.980  -24.634  48.510 0.0000000000
69581  41.973  -24.255  47.729 0.0000000000
69596  41.470  -24.076  47.313 0.0000000000
70813  42.370  -23.621  47.379 0.0000000000
70826  42.493  -23.498  47.228 0.0000000000
70811  43.252  -22.848  47.661 0.0000000000
72049  43.807  -22.697  48.457 0.0000000000
70824  43.537  -22.750  46.850 0.0000000000
81413  53.336  -13.650  22.795 0.0000000000
80389  53.152  -14.442  22.922 0.0000000000
79297  53.870  -15.531  22.768 0.0000000000
78147  54.036  -16.072  23.125 0.0000000000
78137  53.819  -16.422  23.699 0.0000000000
78136  54.784  -17.030  23.734 0.0000000000
78100  54.271  -16.017  26.435 0.0000000000
78099  54.691  -15.982  26.405 0.0000000000
79268  56.720  -15.487  25.739 0.0000000000
82378  56.820  -12.938  27.154 0.0000000000
47535  10.251  -42.444  64.629 0.0000000000
49978  14.642  -39.068  62.689 0.0000000000
49996  31.351  -39.830  60.982 0.0000000000
50017  32.730  -39.903  60.519 0.0000000000
50030  33.886  -39.804  59.842 0.0000000000
50031  33.399  -39.942  59.637 0.0000000000
50033  31.607  -40.209  59.493 0.0000000000
50053  27.906  -39.456  58.152 0.0000000000
50061  32.102  -39.990  57.838 0.0000000000
50066  27.695  -39.367  57.820 0.0000000000
50067  18.474  -39.247  56.699 0.0000000000
50068  18.139  -39.372  56.675 0.0000000000
50081  28.355  -39.395  56.769 0.0000000000
50102  18.190  -39.343  55.084 0.0000000000
51116  29.475  -39.000  64.051 0.0000000000
51144  14.465  -38.938  63.541 0.0000000000
51154  31.807  -39.582  62.164 0.0000000000
51174  30.636  -39.429  61.263 0.0000000000
51196  32.751  -39.776  61.033 0.0000000000
51223  17.126  -38.400  58.798 0.0000000000
51243  26.551  -38.512  58.600 0.0000000000
51260  34.865  -38.794  57.897 0.0000000000
51354  26.580  -38.632  54.304 0.0000000000
52361  15.254  -37.197  65.086 0.0000000000
52363  14.187  -37.968  65.795 0.0000000000
52372  29.187  -38.559  64.008 0.0000000000
52381  31.663  -39.302  62.747 0.0000000000
52388  15.519  -37.819  62.954 0.0000000000
52403  15.311  -38.268  62.759 0.0000000000
52427  19.135  -37.519  60.118 0.0000000000
52502  40.787  -37.605  55.882 0.0000000000
52521  40.371  -37.465  55.243 0.0000000000
52544  39.411  -37.262  54.230 0.0000000000
52552  30.193  -37.838  54.125 0.0000000000
52618  36.467  -37.139  51.910 0.0000000000
52623  28.746  -38.039  51.400 0.0000000000
52666  34.463  -37.112  49.007 0.0000000000
53622  29.886  -37.768  63.290 0.0000000000
53641  29.155  -37.828  62.475 0.0000000000
53646  22.321  -36.104  62.729 0.0000000000
53647  21.644  -36.358  62.660 0.0000000000
53659  27.562  -37.376  61.121 0.0000000000
53708  24.257  -36.571  58.460 0.0000000000
53759  39.247  -37.034  53.875 0.0000000000
53804  36.778  -37.022  52.112 0.0000000000
53809  29.088  -38.011  51.601 0.0000000000
53832  28.357  -37.744  50.622 0.0000000000
54908  26.764  -37.073  60.645 0.0000000000
54941  41.747  -36.771  57.726 0.0000000000
54964  23.880  -36.473  58.065 0.0000000000
54977  23.294  -36.623  57.380 0.0000000000
55040  38.161  -35.959  49.844 0.0000000000
56038  24.472  -36.028  61.946 0.0000000000
56073  24.917  -36.091  61.247 0.0000000000
56200  43.792  -34.115  54.315 0.0000000000
57389  43.973  -33.642  57.065 0.0000000000
57407  43.590  -34.085  56.232 0.0000000000
57437  43.373  -34.420  55.259 0.0000000000
60084  39.981  -30.793  45.507 0.0000000000
61168  42.826  -30.483  50.370 0.0000000000
63584  44.327  -28.684  52.164 0.0000000000
63605  43.454  -28.801  49.547 0.0000000000
64789  45.146  -27.644  51.326 0.0000000000
64842  41.701  -27.510  46.543 0.0000000000
65952  44.148  -25.870  48.544 0.0000000000
65967  44.305  -26.933  48.610 0.0000000000
66064  36.690  -26.819  41.869 0.0000000000
66093  37.764  -26.308  40.146 0.0000000000
66130  40.205  -26.540  39.208 0.0000000000
67158  43.472  -25.062  48.608 0.0000000000
67181  41.712  -25.482  47.343 0.0000000000
67280  39.243  -25.955  40.691 0.0000000000
67281  38.492  -25.961  40.690 0.0000000000
67300  40.399  -26.308  39.735 0.0000000000
68380  44.153  -24.493  49.447 0.0000000000
68396  41.811  -24.614  47.658 0.0000000000
68408  41.833  -25.016  47.677 0.0000000000
68433  39.356  -25.036  44.949 0.0000000000
68440  39.449  -24.722  44.742 0.0000000000
68560  44.046  -24.058  36.061 0.0000000000
69594  42.581  -23.650  47.990 0.0000000000
69595  42.231  -23.800  47.612 0.0000000000
69608  42.456  -23.462  46.751 0.0000000000
69645  47.085  -23.052  43.498 0.0000000000
69653  39.573  -24.712  43.989 0.0000000000
69654  39.182  -24.840  44.073 0.0000000000
69758  42.822  -23.914  35.073 0.0000000000
70812  42.694  -23.383  47.702 0.0000000000
70825  42.782  -23.285  46.961 0.0000000000
72268  47.073  -21.231  33.653 0.0000000000
73529  49.182  -20.206  35.777 0.0000000000
74807  49.341  -18.927  31.090 0.0000000000
74823  49.863  -18.957  30.720 0.0000000000
74855  46.285  -19.210  28.964 0.0000000000
75931  49.850  -18.438  31.272 0.0000000000
75946  49.713  -18.821  31.025 0.0000000000
77053  56.136  -17.286  23.910 0.0000000000
77059  55.438  -17.291  23.365 0.0000000000
77094  56.354  -16.956  20.750 0.0000000000
77108  57.007  -16.615  19.876 0.0000000000
78111  57.059  -15.972  25.120 0.0000000000
78135  55.299  -17.235  23.924 0.0000000000
78156  58.310  -15.497  21.409 0.0000000000
78159  54.702  -16.032  21.991 0.0000000000
78171  58.004  -16.003  20.457 0.0000000000
79170  54.290  -14.481  33.275 0.0000000000
79174  49.447  -16.017  33.024 0.0000000000
79271  53.623  -16.367  26.284 0.0000000000
80272  52.282  -14.537  34.068 0.0000000000
80280  54.425  -14.362  33.124 0.0000000000
80283  52.157  -14.370  33.962 0.0000000000
80294  54.501  -14.249  32.805 0.0000000000
80295  53.958  -13.784  32.759 0.0000000000
80298  50.756  -14.521  33.074 0.0000000000
80308  50.766  -14.829  32.382 0.0000000000
81316  52.210  -14.286  34.058 0.0000000000
81317  51.722  -14.339  34.047 0.0000000000
81321  53.655  -13.788  33.186 0.0000000000
81324  51.424  -14.211  33.956 0.0000000000
81336  52.591  -13.884  33.245 0.0000000000
