#!ascii label  , from subject sub.01.dh.02t2 vox2ras=TkReg
1119
57489  22.736  -31.165  52.102 0.0000000000
54926  33.640  -33.361  59.275 0.0000000000
74758  38.725  -18.723  35.412 0.0000000000
66023  33.283  -26.393  46.500 0.0000000000
61169  37.532  -29.667  51.421 0.0000000000
85608  48.234  -9.538  27.526 0.0000000000
70935  39.094  -20.623  38.615 0.0000000000
70922  33.199  -21.415  38.940 0.0000000000
57494  16.934  -32.858  52.382 0.0000000000
56157  28.150  -32.242  55.999 0.0000000000
57460  32.070  -31.442  53.971 0.0000000000
57584  25.449  -31.246  49.090 0.0000000000
81346  43.366  -13.216  31.618 0.0000000000
63510  26.577  -28.394  57.443 0.0000000000
61102  21.127  -28.803  57.633 0.0000000000
79155  43.061  -15.417  35.598 0.0000000000
57399  15.612  -31.695  57.054 0.0000000000
54969  10.872  -34.879  57.504 0.0000000000
73425  34.529  -20.167  44.708 0.0000000000
65988  36.155  -27.082  48.779 0.0000000000
57627  36.582  -33.084  46.755 0.0000000000
56303  34.260  -32.881  50.197 0.0000000000
73469  38.480  -19.935  40.112 0.0000000000
70938  36.545  -20.509  38.490 0.0000000000
72144  36.200  -19.899  40.650 0.0000000000
74697  40.575  -18.945  39.935 0.0000000000
58779  20.212  -31.751  49.748 0.0000000000
56311  18.318  -33.704  49.723 0.0000000000
57491  20.057  -31.565  52.102 0.0000000000
57444  25.326  -31.183  53.334 0.0000000000
56266  26.458  -32.079  52.559 0.0000000000
57533  23.713  -31.498  50.397 0.0000000000
57588  21.811  -32.706  47.802 0.0000000000
76972  38.649  -17.288  32.814 0.0000000000
74746  41.198  -19.384  36.179 0.0000000000
75889  40.601  -17.647  35.242 0.0000000000
78027  40.970  -16.069  33.485 0.0000000000
59892  20.928  -29.013  60.439 0.0000000000
57376  19.046  -31.077  57.957 0.0000000000
58630  17.915  -30.343  60.260 0.0000000000
56041  11.253  -33.105  61.872 0.0000000000
56075  12.149  -32.572  59.549 0.0000000000
54916  10.289  -34.425  60.042 0.0000000000
52456  8.640  -36.767  59.282 0.0000000000
52405  8.012  -36.471  61.969 0.0000000000
68382  37.824  -25.303  50.720 0.0000000000
63614  36.824  -27.783  49.938 0.0000000000
61211  36.852  -29.864  48.066 0.0000000000
58817  38.098  -32.013  48.539 0.0000000000
61184  30.874  -30.423  50.636 0.0000000000
56263  33.546  -32.103  51.720 0.0000000000
57581  32.386  -32.060  48.398 0.0000000000
56361  32.939  -33.454  47.685 0.0000000000
69627  32.415  -23.438  45.798 0.0000000000
68465  31.602  -23.265  43.180 0.0000000000
66039  31.270  -26.400  43.962 0.0000000000
86722  51.167  -7.847  25.470 0.0000000000
85615  49.321  -9.101  25.926 0.0000000000
72243  39.181  -20.071  36.546 0.0000000000
72229  36.212  -20.386  37.263 0.0000000000
72209  41.560  -20.046  38.183 0.0000000000
56129  30.924  -32.344  57.492 0.0000000000
56152  32.897  -32.606  56.715 0.0000000000
56210  29.524  -31.976  54.951 0.0000000000
58775  27.965  -31.140  51.122 0.0000000000
60052  26.754  -30.173  47.419 0.0000000000
82324  45.170  -12.175  34.296 0.0000000000
82344  46.227  -11.912  31.771 0.0000000000
83432  46.451  -11.422  29.503 0.0000000000
83443  46.359  -11.183  27.553 0.0000000000
59951  24.814  -29.948  54.635 0.0000000000
59963  21.549  -29.643  54.478 0.0000000000
64747  23.494  -27.374  56.755 0.0000000000
59929  27.115  -30.499  56.602 0.0000000000
80287  43.447  -14.122  33.702 0.0000000000
58705  19.780  -30.848  55.251 0.0000000000
56189  17.187  -32.174  55.409 0.0000000000
56164  14.042  -32.940  55.314 0.0000000000
58653  14.992  -30.814  59.800 0.0000000000
56112  13.262  -32.571  57.128 0.0000000000
49936  6.592  -38.870  63.815 0.0000000000
73423  36.502  -19.575  43.746 0.0000000000
69599  34.155  -23.896  48.065 0.0000000000
69583  36.072  -24.603  49.548 0.0000000000
66009  34.626  -26.677  47.617 0.0000000000
62470  35.201  -29.056  47.177 0.0000000000
58887  36.430  -31.692  45.817 0.0000000000
57671  34.738  -33.423  44.504 0.0000000000
56207  34.476  -34.128  54.575 0.0000000000
57481  36.324  -34.046  52.490 0.0000000000
57524  37.760  -32.961  50.422 0.0000000000
57578  35.758  -33.649  48.613 0.0000000000
56382  34.095  -34.123  46.196 0.0000000000
70887  33.572  -20.323  41.716 0.0000000000
69697  31.606  -22.899  39.222 0.0000000000
73435  38.635  -19.239  41.830 0.0000000000
73470  37.627  -20.114  40.186 0.0000000000
73436  37.821  -19.630  41.600 0.0000000000
74683  39.607  -18.875  40.910 0.0000000000
57511  21.684  -31.586  51.335 0.0000000000
57512  20.457  -31.533  51.328 0.0000000000
57490  21.200  -31.334  52.063 0.0000000000
57464  24.155  -30.846  52.588 0.0000000000
57487  24.949  -31.688  52.221 0.0000000000
57510  22.885  -31.405  51.217 0.0000000000
57559  22.253  -31.564  49.920 0.0000000000
75892  38.391  -18.081  34.195 0.0000000000
74756  40.530  -19.326  35.819 0.0000000000
75881  41.054  -18.353  35.778 0.0000000000
75890  39.826  -17.867  35.021 0.0000000000
75907  39.620  -17.535  34.206 0.0000000000
56042  10.566  -33.585  62.289 0.0000000000
56057  10.666  -33.701  61.434 0.0000000000
53683  9.737  -34.917  60.461 0.0000000000
53684  9.208  -35.501  59.897 0.0000000000
52414  8.718  -35.860  60.520 0.0000000000
52415  8.196  -36.465  60.942 0.0000000000
64797  38.025  -26.836  50.985 0.0000000000
62419  37.204  -28.637  50.461 0.0000000000
61197  37.164  -29.683  49.337 0.0000000000
60021  37.792  -30.786  50.059 0.0000000000
54924  34.764  -34.149  58.553 0.0000000000
60036  30.253  -30.355  47.702 0.0000000000
58792  31.783  -31.326  49.168 0.0000000000
58820  31.060  -31.484  47.773 0.0000000000
57607  31.200  -32.027  46.950 0.0000000000
68435  32.833  -24.507  46.435 0.0000000000
68444  31.627  -24.691  44.760 0.0000000000
85603  48.304  -9.578  28.505 0.0000000000
85601  49.932  -9.138  29.314 0.0000000000
86717  49.530  -8.685  27.824 0.0000000000
86724  49.791  -8.376  26.375 0.0000000000
85612  48.591  -9.485  26.623 0.0000000000
70974  39.104  -20.498  37.564 0.0000000000
72227  38.284  -20.269  37.022 0.0000000000
70976  37.485  -20.441  37.579 0.0000000000
70920  35.596  -20.497  39.161 0.0000000000
70959  35.010  -20.547  37.909 0.0000000000
70940  34.052  -20.811  38.385 0.0000000000
73485  40.198  -19.925  39.584 0.0000000000
72201  40.351  -20.472  38.454 0.0000000000
72224  40.717  -20.359  37.364 0.0000000000
57515  17.425  -32.987  51.687 0.0000000000
56246  16.039  -33.289  52.900 0.0000000000
56156  29.226  -32.164  56.285 0.0000000000
56155  30.169  -31.996  56.553 0.0000000000
56211  28.800  -32.196  54.695 0.0000000000
57531  25.990  -31.787  50.668 0.0000000000
57508  27.301  -31.655  52.041 0.0000000000
57553  26.514  -31.174  50.192 0.0000000000
58821  27.334  -30.335  49.607 0.0000000000
58847  25.785  -30.799  47.809 0.0000000000
57609  24.284  -31.893  47.774 0.0000000000
62487  35.288  -29.986  45.010 0.0000000000
81340  44.436  -13.224  32.614 0.0000000000
82329  45.344  -12.342  33.260 0.0000000000
81345  44.491  -13.039  31.787 0.0000000000
82355  45.419  -11.829  29.633 0.0000000000
82362  45.069  -11.778  28.517 0.0000000000
83437  46.416  -11.180  28.515 0.0000000000
62347  25.476  -28.995  56.017 0.0000000000
62358  23.778  -28.787  55.195 0.0000000000
64745  24.659  -27.793  56.300 0.0000000000
61101  26.643  -29.830  56.490 0.0000000000
59941  25.705  -30.197  55.110 0.0000000000
80276  43.827  -13.957  35.037 0.0000000000
79175  42.878  -14.729  34.151 0.0000000000
79193  40.935  -15.403  32.660 0.0000000000
61114  20.964  -29.187  55.846 0.0000000000
58704  20.365  -30.384  54.881 0.0000000000
58692  20.098  -30.292  55.644 0.0000000000
57378  17.763  -31.153  58.192 0.0000000000
57415  17.563  -31.771  56.204 0.0000000000
56133  16.860  -32.123  56.498 0.0000000000
56191  15.772  -32.514  54.783 0.0000000000
56135  15.394  -32.055  56.254 0.0000000000
58618  14.084  -30.909  61.648 0.0000000000
54935  10.963  -33.878  58.651 0.0000000000
56095  12.254  -32.718  58.695 0.0000000000
56139  12.071  -33.736  57.403 0.0000000000
56166  12.262  -34.041  56.576 0.0000000000
72076  33.758  -21.655  47.447 0.0000000000
67172  36.958  -25.796  50.174 0.0000000000
68384  36.886  -24.783  49.992 0.0000000000
67183  36.185  -25.928  48.981 0.0000000000
67185  35.270  -25.591  48.180 0.0000000000
66007  35.616  -27.110  48.191 0.0000000000
63640  35.068  -28.079  47.747 0.0000000000
63638  35.519  -28.177  48.165 0.0000000000
58842  37.474  -31.822  47.533 0.0000000000
60067  36.193  -30.801  46.741 0.0000000000
58868  36.369  -32.472  46.090 0.0000000000
58889  35.322  -32.886  44.827 0.0000000000
57646  35.053  -33.312  45.389 0.0000000000
57424  32.642  -32.017  55.582 0.0000000000
56178  33.917  -33.638  55.466 0.0000000000
56209  33.387  -32.526  54.116 0.0000000000
56283  33.994  -32.346  50.973 0.0000000000
56261  34.768  -32.970  52.597 0.0000000000
56281  35.197  -33.309  51.786 0.0000000000
57504  36.486  -33.908  51.810 0.0000000000
57526  35.688  -33.741  50.572 0.0000000000
57549  36.724  -33.328  49.518 0.0000000000
56319  35.075  -33.840  49.286 0.0000000000
56384  32.673  -33.655  46.539 0.0000000000
56360  33.470  -34.005  47.384 0.0000000000
73424  35.477  -19.743  44.243 0.0000000000
73439  35.440  -19.690  42.964 0.0000000000
70867  33.258  -20.870  43.328 0.0000000000
68467  30.963  -24.765  42.073 0.0000000000
69677  31.604  -22.825  41.293 0.0000000000
86730  51.528  -8.209  24.827 0.0000000000
72158  39.122  -20.159  39.553 0.0000000000
70937  37.564  -20.563  38.466 0.0000000000
72183  37.881  -20.309  39.623 0.0000000000
70900  36.007  -20.285  39.619 0.0000000000
70901  34.553  -20.479  40.334 0.0000000000
75814  40.332  -17.621  41.039 0.0000000000
74698  39.940  -19.357  40.129 0.0000000000
58801  19.087  -32.507  49.630 0.0000000000
57513  19.337  -31.906  51.349 0.0000000000
57492  19.011  -31.996  52.279 0.0000000000
56186  26.788  -32.136  54.401 0.0000000000
56213  27.215  -32.299  54.000 0.0000000000
56244  26.093  -32.179  52.910 0.0000000000
56287  25.447  -31.984  51.525 0.0000000000
57556  24.561  -31.540  49.568 0.0000000000
57586  23.889  -31.850  48.636 0.0000000000
57587  22.680  -32.256  48.517 0.0000000000
58826  21.543  -32.249  48.409 0.0000000000
81347  42.573  -13.170  31.066 0.0000000000
64720  25.515  -26.901  57.455 0.0000000000
75871  42.288  -18.299  36.577 0.0000000000
76941  42.312  -17.444  36.137 0.0000000000
78003  41.796  -16.323  34.874 0.0000000000
78011  41.342  -16.146  34.140 0.0000000000
76969  40.683  -16.796  34.381 0.0000000000
76983  39.816  -16.761  33.385 0.0000000000
61092  20.997  -29.011  58.725 0.0000000000
58667  19.991  -30.413  57.410 0.0000000000
59919  19.767  -30.404  58.683 0.0000000000
58649  18.057  -30.504  59.203 0.0000000000
57357  17.077  -30.930  58.827 0.0000000000
58619  13.266  -31.378  61.657 0.0000000000
57328  11.797  -32.457  61.405 0.0000000000
54915  10.809  -33.742  59.625 0.0000000000
54936  10.310  -34.436  59.008 0.0000000000
53712  9.475  -35.904  58.118 0.0000000000
65954  37.665  -26.399  50.443 0.0000000000
64816  36.555  -27.348  49.349 0.0000000000
63627  35.812  -28.248  48.381 0.0000000000
62444  36.398  -29.064  48.758 0.0000000000
60047  37.629  -30.375  48.110 0.0000000000
58818  37.309  -32.527  47.866 0.0000000000
59996  31.174  -30.708  52.152 0.0000000000
57482  32.989  -31.856  52.413 0.0000000000
57528  32.590  -31.587  50.774 0.0000000000
57527  33.158  -32.123  50.047 0.0000000000
56322  33.492  -32.695  49.454 0.0000000000
56342  33.445  -33.977  48.633 0.0000000000
56362  32.697  -32.680  47.801 0.0000000000
56385  32.150  -33.123  46.967 0.0000000000
72107  33.786  -21.079  45.102 0.0000000000
70868  32.661  -21.825  43.660 0.0000000000
69655  32.163  -22.801  43.965 0.0000000000
68453  31.419  -24.479  43.798 0.0000000000
87830  50.762  -7.541  26.679 0.0000000000
86723  50.337  -8.139  25.862 0.0000000000
73532  39.095  -19.546  36.145 0.0000000000
74759  37.459  -18.892  35.404 0.0000000000
73533  37.955  -19.526  36.173 0.0000000000
70958  36.374  -20.568  37.917 0.0000000000
72214  35.282  -20.533  37.454 0.0000000000
75827  42.254  -18.166  39.997 0.0000000000
74709  42.671  -19.138  39.017 0.0000000000
73509  42.760  -19.256  38.094 0.0000000000
73519  41.656  -19.785  37.155 0.0000000000
73530  40.722  -20.029  36.047 0.0000000000
54946  32.627  -33.048  58.765 0.0000000000
54962  33.186  -32.880  58.012 0.0000000000
56128  31.705  -32.717  57.584 0.0000000000
56181  31.450  -31.924  56.208 0.0000000000
58715  30.629  -31.509  54.201 0.0000000000
56264  27.926  -32.099  53.280 0.0000000000
57484  28.588  -31.567  53.096 0.0000000000
59974  29.881  -31.061  53.177 0.0000000000
61162  29.578  -30.434  51.190 0.0000000000
61187  28.781  -29.777  49.056 0.0000000000
61229  27.497  -30.077  46.363 0.0000000000
83414  47.109  -11.276  31.995 0.0000000000
82346  44.851  -12.575  31.094 0.0000000000
82349  46.313  -11.922  30.945 0.0000000000
83427  47.221  -11.592  30.756 0.0000000000
83431  47.372  -11.177  29.845 0.0000000000
84521  47.639  -10.544  29.287 0.0000000000
84529  47.668  -10.003  27.501 0.0000000000
84532  47.678  -10.271  26.540 0.0000000000
58718  23.900  -30.219  53.336 0.0000000000
58719  22.065  -30.071  53.481 0.0000000000
59962  22.737  -29.492  54.082 0.0000000000
62359  23.031  -28.417  55.396 0.0000000000
63525  22.251  -27.878  57.233 0.0000000000
65860  24.538  -26.575  57.510 0.0000000000
62325  21.522  -28.374  58.524 0.0000000000
63489  22.013  -28.176  60.196 0.0000000000
56069  32.898  -33.129  60.177 0.0000000000
56092  31.555  -32.558  59.323 0.0000000000
56109  29.973  -31.876  58.247 0.0000000000
56132  28.439  -32.006  57.052 0.0000000000
57374  28.287  -31.680  57.559 0.0000000000
57411  27.248  -31.974  55.805 0.0000000000
57412  26.780  -31.514  55.186 0.0000000000
58702  25.292  -30.554  54.098 0.0000000000
82319  44.625  -12.643  34.861 0.0000000000
81326  44.363  -13.239  33.468 0.0000000000
80309  43.028  -13.809  32.293 0.0000000000
79177  41.754  -15.416  33.649 0.0000000000
79203  42.031  -14.503  32.662 0.0000000000
80310  42.269  -13.826  31.928 0.0000000000
58735  21.106  -30.912  53.069 0.0000000000
58736  20.091  -30.971  53.690 0.0000000000
57468  18.596  -31.966  53.220 0.0000000000
57413  19.019  -31.460  56.469 0.0000000000
57431  18.091  -31.816  55.244 0.0000000000
57448  16.968  -32.378  53.898 0.0000000000
56218  16.379  -32.451  54.325 0.0000000000
56220  14.986  -34.513  53.877 0.0000000000
58652  15.840  -30.536  59.648 0.0000000000
57359  15.257  -30.820  58.802 0.0000000000
57360  14.016  -31.366  59.369 0.0000000000
57400  14.622  -31.767  56.964 0.0000000000
56137  13.513  -32.748  56.276 0.0000000000
49959  6.898  -38.557  62.612 0.0000000000
73421  38.222  -19.481  43.380 0.0000000000
73408  34.473  -20.524  45.784 0.0000000000
72091  33.688  -21.409  46.294 0.0000000000
69626  32.858  -23.501  46.749 0.0000000000
68434  33.479  -24.513  47.191 0.0000000000
69585  34.820  -24.017  48.543 0.0000000000
68424  34.422  -24.847  47.860 0.0000000000
66022  33.908  -26.594  47.226 0.0000000000
64862  34.306  -27.500  47.243 0.0000000000
62471  35.085  -29.270  46.224 0.0000000000
61243  35.469  -30.116  45.945 0.0000000000
62456  35.630  -29.092  47.629 0.0000000000
60068  35.768  -30.479  46.325 0.0000000000
60107  36.230  -31.198  44.189 0.0000000000
58888  35.909  -32.108  44.918 0.0000000000
57696  34.871  -33.717  43.569 0.0000000000
59994  37.581  -30.642  52.557 0.0000000000
54976  34.017  -33.686  56.959 0.0000000000
56176  35.129  -33.532  55.784 0.0000000000
56205  35.724  -33.444  55.169 0.0000000000
56238  34.168  -32.763  53.395 0.0000000000
56236  35.192  -34.173  53.825 0.0000000000
57458  36.624  -32.837  53.970 0.0000000000
57457  37.121  -32.349  53.433 0.0000000000
58759  37.895  -31.821  52.265 0.0000000000
58772  38.320  -31.783  51.236 0.0000000000
58791  38.226  -32.244  49.702 0.0000000000
57576  37.398  -32.547  48.480 0.0000000000
57604  36.181  -33.322  47.482 0.0000000000
56341  34.459  -34.110  48.294 0.0000000000
57605  35.140  -33.735  47.443 0.0000000000
57629  34.653  -33.797  46.145 0.0000000000
57647  34.303  -33.785  45.157 0.0000000000
73438  36.610  -19.493  42.397 0.0000000000
72163  35.112  -20.174  40.795 0.0000000000
70902  33.159  -21.160  39.926 0.0000000000
70877  32.716  -21.191  42.524 0.0000000000
69684  32.180  -21.974  40.695 0.0000000000
69696  32.273  -22.014  39.584 0.0000000000
83451  48.472  -10.589  25.396 0.0000000000
74671  38.978  -18.946  42.240 0.0000000000
72128  38.347  -19.458  41.647 0.0000000000
72117  38.359  -19.333  42.238 0.0000000000
75816  39.326  -18.702  41.678 0.0000000000
58748  21.773  -31.139  52.532 0.0000000000
57465  23.288  -30.757  52.447 0.0000000000
57488  24.193  -31.323  51.855 0.0000000000
74772  38.597  -18.303  34.725 0.0000000000
74773  37.966  -18.333  34.761 0.0000000000
74757  39.740  -19.149  35.688 0.0000000000
75882  40.234  -18.495  35.507 0.0000000000
75883  39.549  -18.460  35.282 0.0000000000
75891  39.102  -18.123  34.622 0.0000000000
53654  9.736  -34.803  61.878 0.0000000000
54888  10.067  -34.300  61.833 0.0000000000
53667  9.742  -34.858  61.365 0.0000000000
53668  9.292  -35.408  60.979 0.0000000000
52404  8.628  -35.821  61.469 0.0000000000
62411  37.634  -28.491  51.301 0.0000000000
61182  37.329  -29.363  50.777 0.0000000000
61183  37.306  -29.820  49.994 0.0000000000
61170  37.406  -30.149  50.651 0.0000000000
56088  34.680  -33.554  59.566 0.0000000000
54925  34.357  -33.672  58.961 0.0000000000
60050  30.215  -30.551  46.942 0.0000000000
60049  30.628  -30.931  47.520 0.0000000000
58845  30.346  -31.156  46.349 0.0000000000
58870  30.642  -31.746  46.251 0.0000000000
67206  32.733  -25.438  46.130 0.0000000000
67218  31.947  -25.432  45.385 0.0000000000
85602  49.264  -9.288  28.823 0.0000000000
85607  48.929  -9.116  28.055 0.0000000000
85611  48.954  -8.990  27.151 0.0000000000
70955  39.277  -20.651  38.048 0.0000000000
70975  38.325  -20.428  37.535 0.0000000000
70956  38.355  -20.570  37.973 0.0000000000
70921  34.286  -20.696  39.184 0.0000000000
70941  33.075  -21.582  38.065 0.0000000000
72202  39.655  -20.594  38.343 0.0000000000
70973  39.582  -20.539  37.722 0.0000000000
57493  17.941  -32.412  52.400 0.0000000000
56270  16.244  -33.508  52.509 0.0000000000
56184  28.532  -32.342  55.274 0.0000000000
57555  25.328  -31.582  49.964 0.0000000000
57554  26.039  -31.341  49.855 0.0000000000
57583  25.794  -31.128  49.314 0.0000000000
58823  25.911  -30.865  48.933 0.0000000000
58824  25.429  -31.146  48.301 0.0000000000
58848  24.929  -31.364  47.440 0.0000000000
57608  24.963  -31.387  48.295 0.0000000000
62505  35.781  -29.971  44.288 0.0000000000
81341  43.717  -13.512  32.383 0.0000000000
81344  45.053  -12.876  32.244 0.0000000000
82371  45.003  -11.776  27.439 0.0000000000
62336  26.238  -29.146  56.467 0.0000000000
63539  25.038  -28.215  56.164 0.0000000000
63523  25.900  -28.312  56.715 0.0000000000
62324  26.736  -29.255  57.062 0.0000000000
77991  42.761  -16.050  35.676 0.0000000000
79154  43.616  -14.930  35.849 0.0000000000
80266  43.539  -14.610  35.424 0.0000000000
79166  42.718  -15.092  34.732 0.0000000000
61113  21.313  -28.728  56.544 0.0000000000
59942  20.427  -29.733  56.174 0.0000000000
61103  20.780  -29.267  56.837 0.0000000000
57398  16.479  -31.793  57.116 0.0000000000
56134  16.220  -32.202  56.456 0.0000000000
54951  11.317  -34.192  57.846 0.0000000000
56114  11.765  -33.423  58.255 0.0000000000
54968  11.598  -34.493  57.014 0.0000000000
65972  36.622  -26.603  49.516 0.0000000000
67173  36.538  -25.882  49.586 0.0000000000
65973  36.368  -26.299  49.104 0.0000000000
65990  35.618  -26.358  48.227 0.0000000000
65989  35.921  -26.716  48.551 0.0000000000
64844  35.600  -27.498  48.256 0.0000000000
64829  35.828  -27.516  48.480 0.0000000000
58843  37.088  -32.525  46.926 0.0000000000
58867  36.848  -31.642  46.588 0.0000000000
57628  35.698  -33.264  46.369 0.0000000000
57440  32.579  -31.901  54.760 0.0000000000
56282  34.659  -32.645  51.374 0.0000000000
56302  35.157  -33.196  50.431 0.0000000000
56301  35.690  -33.792  51.222 0.0000000000
57550  35.805  -33.710  49.882 0.0000000000
56320  34.238  -33.873  49.576 0.0000000000
73440  34.623  -19.901  43.727 0.0000000000
72120  33.819  -20.483  44.007 0.0000000000
72159  38.980  -20.002  39.750 0.0000000000
72182  38.577  -20.325  39.467 0.0000000000
73487  38.072  -20.139  39.852 0.0000000000
73471  36.836  -20.053  40.692 0.0000000000
72161  36.646  -20.155  39.980 0.0000000000
72162  35.653  -20.113  40.371 0.0000000000
76883  40.709  -17.299  40.788 0.0000000000
74699  39.484  -19.299  40.510 0.0000000000
73468  39.350  -19.768  39.977 0.0000000000
73486  39.683  -20.100  39.564 0.0000000000
56187  26.098  -31.830  53.772 0.0000000000
56214  26.467  -32.073  53.581 0.0000000000
56215  25.702  -31.909  53.155 0.0000000000
56269  24.466  -31.506  51.425 0.0000000000
56268  25.017  -31.835  51.879 0.0000000000
56288  24.849  -31.692  51.239 0.0000000000
56308  25.171  -31.718  50.717 0.0000000000
56325  24.187  -31.538  50.331 0.0000000000
57557  23.783  -31.621  49.585 0.0000000000
58778  21.236  -31.720  49.834 0.0000000000
58798  21.858  -31.866  49.305 0.0000000000
58799  20.772  -31.954  48.986 0.0000000000
74745  41.932  -19.259  36.792 0.0000000000
75872  41.651  -18.709  36.278 0.0000000000
76948  41.029  -17.700  35.458 0.0000000000
75880  41.736  -18.016  36.111 0.0000000000
76947  41.598  -17.298  35.535 0.0000000000
77987  42.344  -16.941  35.798 0.0000000000
76958  41.023  -17.053  34.939 0.0000000000
75905  40.615  -17.228  34.956 0.0000000000
75908  38.910  -17.743  33.729 0.0000000000
75919  39.820  -17.064  33.856 0.0000000000
76971  39.386  -17.210  33.399 0.0000000000
59917  20.728  -29.296  59.340 0.0000000000
59918  20.275  -29.899  58.463 0.0000000000
59904  20.361  -29.609  59.763 0.0000000000
58629  18.713  -30.441  60.145 0.0000000000
57356  17.547  -30.740  58.915 0.0000000000
58650  17.405  -30.562  59.537 0.0000000000
57316  11.819  -32.452  62.297 0.0000000000
57327  12.467  -31.876  61.856 0.0000000000
54898  10.765  -33.725  60.586 0.0000000000
53711  10.048  -35.218  58.170 0.0000000000
53698  9.736  -34.970  59.409 0.0000000000
52432  8.680  -36.009  59.752 0.0000000000
52455  8.850  -35.942  59.208 0.0000000000
51179  7.607  -37.228  61.451 0.0000000000
64806  37.504  -27.020  50.427 0.0000000000
64805  37.863  -26.634  50.655 0.0000000000
64815  36.907  -27.138  49.951 0.0000000000
65971  36.865  -26.808  49.910 0.0000000000
63615  36.516  -28.038  49.326 0.0000000000
62432  36.661  -28.890  49.406 0.0000000000
60033  37.988  -30.558  48.969 0.0000000000
61210  37.088  -29.813  48.729 0.0000000000
60034  38.051  -31.114  47.920 0.0000000000
60010  31.210  -30.630  51.110 0.0000000000
58760  32.004  -30.977  51.506 0.0000000000
60022  31.384  -30.610  50.041 0.0000000000
57552  32.580  -31.729  49.597 0.0000000000
56305  33.490  -32.431  49.950 0.0000000000
57551  33.089  -32.302  49.064 0.0000000000
56343  33.262  -32.963  48.600 0.0000000000
56344  32.933  -32.466  48.299 0.0000000000
57631  31.378  -32.827  46.497 0.0000000000
70840  32.866  -22.230  45.682 0.0000000000
70857  32.585  -22.403  44.622 0.0000000000
69640  32.206  -23.266  44.901 0.0000000000
67219  31.458  -25.442  44.427 0.0000000000
67230  31.053  -25.409  43.298 0.0000000000
85622  49.735  -9.318  25.377 0.0000000000
85621  50.317  -8.995  25.104 0.0000000000
84540  49.648  -9.803  25.217 0.0000000000
72244  38.519  -19.915  36.560 0.0000000000
72228  37.327  -20.333  37.170 0.0000000000
73523  37.044  -20.068  36.620 0.0000000000
73524  35.971  -20.029  36.413 0.0000000000
70957  37.483  -20.506  37.982 0.0000000000
70960  33.819  -21.018  37.618 0.0000000000
70978  34.505  -20.694  37.331 0.0000000000
72231  34.042  -21.096  35.948 0.0000000000
75828  40.773  -18.019  40.350 0.0000000000
76895  41.644  -17.209  40.491 0.0000000000
74696  41.427  -18.779  39.641 0.0000000000
72199  41.564  -19.969  38.417 0.0000000000
74710  41.793  -19.372  39.070 0.0000000000
74723  42.418  -19.357  38.706 0.0000000000
73498  42.802  -19.225  38.602 0.0000000000
73510  41.897  -19.761  37.718 0.0000000000
74737  42.051  -19.484  37.272 0.0000000000
72242  39.763  -20.269  36.551 0.0000000000
73521  40.349  -20.320  36.391 0.0000000000
73531  39.957  -20.001  36.019 0.0000000000
56107  31.596  -32.751  58.352 0.0000000000
56106  32.188  -33.031  58.279 0.0000000000
56182  30.341  -31.847  55.810 0.0000000000
57427  30.128  -31.769  55.039 0.0000000000
57426  30.911  -31.621  55.379 0.0000000000
57443  29.666  -31.739  54.391 0.0000000000
56243  26.839  -32.100  53.277 0.0000000000
56242  27.603  -32.227  53.601 0.0000000000
56265  27.260  -31.953  52.893 0.0000000000
57507  27.663  -31.507  51.692 0.0000000000
57485  28.032  -31.807  52.715 0.0000000000
58747  28.591  -31.465  52.703 0.0000000000
58746  29.118  -31.269  53.132 0.0000000000
58761  28.970  -31.190  52.438 0.0000000000
59998  29.283  -30.812  51.744 0.0000000000
59999  28.644  -30.923  51.312 0.0000000000
60038  26.787  -30.249  48.312 0.0000000000
60024  28.102  -30.191  49.701 0.0000000000
60037  27.636  -29.932  48.517 0.0000000000
61213  28.458  -29.709  47.445 0.0000000000
61214  27.745  -29.890  47.059 0.0000000000
57610  23.391  -32.587  47.563 0.0000000000
57611  22.342  -33.213  47.197 0.0000000000
82339  45.540  -12.437  32.387 0.0000000000
82328  45.784  -11.939  33.043 0.0000000000
82338  45.930  -11.942  32.613 0.0000000000
83415  46.644  -11.497  32.195 0.0000000000
81352  43.314  -12.730  30.452 0.0000000000
81351  44.129  -12.765  31.081 0.0000000000
82350  45.475  -12.147  30.656 0.0000000000
82354  46.091  -11.710  30.253 0.0000000000
82348  46.750  -11.766  31.292 0.0000000000
83428  46.734  -11.635  30.260 0.0000000000
83430  47.807  -11.037  30.436 0.0000000000
83436  47.125  -10.940  28.948 0.0000000000
83442  46.962  -10.641  28.032 0.0000000000
84525  47.607  -10.178  28.514 0.0000000000
58703  24.529  -30.095  54.041 0.0000000000
59952  23.929  -29.675  54.248 0.0000000000
62349  23.800  -28.403  55.588 0.0000000000
63557  22.791  -28.032  55.989 0.0000000000
62360  22.471  -28.228  55.818 0.0000000000
63524  22.873  -27.570  56.953 0.0000000000
65859  25.137  -26.520  57.545 0.0000000000
64722  23.124  -27.000  58.559 0.0000000000
63513  22.001  -27.806  58.256 0.0000000000
63500  21.988  -27.983  59.361 0.0000000000
56070  32.269  -32.670  60.238 0.0000000000
59916  27.415  -30.671  57.484 0.0000000000
58679  27.515  -31.145  56.850 0.0000000000
57375  27.815  -31.578  57.103 0.0000000000
58690  27.115  -31.137  55.891 0.0000000000
58717  24.871  -30.631  53.399 0.0000000000
74760  36.318  -18.999  35.205 0.0000000000
80286  43.819  -13.816  34.256 0.0000000000
81327  43.844  -13.686  32.998 0.0000000000
80300  43.123  -14.152  32.944 0.0000000000
78012  41.411  -15.707  33.598 0.0000000000
79205  40.474  -14.947  31.760 0.0000000000
79204  41.417  -14.596  32.317 0.0000000000
80311  41.305  -14.066  31.395 0.0000000000
58720  20.766  -30.355  54.052 0.0000000000
58721  19.856  -30.942  54.512 0.0000000000
57446  19.295  -31.582  54.014 0.0000000000
58668  19.525  -30.734  58.020 0.0000000000
58681  19.596  -30.950  56.956 0.0000000000
57395  19.066  -31.263  57.423 0.0000000000
56188  17.614  -31.851  55.597 0.0000000000
56216  17.611  -31.978  55.045 0.0000000000
57447  18.039  -31.977  54.329 0.0000000000
56217  17.139  -32.204  54.701 0.0000000000
56163  15.096  -32.359  55.369 0.0000000000
56192  14.832  -33.139  54.504 0.0000000000
56193  13.852  -34.205  54.597 0.0000000000
58633  15.461  -30.553  60.631 0.0000000000
57341  12.610  -31.858  60.517 0.0000000000
57383  12.811  -32.379  58.363 0.0000000000
57382  13.616  -32.043  57.933 0.0000000000
57381  14.832  -31.397  57.946 0.0000000000
57401  13.902  -32.225  56.884 0.0000000000
51145  7.477  -37.137  63.124 0.0000000000
51146  7.261  -37.885  63.390 0.0000000000
51147  6.891  -38.521  63.683 0.0000000000
49960  6.624  -38.968  63.148 0.0000000000
73406  36.436  -19.806  44.929 0.0000000000
73388  35.309  -20.211  46.438 0.0000000000
73389  34.377  -20.777  46.885 0.0000000000
70815  33.907  -22.855  48.103 0.0000000000
70827  33.240  -22.512  47.038 0.0000000000
69613  33.643  -23.765  47.526 0.0000000000
69571  36.565  -24.045  49.821 0.0000000000
69584  35.514  -24.222  49.195 0.0000000000
67194  35.388  -26.069  48.094 0.0000000000
68412  34.949  -25.041  48.138 0.0000000000
67195  34.672  -25.731  47.855 0.0000000000
67204  34.148  -26.134  47.628 0.0000000000
63655  35.058  -28.659  47.372 0.0000000000
62457  35.385  -29.479  46.763 0.0000000000
62445  36.135  -29.106  48.192 0.0000000000
61225  36.344  -29.909  47.453 0.0000000000
60086  36.323  -31.309  46.223 0.0000000000
60087  36.038  -30.982  45.619 0.0000000000
58909  35.557  -31.991  43.609 0.0000000000
58910  35.105  -32.737  44.047 0.0000000000
56126  33.325  -32.919  57.236 0.0000000000
54961  33.780  -33.461  57.547 0.0000000000
56125  33.756  -33.353  56.897 0.0000000000
56177  34.622  -34.126  55.622 0.0000000000
56206  35.261  -34.127  54.920 0.0000000000
56239  33.556  -32.219  52.938 0.0000000000
56260  35.103  -33.900  52.765 0.0000000000
56259  35.978  -34.097  53.149 0.0000000000
56235  35.968  -34.078  54.286 0.0000000000
56258  36.465  -33.653  53.777 0.0000000000
57480  36.915  -33.521  52.893 0.0000000000
57503  37.377  -33.351  51.632 0.0000000000
57502  38.218  -32.695  51.517 0.0000000000
57523  38.331  -32.508  50.898 0.0000000000
58790  38.283  -31.541  50.338 0.0000000000
57577  36.893  -33.112  48.345 0.0000000000
56383  33.430  -34.106  46.064 0.0000000000
56359  34.193  -34.032  46.921 0.0000000000
57630  34.047  -34.105  45.699 0.0000000000
73422  37.559  -19.513  43.294 0.0000000000
72132  34.070  -19.886  42.713 0.0000000000
72131  35.108  -19.901  42.032 0.0000000000
72146  34.654  -20.070  41.421 0.0000000000
70888  32.876  -21.055  41.146 0.0000000000
69668  32.140  -22.214  43.099 0.0000000000
69685  31.580  -22.847  40.340 0.0000000000
87837  52.559  -7.318  24.949 0.0000000000
86729  52.671  -8.423  24.109 0.0000000000
87836  53.636  -7.471  24.587 0.0000000000
84536  47.774  -10.372  26.098 0.0000000000
83459  47.674  -11.190  25.284 0.0000000000
73451  38.607  -19.588  40.977 0.0000000000
72142  38.311  -19.665  41.291 0.0000000000
73452  38.097  -19.949  41.034 0.0000000000
73453  37.297  -19.800  41.281 0.0000000000
74684  39.107  -19.177  41.128 0.0000000000
57536  20.867  -31.581  50.550 0.0000000000
57466  20.647  -31.290  52.547 0.0000000000
57463  25.001  -31.510  52.604 0.0000000000
57509  23.770  -31.373  51.062 0.0000000000
57534  22.904  -31.473  50.442 0.0000000000
57535  21.952  -31.646  50.480 0.0000000000
75906  40.192  -17.295  34.671 0.0000000000
59893  20.661  -29.159  60.713 0.0000000000
59894  19.603  -29.825  60.575 0.0000000000
54899  10.230  -34.363  60.971 0.0000000000
52433  8.432  -36.442  60.107 0.0000000000
63599  38.145  -27.486  51.558 0.0000000000
63600  37.613  -27.644  50.897 0.0000000000
62431  36.898  -28.409  49.996 0.0000000000
62420  36.949  -29.120  49.825 0.0000000000
58816  38.287  -31.447  49.489 0.0000000000
61198  30.434  -30.123  49.001 0.0000000000
60023  31.105  -30.629  49.106 0.0000000000
58793  31.269  -31.203  48.487 0.0000000000
58819  31.612  -31.644  48.293 0.0000000000
57582  31.615  -31.959  47.761 0.0000000000
68443  32.125  -24.379  45.456 0.0000000000
85598  48.607  -9.795  29.219 0.0000000000
85597  49.277  -9.741  29.699 0.0000000000
86719  50.138  -7.948  26.829 0.0000000000
86720  49.545  -8.449  26.965 0.0000000000
85616  48.725  -9.517  26.194 0.0000000000
72226  39.101  -20.245  36.995 0.0000000000
70939  35.333  -20.570  38.518 0.0000000000
74712  40.415  -19.449  39.772 0.0000000000
74711  40.936  -19.414  39.466 0.0000000000
72179  41.021  -20.120  38.798 0.0000000000
72210  41.033  -20.259  37.906 0.0000000000
73511  41.292  -20.093  37.344 0.0000000000
72225  39.983  -20.383  37.116 0.0000000000
56290  17.671  -33.602  50.659 0.0000000000
56247  15.623  -33.955  52.976 0.0000000000
56130  30.063  -32.024  57.317 0.0000000000
56183  29.405  -32.104  55.573 0.0000000000
56306  26.293  -31.897  51.367 0.0000000000
56285  26.768  -31.831  52.070 0.0000000000
57530  26.828  -31.500  51.015 0.0000000000
58776  27.357  -31.149  50.772 0.0000000000
58794  27.664  -30.686  50.361 0.0000000000
58795  26.896  -30.826  50.153 0.0000000000
58822  26.636  -30.380  49.088 0.0000000000
58846  26.344  -30.530  48.286 0.0000000000
60053  25.871  -30.422  47.144 0.0000000000
62488  34.685  -29.620  44.972 0.0000000000
82330  44.816  -12.731  33.420 0.0000000000
81339  44.950  -12.807  32.842 0.0000000000
82345  45.465  -12.457  31.567 0.0000000000
82356  44.403  -12.219  29.100 0.0000000000
83433  45.828  -11.477  28.871 0.0000000000
83438  45.753  -11.482  28.019 0.0000000000
83444  45.803  -11.703  27.135 0.0000000000
61112  25.107  -29.575  55.391 0.0000000000
61122  24.246  -29.310  54.930 0.0000000000
62348  24.537  -28.811  55.596 0.0000000000
63540  24.262  -28.107  55.959 0.0000000000
64746  24.148  -27.526  56.416 0.0000000000
59940  26.549  -30.358  55.771 0.0000000000
61111  26.022  -29.656  55.803 0.0000000000
80277  43.296  -14.515  34.688 0.0000000000
59953  21.404  -29.433  54.953 0.0000000000
59964  20.865  -30.023  54.637 0.0000000000
59954  20.914  -29.653  55.214 0.0000000000
57377  18.584  -31.158  57.952 0.0000000000
57396  18.321  -31.475  57.157 0.0000000000
57397  17.395  -31.721  56.890 0.0000000000
56160  17.298  -32.026  56.054 0.0000000000
56161  16.752  -32.381  55.900 0.0000000000
56190  16.574  -32.356  55.147 0.0000000000
56162  16.019  -32.385  55.675 0.0000000000
58617  15.005  -30.421  61.610 0.0000000000
58634  14.345  -30.798  60.611 0.0000000000
56096  11.482  -33.143  59.153 0.0000000000
56113  12.601  -32.822  57.779 0.0000000000
56138  12.717  -33.227  56.774 0.0000000000
73369  34.367  -21.069  47.883 0.0000000000
72065  34.124  -21.858  48.225 0.0000000000
67160  37.598  -25.743  50.451 0.0000000000
68383  37.361  -25.021  50.317 0.0000000000
68397  36.820  -25.338  50.001 0.0000000000
68398  36.357  -25.157  49.573 0.0000000000
68399  35.811  -24.971  49.237 0.0000000000
68411  35.427  -25.143  48.631 0.0000000000
68410  35.872  -25.482  48.990 0.0000000000
66008  35.366  -26.698  47.991 0.0000000000
64846  34.945  -27.494  47.710 0.0000000000
64845  35.379  -27.487  48.036 0.0000000000
63639  35.292  -28.100  48.000 0.0000000000
63654  35.298  -28.637  47.740 0.0000000000
60048  37.110  -30.819  47.469 0.0000000000
58869  35.663  -32.782  45.510 0.0000000000
56180  32.432  -32.133  56.207 0.0000000000
56151  33.636  -33.043  56.375 0.0000000000
56179  33.252  -32.644  55.491 0.0000000000
56208  33.911  -33.341  54.416 0.0000000000
56262  34.158  -32.396  52.203 0.0000000000
56280  35.701  -34.114  52.133 0.0000000000
57525  36.545  -33.648  50.708 0.0000000000
57648  33.667  -34.137  45.158 0.0000000000
56406  33.079  -34.453  45.202 0.0000000000
70876  33.314  -20.473  42.582 0.0000000000
68482  31.389  -23.275  42.109 0.0000000000
68483  31.184  -23.919  41.315 0.0000000000
87838  51.760  -7.474  25.365 0.0000000000
70916  39.015  -20.581  38.914 0.0000000000
70936  38.451  -20.661  38.486 0.0000000000
70917  38.724  -20.623  38.924 0.0000000000
70918  37.703  -20.623  39.068 0.0000000000
70919  36.734  -20.473  38.976 0.0000000000
73488  38.011  -20.059  40.124 0.0000000000
70899  36.919  -20.418  39.297 0.0000000000
75829  40.078  -18.623  40.524 0.0000000000
72181  39.496  -20.411  39.125 0.0000000000
57538  18.725  -32.537  50.293 0.0000000000
57537  19.759  -31.753  50.520 0.0000000000
57514  18.320  -32.532  51.465 0.0000000000
56158  27.314  -32.193  55.201 0.0000000000
56185  27.651  -32.352  54.859 0.0000000000
56245  25.405  -31.982  52.527 0.0000000000
56267  25.743  -32.168  52.225 0.0000000000
56286  26.099  -32.153  51.820 0.0000000000
56307  25.765  -31.960  51.143 0.0000000000
57585  24.714  -31.472  48.894 0.0000000000
57558  22.796  -31.673  49.567 0.0000000000
58825  22.120  -32.124  48.829 0.0000000000
64719  26.024  -27.367  57.528 0.0000000000
64709  26.838  -27.537  58.141 0.0000000000
75870  42.844  -18.197  37.157 0.0000000000
76940  42.817  -17.478  36.733 0.0000000000
77992  42.377  -16.405  35.479 0.0000000000
79156  42.654  -15.891  35.439 0.0000000000
79167  42.438  -15.725  35.043 0.0000000000
76981  40.769  -16.516  33.961 0.0000000000
75918  39.983  -17.092  34.201 0.0000000000
76982  40.318  -16.689  33.811 0.0000000000
78013  39.501  -16.770  32.942 0.0000000000
61093  20.694  -29.356  57.755 0.0000000000
59930  20.344  -29.845  57.173 0.0000000000
58669  18.952  -30.922  58.443 0.0000000000
58628  19.278  -30.446  59.661 0.0000000000
58648  18.780  -30.692  59.176 0.0000000000
58670  18.404  -30.855  58.576 0.0000000000
57379  16.805  -31.396  57.959 0.0000000000
57380  15.888  -31.222  57.847 0.0000000000
57342  11.749  -32.581  60.813 0.0000000000
56056  11.271  -33.105  61.067 0.0000000000
56076  11.521  -32.964  60.213 0.0000000000
54952  10.654  -34.534  58.216 0.0000000000
53699  9.310  -35.563  58.867 0.0000000000
65941  38.245  -25.969  50.863 0.0000000000
65955  37.201  -26.168  50.278 0.0000000000
64828  36.177  -27.477  48.841 0.0000000000
63626  36.167  -28.197  48.805 0.0000000000
58730  31.589  -31.217  53.476 0.0000000000
57483  32.397  -31.374  53.038 0.0000000000
57506  32.553  -31.408  51.945 0.0000000000
57505  33.042  -31.929  51.237 0.0000000000
58774  31.997  -31.143  50.356 0.0000000000
56284  33.501  -32.222  50.599 0.0000000000
56304  33.740  -32.650  50.030 0.0000000000
56321  33.633  -33.351  49.483 0.0000000000
57606  31.846  -32.502  47.434 0.0000000000
56408  31.580  -33.499  45.725 0.0000000000
70856  33.203  -21.519  44.372 0.0000000000
68452  31.804  -23.807  44.361 0.0000000000
68466  31.193  -24.308  42.639 0.0000000000
87829  51.464  -7.223  26.151 0.0000000000
86731  50.832  -8.298  25.298 0.0000000000
84539  50.395  -10.234  24.660 0.0000000000
73522  37.857  -20.073  36.728 0.0000000000
73534  36.766  -19.540  35.947 0.0000000000
70977  36.884  -20.453  37.556 0.0000000000
72213  35.746  -20.562  37.708 0.0000000000
72230  34.878  -20.511  36.652 0.0000000000
75840  42.268  -18.855  39.455 0.0000000000
74736  42.670  -18.963  37.457 0.0000000000
73520  41.057  -20.098  36.722 0.0000000000
54927  33.015  -33.212  59.167 0.0000000000
54944  33.723  -33.382  58.415 0.0000000000
54963  32.600  -32.928  58.288 0.0000000000
56127  32.505  -32.808  57.625 0.0000000000
56153  31.981  -32.541  56.868 0.0000000000
56154  31.106  -32.200  56.799 0.0000000000
57425  31.946  -31.669  55.569 0.0000000000
57441  31.404  -31.465  54.697 0.0000000000
58714  31.281  -31.375  54.028 0.0000000000
56212  28.027  -32.370  54.356 0.0000000000
56241  28.355  -32.110  53.887 0.0000000000
56240  28.968  -31.872  54.349 0.0000000000
57462  28.266  -31.920  53.408 0.0000000000
58732  29.920  -31.448  53.772 0.0000000000
59972  31.138  -31.122  53.230 0.0000000000
59983  31.010  -30.986  52.833 0.0000000000
59997  30.315  -30.560  51.799 0.0000000000
61172  30.287  -30.288  51.020 0.0000000000
60013  28.526  -30.541  50.590 0.0000000000
61174  28.883  -30.051  49.895 0.0000000000
61186  29.662  -29.880  49.482 0.0000000000
61199  29.795  -29.907  48.421 0.0000000000
61212  29.554  -29.899  47.557 0.0000000000
61228  28.571  -30.031  46.402 0.0000000000
57633  23.923  -32.705  46.803 0.0000000000
64864  33.074  -27.229  46.017 0.0000000000
84492  47.546  -10.918  32.094 0.0000000000
83423  47.206  -11.432  31.564 0.0000000000
83422  47.734  -11.115  31.402 0.0000000000
83426  47.806  -11.178  31.056 0.0000000000
84520  48.242  -10.414  29.837 0.0000000000
84524  48.016  -10.040  29.127 0.0000000000
85604  47.862  -9.703  27.972 0.0000000000
85609  47.903  -9.713  27.672 0.0000000000
84531  48.052  -9.802  26.913 0.0000000000
58734  22.623  -30.620  52.719 0.0000000000
61123  23.166  -28.987  54.675 0.0000000000
61133  22.120  -29.299  54.549 0.0000000000
61124  21.809  -28.928  55.234 0.0000000000
62337  21.645  -28.265  57.435 0.0000000000
64732  25.137  -27.311  56.858 0.0000000000
64733  24.031  -26.935  57.062 0.0000000000
64721  23.837  -26.630  58.033 0.0000000000
64734  23.271  -27.102  57.521 0.0000000000
62315  21.523  -28.528  59.690 0.0000000000
61076  21.201  -28.811  60.504 0.0000000000
62305  21.811  -28.461  60.780 0.0000000000
61077  21.084  -28.825  61.119 0.0000000000
56067  34.380  -33.379  60.059 0.0000000000
56068  33.562  -33.352  60.032 0.0000000000
56090  32.981  -33.237  59.538 0.0000000000
56091  32.392  -32.981  59.190 0.0000000000
56108  30.821  -32.295  58.345 0.0000000000
56131  29.149  -32.073  57.091 0.0000000000
57410  27.843  -32.030  56.462 0.0000000000
57428  26.833  -31.940  54.997 0.0000000000
57429  26.249  -31.460  54.367 0.0000000000
58691  26.358  -30.861  55.007 0.0000000000
57445  24.633  -30.698  53.099 0.0000000000
74774  36.910  -18.462  34.595 0.0000000000
82318  45.174  -12.142  35.302 0.0000000000
81311  44.303  -13.356  35.426 0.0000000000
81318  44.263  -13.280  34.483 0.0000000000
82325  44.717  -12.686  33.932 0.0000000000
79176  42.228  -15.339  34.162 0.0000000000
79191  42.270  -14.739  33.257 0.0000000000
79192  41.575  -15.222  33.082 0.0000000000
80301  42.564  -14.220  32.612 0.0000000000
80316  41.900  -13.524  30.970 0.0000000000
57467  19.814  -31.468  52.992 0.0000000000
57469  17.458  -32.280  53.224 0.0000000000
58680  19.968  -30.356  56.531 0.0000000000
58693  19.526  -30.885  55.992 0.0000000000
57430  19.104  -31.654  55.261 0.0000000000
57414  18.062  -31.611  56.058 0.0000000000
57470  16.527  -32.822  53.103 0.0000000000
57471  15.989  -33.117  53.146 0.0000000000
57450  15.824  -33.173  53.362 0.0000000000
56219  15.608  -33.111  53.855 0.0000000000
58631  17.214  -30.458  60.454 0.0000000000
58651  16.706  -30.614  59.611 0.0000000000
57358  16.270  -30.771  58.698 0.0000000000
58635  13.508  -31.094  60.967 0.0000000000
57340  13.573  -31.184  60.347 0.0000000000
57361  12.878  -32.106  59.067 0.0000000000
56136  14.443  -32.264  56.148 0.0000000000
56165  12.909  -33.800  55.622 0.0000000000
51159  7.500  -37.188  62.531 0.0000000000
51160  7.212  -38.039  62.118 0.0000000000
49981  6.821  -38.661  61.980 0.0000000000
73420  38.593  -19.246  42.838 0.0000000000
73407  35.397  -19.895  45.375 0.0000000000
67205  33.575  -25.550  47.156 0.0000000000
70802  34.832  -23.033  49.038 0.0000000000
69586  34.515  -24.026  48.245 0.0000000000
69597  35.043  -24.591  48.488 0.0000000000
69598  34.590  -24.420  48.149 0.0000000000
69612  34.157  -24.334  47.839 0.0000000000
67196  34.015  -25.044  47.596 0.0000000000
64863  33.679  -27.330  46.662 0.0000000000
63657  33.973  -28.349  46.537 0.0000000000
63656  34.709  -28.423  47.033 0.0000000000
62472  34.416  -28.983  45.932 0.0000000000
61261  35.838  -30.394  44.743 0.0000000000
61226  35.744  -29.970  46.847 0.0000000000
58927  35.261  -32.857  43.091 0.0000000000
60008  37.533  -30.408  51.824 0.0000000000
54943  34.201  -33.948  58.111 0.0000000000
54942  34.804  -34.332  57.852 0.0000000000
56124  34.835  -34.314  57.102 0.0000000000
56150  34.116  -33.698  56.375 0.0000000000
56149  34.809  -34.185  56.514 0.0000000000
56148  35.305  -33.364  56.681 0.0000000000
56204  36.074  -32.789  55.322 0.0000000000
57459  32.847  -31.915  53.561 0.0000000000
56237  34.485  -33.696  53.524 0.0000000000
56234  36.295  -33.266  54.564 0.0000000000
57439  36.448  -32.599  54.776 0.0000000000
57479  38.045  -32.908  52.658 0.0000000000
59995  37.572  -31.216  51.760 0.0000000000
60009  37.566  -30.894  51.015 0.0000000000
57548  37.451  -32.632  49.178 0.0000000000
57603  36.958  -33.083  47.414 0.0000000000
56340  35.103  -33.954  48.636 0.0000000000
57579  35.106  -33.896  48.260 0.0000000000
57672  34.009  -34.250  44.333 0.0000000000
72130  37.866  -19.466  42.681 0.0000000000
73437  37.436  -19.398  42.118 0.0000000000
73454  36.472  -19.695  41.384 0.0000000000
73455  35.808  -19.734  41.968 0.0000000000
72145  35.540  -19.893  41.181 0.0000000000
69676  31.912  -22.168  42.018 0.0000000000
84535  48.304  -9.992  26.062 0.0000000000
84534  48.958  -10.162  25.427 0.0000000000
83450  48.892  -10.580  25.269 0.0000000000
54906  34.217  -33.476  59.550 0.0000000000
54907  33.948  -33.429  59.768 0.0000000000
54928  32.757  -33.134  59.143 0.0000000000
54945  33.087  -33.095  58.659 0.0000000000
54959  34.836  -34.365  57.382 0.0000000000
54960  34.340  -34.088  57.264 0.0000000000
54975  34.235  -33.943  56.761 0.0000000000
56089  33.271  -33.309  59.528 0.0000000000
56111  28.688  -31.807  57.594 0.0000000000
56123  35.356  -34.129  57.344 0.0000000000
56159  17.596  -31.774  55.944 0.0000000000
56289  24.249  -31.440  51.008 0.0000000000
56309  24.565  -31.563  50.722 0.0000000000
56310  24.148  -31.469  50.687 0.0000000000
56323  25.001  -31.642  50.080 0.0000000000
56324  24.579  -31.597  50.184 0.0000000000
57393  27.949  -31.884  56.952 0.0000000000
57394  27.578  -31.666  56.498 0.0000000000
57442  30.431  -31.617  54.663 0.0000000000
57449  16.200  -32.753  53.601 0.0000000000
57461  28.796  -31.645  53.663 0.0000000000
57486  27.322  -31.792  52.472 0.0000000000
57529  27.446  -31.351  51.176 0.0000000000
57532  25.575  -31.778  50.655 0.0000000000
57580  33.024  -32.395  48.568 0.0000000000
58647  19.358  -30.608  58.895 0.0000000000
58716  30.132  -31.664  54.258 0.0000000000
58731  30.826  -31.321  53.700 0.0000000000
58733  23.533  -30.540  52.683 0.0000000000
58745  31.781  -30.955  52.658 0.0000000000
58749  21.163  -31.185  52.544 0.0000000000
58762  28.452  -31.352  51.958 0.0000000000
58773  38.384  -32.271  50.489 0.0000000000
58777  21.809  -31.643  49.884 0.0000000000
58780  19.420  -32.145  49.845 0.0000000000
58796  26.341  -30.893  49.678 0.0000000000
58797  22.361  -31.992  49.043 0.0000000000
58844  30.707  -31.353  46.987 0.0000000000
58872  25.323  -30.908  46.820 0.0000000000
59903  20.863  -29.132  60.078 0.0000000000
59905  19.809  -30.192  59.355 0.0000000000
59973  30.523  -31.140  53.289 0.0000000000
59984  30.415  -30.844  52.692 0.0000000000
59985  29.609  -30.906  52.543 0.0000000000
60011  30.671  -30.483  51.251 0.0000000000
60012  29.093  -30.608  51.072 0.0000000000
60035  30.709  -30.657  48.233 0.0000000000
60051  27.597  -29.856  47.627 0.0000000000
60070  28.826  -30.493  45.724 0.0000000000
61082  21.087  -28.940  59.672 0.0000000000
61125  21.196  -29.268  55.403 0.0000000000
61132  22.452  -29.166  54.588 0.0000000000
61161  29.848  -30.469  51.479 0.0000000000
61171  30.774  -30.484  51.009 0.0000000000
61173  29.488  -30.136  50.514 0.0000000000
61185  30.555  -30.100  49.979 0.0000000000
61200  28.828  -29.676  48.193 0.0000000000
61227  29.390  -29.964  46.794 0.0000000000
62350  21.944  -28.254  56.414 0.0000000000
63511  26.419  -28.779  56.899 0.0000000000
63522  26.119  -27.957  57.176 0.0000000000
63541  23.304  -27.896  56.068 0.0000000000
63542  22.569  -27.934  56.387 0.0000000000
63556  22.895  -28.157  55.799 0.0000000000
63606  37.230  -27.701  50.413 0.0000000000
64731  25.818  -27.740  57.057 0.0000000000
64798  37.634  -27.201  50.658 0.0000000000
67184  35.704  -25.918  48.444 0.0000000000
68425  33.953  -24.528  47.619 0.0000000000
69570  37.136  -24.431  50.121 0.0000000000
70803  34.403  -23.604  48.407 0.0000000000
70841  32.456  -22.809  45.246 0.0000000000
70898  37.071  -20.570  38.908 0.0000000000
70954  39.606  -20.608  37.950 0.0000000000
72118  38.186  -19.428  42.736 0.0000000000
72119  37.972  -19.513  43.043 0.0000000000
72129  38.038  -19.438  42.083 0.0000000000
72143  38.137  -19.624  41.526 0.0000000000
72160  37.324  -20.389  39.473 0.0000000000
72180  40.613  -20.263  38.937 0.0000000000
72200  41.198  -20.098  38.527 0.0000000000
72211  40.016  -20.550  37.871 0.0000000000
72212  39.787  -20.570  37.979 0.0000000000
73346  34.480  -21.432  48.371 0.0000000000
73467  39.828  -19.723  39.888 0.0000000000
73482  43.113  -19.058  38.870 0.0000000000
73483  41.636  -19.662  38.827 0.0000000000
73499  41.881  -19.674  38.524 0.0000000000
73500  41.445  -19.917  38.657 0.0000000000
73508  43.292  -18.969  38.389 0.0000000000
74672  37.095  -19.495  41.709 0.0000000000
74673  36.980  -19.336  41.976 0.0000000000
74685  36.914  -19.627  41.521 0.0000000000
74686  36.799  -19.482  41.768 0.0000000000
74724  42.203  -19.398  38.810 0.0000000000
75888  40.779  -17.359  35.165 0.0000000000
76959  41.019  -17.442  35.276 0.0000000000
76970  40.246  -16.941  34.302 0.0000000000
78026  40.991  -16.409  34.008 0.0000000000
79190  42.784  -14.619  33.613 0.0000000000
81325  44.875  -12.761  33.183 0.0000000000
82343  46.688  -11.700  31.520 0.0000000000
83399  46.202  -11.520  33.150 0.0000000000
83424  46.664  -11.639  31.742 0.0000000000
84473  46.916  -10.963  32.643 0.0000000000
84493  47.045  -11.175  32.215 0.0000000000
84507  47.685  -11.066  31.629 0.0000000000
84528  47.968  -9.745  27.308 0.0000000000
85614  49.972  -8.734  25.604 0.0000000000
