#!ascii label  , from subject sub.01.dh.02t2 vox2ras=TkReg
1154
108596  44.890  16.349  7.706 0.0000000000
114208  49.473  23.760  9.132 0.0000000000
105111  51.073  11.549  12.235 0.0000000000
107084  40.532  14.755  11.906 0.0000000000
104484  42.825  10.541  10.199 0.0000000000
114232  48.280  24.122  5.681 0.0000000000
116257  46.448  28.472  15.572 0.0000000000
116337  44.195  28.108  11.535 0.0000000000
105067  51.900  11.103  17.734 0.0000000000
104413  45.659  10.721  14.902 0.0000000000
110064  49.404  18.995  3.822 0.0000000000
105704  48.500  12.962  9.953 0.0000000000
108572  46.963  16.878  10.007 0.0000000000
108526  49.192  16.449  15.855 0.0000000000
117748  42.376  29.095  6.060 0.0000000000
116380  48.148  28.541  6.702 0.0000000000
102282  45.571  7.526  6.692 0.0000000000
107847  42.483  15.229  10.122 0.0000000000
105685  41.929  12.575  12.327 0.0000000000
106339  44.472  13.455  11.246 0.0000000000
111453  46.696  20.433  6.630 0.0000000000
110728  43.942  19.017  9.024 0.0000000000
118264  43.797  30.368  16.112 0.0000000000
104359  52.952  10.412  21.172 0.0000000000
103654  50.061  9.669  19.936 0.0000000000
103627  50.852  8.986  23.106 0.0000000000
118373  43.174  30.253  1.741 0.0000000000
111459  50.465  20.980  6.863 0.0000000000
110025  48.013  18.425  6.835 0.0000000000
111432  48.348  20.509  9.454 0.0000000000
112039  45.376  21.663  15.907 0.0000000000
110658  47.497  19.710  14.963 0.0000000000
110629  48.233  19.141  17.526 0.0000000000
108492  49.991  17.170  18.596 0.0000000000
117025  47.033  28.420  11.248 0.0000000000
117709  46.578  29.309  8.992 0.0000000000
115602  48.407  26.450  7.846 0.0000000000
113574  49.930  23.356  4.846 0.0000000000
105125  49.967  11.564  10.028 0.0000000000
103780  48.001  9.161  6.925 0.0000000000
103005  49.226  7.652  8.882 0.0000000000
104487  40.025  10.467  10.179 0.0000000000
104532  40.292  9.772  7.474 0.0000000000
117141  47.827  28.695  4.158 0.0000000000
116382  45.854  26.966  6.246 0.0000000000
114873  46.430  25.849  10.573 0.0000000000
113483  47.797  22.771  11.218 0.0000000000
118298  39.592  30.121  12.330 0.0000000000
116341  40.402  27.184  10.514 0.0000000000
117690  45.821  29.077  13.264 0.0000000000
105083  51.352  11.463  14.665 0.0000000000
104449  49.131  10.346  12.814 0.0000000000
104394  48.852  10.893  16.348 0.0000000000
103658  45.945  9.403  19.005 0.0000000000
110054  47.179  17.945  4.855 0.0000000000
107122  46.556  15.019  7.558 0.0000000000
107133  48.832  14.990  4.809 0.0000000000
107871  49.373  15.103  8.314 0.0000000000
107089  49.930  14.628  10.900 0.0000000000
110680  47.008  19.438  12.297 0.0000000000
108547  47.335  16.215  13.068 0.0000000000
107062  50.257  14.387  14.117 0.0000000000
107036  51.420  14.615  16.901 0.0000000000
106996  51.591  14.015  20.439 0.0000000000
117792  41.429  29.737  3.369 0.0000000000
118933  44.461  31.581  4.736 0.0000000000
118324  45.753  30.673  6.922 0.0000000000
118339  47.835  30.947  4.941 0.0000000000
115631  49.472  26.480  4.030 0.0000000000
112132  48.709  21.697  5.135 0.0000000000
105140  45.803  10.895  9.829 0.0000000000
103800  43.923  9.931  5.731 0.0000000000
102325  41.694  7.686  4.866 0.0000000000
102973  45.980  8.600  10.898 0.0000000000
107867  43.313  16.148  8.943 0.0000000000
107104  43.261  14.830  9.936 0.0000000000
107856  44.184  15.394  9.019 0.0000000000
110026  45.567  18.050  7.143 0.0000000000
110726  45.313  19.760  7.912 0.0000000000
110011  44.393  18.176  8.419 0.0000000000
109298  43.073  17.226  9.161 0.0000000000
104335  53.077  10.344  23.225 0.0000000000
103637  52.399  9.345  22.127 0.0000000000
103625  52.432  9.112  24.040 0.0000000000
103790  38.175  8.650  7.552 0.0000000000
113528  50.048  23.181  8.532 0.0000000000
111450  50.041  20.930  7.797 0.0000000000
112091  50.299  22.121  9.738 0.0000000000
111358  45.474  20.531  16.626 0.0000000000
111356  47.209  20.049  16.380 0.0000000000
114878  47.881  25.782  9.605 0.0000000000
115600  47.869  27.123  9.074 0.0000000000
114214  48.976  25.102  8.587 0.0000000000
113545  49.970  23.683  7.269 0.0000000000
105124  50.580  11.449  10.792 0.0000000000
103748  50.263  9.404  9.813 0.0000000000
103734  50.336  9.622  10.846 0.0000000000
107075  39.937  14.544  12.650 0.0000000000
106320  40.297  13.533  13.108 0.0000000000
105116  42.413  11.606  11.895 0.0000000000
105117  41.219  11.113  11.832 0.0000000000
104485  41.878  10.489  10.171 0.0000000000
104504  40.282  10.260  9.219 0.0000000000
104518  41.547  10.113  8.294 0.0000000000
115623  47.776  26.430  4.889 0.0000000000
116393  46.997  27.225  5.455 0.0000000000
114896  46.768  25.620  6.388 0.0000000000
107849  41.098  16.017  10.759 0.0000000000
107842  39.978  15.388  11.883 0.0000000000
116302  46.373  27.644  13.086 0.0000000000
114868  45.619  25.724  11.257 0.0000000000
115562  44.909  26.557  13.587 0.0000000000
117652  45.050  29.792  15.810 0.0000000000
117665  44.752  29.411  14.744 0.0000000000
117677  46.344  29.228  14.371 0.0000000000
116301  46.737  27.979  12.755 0.0000000000
105069  51.524  11.343  16.751 0.0000000000
104408  50.635  10.543  15.814 0.0000000000
104382  50.833  10.320  17.676 0.0000000000
103648  48.012  9.436  20.517 0.0000000000
103656  47.970  9.789  19.640 0.0000000000
102903  46.585  9.059  20.229 0.0000000000
110053  47.795  17.985  4.247 0.0000000000
108613  47.769  15.967  4.341 0.0000000000
109339  48.625  17.225  4.342 0.0000000000
109294  47.453  17.565  8.047 0.0000000000
108593  48.445  16.200  7.374 0.0000000000
108585  48.512  16.076  8.411 0.0000000000
107853  49.577  15.034  10.212 0.0000000000
108570  48.394  15.829  10.381 0.0000000000
112778  47.962  22.679  12.617 0.0000000000
111408  48.882  21.398  12.042 0.0000000000
111385  48.165  21.230  13.568 0.0000000000
109240  48.002  17.688  15.560 0.0000000000
109249  46.926  17.531  14.018 0.0000000000
108537  47.930  16.144  14.770 0.0000000000
107821  49.187  15.081  13.659 0.0000000000
107054  49.837  14.861  14.802 0.0000000000
106301  51.132  14.093  15.361 0.0000000000
107793  50.671  15.813  16.782 0.0000000000
107012  49.943  15.531  19.404 0.0000000000
107763  50.999  15.795  19.771 0.0000000000
117779  41.646  29.862  4.389 0.0000000000
118352  42.563  30.445  3.994 0.0000000000
117762  43.433  30.167  5.573 0.0000000000
116339  42.617  27.468  11.037 0.0000000000
116362  42.333  27.483  9.093 0.0000000000
117058  43.700  27.746  9.579 0.0000000000
117069  47.517  28.828  8.055 0.0000000000
117721  46.077  29.643  8.420 0.0000000000
117732  47.342  29.822  7.478 0.0000000000
118330  46.661  31.332  6.592 0.0000000000
117744  48.123  29.646  6.297 0.0000000000
117758  48.622  29.348  4.277 0.0000000000
116390  49.370  27.284  4.814 0.0000000000
112148  50.297  21.466  4.156 0.0000000000
112870  49.737  22.249  4.197 0.0000000000
111482  49.352  20.510  4.053 0.0000000000
111472  47.484  19.626  5.070 0.0000000000
107099  47.367  14.465  8.375 0.0000000000
106350  46.817  13.524  10.152 0.0000000000
105705  47.516  12.772  10.249 0.0000000000
102309  47.066  7.837  5.319 0.0000000000
103782  45.587  9.512  6.864 0.0000000000
103822  44.634  8.575  4.745 0.0000000000
103824  42.882  8.789  4.700 0.0000000000
102313  43.104  7.787  5.161 0.0000000000
104426  46.444  10.756  14.106 0.0000000000
103723  46.798  9.666  11.874 0.0000000000
104440  45.438  10.192  13.013 0.0000000000
107848  41.922  15.402  10.611 0.0000000000
107073  41.248  14.085  12.156 0.0000000000
107082  42.608  14.270  11.242 0.0000000000
105697  43.183  12.639  11.887 0.0000000000
105115  43.798  11.815  11.637 0.0000000000
112850  47.726  22.105  6.618 0.0000000000
108582  41.935  17.014  9.756 0.0000000000
105055  52.541  10.938  19.686 0.0000000000
104373  50.945  9.994  18.521 0.0000000000
103652  52.081  9.509  20.293 0.0000000000
103639  50.302  9.386  21.570 0.0000000000
111469  50.217  20.313  5.015 0.0000000000
110768  49.482  18.895  4.863 0.0000000000
111461  49.325  19.851  6.271 0.0000000000
111452  48.294  19.850  7.439 0.0000000000
110711  46.920  19.288  9.380 0.0000000000
112740  46.151  22.101  14.988 0.0000000000
111376  47.489  20.823  14.614 0.0000000000
111370  47.330  20.428  15.572 0.0000000000
110653  47.786  19.470  16.018 0.0000000000
109935  48.946  18.680  16.777 0.0000000000
108501  50.096  17.421  17.650 0.0000000000
109223  49.280  18.488  18.082 0.0000000000
107772  48.233  16.344  18.462 0.0000000000
107014  48.314  15.381  18.672 0.0000000000
117109  40.938  28.469  6.393 0.0000000000
117027  45.619  28.622  11.830 0.0000000000
117056  45.900  29.006  9.420 0.0000000000
117039  47.266  28.507  10.245 0.0000000000
116360  47.706  27.839  8.501 0.0000000000
116368  48.157  27.300  7.554 0.0000000000
115608  49.165  26.431  5.666 0.0000000000
114885  49.268  25.303  6.739 0.0000000000
113563  50.313  23.077  6.161 0.0000000000
105703  49.401  12.776  9.927 0.0000000000
104496  48.661  10.354  9.140 0.0000000000
103757  49.382  9.620  8.618 0.0000000000
102278  49.166  7.934  7.088 0.0000000000
103034  47.214  7.482  7.463 0.0000000000
103680  44.376  10.176  15.986 0.0000000000
103702  44.010  9.887  13.900 0.0000000000
104455  38.660  11.084  12.026 0.0000000000
105686  41.144  12.416  12.832 0.0000000000
104454  39.588  10.899  12.000 0.0000000000
104471  38.869  10.644  11.213 0.0000000000
104506  38.506  10.281  9.471 0.0000000000
104534  39.149  9.733  7.724 0.0000000000
103805  39.235  8.668  6.320 0.0000000000
117775  46.546  29.833  4.222 0.0000000000
116394  45.728  27.871  5.766 0.0000000000
114872  47.242  25.779  10.044 0.0000000000
113495  49.173  22.903  10.137 0.0000000000
114205  46.609  24.735  10.446 0.0000000000
113485  46.098  23.478  11.504 0.0000000000
113476  45.337  23.092  12.180 0.0000000000
112781  45.183  22.439  13.045 0.0000000000
112753  44.726  21.915  14.564 0.0000000000
117019  39.685  28.412  12.300 0.0000000000
116306  40.919  27.775  12.520 0.0000000000
116304  43.124  27.997  12.522 0.0000000000
117014  44.577  28.544  12.776 0.0000000000
117011  46.863  28.353  12.081 0.0000000000
116336  47.058  27.483  11.186 0.0000000000
105089  51.245  11.530  13.632 0.0000000000
103709  50.031  10.009  12.786 0.0000000000
104422  50.547  10.574  14.790 0.0000000000
104410  48.782  11.113  15.359 0.0000000000
104396  46.690  11.048  16.024 0.0000000000
104375  48.916  10.333  18.116 0.0000000000
104377  47.141  10.453  17.676 0.0000000000
104387  45.833  10.521  16.614 0.0000000000
109309  45.585  16.867  7.184 0.0000000000
107875  45.298  15.771  7.510 0.0000000000
107880  46.341  15.628  6.585 0.0000000000
107128  47.631  14.666  5.966 0.0000000000
107120  48.077  14.493  6.876 0.0000000000
108612  48.591  16.317  5.532 0.0000000000
107119  48.671  14.892  7.033 0.0000000000
106366  49.010  14.210  8.572 0.0000000000
106357  50.004  13.817  9.853 0.0000000000
106346  50.181  13.349  10.356 0.0000000000
105684  50.948  12.985  11.817 0.0000000000
112093  49.673  21.591  10.746 0.0000000000
111420  48.445  20.660  10.685 0.0000000000
109976  46.545  18.445  10.557 0.0000000000
110668  47.403  19.969  13.876 0.0000000000
109258  46.557  17.483  12.398 0.0000000000
108557  46.819  16.620  11.838 0.0000000000
107837  49.088  15.161  11.993 0.0000000000
107072  49.698  14.653  12.820 0.0000000000
106328  51.188  12.916  12.898 0.0000000000
106308  51.198  13.298  14.802 0.0000000000
106300  51.399  13.546  15.946 0.0000000000
105649  51.681  12.267  17.461 0.0000000000
108499  51.199  16.363  18.176 0.0000000000
107011  51.807  14.435  18.950 0.0000000000
105647  52.136  12.129  18.564 0.0000000000
105606  52.243  12.072  21.028 0.0000000000
118364  42.131  30.086  3.136 0.0000000000
118351  43.543  31.019  3.469 0.0000000000
119553  45.181  32.295  3.629 0.0000000000
117070  45.552  29.264  8.584 0.0000000000
117747  43.756  29.576  6.342 0.0000000000
118332  44.408  30.541  5.885 0.0000000000
118931  45.746  32.118  5.362 0.0000000000
119550  46.963  32.331  3.484 0.0000000000
118347  48.282  29.956  4.044 0.0000000000
116402  48.391  27.291  4.118 0.0000000000
114243  48.527  24.906  4.653 0.0000000000
114906  49.633  25.698  4.470 0.0000000000
114242  49.187  24.312  4.461 0.0000000000
113566  48.289  22.883  6.071 0.0000000000
112134  47.569  20.926  6.152 0.0000000000
110755  46.942  19.166  5.790 0.0000000000
107090  45.289  14.464  9.789 0.0000000000
105113  45.359  12.147  11.288 0.0000000000
104482  44.923  10.838  10.109 0.0000000000
104513  46.737  10.022  8.194 0.0000000000
104515  44.555  10.125  8.177 0.0000000000
104516  43.522  10.181  8.355 0.0000000000
103785  42.340  9.784  6.608 0.0000000000
103817  40.558  8.666  5.239 0.0000000000
103736  48.664  9.414  11.447 0.0000000000
102990  47.530  8.118  9.955 0.0000000000
103022  46.017  7.730  8.460 0.0000000000
102961  43.913  8.862  11.828 0.0000000000
102267  44.321  7.565  7.775 0.0000000000
102872  51.465  8.303  24.978 0.0000000000
102158  48.774  7.636  23.801 0.0000000000
108587  44.193  16.176  8.202 0.0000000000
107866  43.801  15.840  8.690 0.0000000000
109310  45.015  17.399  7.860 0.0000000000
110027  45.081  18.091  7.895 0.0000000000
109296  44.290  16.992  8.365 0.0000000000
108588  43.669  16.541  8.710 0.0000000000
103629  53.101  9.621  23.635 0.0000000000
112825  50.284  22.388  9.174 0.0000000000
113511  49.591  23.065  9.608 0.0000000000
114209  48.860  24.520  9.221 0.0000000000
114877  48.348  25.686  9.161 0.0000000000
114213  49.545  24.321  8.271 0.0000000000
105112  50.865  11.466  11.628 0.0000000000
104465  50.687  10.527  11.608 0.0000000000
107085  40.121  14.879  12.106 0.0000000000
106333  40.119  13.956  12.986 0.0000000000
107074  40.853  14.219  12.267 0.0000000000
105132  42.450  10.711  10.994 0.0000000000
104503  41.220  10.288  9.196 0.0000000000
104502  42.188  10.384  9.247 0.0000000000
114895  47.774  25.515  5.437 0.0000000000
115610  47.539  26.082  5.323 0.0000000000
114233  47.343  24.894  6.429 0.0000000000
107841  40.981  15.307  11.276 0.0000000000
108566  40.443  16.196  11.230 0.0000000000
116290  46.258  27.645  13.581 0.0000000000
115561  45.636  27.230  13.895 0.0000000000
116276  45.946  27.475  14.700 0.0000000000
117651  45.975  29.335  15.916 0.0000000000
117664  45.793  29.523  15.001 0.0000000000
116969  46.540  28.892  15.466 0.0000000000
116289  46.569  28.160  14.122 0.0000000000
104391  51.371  10.613  17.155 0.0000000000
102898  46.944  8.953  20.883 0.0000000000
110783  48.555  18.732  3.989 0.0000000000
109340  48.356  17.381  4.034 0.0000000000
110065  48.971  18.313  3.909 0.0000000000
109283  47.360  17.122  8.719 0.0000000000
108586  47.898  16.709  8.156 0.0000000000
108579  47.683  16.549  9.161 0.0000000000
108578  48.479  15.967  9.425 0.0000000000
108571  47.642  16.265  10.165 0.0000000000
112764  47.686  22.569  13.275 0.0000000000
112763  48.195  22.520  13.240 0.0000000000
112048  48.080  22.271  13.755 0.0000000000
108515  49.121  17.175  16.118 0.0000000000
108527  48.451  16.610  15.554 0.0000000000
107804  48.981  15.824  15.331 0.0000000000
107803  49.622  15.675  15.706 0.0000000000
107802  50.200  15.450  16.053 0.0000000000
107794  50.028  16.058  16.518 0.0000000000
107005  49.386  14.826  19.450 0.0000000000
117764  41.244  29.312  5.573 0.0000000000
117763  42.639  29.944  5.281 0.0000000000
116338  43.534  27.751  11.287 0.0000000000
116352  43.486  27.624  10.310 0.0000000000
116351  44.166  27.942  10.826 0.0000000000
117085  47.825  29.016  7.082 0.0000000000
117106  48.215  28.996  6.531 0.0000000000
117105  48.601  28.668  5.929 0.0000000000
116391  49.091  27.513  5.455 0.0000000000
111481  50.166  20.531  4.013 0.0000000000
112149  49.833  21.513  3.803 0.0000000000
110782  49.171  19.275  3.826 0.0000000000
111483  48.693  19.640  4.099 0.0000000000
106348  48.137  13.542  9.484 0.0000000000
106349  47.622  13.515  9.740 0.0000000000
102310  46.132  7.902  5.325 0.0000000000
103052  45.492  8.312  4.962 0.0000000000
102311  44.974  8.013  5.113 0.0000000000
102322  44.333  7.984  4.657 0.0000000000
102298  44.810  7.467  5.825 0.0000000000
104439  46.293  10.427  13.222 0.0000000000
104427  45.429  10.343  14.015 0.0000000000
107094  42.225  14.762  11.001 0.0000000000
107092  43.742  14.416  10.564 0.0000000000
106340  43.499  13.687  11.367 0.0000000000
105696  44.211  12.740  11.593 0.0000000000
112124  47.141  21.158  6.742 0.0000000000
112851  46.706  22.213  7.396 0.0000000000
111454  46.006  20.398  7.374 0.0000000000
110727  44.659  19.393  8.504 0.0000000000
111444  44.916  20.367  8.414 0.0000000000
108581  42.497  16.580  9.452 0.0000000000
107858  42.114  16.186  9.865 0.0000000000
104367  52.655  10.141  20.148 0.0000000000
104368  52.245  9.700  19.564 0.0000000000
103651  52.690  9.758  20.851 0.0000000000
103631  51.552  9.207  22.662 0.0000000000
103638  51.391  9.375  21.821 0.0000000000
103632  50.405  9.123  22.473 0.0000000000
103633  49.344  9.087  22.105 0.0000000000
102889  49.361  8.762  22.883 0.0000000000
117802  42.317  29.711  1.817 0.0000000000
117816  42.635  29.625  1.099 0.0000000000
111468  50.544  20.879  5.688 0.0000000000
110752  49.731  19.700  5.371 0.0000000000
111460  50.067  20.296  6.362 0.0000000000
111441  49.119  20.837  8.617 0.0000000000
111451  49.088  20.313  7.312 0.0000000000
111442  48.260  20.294  8.254 0.0000000000
110725  47.114  19.155  8.506 0.0000000000
110710  47.550  19.872  8.957 0.0000000000
112038  46.406  21.750  15.466 0.0000000000
112037  47.176  21.355  15.228 0.0000000000
112023  46.824  20.940  16.009 0.0000000000
110644  47.862  19.444  16.936 0.0000000000
110652  48.362  19.147  16.623 0.0000000000
110643  48.559  19.204  17.222 0.0000000000
109222  49.624  18.245  17.397 0.0000000000
109926  48.817  18.873  17.723 0.0000000000
108494  47.977  17.153  18.309 0.0000000000
107027  47.673  15.575  18.230 0.0000000000
117026  46.482  28.700  11.570 0.0000000000
117040  46.640  28.807  10.529 0.0000000000
115599  48.210  26.410  8.874 0.0000000000
116359  48.076  27.022  8.422 0.0000000000
114894  48.954  25.792  6.521 0.0000000000
114886  48.760  25.761  7.271 0.0000000000
112849  50.550  22.295  6.898 0.0000000000
112131  50.571  21.560  6.269 0.0000000000
112139  50.491  21.554  5.072 0.0000000000
105136  49.632  11.163  9.693 0.0000000000
104481  50.038  10.886  9.741 0.0000000000
102987  50.202  8.665  9.267 0.0000000000
103003  50.148  8.590  8.503 0.0000000000
102249  49.462  7.669  7.990 0.0000000000
102280  47.801  7.399  6.859 0.0000000000
102251  48.186  7.513  8.197 0.0000000000
105104  38.207  11.390  12.602 0.0000000000
105103  39.306  11.693  12.903 0.0000000000
106330  41.858  13.310  12.230 0.0000000000
106331  41.275  13.547  12.493 0.0000000000
104469  40.671  10.653  11.042 0.0000000000
105118  40.375  10.853  11.741 0.0000000000
104470  39.779  10.578  11.096 0.0000000000
104488  39.122  10.434  10.276 0.0000000000
104505  39.383  10.295  9.332 0.0000000000
104519  40.540  9.925  8.123 0.0000000000
104520  39.658  10.039  8.394 0.0000000000
104533  39.903  9.782  7.549 0.0000000000
103788  39.510  9.500  6.857 0.0000000000
117774  47.430  29.804  4.001 0.0000000000
117142  47.180  29.283  4.326 0.0000000000
116381  46.544  26.706  6.005 0.0000000000
115613  44.849  26.225  6.936 0.0000000000
114204  47.468  24.311  9.995 0.0000000000
114201  45.824  24.542  11.057 0.0000000000
113477  43.950  23.039  12.916 0.0000000000
112767  45.036  22.133  13.780 0.0000000000
117696  39.257  29.319  11.756 0.0000000000
117691  39.530  29.318  12.711 0.0000000000
117001  40.429  28.487  13.325 0.0000000000
116292  41.302  27.995  13.095 0.0000000000
116305  42.033  27.873  12.784 0.0000000000
117679  44.778  29.103  13.907 0.0000000000
116997  44.280  28.718  13.410 0.0000000000
116996  45.131  28.920  13.346 0.0000000000
117013  45.398  28.729  12.673 0.0000000000
117012  46.270  28.641  12.735 0.0000000000
115583  46.538  27.403  12.073 0.0000000000
116319  46.994  27.657  11.640 0.0000000000
115589  46.794  26.914  11.018 0.0000000000
104434  51.078  10.782  14.108 0.0000000000
104421  51.169  10.773  15.193 0.0000000000
104393  49.851  10.681  16.525 0.0000000000
104409  49.792  10.773  15.549 0.0000000000
104411  47.658  11.168  15.193 0.0000000000
104395  47.767  11.097  16.224 0.0000000000
103662  50.981  9.786  19.345 0.0000000000
104374  49.960  10.277  18.334 0.0000000000
103663  49.996  9.918  19.136 0.0000000000
103657  46.884  9.565  19.466 0.0000000000
103665  47.888  10.107  18.786 0.0000000000
103666  46.836  10.042  18.430 0.0000000000
103671  46.469  10.181  17.763 0.0000000000
103667  45.894  9.741  18.193 0.0000000000
103673  44.888  9.976  17.009 0.0000000000
103668  45.063  9.680  17.959 0.0000000000
109322  46.102  17.283  6.413 0.0000000000
108605  46.154  16.140  6.463 0.0000000000
109321  46.553  16.725  5.585 0.0000000000
107885  47.898  15.328  4.415 0.0000000000
107886  47.579  14.940  5.127 0.0000000000
107135  47.972  14.509  5.333 0.0000000000
107127  48.296  14.621  5.856 0.0000000000
110039  48.695  18.204  5.566 0.0000000000
109329  48.738  17.172  5.012 0.0000000000
109319  48.432  17.190  5.877 0.0000000000
107872  48.878  15.417  7.699 0.0000000000
107878  48.598  15.618  6.351 0.0000000000
107118  49.159  14.976  7.827 0.0000000000
107108  49.235  14.610  8.485 0.0000000000
106358  49.422  13.727  9.446 0.0000000000
107097  50.159  13.880  10.113 0.0000000000
107088  50.283  14.005  10.678 0.0000000000
106337  50.605  13.440  11.380 0.0000000000
113496  48.054  22.953  10.471 0.0000000000
112794  49.389  22.387  10.875 0.0000000000
112795  48.983  22.320  11.509 0.0000000000
111398  48.444  20.828  12.508 0.0000000000
111409  48.593  20.831  11.634 0.0000000000
110687  47.754  20.218  11.639 0.0000000000
110688  46.853  19.354  11.124 0.0000000000
109951  47.196  18.692  14.192 0.0000000000
108538  47.385  16.495  14.144 0.0000000000
109952  46.826  18.094  13.686 0.0000000000
108548  46.809  16.716  12.744 0.0000000000
108556  47.423  16.210  12.174 0.0000000000
107839  48.068  15.947  11.723 0.0000000000
107832  48.020  15.851  12.423 0.0000000000
107063  49.748  14.705  13.843 0.0000000000
107071  50.278  14.257  13.097 0.0000000000
106329  50.867  13.490  12.535 0.0000000000
106318  50.660  13.907  13.568 0.0000000000
106317  51.073  13.229  13.658 0.0000000000
106309  50.771  14.068  14.566 0.0000000000
107044  51.208  14.474  16.036 0.0000000000
105651  51.477  12.369  16.360 0.0000000000
106293  51.583  13.454  17.125 0.0000000000
108500  50.654  16.693  17.835 0.0000000000
108491  50.871  16.731  18.859 0.0000000000
107002  51.671  14.383  19.924 0.0000000000
107762  51.460  15.208  19.526 0.0000000000
106279  52.063  13.478  19.254 0.0000000000
105633  52.275  12.677  19.701 0.0000000000
117793  40.605  29.607  3.757 0.0000000000
117794  39.636  29.493  4.048 0.0000000000
117805  39.977  29.349  3.318 0.0000000000
118342  43.627  30.761  4.892 0.0000000000
118940  44.250  31.559  3.904 0.0000000000
118939  44.942  32.066  4.200 0.0000000000
117734  45.646  30.184  7.432 0.0000000000
117722  45.380  29.492  8.046 0.0000000000
117735  44.759  29.479  7.361 0.0000000000
117746  44.974  30.222  6.672 0.0000000000
117745  45.512  30.550  6.829 0.0000000000
118923  47.382  31.375  5.901 0.0000000000
118925  46.371  31.790  5.981 0.0000000000
118930  46.763  32.107  5.201 0.0000000000
118937  46.759  32.347  4.264 0.0000000000
118936  47.286  31.717  4.321 0.0000000000
118348  47.621  30.727  3.819 0.0000000000
118338  48.279  30.151  4.545 0.0000000000
117139  49.307  27.855  4.170 0.0000000000
117140  48.827  28.412  3.847 0.0000000000
116401  49.118  27.270  3.937 0.0000000000
115633  48.595  26.109  3.865 0.0000000000
114917  49.028  25.579  3.419 0.0000000000
114893  49.338  25.744  5.708 0.0000000000
114241  49.558  24.713  5.005 0.0000000000
112871  49.328  22.276  4.633 0.0000000000
113575  49.345  23.068  4.878 0.0000000000
114231  48.864  23.676  4.918 0.0000000000
112862  48.761  22.274  5.225 0.0000000000
112863  48.296  22.132  5.962 0.0000000000
112133  48.140  21.310  5.690 0.0000000000
110770  47.303  18.655  4.952 0.0000000000
110041  46.662  17.957  5.646 0.0000000000
110042  46.162  17.991  6.452 0.0000000000
107112  45.988  14.911  8.104 0.0000000000
107113  45.347  14.862  8.613 0.0000000000
107101  45.913  14.516  9.300 0.0000000000
105706  46.559  12.739  10.635 0.0000000000
105707  45.940  12.755  11.034 0.0000000000
105129  45.780  11.747  10.803 0.0000000000
105130  44.469  11.275  10.981 0.0000000000
103758  48.291  9.728  8.531 0.0000000000
104497  47.444  10.316  8.929 0.0000000000
103768  46.917  9.700  7.734 0.0000000000
103799  45.023  9.499  5.886 0.0000000000
103769  45.135  9.829  7.607 0.0000000000
103783  44.461  9.850  6.914 0.0000000000
104529  43.841  10.053  7.519 0.0000000000
104530  42.899  9.903  7.507 0.0000000000
103784  43.360  9.931  6.648 0.0000000000
103055  42.028  8.665  4.648 0.0000000000
103816  41.423  9.061  5.076 0.0000000000
103056  41.237  8.137  4.799 0.0000000000
103057  40.450  7.778  5.114 0.0000000000
103710  49.599  10.139  12.805 0.0000000000
103721  49.384  9.848  12.193 0.0000000000
103722  48.759  9.846  12.002 0.0000000000
103738  46.469  9.006  11.475 0.0000000000
102972  47.021  8.508  10.845 0.0000000000
102991  46.406  8.147  10.153 0.0000000000
103007  46.788  7.879  9.206 0.0000000000
103008  45.721  7.976  9.374 0.0000000000
103713  43.437  9.563  13.382 0.0000000000
103712  44.187  9.644  13.059 0.0000000000
103727  43.661  9.262  12.562 0.0000000000
107857  42.919  15.562  9.486 0.0000000000
107093  42.716  14.767  10.396 0.0000000000
107103  43.916  14.943  9.702 0.0000000000
107091  44.702  14.494  10.134 0.0000000000
110740  45.739  19.248  7.208 0.0000000000
110741  45.153  18.780  7.889 0.0000000000
110012  43.719  18.278  8.916 0.0000000000
109285  43.130  17.800  9.263 0.0000000000
109297  43.470  17.501  8.980 0.0000000000
108589  43.043  16.711  9.094 0.0000000000
104349  52.992  10.428  22.209 0.0000000000
103643  52.968  9.706  21.632 0.0000000000
103636  53.123  9.660  22.602 0.0000000000
103630  52.459  9.299  23.065 0.0000000000
103626  51.596  9.034  23.477 0.0000000000
112121  50.463  21.505  7.513 0.0000000000
111449  50.367  21.099  7.411 0.0000000000
112113  50.339  21.696  8.316 0.0000000000
112114  50.127  21.429  8.654 0.0000000000
111430  49.797  21.256  9.555 0.0000000000
112024  45.989  21.207  16.321 0.0000000000
111357  46.418  20.358  16.561 0.0000000000
110630  47.586  19.128  17.428 0.0000000000
115595  47.812  26.597  9.689 0.0000000000
116350  47.652  27.783  9.647 0.0000000000
115594  48.105  26.222  9.265 0.0000000000
114882  48.656  25.748  8.290 0.0000000000
114881  49.199  25.152  7.745 0.0000000000
113544  50.346  22.935  7.558 0.0000000000
104480  50.345  10.422  10.179 0.0000000000
103749  50.025  8.892  10.224 0.0000000000
105100  42.007  11.970  12.274 0.0000000000
104468  41.621  10.679  11.112 0.0000000000
104486  40.948  10.519  10.148 0.0000000000
103771  41.025  9.853  7.457 0.0000000000
116392  47.702  27.191  4.719 0.0000000000
117124  47.584  27.831  4.648 0.0000000000
115624  47.297  26.653  5.345 0.0000000000
115611  47.111  26.316  5.678 0.0000000000
115612  46.156  26.267  6.431 0.0000000000
108574  40.889  16.851  10.770 0.0000000000
108567  39.705  16.535  11.748 0.0000000000
108558  39.233  15.983  12.367 0.0000000000
107076  39.365  14.952  12.911 0.0000000000
115584  46.011  26.719  11.649 0.0000000000
115574  45.935  27.185  12.792 0.0000000000
114862  45.328  26.249  12.023 0.0000000000
118263  44.447  30.166  16.048 0.0000000000
117653  44.166  29.837  15.509 0.0000000000
117678  45.624  29.276  14.026 0.0000000000
117689  46.237  29.103  13.634 0.0000000000
116995  46.500  28.684  13.757 0.0000000000
105076  51.458  11.415  15.708 0.0000000000
104407  51.250  10.726  16.194 0.0000000000
104392  50.704  10.507  16.778 0.0000000000
104383  49.904  10.550  17.456 0.0000000000
103647  49.136  9.579  20.606 0.0000000000
103655  49.009  9.811  19.812 0.0000000000
109331  47.142  17.196  4.844 0.0000000000
109330  47.745  16.722  4.306 0.0000000000
108623  48.298  16.131  4.306 0.0000000000
107892  48.644  15.457  4.637 0.0000000000
109308  47.792  17.744  7.121 0.0000000000
108603  48.150  17.232  6.619 0.0000000000
108594  47.980  16.954  7.285 0.0000000000
107863  49.120  15.531  8.752 0.0000000000
107862  49.584  15.051  9.151 0.0000000000
107854  49.119  15.503  9.747 0.0000000000
107846  48.937  15.426  10.701 0.0000000000
112797  47.658  22.658  12.117 0.0000000000
112777  48.504  22.380  12.498 0.0000000000
111397  48.654  21.547  12.885 0.0000000000
110679  47.709  20.181  12.872 0.0000000000
109944  47.696  18.656  15.301 0.0000000000
109241  47.376  17.648  14.804 0.0000000000
108528  47.707  16.856  15.079 0.0000000000
107814  48.010  15.752  14.079 0.0000000000
107822  48.572  15.393  13.473 0.0000000000
107813  48.598  15.620  14.539 0.0000000000
107812  49.319  15.248  14.650 0.0000000000
107046  50.093  15.031  15.460 0.0000000000
107045  50.673  14.820  15.706 0.0000000000
107037  51.065  15.068  16.477 0.0000000000
107770  50.095  16.282  19.135 0.0000000000
107769  50.738  16.303  19.423 0.0000000000
107764  50.462  15.849  19.541 0.0000000000
107003  51.100  15.015  20.147 0.0000000000
117780  40.415  29.669  4.729 0.0000000000
118353  41.948  30.004  3.740 0.0000000000
117778  42.389  30.169  4.606 0.0000000000
118343  42.782  30.352  4.706 0.0000000000
116340  41.563  27.321  10.808 0.0000000000
116354  41.406  27.258  9.830 0.0000000000
116353  42.424  27.429  10.094 0.0000000000
116361  43.111  27.544  9.530 0.0000000000
117719  47.236  29.268  8.546 0.0000000000
117720  46.835  29.650  8.419 0.0000000000
117733  46.529  30.191  7.717 0.0000000000
118322  46.946  30.751  7.159 0.0000000000
118323  46.193  30.780  7.085 0.0000000000
118329  47.547  30.900  6.203 0.0000000000
118328  48.185  30.281  5.430 0.0000000000
117743  48.559  29.462  5.158 0.0000000000
117123  49.043  28.470  4.708 0.0000000000
116400  49.369  27.213  4.368 0.0000000000
112869  50.223  22.227  4.441 0.0000000000
112878  50.029  22.080  3.821 0.0000000000
112140  49.636  21.787  4.001 0.0000000000
112141  49.180  21.440  4.541 0.0000000000
111471  48.329  20.501  4.770 0.0000000000
110769  47.957  19.218  4.371 0.0000000000
107100  46.823  14.515  8.690 0.0000000000
106362  46.367  14.040  9.917 0.0000000000
106361  46.923  14.126  9.519 0.0000000000
105128  47.092  11.920  10.122 0.0000000000
103810  47.583  8.593  5.679 0.0000000000
103781  46.780  9.438  7.107 0.0000000000
103811  46.756  8.806  5.427 0.0000000000
103812  45.538  8.886  5.072 0.0000000000
103813  44.374  9.177  5.121 0.0000000000
103814  43.345  9.324  5.094 0.0000000000
103823  43.795  8.715  4.711 0.0000000000
103063  43.339  8.212  4.641 0.0000000000
102324  42.356  7.892  4.876 0.0000000000
104438  47.346  10.621  13.297 0.0000000000
104450  48.332  10.309  12.408 0.0000000000
104451  47.105  10.217  12.488 0.0000000000
104452  46.125  10.090  12.398 0.0000000000
103739  45.541  8.994  11.515 0.0000000000
107083  41.576  14.425  11.654 0.0000000000
106342  41.774  13.674  12.071 0.0000000000
106341  42.398  13.421  11.933 0.0000000000
107081  43.127  14.281  10.879 0.0000000000
105698  42.522  12.550  12.123 0.0000000000
105131  43.328  11.039  11.059 0.0000000000
114218  47.798  23.391  6.594 0.0000000000
114219  47.147  24.013  7.090 0.0000000000
112852  45.616  22.447  7.789 0.0000000000
111443  45.396  20.382  7.970 0.0000000000
109286  42.724  17.514  9.404 0.0000000000
108573  41.521  16.472  10.298 0.0000000000
118253  43.427  31.006  16.781 0.0000000000
118252  44.606  30.495  16.839 0.0000000000
117640  45.490  29.648  16.905 0.0000000000
105063  52.391  10.808  18.815 0.0000000000
104381  51.774  10.109  17.927 0.0000000000
104372  51.868  9.701  18.855 0.0000000000
103661  51.704  9.577  19.590 0.0000000000
103653  51.069  9.663  20.126 0.0000000000
103644  52.222  9.437  21.237 0.0000000000
103645  51.239  9.524  20.947 0.0000000000
103646  50.179  9.530  20.739 0.0000000000
103640  49.299  9.355  21.345 0.0000000000
103634  48.593  9.088  21.820 0.0000000000
110767  50.064  19.566  4.376 0.0000000000
110051  49.584  18.861  4.047 0.0000000000
110753  49.002  19.238  5.771 0.0000000000
110754  48.433  18.842  6.364 0.0000000000
110737  48.650  19.602  6.675 0.0000000000
110738  48.007  19.187  7.129 0.0000000000
110009  47.410  18.580  7.741 0.0000000000
110010  47.079  18.640  8.374 0.0000000000
109984  46.644  18.507  9.620 0.0000000000
112751  46.763  22.228  14.507 0.0000000000
112049  47.667  21.863  14.390 0.0000000000
112050  47.074  21.907  14.987 0.0000000000
109943  48.302  18.605  16.070 0.0000000000
109232  48.736  17.807  16.096 0.0000000000
109231  49.327  17.939  16.620 0.0000000000
108514  49.681  16.971  16.621 0.0000000000
109215  49.512  17.916  18.211 0.0000000000
108493  48.915  17.256  18.557 0.0000000000
107771  49.146  16.374  18.773 0.0000000000
107013  49.275  15.543  19.076 0.0000000000
107006  48.656  14.796  19.103 0.0000000000
117749  41.642  28.803  6.111 0.0000000000
117042  44.827  28.368  11.142 0.0000000000
117041  45.730  28.702  10.756 0.0000000000
117055  46.885  29.083  9.632 0.0000000000
117054  47.349  28.747  9.124 0.0000000000
117707  47.231  29.108  8.924 0.0000000000
116369  47.828  28.190  7.395 0.0000000000
116379  48.389  27.792  6.568 0.0000000000
115622  49.132  26.793  5.624 0.0000000000
115609  48.729  26.580  6.437 0.0000000000
114230  49.595  24.871  6.076 0.0000000000
114217  49.623  24.568  7.035 0.0000000000
113564  49.891  24.051  6.026 0.0000000000
113573  50.298  22.738  5.180 0.0000000000
111480  50.466  20.933  4.697 0.0000000000
105713  48.943  13.167  9.680 0.0000000000
105127  48.205  11.931  10.028 0.0000000000
105137  48.937  11.149  9.583 0.0000000000
103766  48.918  9.020  7.759 0.0000000000
103756  50.212  9.288  8.897 0.0000000000
103765  49.848  8.898  8.276 0.0000000000
103779  48.665  8.551  6.975 0.0000000000
102295  47.864  7.767  5.900 0.0000000000
102296  46.929  7.416  5.867 0.0000000000
102281  46.618  7.347  6.673 0.0000000000
104428  44.578  10.133  14.265 0.0000000000
103692  43.887  10.020  14.923 0.0000000000
105119  37.771  11.261  11.998 0.0000000000
105672  40.711  13.063  13.175 0.0000000000
105687  40.239  12.292  13.051 0.0000000000
105101  41.560  11.834  12.320 0.0000000000
105102  40.509  11.529  12.441 0.0000000000
104489  38.230  10.524  10.378 0.0000000000
104521  38.818  10.028  8.585 0.0000000000
103773  38.395  9.507  7.989 0.0000000000
117125  46.689  28.675  4.907 0.0000000000
117759  45.815  29.374  4.631 0.0000000000
114887  46.396  24.936  7.106 0.0000000000
114210  47.946  24.997  9.483 0.0000000000
113512  48.911  23.516  9.701 0.0000000000
113513  48.205  23.986  9.648 0.0000000000
113497  47.133  23.693  10.599 0.0000000000
114206  46.044  25.334  10.750 0.0000000000
114200  46.523  23.805  10.930 0.0000000000
113484  47.214  22.963  11.503 0.0000000000
113474  47.007  22.721  12.027 0.0000000000
112779  47.204  22.623  12.518 0.0000000000
112766  46.042  22.296  13.728 0.0000000000
112752  45.749  22.122  14.503 0.0000000000
112741  45.502  21.935  15.210 0.0000000000
116325  39.830  27.629  11.405 0.0000000000
117002  39.737  28.815  12.992 0.0000000000
117018  40.256  28.077  12.599 0.0000000000
116324  40.757  27.471  11.550 0.0000000000
116323  41.779  27.523  11.788 0.0000000000
116322  42.820  27.716  11.924 0.0000000000
116321  43.780  28.056  12.089 0.0000000000
117666  43.624  29.400  14.816 0.0000000000
117016  42.849  28.165  13.102 0.0000000000
117015  43.722  28.275  12.788 0.0000000000
116320  44.199  28.181  11.876 0.0000000000
116318  47.141  28.092  11.855 0.0000000000
116335  47.316  27.630  10.829 0.0000000000
115588  47.343  26.771  10.409 0.0000000000
105099  51.221  11.710  12.827 0.0000000000
104448  50.524  10.228  12.559 0.0000000000
104447  50.917  10.895  12.837 0.0000000000
104435  50.443  10.343  13.598 0.0000000000
104436  49.498  10.481  13.443 0.0000000000
104423  49.686  10.735  14.500 0.0000000000
104424  48.653  11.083  14.304 0.0000000000
104425  47.505  11.073  14.183 0.0000000000
104412  46.581  11.080  15.024 0.0000000000
104397  45.810  10.780  15.751 0.0000000000
104384  48.892  10.608  17.242 0.0000000000
103664  48.951  10.024  18.961 0.0000000000
104376  47.910  10.429  17.915 0.0000000000
104385  47.880  10.731  17.097 0.0000000000
104386  46.766  10.652  17.027 0.0000000000
104388  45.214  10.354  16.201 0.0000000000
108595  45.564  16.087  7.196 0.0000000000
107874  46.120  15.461  7.228 0.0000000000
107873  46.678  15.226  6.762 0.0000000000
108614  47.173  15.951  4.907 0.0000000000
107879  46.778  15.357  6.125 0.0000000000
107121  47.098  14.884  7.009 0.0000000000
107110  47.873  14.399  8.004 0.0000000000
106368  48.258  14.040  8.688 0.0000000000
110052  49.064  18.105  4.492 0.0000000000
107884  48.812  15.525  5.198 0.0000000000
108602  48.375  16.542  6.476 0.0000000000
107126  48.740  14.952  5.605 0.0000000000
107109  48.603  14.464  7.904 0.0000000000
106359  48.623  13.586  9.266 0.0000000000
105712  49.127  13.329  9.599 0.0000000000
106347  49.786  13.079  10.060 0.0000000000
107098  49.927  14.351  9.771 0.0000000000
105702  50.180  12.436  10.339 0.0000000000
105694  50.709  12.438  11.283 0.0000000000
105693  51.010  11.962  11.830 0.0000000000
113494  49.537  22.823  10.002 0.0000000000
112092  50.105  21.887  10.352 0.0000000000
111431  49.388  21.166  9.919 0.0000000000
112081  49.241  21.808  11.486 0.0000000000
111419  49.074  21.258  11.116 0.0000000000
110697  47.484  19.901  10.220 0.0000000000
110698  46.753  19.174  10.190 0.0000000000
109277  46.640  17.676  9.853 0.0000000000
112059  48.240  21.917  13.844 0.0000000000
110669  47.184  19.494  13.166 0.0000000000
109963  46.760  18.570  13.085 0.0000000000
109971  46.521  18.327  11.709 0.0000000000
109265  46.540  17.281  11.537 0.0000000000
108565  46.887  16.665  10.907 0.0000000000
108564  47.646  16.151  11.191 0.0000000000
108563  48.363  15.763  11.127 0.0000000000
107080  49.587  14.777  11.888 0.0000000000
107830  49.126  15.044  12.715 0.0000000000
107079  50.262  14.236  11.868 0.0000000000
105671  51.278  12.363  13.229 0.0000000000
105665  51.284  12.364  14.188 0.0000000000
105658  51.386  12.383  15.257 0.0000000000
108513  50.231  16.617  17.110 0.0000000000
107780  51.129  16.076  17.523 0.0000000000
107779  51.430  15.560  17.873 0.0000000000
108490  51.375  16.131  18.745 0.0000000000
107768  51.603  15.349  18.745 0.0000000000
107026  51.677  14.502  17.954 0.0000000000
106291  51.928  13.397  18.188 0.0000000000
105632  52.370  11.638  19.265 0.0000000000
105617  52.418  11.944  20.186 0.0000000000
105043  52.623  11.163  20.665 0.0000000000
105027  52.341  11.499  21.862 0.0000000000
118374  42.439  30.026  2.396 0.0000000000
118363  42.966  30.421  2.866 0.0000000000
118948  44.363  31.510  2.855 0.0000000000
118947  44.848  32.053  3.283 0.0000000000
119570  45.659  32.377  2.632 0.0000000000
117108  41.986  28.457  6.602 0.0000000000
117107  42.900  28.683  6.745 0.0000000000
117057  44.559  28.210  9.876 0.0000000000
118333  43.791  30.282  5.693 0.0000000000
118341  44.694  31.302  5.440 0.0000000000
118331  45.548  31.141  6.282 0.0000000000
118340  45.248  31.641  5.560 0.0000000000
118932  45.011  31.937  5.072 0.0000000000
119541  45.704  32.433  4.693 0.0000000000
119551  46.346  32.632  3.687 0.0000000000
119558  46.925  32.226  2.768 0.0000000000
118358  47.169  31.404  3.250 0.0000000000
117773  48.181  29.501  3.949 0.0000000000
114908  48.395  25.568  4.316 0.0000000000
115621  49.412  26.648  4.978 0.0000000000
114251  49.682  25.016  4.063 0.0000000000
114252  49.308  25.105  3.754 0.0000000000
114907  48.847  25.088  3.868 0.0000000000
112123  47.680  21.511  6.404 0.0000000000
111462  47.917  20.743  5.425 0.0000000000
111463  47.390  20.393  5.878 0.0000000000
110739  46.456  19.733  6.553 0.0000000000
110756  46.260  18.689  6.493 0.0000000000
107865  44.880  15.365  8.136 0.0000000000
107102  44.795  14.840  9.118 0.0000000000
106352  44.646  13.980  10.819 0.0000000000
106351  45.715  13.775  10.529 0.0000000000
106338  45.065  13.550  11.083 0.0000000000
105114  44.871  12.013  11.436 0.0000000000
104483  43.847  10.666  10.205 0.0000000000
105138  47.861  11.116  9.619 0.0000000000
105139  46.723  11.068  9.767 0.0000000000
104498  46.266  10.502  9.045 0.0000000000
104527  46.077  9.813  7.623 0.0000000000
104514  45.661  10.195  8.286 0.0000000000
104499  45.234  10.508  9.131 0.0000000000
104500  44.208  10.461  9.224 0.0000000000
104501  43.185  10.371  9.285 0.0000000000
104517  42.525  10.195  8.352 0.0000000000
104531  41.920  9.923  7.469 0.0000000000
103786  41.363  9.749  6.635 0.0000000000
103802  41.818  9.631  5.744 0.0000000000
103803  40.865  9.459  5.820 0.0000000000
103804  39.951  9.169  5.954 0.0000000000
103720  50.216  9.803  11.907 0.0000000000
103735  49.752  9.257  11.239 0.0000000000
103750  49.233  8.693  10.510 0.0000000000
104467  47.788  9.913  11.790 0.0000000000
103751  48.133  8.663  10.658 0.0000000000
102989  48.704  8.056  9.796 0.0000000000
103021  47.024  7.761  8.250 0.0000000000
102265  46.289  7.591  7.528 0.0000000000
102266  45.290  7.565  7.653 0.0000000000
103701  44.739  10.025  13.499 0.0000000000
103711  44.861  9.784  12.684 0.0000000000
103740  44.704  8.910  11.654 0.0000000000
102976  43.295  8.585  11.175 0.0000000000
102975  44.164  8.430  11.134 0.0000000000
102992  45.376  8.376  10.211 0.0000000000
103009  44.726  7.991  9.472 0.0000000000
102252  45.028  7.631  8.618 0.0000000000
102283  44.555  7.491  6.781 0.0000000000
102299  43.810  7.379  5.905 0.0000000000
102300  42.798  7.439  6.049 0.0000000000
102882  52.147  8.742  24.649 0.0000000000
102883  51.498  8.744  24.246 0.0000000000
102873  50.628  8.318  24.503 0.0000000000
102885  49.561  8.403  23.685 0.0000000000
102250  48.701  7.513  8.180 0.0000000000
102262  49.285  7.884  7.329 0.0000000000
102263  48.762  7.612  7.439 0.0000000000
102264  48.191  7.482  7.691 0.0000000000
102279  48.703  7.820  6.715 0.0000000000
102294  48.394  7.943  6.172 0.0000000000
102297  45.850  7.502  5.837 0.0000000000
102308  47.527  7.981  5.446 0.0000000000
102312  44.073  7.659  5.034 0.0000000000
102321  44.550  8.178  4.648 0.0000000000
102323  42.822  8.055  4.805 0.0000000000
102859  51.764  8.031  25.474 0.0000000000
102874  50.084  8.351  24.137 0.0000000000
102884  50.599  8.714  23.776 0.0000000000
102888  50.126  8.827  23.188 0.0000000000
102904  45.919  8.965  19.883 0.0000000000
102974  45.027  8.587  11.000 0.0000000000
102988  49.680  8.240  9.569 0.0000000000
103004  50.049  7.983  8.642 0.0000000000
103006  48.010  7.623  8.858 0.0000000000
103017  50.073  8.618  8.229 0.0000000000
103018  49.747  8.292  7.738 0.0000000000
103019  49.156  8.460  7.348 0.0000000000
103020  47.745  7.565  8.000 0.0000000000
103031  49.424  8.036  7.226 0.0000000000
103032  49.019  8.145  7.054 0.0000000000
103033  47.754  7.440  7.500 0.0000000000
103042  48.557  8.160  6.412 0.0000000000
103043  48.186  8.165  5.955 0.0000000000
103049  47.744  8.185  5.644 0.0000000000
103050  47.227  8.289  5.320 0.0000000000
103051  46.409  8.327  5.077 0.0000000000
103053  43.899  7.927  4.566 0.0000000000
103054  43.591  7.868  4.776 0.0000000000
103061  44.817  8.284  4.680 0.0000000000
103062  44.208  8.238  4.424 0.0000000000
103064  42.546  8.297  4.692 0.0000000000
103065  41.959  8.122  4.702 0.0000000000
103641  48.384  9.261  21.230 0.0000000000
103649  47.257  9.355  20.145 0.0000000000
103659  45.223  9.444  18.669 0.0000000000
103672  45.808  10.107  17.442 0.0000000000
103724  45.913  9.496  11.915 0.0000000000
103725  45.140  9.387  12.047 0.0000000000
103726  44.417  9.293  12.305 0.0000000000
103737  47.489  9.163  11.381 0.0000000000
103759  47.657  9.871  8.477 0.0000000000
103764  50.151  8.810  8.453 0.0000000000
103767  47.574  9.560  7.920 0.0000000000
103770  44.597  9.926  7.577 0.0000000000
103772  40.540  9.789  7.456 0.0000000000
103787  40.402  9.685  6.867 0.0000000000
103795  48.645  8.349  6.624 0.0000000000
103796  48.199  8.601  6.221 0.0000000000
103797  47.322  9.105  6.112 0.0000000000
103798  46.202  9.320  5.980 0.0000000000
103801  42.825  9.765  5.738 0.0000000000
103809  47.951  8.381  5.847 0.0000000000
103815  42.352  9.311  5.034 0.0000000000
103821  45.087  8.455  4.846 0.0000000000
104371  52.435  10.144  19.205 0.0000000000
104380  52.247  10.153  18.528 0.0000000000
104398  45.179  10.444  15.575 0.0000000000
104414  44.840  10.322  14.956 0.0000000000
104437  48.448  10.792  13.355 0.0000000000
104453  45.459  9.836  12.354 0.0000000000
104456  38.142  11.245  11.957 0.0000000000
104464  50.895  11.059  12.086 0.0000000000
104466  48.424  9.902  11.896 0.0000000000
104494  50.226  9.847  9.521 0.0000000000
104495  49.863  10.430  9.249 0.0000000000
104512  47.347  9.953  8.396 0.0000000000
104526  46.614  9.743  7.680 0.0000000000
104528  44.345  10.002  7.552 0.0000000000
105064  52.231  11.157  18.368 0.0000000000
105066  52.218  10.580  18.195 0.0000000000
105126  49.146  11.907  9.867 0.0000000000
105646  52.289  11.404  18.733 0.0000000000
105683  51.160  12.438  12.289 0.0000000000
105695  45.254  12.785  11.309 0.0000000000
106263  51.955  13.600  20.151 0.0000000000
106319  40.717  13.519  12.896 0.0000000000
106332  40.539  13.898  12.741 0.0000000000
106353  44.090  13.897  11.017 0.0000000000
106360  47.743  14.098  8.991 0.0000000000
106367  48.674  14.012  8.577 0.0000000000
107053  50.297  14.593  14.934 0.0000000000
107111  46.958  14.714  7.924 0.0000000000
107134  48.362  14.713  4.871 0.0000000000
107140  48.694  15.086  4.564 0.0000000000
107141  48.614  14.905  4.621 0.0000000000
107781  47.495  16.198  17.935 0.0000000000
107792  51.195  15.474  17.085 0.0000000000
107823  47.922  15.744  13.298 0.0000000000
107831  48.569  15.411  12.582 0.0000000000
107833  39.470  15.256  12.551 0.0000000000
107838  48.645  15.500  11.666 0.0000000000
107840  41.496  15.066  11.183 0.0000000000
107845  49.331  15.078  11.201 0.0000000000
107855  44.573  15.183  8.718 0.0000000000
107864  45.644  15.254  7.810 0.0000000000
107893  48.467  15.206  4.480 0.0000000000
108484  51.371  15.840  19.277 0.0000000000
108485  51.133  16.279  19.301 0.0000000000
108539  46.900  16.824  13.508 0.0000000000
108580  47.046  17.159  9.322 0.0000000000
108604  46.569  15.983  5.677 0.0000000000
108622  48.632  16.238  4.759 0.0000000000
109250  46.703  17.524  13.278 0.0000000000
109271  46.552  17.510  10.764 0.0000000000
109284  46.862  17.787  8.926 0.0000000000
109295  47.079  18.222  8.381 0.0000000000
109320  48.237  17.845  6.382 0.0000000000
109925  49.294  18.689  17.212 0.0000000000
109934  49.386  18.457  16.969 0.0000000000
109962  47.122  19.203  13.601 0.0000000000
109995  46.831  18.608  8.843 0.0000000000
110040  48.357  18.325  6.295 0.0000000000
110066  48.464  18.080  3.927 0.0000000000
110628  48.562  19.102  17.517 0.0000000000
110724  47.633  19.600  7.936 0.0000000000
110781  49.720  19.594  3.829 0.0000000000
111384  48.515  21.630  13.280 0.0000000000
111440  49.768  21.208  9.041 0.0000000000
111470  49.005  20.817  4.436 0.0000000000
112058  48.561  22.006  13.268 0.0000000000
112070  48.956  21.969  12.365 0.0000000000
112080  49.620  22.107  10.925 0.0000000000
112103  50.322  21.895  8.985 0.0000000000
112104  50.099  21.475  9.610 0.0000000000
112105  49.964  21.455  10.236 0.0000000000
112122  50.240  21.381  8.078 0.0000000000
112142  48.592  21.060  5.004 0.0000000000
112150  49.553  21.182  3.992 0.0000000000
112749  47.918  22.480  13.577 0.0000000000
112796  48.108  22.610  11.670 0.0000000000
112809  50.173  22.473  9.670 0.0000000000
112810  49.772  22.540  10.203 0.0000000000
112811  49.018  22.584  10.738 0.0000000000
112812  48.545  22.537  11.107 0.0000000000
112826  50.057  22.740  9.377 0.0000000000
112836  50.368  22.381  8.243 0.0000000000
112837  50.229  22.685  8.860 0.0000000000
112861  50.448  22.253  5.617 0.0000000000
112877  50.151  21.831  3.864 0.0000000000
113475  46.522  22.804  12.056 0.0000000000
113527  50.282  22.836  8.135 0.0000000000
113546  47.820  22.844  6.691 0.0000000000
113565  48.721  23.222  5.285 0.0000000000
114874  46.030  25.811  10.851 0.0000000000
114916  49.525  25.683  3.676 0.0000000000
114918  48.697  25.534  3.717 0.0000000000
115546  45.617  27.235  14.329 0.0000000000
115573  46.485  27.547  12.551 0.0000000000
115590  46.146  26.256  11.018 0.0000000000
115632  49.127  26.457  3.409 0.0000000000
116258  46.192  28.054  15.651 0.0000000000
116275  46.519  28.291  15.066 0.0000000000
116291  41.646  28.022  13.126 0.0000000000
116300  47.020  28.120  12.225 0.0000000000
116303  43.540  28.093  12.456 0.0000000000
116307  40.222  27.803  12.119 0.0000000000
116980  46.621  28.796  14.677 0.0000000000
117000  41.654  28.248  13.495 0.0000000000
117028  44.614  28.377  12.035 0.0000000000
117029  44.176  28.312  12.411 0.0000000000
117122  49.353  27.695  4.646 0.0000000000
117641  45.351  29.915  16.485 0.0000000000
117650  46.372  29.157  15.526 0.0000000000
117663  46.388  29.215  15.172 0.0000000000
117708  47.043  29.252  8.995 0.0000000000
118924  47.080  31.597  5.959 0.0000000000
118929  47.397  31.516  5.449 0.0000000000
118938  45.379  32.270  4.694 0.0000000000
118944  47.199  31.750  3.240 0.0000000000
118953  47.023  31.972  2.642 0.0000000000
119540  46.167  32.532  4.589 0.0000000000
119552  45.589  32.529  3.965 0.0000000000
119559  46.495  32.518  2.867 0.0000000000
119560  45.899  32.624  3.025 0.0000000000
119561  45.395  32.381  3.090 0.0000000000
119567  46.820  32.105  2.485 0.0000000000
119568  46.548  32.202  2.414 0.0000000000
