#!ascii label  , from subject sub.01.dh.02t2 vox2ras=TkReg
611
65695  21.261  -27.091  -17.171 0.0000000000
74300  28.603  -19.934  -23.488 0.0000000000
86249  24.434  -10.057  -26.081 0.0000000000
80964  20.383  -14.653  -22.763 0.0000000000
60936  23.401  -31.855  -14.999 0.0000000000
64566  26.233  -28.779  -16.657 0.0000000000
70522  25.019  -23.858  -19.817 0.0000000000
75539  22.688  -19.592  -22.615 0.0000000000
80973  25.777  -14.688  -23.804 0.0000000000
89451  26.849  -7.048  -22.282 0.0000000000
89536  24.546  -6.323  -29.984 0.0000000000
63363  22.299  -29.138  -16.383 0.0000000000
62182  24.622  -30.802  -15.581 0.0000000000
64582  24.380  -28.544  -17.693 0.0000000000
72992  20.976  -20.936  -20.040 0.0000000000
76578  19.609  -18.550  -20.484 0.0000000000
82983  22.752  -12.694  -25.247 0.0000000000
79897  23.123  -15.695  -24.430 0.0000000000
84064  25.093  -12.267  -24.606 0.0000000000
85111  26.034  -11.048  -21.845 0.0000000000
88411  25.848  -8.226  -24.141 0.0000000000
91573  23.454  -4.602  -26.896 0.0000000000
89513  22.754  -6.891  -26.702 0.0000000000
92695  22.724  -3.758  -30.298 0.0000000000
71764  26.409  -21.881  -21.247 0.0000000000
69311  27.541  -25.054  -19.864 0.0000000000
71742  29.152  -22.690  -20.807 0.0000000000
84081  22.224  -10.862  -25.436 0.0000000000
77625  29.126  -18.011  -21.404 0.0000000000
68140  20.798  -25.069  -17.908 0.0000000000
68137  23.385  -26.052  -18.950 0.0000000000
70524  22.220  -23.418  -19.767 0.0000000000
71773  22.728  -21.337  -22.056 0.0000000000
74317  25.266  -19.411  -23.624 0.0000000000
77636  21.286  -17.335  -22.586 0.0000000000
77656  24.552  -17.588  -24.180 0.0000000000
78738  27.371  -17.039  -23.186 0.0000000000
80934  27.041  -14.530  -21.213 0.0000000000
87328  22.490  -8.560  -26.236 0.0000000000
88457  25.027  -7.446  -27.662 0.0000000000
93798  23.763  -2.349  -31.396 0.0000000000
92682  24.998  -3.889  -29.315 0.0000000000
89510  26.087  -6.424  -26.481 0.0000000000
90479  27.208  -5.170  -25.108 0.0000000000
65703  25.983  -27.681  -19.044 0.0000000000
66869  19.999  -26.413  -16.235 0.0000000000
64572  20.799  -27.701  -16.147 0.0000000000
64584  22.247  -28.138  -17.377 0.0000000000
64569  23.715  -29.109  -17.008 0.0000000000
65693  22.799  -27.727  -17.889 0.0000000000
84079  23.919  -11.831  -26.203 0.0000000000
82981  24.221  -12.761  -25.711 0.0000000000
85145  24.968  -11.075  -25.209 0.0000000000
86233  25.457  -10.282  -24.390 0.0000000000
87327  25.505  -8.898  -25.661 0.0000000000
92675  23.551  -3.693  -27.770 0.0000000000
92684  23.258  -3.950  -28.754 0.0000000000
93782  22.686  -2.206  -29.388 0.0000000000
73006  27.596  -21.365  -22.067 0.0000000000
71743  28.146  -22.735  -20.805 0.0000000000
73005  28.489  -21.238  -22.233 0.0000000000
84067  20.424  -11.877  -24.259 0.0000000000
85133  20.437  -11.265  -24.221 0.0000000000
62164  21.606  -30.586  -14.902 0.0000000000
59746  22.209  -32.412  -14.040 0.0000000000
58483  23.403  -32.926  -14.135 0.0000000000
59732  24.454  -32.230  -13.892 0.0000000000
63359  25.461  -29.908  -16.291 0.0000000000
62161  25.194  -30.285  -14.936 0.0000000000
69301  21.393  -24.599  -18.516 0.0000000000
70511  20.711  -23.350  -18.677 0.0000000000
74282  21.523  -20.412  -21.391 0.0000000000
73012  21.990  -21.248  -21.685 0.0000000000
74320  22.241  -20.603  -23.525 0.0000000000
73027  23.729  -20.512  -22.277 0.0000000000
75537  24.061  -19.473  -22.681 0.0000000000
77629  19.655  -17.200  -21.050 0.0000000000
78732  20.909  -16.319  -22.575 0.0000000000
80980  24.552  -14.717  -24.615 0.0000000000
78751  23.907  -16.611  -24.153 0.0000000000
78750  24.800  -16.655  -24.342 0.0000000000
77654  26.120  -17.553  -24.861 0.0000000000
79893  26.496  -15.913  -23.938 0.0000000000
79877  27.254  -15.979  -21.985 0.0000000000
80963  26.449  -14.703  -22.484 0.0000000000
87265  26.167  -9.215  -21.779 0.0000000000
85096  26.574  -11.071  -21.177 0.0000000000
90505  23.848  -6.579  -28.920 0.0000000000
88440  22.448  -7.799  -26.319 0.0000000000
88459  23.933  -7.223  -28.108 0.0000000000
87343  23.843  -8.619  -27.245 0.0000000000
88458  24.410  -7.375  -27.986 0.0000000000
91572  25.610  -4.842  -27.527 0.0000000000
91571  26.077  -4.785  -26.496 0.0000000000
90491  26.647  -5.564  -25.970 0.0000000000
69315  23.989  -24.836  -19.633 0.0000000000
66902  24.714  -26.428  -19.274 0.0000000000
68150  25.882  -25.400  -19.507 0.0000000000
69299  28.985  -24.741  -18.876 0.0000000000
68135  27.842  -26.091  -18.767 0.0000000000
63331  21.478  -29.974  -15.171 0.0000000000
62184  22.797  -30.877  -15.555 0.0000000000
60956  24.129  -31.136  -15.474 0.0000000000
63345  23.720  -30.432  -16.206 0.0000000000
63360  25.054  -30.109  -16.740 0.0000000000
64581  25.446  -28.776  -17.792 0.0000000000
74255  18.894  -20.592  -19.196 0.0000000000
75503  20.214  -19.726  -20.517 0.0000000000
76593  21.291  -19.139  -21.655 0.0000000000
81984  21.086  -14.142  -23.698 0.0000000000
80974  21.505  -14.697  -23.863 0.0000000000
80982  22.911  -14.391  -25.022 0.0000000000
81992  24.319  -13.808  -25.053 0.0000000000
82958  25.110  -12.930  -24.242 0.0000000000
82945  25.759  -12.775  -22.819 0.0000000000
85124  25.519  -11.132  -23.667 0.0000000000
86220  25.624  -10.075  -23.193 0.0000000000
88410  26.261  -7.521  -23.567 0.0000000000
90481  21.453  -5.938  -24.728 0.0000000000
91574  22.746  -5.279  -26.203 0.0000000000
91589  23.460  -4.936  -29.044 0.0000000000
91606  23.733  -4.722  -30.429 0.0000000000
70536  25.855  -23.307  -20.370 0.0000000000
69328  26.365  -24.012  -20.002 0.0000000000
70535  26.804  -23.481  -20.391 0.0000000000
70521  28.413  -24.321  -20.148 0.0000000000
81971  19.604  -13.566  -22.730 0.0000000000
81996  20.751  -13.100  -24.045 0.0000000000
84080  22.900  -11.598  -25.548 0.0000000000
86250  23.709  -9.872  -26.381 0.0000000000
60920  24.764  -31.304  -13.956 0.0000000000
75533  29.055  -19.496  -22.922 0.0000000000
74299  29.478  -20.103  -22.488 0.0000000000
68126  20.974  -25.928  -17.616 0.0000000000
66893  22.450  -26.575  -18.100 0.0000000000
69300  22.127  -25.204  -18.679 0.0000000000
69316  22.749  -24.674  -19.348 0.0000000000
69331  23.565  -23.976  -19.944 0.0000000000
71733  21.222  -21.982  -19.833 0.0000000000
70550  22.846  -22.468  -21.079 0.0000000000
71747  24.237  -22.705  -20.838 0.0000000000
71765  25.326  -21.784  -21.218 0.0000000000
73008  25.663  -20.860  -21.853 0.0000000000
74302  26.977  -20.006  -23.025 0.0000000000
76595  19.875  -17.821  -20.944 0.0000000000
76612  21.526  -18.363  -22.294 0.0000000000
78742  21.955  -16.509  -23.389 0.0000000000
77647  22.500  -17.353  -23.330 0.0000000000
76625  23.967  -18.531  -23.254 0.0000000000
75569  24.823  -19.052  -23.757 0.0000000000
76623  26.281  -18.655  -24.427 0.0000000000
76621  27.971  -18.499  -23.709 0.0000000000
77626  28.241  -17.474  -21.963 0.0000000000
79864  28.035  -15.938  -20.884 0.0000000000
82931  26.603  -12.939  -21.253 0.0000000000
86251  22.938  -9.285  -26.314 0.0000000000
86265  23.816  -9.221  -26.875 0.0000000000
86264  24.523  -9.392  -26.549 0.0000000000
93802  22.963  -3.185  -31.318 0.0000000000
92701  23.987  -3.773  -31.089 0.0000000000
93797  24.304  -2.842  -31.038 0.0000000000
91587  25.151  -4.929  -29.787 0.0000000000
90498  25.458  -5.840  -27.997 0.0000000000
89511  25.567  -6.799  -27.295 0.0000000000
88439  25.913  -7.911  -26.004 0.0000000000
88438  26.219  -7.387  -25.232 0.0000000000
90468  26.775  -6.189  -24.422 0.0000000000
89480  27.088  -6.287  -23.341 0.0000000000
65705  24.122  -27.498  -18.579 0.0000000000
65704  25.196  -27.962  -18.834 0.0000000000
65690  26.418  -28.199  -18.384 0.0000000000
68149  26.903  -25.790  -19.489 0.0000000000
66877  27.373  -26.881  -18.170 0.0000000000
66881  20.748  -26.569  -16.870 0.0000000000
65681  20.637  -27.034  -16.405 0.0000000000
65696  20.939  -27.050  -16.814 0.0000000000
65680  21.130  -27.511  -16.712 0.0000000000
64585  21.609  -27.713  -17.135 0.0000000000
65694  21.979  -27.218  -17.695 0.0000000000
85146  24.463  -10.929  -25.851 0.0000000000
86248  25.104  -9.977  -25.471 0.0000000000
93781  23.163  -2.723  -28.770 0.0000000000
73024  27.714  -20.679  -22.782 0.0000000000
73023  28.493  -20.497  -22.894 0.0000000000
60937  22.422  -31.589  -14.895 0.0000000000
60938  21.357  -31.629  -13.942 0.0000000000
59745  23.019  -32.418  -14.548 0.0000000000
58484  22.847  -32.792  -14.109 0.0000000000
58482  24.070  -32.946  -14.105 0.0000000000
59744  23.832  -32.388  -14.504 0.0000000000
64554  25.825  -29.258  -16.118 0.0000000000
63330  25.526  -29.455  -14.927 0.0000000000
64545  25.779  -29.017  -15.348 0.0000000000
64553  26.199  -28.562  -15.806 0.0000000000
70512  19.573  -23.176  -18.192 0.0000000000
75540  21.859  -19.715  -22.313 0.0000000000
75557  21.573  -20.212  -23.423 0.0000000000
75556  22.008  -20.214  -22.842 0.0000000000
75555  22.986  -19.878  -22.654 0.0000000000
79880  20.215  -15.559  -22.218 0.0000000000
80979  25.258  -14.709  -24.291 0.0000000000
79895  25.047  -15.686  -24.407 0.0000000000
79894  25.890  -15.625  -24.286 0.0000000000
79886  26.236  -15.263  -23.758 0.0000000000
79885  26.586  -15.549  -23.217 0.0000000000
80972  26.189  -14.647  -23.257 0.0000000000
87278  26.307  -8.486  -21.873 0.0000000000
87264  26.830  -8.994  -21.178 0.0000000000
90512  23.955  -6.637  -29.293 0.0000000000
89519  23.849  -6.794  -28.391 0.0000000000
89518  24.221  -6.878  -28.819 0.0000000000
89525  24.656  -6.415  -29.365 0.0000000000
92668  25.683  -3.870  -26.996 0.0000000000
92667  26.242  -3.924  -26.135 0.0000000000
69330  24.226  -24.165  -19.795 0.0000000000
68151  24.815  -25.575  -19.401 0.0000000000
69314  24.905  -24.595  -19.566 0.0000000000
68134  28.447  -25.493  -18.327 0.0000000000
64555  21.407  -28.866  -15.658 0.0000000000
63348  21.245  -29.112  -15.367 0.0000000000
63347  21.975  -29.719  -15.661 0.0000000000
62185  22.144  -30.539  -15.357 0.0000000000
63346  23.234  -30.270  -16.081 0.0000000000
63362  23.009  -29.518  -16.416 0.0000000000
64568  24.736  -29.429  -17.208 0.0000000000
75505  19.237  -18.936  -19.936 0.0000000000
75495  19.250  -20.007  -19.618 0.0000000000
75504  19.572  -19.548  -20.119 0.0000000000
75517  20.771  -19.513  -21.039 0.0000000000
76577  20.148  -19.142  -20.663 0.0000000000
81995  21.403  -13.534  -24.187 0.0000000000
80983  22.130  -14.482  -24.455 0.0000000000
81994  22.404  -13.463  -24.783 0.0000000000
82980  24.599  -12.367  -25.436 0.0000000000
82002  24.093  -13.441  -25.432 0.0000000000
82968  24.697  -12.895  -25.041 0.0000000000
81991  24.809  -13.798  -24.468 0.0000000000
84051  25.375  -12.085  -23.976 0.0000000000
87298  25.725  -9.146  -23.741 0.0000000000
88395  25.890  -8.278  -23.307 0.0000000000
91563  23.223  -4.339  -25.838 0.0000000000
91564  22.219  -4.948  -25.351 0.0000000000
92694  22.904  -3.981  -29.543 0.0000000000
91581  23.595  -4.847  -27.994 0.0000000000
91600  23.328  -4.695  -29.994 0.0000000000
91601  22.965  -4.120  -30.431 0.0000000000
71745  26.124  -22.651  -20.767 0.0000000000
71744  27.160  -22.775  -20.811 0.0000000000
70533  28.622  -23.318  -20.540 0.0000000000
70520  29.036  -24.015  -20.302 0.0000000000
81972  18.761  -13.487  -22.023 0.0000000000
81986  19.918  -13.279  -23.356 0.0000000000
82960  19.686  -12.736  -23.360 0.0000000000
84065  22.094  -11.417  -25.133 0.0000000000
85148  22.883  -10.405  -25.979 0.0000000000
60935  24.327  -31.495  -14.868 0.0000000000
62162  24.763  -30.894  -14.997 0.0000000000
62141  25.063  -30.376  -13.822 0.0000000000
76590  28.992  -18.497  -22.009 0.0000000000
68128  19.199  -24.936  -16.892 0.0000000000
68139  21.495  -25.757  -18.081 0.0000000000
69317  21.719  -23.801  -19.132 0.0000000000
69332  22.897  -23.573  -20.013 0.0000000000
72981  20.326  -21.248  -19.597 0.0000000000
71734  20.557  -21.976  -19.305 0.0000000000
72980  21.068  -21.289  -19.932 0.0000000000
71774  22.562  -21.448  -21.901 0.0000000000
71769  22.244  -21.874  -21.313 0.0000000000
71767  23.255  -22.012  -21.519 0.0000000000
70549  23.240  -22.597  -20.994 0.0000000000
71766  24.318  -21.933  -21.311 0.0000000000
73010  23.706  -21.474  -21.762 0.0000000000
74304  24.354  -19.938  -22.500 0.0000000000
74281  25.104  -20.330  -22.127 0.0000000000
74303  25.726  -19.983  -22.699 0.0000000000
75536  26.429  -19.489  -23.268 0.0000000000
77637  20.695  -17.083  -22.203 0.0000000000
77628  20.273  -17.309  -21.545 0.0000000000
76613  20.885  -17.698  -21.989 0.0000000000
76628  21.702  -17.752  -22.747 0.0000000000
79898  22.533  -15.099  -24.599 0.0000000000
79888  22.224  -15.613  -24.061 0.0000000000
79887  22.716  -15.938  -24.097 0.0000000000
77657  23.897  -17.298  -23.858 0.0000000000
78740  23.465  -16.871  -23.853 0.0000000000
77646  23.383  -17.526  -23.549 0.0000000000
76626  22.966  -18.173  -23.005 0.0000000000
77645  24.096  -17.871  -23.732 0.0000000000
76641  24.557  -18.348  -23.896 0.0000000000
77644  26.902  -17.626  -24.331 0.0000000000
76622  27.226  -18.596  -23.901 0.0000000000
77643  27.444  -17.746  -23.531 0.0000000000
77634  27.916  -17.999  -23.089 0.0000000000
77635  27.640  -17.305  -22.801 0.0000000000
79866  27.083  -15.448  -21.713 0.0000000000
79865  27.551  -15.728  -21.323 0.0000000000
79848  27.885  -15.506  -20.768 0.0000000000
79847  28.532  -15.509  -20.286 0.0000000000
80933  27.645  -14.756  -20.794 0.0000000000
84036  25.897  -11.912  -22.347 0.0000000000
82932  26.231  -12.834  -22.088 0.0000000000
84022  26.289  -11.948  -21.552 0.0000000000
90500  22.555  -6.193  -26.261 0.0000000000
89503  21.981  -7.052  -25.774 0.0000000000
87329  21.996  -8.363  -25.950 0.0000000000
86252  21.987  -9.090  -25.882 0.0000000000
129156  21.676  -9.725  -25.115 0.0000000000
88451  24.550  -8.073  -27.505 0.0000000000
86266  23.462  -8.857  -26.767 0.0000000000
87342  24.625  -8.749  -27.041 0.0000000000
94863  22.383  -1.616  -31.924 0.0000000000
93801  23.575  -2.835  -31.442 0.0000000000
92702  23.565  -3.684  -31.125 0.0000000000
93800  24.115  -3.382  -31.220 0.0000000000
93789  25.102  -3.164  -29.482 0.0000000000
93790  24.863  -2.635  -29.924 0.0000000000
92692  24.957  -3.357  -29.738 0.0000000000
91588  24.891  -4.458  -30.037 0.0000000000
90504  25.177  -5.862  -29.078 0.0000000000
91580  25.342  -4.889  -28.666 0.0000000000
90497  25.847  -5.726  -26.908 0.0000000000
89502  25.913  -7.186  -26.531 0.0000000000
89501  26.384  -6.754  -25.763 0.0000000000
90480  26.807  -5.974  -25.025 0.0000000000
89481  26.670  -6.635  -23.931 0.0000000000
90467  27.264  -5.571  -23.925 0.0000000000
65706  23.210  -27.255  -18.238 0.0000000000
66892  23.550  -26.579  -18.795 0.0000000000
66890  25.473  -27.112  -19.165 0.0000000000
66891  24.519  -27.073  -19.076 0.0000000000
65691  25.556  -28.420  -18.387 0.0000000000
69312  26.643  -24.871  -19.836 0.0000000000
68125  27.928  -25.993  -17.988 0.0000000000
66888  27.330  -26.595  -18.870 0.0000000000
65678  27.109  -27.708  -17.628 0.0000000000
64571  21.628  -28.441  -16.394 0.0000000000
64570  22.687  -28.782  -16.864 0.0000000000
64583  23.251  -28.377  -17.506 0.0000000000
82982  23.395  -12.665  -25.728 0.0000000000
84078  24.519  -11.826  -25.656 0.0000000000
85132  25.249  -11.465  -24.519 0.0000000000
87314  25.609  -9.107  -24.756 0.0000000000
92669  23.543  -3.471  -26.621 0.0000000000
93791  22.993  -3.380  -29.290 0.0000000000
93792  22.610  -2.799  -29.892 0.0000000000
73007  26.687  -21.277  -21.867 0.0000000000
71763  27.412  -22.041  -21.385 0.0000000000
71762  28.367  -22.030  -21.532 0.0000000000
71761  29.216  -21.711  -21.626 0.0000000000
84066  21.268  -11.041  -24.849 0.0000000000
62165  20.403  -30.673  -13.984 0.0000000000
58465  23.749  -33.437  -13.690 0.0000000000
58464  24.310  -33.008  -13.520 0.0000000000
62181  25.224  -30.345  -15.856 0.0000000000
63344  25.513  -29.732  -15.592 0.0000000000
69302  20.168  -24.313  -17.908 0.0000000000
70525  21.405  -22.985  -19.467 0.0000000000
74263  21.324  -20.569  -20.757 0.0000000000
72991  21.485  -21.072  -20.553 0.0000000000
74306  21.676  -20.671  -22.881 0.0000000000
73034  21.604  -21.256  -23.499 0.0000000000
73028  23.011  -21.020  -22.407 0.0000000000
74318  24.936  -19.508  -23.264 0.0000000000
78733  20.339  -16.208  -22.049 0.0000000000
79896  24.185  -15.675  -24.487 0.0000000000
77655  25.313  -17.560  -24.669 0.0000000000
78749  25.606  -16.639  -24.570 0.0000000000
78748  26.412  -16.642  -24.399 0.0000000000
78739  27.014  -16.608  -23.612 0.0000000000
78729  27.299  -16.512  -22.662 0.0000000000
78730  26.916  -16.080  -22.974 0.0000000000
79878  26.848  -15.606  -22.371 0.0000000000
81936  26.769  -14.235  -21.371 0.0000000000
86204  25.920  -10.041  -22.106 0.0000000000
86192  26.423  -9.740  -21.463 0.0000000000
86191  26.889  -10.121  -20.810 0.0000000000
90506  23.792  -6.010  -28.350 0.0000000000
89512  23.458  -6.922  -27.629 0.0000000000
88453  23.069  -7.581  -27.024 0.0000000000
87344  23.146  -8.361  -26.770 0.0000000000
88452  23.718  -7.837  -27.590 0.0000000000
92674  25.364  -3.864  -28.149 0.0000000000
91562  26.774  -4.619  -25.873 0.0000000000
68152  23.683  -25.805  -19.264 0.0000000000
66903  24.098  -26.522  -19.208 0.0000000000
66901  25.653  -26.298  -19.317 0.0000000000
69310  28.485  -24.875  -19.764 0.0000000000
68148  27.804  -25.656  -19.439 0.0000000000
68147  28.435  -25.482  -19.100 0.0000000000
63332  20.909  -29.606  -14.887 0.0000000000
62163  22.212  -30.937  -15.238 0.0000000000
60958  23.055  -31.481  -15.297 0.0000000000
60957  23.616  -31.326  -15.407 0.0000000000
62183  23.835  -30.757  -15.917 0.0000000000
62200  24.354  -30.596  -16.098 0.0000000000
63361  24.055  -30.163  -16.530 0.0000000000
62199  24.788  -30.461  -16.237 0.0000000000
64567  25.649  -29.407  -16.965 0.0000000000
74253  20.248  -20.683  -19.925 0.0000000000
74254  19.738  -20.472  -19.822 0.0000000000
74264  20.749  -20.366  -20.391 0.0000000000
74283  21.152  -19.991  -21.070 0.0000000000
75516  21.339  -19.756  -21.514 0.0000000000
80975  20.984  -14.669  -23.275 0.0000000000
82003  23.635  -13.459  -25.490 0.0000000000
80989  23.488  -14.033  -25.185 0.0000000000
80981  23.766  -14.606  -24.882 0.0000000000
81983  25.333  -13.785  -23.806 0.0000000000
81969  25.673  -13.428  -23.245 0.0000000000
82946  25.443  -12.815  -23.533 0.0000000000
84037  25.565  -11.941  -23.160 0.0000000000
85112  25.672  -11.009  -22.694 0.0000000000
87279  25.889  -8.969  -22.624 0.0000000000
88394  26.280  -7.776  -22.557 0.0000000000
90499  23.246  -5.833  -27.120 0.0000000000
90513  23.827  -5.979  -29.478 0.0000000000
90523  24.197  -5.892  -30.345 0.0000000000
70537  25.005  -23.246  -20.274 0.0000000000
69313  25.776  -24.417  -19.736 0.0000000000
69329  25.631  -23.743  -19.989 0.0000000000
69327  27.242  -24.295  -20.076 0.0000000000
70534  27.959  -23.691  -20.335 0.0000000000
69326  27.968  -24.494  -20.082 0.0000000000
81970  20.038  -14.124  -22.776 0.0000000000
81985  20.444  -13.691  -23.471 0.0000000000
82971  20.972  -12.427  -24.403 0.0000000000
82970  22.021  -12.276  -24.760 0.0000000000
85147  23.715  -10.795  -26.129 0.0000000000
62142  24.814  -30.882  -14.526 0.0000000000
73022  28.935  -20.274  -22.730 0.0000000000
66880  21.282  -26.399  -17.547 0.0000000000
66879  21.863  -26.648  -17.819 0.0000000000
66894  21.762  -26.357  -17.899 0.0000000000
68138  22.860  -25.742  -18.758 0.0000000000
68153  23.095  -25.438  -19.175 0.0000000000
70538  24.185  -23.511  -20.282 0.0000000000
71725  19.867  -22.236  -18.873 0.0000000000
71724  20.775  -22.492  -19.164 0.0000000000
70541  21.816  -22.727  -20.161 0.0000000000
71750  21.933  -22.065  -20.810 0.0000000000
70540  22.484  -22.841  -20.556 0.0000000000
70539  23.268  -23.105  -20.544 0.0000000000
71746  25.135  -22.583  -20.725 0.0000000000
73009  24.371  -20.945  -21.870 0.0000000000
73025  26.824  -20.668  -22.429 0.0000000000
74301  27.794  -20.141  -23.789 0.0000000000
76594  20.542  -18.444  -21.330 0.0000000000
76611  22.418  -18.810  -22.651 0.0000000000
79889  21.453  -15.621  -23.246 0.0000000000
78743  21.483  -16.300  -23.020 0.0000000000
78731  21.501  -16.758  -22.940 0.0000000000
78741  22.839  -16.481  -23.805 0.0000000000
77648  21.832  -17.299  -23.041 0.0000000000
76627  22.130  -17.996  -22.935 0.0000000000
76610  23.280  -18.948  -22.664 0.0000000000
76609  23.887  -19.143  -22.759 0.0000000000
75554  24.407  -19.238  -22.987 0.0000000000
74330  25.009  -19.383  -23.740 0.0000000000
76639  25.717  -18.166  -24.883 0.0000000000
76624  25.625  -18.985  -24.299 0.0000000000
75553  25.838  -19.266  -23.752 0.0000000000
75552  26.515  -19.182  -23.759 0.0000000000
75534  27.534  -19.672  -24.030 0.0000000000
74315  28.414  -19.643  -24.146 0.0000000000
75550  28.518  -19.261  -23.754 0.0000000000
76606  28.585  -18.653  -22.889 0.0000000000
77627  27.680  -16.970  -22.332 0.0000000000
78720  27.936  -16.486  -21.376 0.0000000000
77608  28.930  -17.320  -21.034 0.0000000000
81968  26.068  -13.747  -22.705 0.0000000000
81953  26.501  -13.818  -21.710 0.0000000000
81935  26.915  -13.791  -20.974 0.0000000000
88441  21.811  -7.883  -25.824 0.0000000000
85149  22.113  -10.039  -25.635 0.0000000000
86263  25.087  -9.482  -26.130 0.0000000000
94859  22.167  -1.636  -30.877 0.0000000000
93799  22.524  -2.836  -30.902 0.0000000000
92700  22.844  -3.738  -30.801 0.0000000000
92703  23.259  -3.918  -30.910 0.0000000000
91609  23.709  -4.203  -30.778 0.0000000000
91604  24.511  -5.485  -30.371 0.0000000000
92699  24.399  -3.867  -30.818 0.0000000000
91599  24.715  -4.536  -30.307 0.0000000000
90511  25.015  -5.960  -29.969 0.0000000000
89517  24.986  -6.756  -28.384 0.0000000000
88450  25.434  -7.952  -27.052 0.0000000000
87341  25.263  -8.771  -26.452 0.0000000000
88426  25.831  -8.122  -25.047 0.0000000000
89492  26.550  -6.728  -24.819 0.0000000000
88425  26.254  -7.432  -24.460 0.0000000000
89466  26.738  -6.925  -23.046 0.0000000000
89465  27.350  -6.410  -22.670 0.0000000000
91553  27.737  -4.509  -24.442 0.0000000000
90466  27.811  -5.096  -23.471 0.0000000000
90452  27.435  -5.961  -23.176 0.0000000000
89450  27.407  -6.777  -21.852 0.0000000000
65707  22.619  -27.192  -17.959 0.0000000000
65692  23.708  -27.926  -18.060 0.0000000000
64591  25.030  -28.426  -18.264 0.0000000000
64580  26.162  -28.795  -17.455 0.0000000000
65679  26.704  -28.316  -17.221 0.0000000000
66900  26.295  -26.139  -19.357 0.0000000000
66889  26.653  -26.964  -19.136 0.0000000000
68136  27.330  -26.260  -19.188 0.0000000000
65689  27.064  -27.671  -18.244 0.0000000000
65669  26.583  -28.081  -16.332 0.0000000000
73004  29.366  -20.822  -22.139 0.0000000000
71760  29.740  -21.293  -21.573 0.0000000000
59747  21.719  -32.160  -13.844 0.0000000000
62198  25.188  -30.274  -16.317 0.0000000000
64592  24.503  -28.086  -18.307 0.0000000000
66878  27.006  -27.544  -18.597 0.0000000000
70523  24.564  -23.995  -19.788 0.0000000000
71748  23.625  -22.792  -20.838 0.0000000000
71749  22.409  -22.252  -21.114 0.0000000000
71768  22.481  -21.846  -21.567 0.0000000000
71775  21.193  -21.481  -23.486 0.0000000000
71776  21.047  -21.466  -23.311 0.0000000000
71777  21.188  -21.719  -24.178 0.0000000000
71778  20.706  -21.700  -23.632 0.0000000000
71779  20.123  -21.926  -23.655 0.0000000000
71780  21.051  -21.385  -24.171 0.0000000000
71781  20.751  -21.597  -24.072 0.0000000000
71782  20.349  -21.861  -24.017 0.0000000000
73011  22.239  -21.097  -22.030 0.0000000000
73026  26.219  -20.693  -22.194 0.0000000000
73029  22.252  -21.195  -22.526 0.0000000000
73030  21.565  -21.049  -23.006 0.0000000000
73031  20.848  -21.296  -23.265 0.0000000000
73032  22.285  -20.900  -23.067 0.0000000000
73033  22.180  -21.026  -23.602 0.0000000000
73035  20.311  -21.423  -23.553 0.0000000000
73036  19.991  -21.501  -23.939 0.0000000000
73037  21.955  -21.012  -24.265 0.0000000000
73038  21.446  -21.157  -24.222 0.0000000000
73039  20.792  -21.166  -24.312 0.0000000000
73040  20.416  -21.451  -24.092 0.0000000000
73041  21.250  -21.029  -24.482 0.0000000000
73042  21.040  -21.125  -24.417 0.0000000000
74265  20.007  -20.044  -20.257 0.0000000000
74280  25.480  -20.377  -22.217 0.0000000000
74305  23.312  -20.281  -22.496 0.0000000000
74307  21.069  -20.832  -22.788 0.0000000000
74316  28.255  -19.981  -24.314 0.0000000000
74319  22.492  -20.611  -22.686 0.0000000000
74321  21.183  -20.423  -23.470 0.0000000000
74322  20.684  -20.729  -23.626 0.0000000000
74323  20.225  -21.157  -23.776 0.0000000000
74329  25.094  -19.298  -23.930 0.0000000000
74331  21.946  -20.544  -24.362 0.0000000000
74332  21.727  -20.858  -24.440 0.0000000000
74333  20.644  -20.648  -24.378 0.0000000000
74334  20.276  -21.031  -24.104 0.0000000000
74339  21.642  -20.222  -24.946 0.0000000000
74340  21.391  -20.588  -24.692 0.0000000000
74341  20.945  -20.845  -24.636 0.0000000000
75514  27.485  -19.762  -23.804 0.0000000000
75515  27.308  -19.592  -23.725 0.0000000000
75535  27.117  -19.484  -23.556 0.0000000000
75538  23.505  -19.632  -22.605 0.0000000000
75551  27.893  -19.366  -24.281 0.0000000000
75558  21.042  -20.181  -23.875 0.0000000000
75568  25.269  -19.184  -24.089 0.0000000000
75570  21.993  -20.100  -24.002 0.0000000000
75571  21.349  -19.902  -24.327 0.0000000000
75572  20.837  -20.136  -24.427 0.0000000000
75579  21.789  -19.913  -24.729 0.0000000000
75580  21.159  -19.865  -25.146 0.0000000000
75581  20.884  -20.352  -24.837 0.0000000000
76591  27.389  -19.519  -23.905 0.0000000000
76592  27.242  -19.359  -23.787 0.0000000000
76607  27.398  -19.250  -23.955 0.0000000000
76608  26.969  -19.033  -23.825 0.0000000000
76640  25.169  -18.567  -24.529 0.0000000000
77642  27.766  -18.109  -23.493 0.0000000000
78701  28.452  -16.585  -20.957 0.0000000000
78721  27.625  -16.542  -21.923 0.0000000000
78722  20.396  -16.649  -21.974 0.0000000000
78752  23.327  -16.412  -24.031 0.0000000000
79879  20.839  -15.340  -22.768 0.0000000000
80949  27.211  -15.049  -21.342 0.0000000000
80950  26.756  -14.800  -21.692 0.0000000000
80990  23.271  -13.846  -25.289 0.0000000000
81982  25.803  -14.054  -23.369 0.0000000000
81993  23.861  -13.873  -25.233 0.0000000000
82004  23.045  -13.439  -25.320 0.0000000000
82959  20.013  -13.058  -23.674 0.0000000000
82969  24.345  -13.229  -25.355 0.0000000000
82972  20.313  -12.735  -23.986 0.0000000000
82973  19.950  -12.699  -23.780 0.0000000000
84077  24.877  -11.981  -25.118 0.0000000000
86203  26.362  -10.391  -21.477 0.0000000000
89464  27.808  -6.249  -22.221 0.0000000000
89526  24.186  -6.540  -29.684 0.0000000000
89527  23.997  -6.234  -30.058 0.0000000000
89537  24.247  -6.248  -30.171 0.0000000000
89538  24.085  -6.095  -30.254 0.0000000000
90490  27.099  -4.964  -25.647 0.0000000000
90522  24.544  -5.932  -30.305 0.0000000000
90524  23.923  -5.633  -30.183 0.0000000000
90527  24.500  -5.743  -30.358 0.0000000000
90528  24.313  -5.580  -30.387 0.0000000000
90529  24.090  -5.360  -30.438 0.0000000000
91541  27.745  -4.862  -23.800 0.0000000000
91598  24.771  -5.313  -30.324 0.0000000000
91605  24.229  -4.701  -30.583 0.0000000000
91607  23.053  -4.270  -30.358 0.0000000000
91608  24.112  -3.939  -31.021 0.0000000000
91610  23.474  -4.255  -30.652 0.0000000000
92683  24.916  -4.296  -29.853 0.0000000000
92693  24.771  -3.753  -30.163 0.0000000000
