#!ascii label  , from subject sub.01.dh.02t2 vox2ras=TkReg
319
16992  37.407  -71.593  11.250 0.0000000000
11496  37.388  -78.751  3.720 0.0000000000
14496  43.855  -74.452  7.855 0.0000000000
15354  37.748  -73.473  5.701 0.0000000000
10736  42.542  -79.153  4.898 0.0000000000
13766  43.594  -75.611  4.896 0.0000000000
11432  44.507  -78.222  7.870 0.0000000000
12989  36.634  -76.749  5.722 0.0000000000
14576  33.635  -73.874  5.227 0.0000000000
15277  41.072  -73.284  9.600 0.0000000000
15351  40.653  -73.765  5.784 0.0000000000
13768  40.357  -75.805  4.930 0.0000000000
10712  39.805  -79.598  6.460 0.0000000000
9280  41.139  -81.602  5.766 0.0000000000
18830  38.985  -69.073  11.667 0.0000000000
16128  42.229  -71.783  11.230 0.0000000000
16136  44.716  -72.582  10.505 0.0000000000
17030  33.149  -71.565  7.551 0.0000000000
12206  45.246  -76.984  7.505 0.0000000000
11470  36.991  -78.208  5.015 0.0000000000
13002  35.086  -76.611  4.834 0.0000000000
15289  42.503  -74.060  8.818 0.0000000000
14518  42.884  -74.791  7.193 0.0000000000
12244  43.406  -77.643  4.391 0.0000000000
13785  42.677  -75.692  4.225 0.0000000000
12246  41.951  -77.303  4.524 0.0000000000
12233  40.219  -77.299  5.962 0.0000000000
10710  41.270  -79.216  5.883 0.0000000000
8520  39.795  -82.670  5.393 0.0000000000
16986  43.786  -71.169  11.491 0.0000000000
16127  43.227  -71.813  11.107 0.0000000000
16125  45.165  -72.081  11.271 0.0000000000
16184  37.900  -72.535  6.198 0.0000000000
15309  35.419  -73.340  7.374 0.0000000000
17089  34.586  -71.638  3.804 0.0000000000
17079  33.448  -71.727  4.717 0.0000000000
14514  46.134  -75.019  7.168 0.0000000000
14536  44.086  -75.250  6.239 0.0000000000
13750  45.711  -75.628  6.455 0.0000000000
12228  44.886  -76.774  5.802 0.0000000000
11466  43.540  -78.582  5.621 0.0000000000
14557  36.566  -75.029  5.783 0.0000000000
14540  35.293  -74.791  6.469 0.0000000000
13773  35.198  -75.577  5.992 0.0000000000
14589  34.358  -74.425  3.880 0.0000000000
11512  37.815  -78.903  3.122 0.0000000000
16148  39.443  -72.819  9.652 0.0000000000
16182  39.534  -72.697  6.665 0.0000000000
16199  39.278  -72.915  5.777 0.0000000000
14551  42.373  -74.979  5.177 0.0000000000
14573  40.934  -74.645  4.883 0.0000000000
14555  38.487  -74.490  5.237 0.0000000000
12987  38.910  -76.388  5.813 0.0000000000
12975  38.284  -77.448  6.172 0.0000000000
11468  38.031  -79.088  5.620 0.0000000000
10019  41.850  -80.633  5.500 0.0000000000
10006  40.285  -80.555  6.114 0.0000000000
10008  38.612  -80.449  6.027 0.0000000000
10738  37.991  -79.898  4.905 0.0000000000
18814  36.753  -69.722  12.255 0.0000000000
17855  38.311  -70.577  12.160 0.0000000000
17870  40.494  -70.094  11.885 0.0000000000
16130  40.274  -72.144  11.411 0.0000000000
16139  41.591  -72.578  10.746 0.0000000000
15267  42.878  -73.178  10.156 0.0000000000
15274  44.401  -73.377  9.471 0.0000000000
15264  46.302  -73.132  10.015 0.0000000000
15285  46.352  -74.252  8.335 0.0000000000
16187  33.478  -72.763  6.689 0.0000000000
17871  36.774  -71.264  11.463 0.0000000000
17872  36.049  -70.999  11.428 0.0000000000
16993  36.655  -71.371  10.886 0.0000000000
11482  36.730  -78.233  4.307 0.0000000000
12247  36.024  -77.791  4.007 0.0000000000
15288  43.609  -74.038  8.739 0.0000000000
14497  42.794  -74.452  8.080 0.0000000000
11478  43.219  -78.603  4.818 0.0000000000
12245  42.546  -77.254  4.158 0.0000000000
11480  42.011  -78.136  4.754 0.0000000000
11467  41.525  -78.281  5.380 0.0000000000
10737  42.148  -78.884  4.626 0.0000000000
7778  39.630  -83.643  5.050 0.0000000000
16985  44.598  -71.400  11.813 0.0000000000
15330  37.325  -72.938  6.246 0.0000000000
16185  36.932  -72.377  6.786 0.0000000000
15331  36.746  -73.495  6.425 0.0000000000
17984  34.752  -70.631  3.892 0.0000000000
14534  45.642  -75.305  6.597 0.0000000000
12961  46.015  -75.778  7.069 0.0000000000
12207  44.879  -77.609  7.255 0.0000000000
12215  45.117  -76.920  6.497 0.0000000000
12216  44.628  -77.684  6.442 0.0000000000
11451  44.110  -78.112  6.091 0.0000000000
11442  44.424  -78.287  6.967 0.0000000000
13771  37.117  -75.789  5.792 0.0000000000
13772  36.143  -75.818  5.762 0.0000000000
12990  35.631  -76.533  5.422 0.0000000000
13019  34.402  -75.737  4.060 0.0000000000
14588  34.941  -74.539  3.352 0.0000000000
15384  35.038  -73.764  3.366 0.0000000000
16147  40.362  -72.965  10.044 0.0000000000
15278  40.036  -73.193  9.231 0.0000000000
16183  38.795  -72.363  6.153 0.0000000000
16198  39.976  -73.099  5.904 0.0000000000
13752  44.309  -75.543  5.679 0.0000000000
14537  42.873  -75.101  6.033 0.0000000000
13767  42.951  -75.240  5.019 0.0000000000
13001  41.033  -75.908  4.652 0.0000000000
13786  41.506  -75.495  4.605 0.0000000000
13787  40.668  -75.305  4.739 0.0000000000
14554  39.486  -74.305  5.011 0.0000000000
13769  39.409  -75.423  5.070 0.0000000000
13770  38.212  -75.563  5.673 0.0000000000
11454  40.269  -78.622  6.521 0.0000000000
12219  39.617  -77.579  6.308 0.0000000000
11455  39.194  -78.664  6.649 0.0000000000
11456  38.232  -78.729  6.105 0.0000000000
10713  38.822  -79.633  6.391 0.0000000000
8476  41.197  -82.272  9.341 0.0000000000
8509  41.188  -82.854  6.472 0.0000000000
9251  41.473  -81.823  7.743 0.0000000000
9264  41.344  -81.809  6.576 0.0000000000
9263  41.663  -81.265  5.873 0.0000000000
10020  41.369  -80.655  5.700 0.0000000000
8521  38.990  -82.421  5.356 0.0000000000
9282  39.351  -81.828  5.711 0.0000000000
9283  38.511  -81.564  5.247 0.0000000000
10022  38.307  -80.569  5.387 0.0000000000
10036  38.157  -80.791  4.498 0.0000000000
19802  37.573  -69.067  11.845 0.0000000000
19801  38.210  -69.296  11.811 0.0000000000
18813  37.793  -69.848  12.144 0.0000000000
18812  38.803  -69.575  11.905 0.0000000000
16988  41.799  -70.935  11.751 0.0000000000
17869  41.242  -70.007  11.885 0.0000000000
16989  40.535  -71.024  11.897 0.0000000000
16129  41.216  -71.861  11.336 0.0000000000
16140  40.739  -72.574  10.778 0.0000000000
16137  43.644  -72.564  10.500 0.0000000000
16144  44.222  -72.922  10.080 0.0000000000
15265  45.287  -73.051  9.972 0.0000000000
14481  47.229  -74.012  10.183 0.0000000000
15271  47.141  -73.869  9.760 0.0000000000
15272  46.695  -73.803  9.115 0.0000000000
14541  34.389  -74.418  6.474 0.0000000000
15333  34.102  -73.564  6.766 0.0000000000
15357  33.595  -73.370  5.855 0.0000000000
17967  33.157  -70.689  4.850 0.0000000000
12234  37.170  -77.788  5.750 0.0000000000
15290  41.360  -73.892  8.603 0.0000000000
15291  40.371  -73.475  8.541 0.0000000000
14498  41.947  -74.302  8.149 0.0000000000
15327  41.402  -74.285  6.923 0.0000000000
13015  43.850  -76.601  4.204 0.0000000000
13017  43.084  -76.479  3.747 0.0000000000
13000  41.766  -76.508  4.439 0.0000000000
12985  40.968  -76.550  5.001 0.0000000000
12986  39.958  -76.583  5.656 0.0000000000
12232  40.743  -77.205  5.627 0.0000000000
12218  40.587  -77.812  6.169 0.0000000000
10711  40.850  -79.505  6.120 0.0000000000
8519  40.606  -82.611  5.609 0.0000000000
7768  40.280  -83.304  5.312 0.0000000000
8530  39.107  -83.044  5.130 0.0000000000
16987  42.868  -70.941  11.509 0.0000000000
16126  44.195  -71.920  11.107 0.0000000000
16167  35.803  -72.514  7.561 0.0000000000
16168  34.786  -72.684  7.606 0.0000000000
16212  33.923  -72.522  4.254 0.0000000000
16213  33.520  -72.497  4.856 0.0000000000
17078  33.962  -71.678  4.237 0.0000000000
17966  34.031  -70.834  4.313 0.0000000000
14495  45.016  -74.565  7.614 0.0000000000
14517  43.932  -74.929  6.986 0.0000000000
14516  44.756  -74.955  6.813 0.0000000000
13751  45.110  -75.629  6.005 0.0000000000
13764  45.300  -76.005  5.791 0.0000000000
12982  45.217  -76.440  5.962 0.0000000000
12983  44.779  -76.489  5.416 0.0000000000
12229  44.365  -77.375  5.364 0.0000000000
12230  43.756  -78.107  5.072 0.0000000000
15355  36.881  -74.213  5.830 0.0000000000
14539  36.218  -74.480  6.299 0.0000000000
14558  35.867  -75.164  6.073 0.0000000000
13755  34.800  -75.117  6.243 0.0000000000
13774  34.269  -75.220  5.560 0.0000000000
12991  34.834  -76.101  5.398 0.0000000000
13789  34.146  -75.203  4.479 0.0000000000
14575  33.777  -74.307  4.835 0.0000000000
15385  34.453  -73.225  3.807 0.0000000000
16220  35.138  -72.527  3.367 0.0000000000
11495  37.712  -79.115  3.531 0.0000000000
16142  38.941  -72.455  10.460 0.0000000000
16995  37.884  -72.026  10.211 0.0000000000
16149  38.592  -72.310  9.438 0.0000000000
16200  38.443  -72.902  5.790 0.0000000000
14552  41.604  -74.523  5.555 0.0000000000
14571  42.473  -75.243  4.771 0.0000000000
14572  41.931  -75.050  4.796 0.0000000000
14553  40.931  -74.176  5.281 0.0000000000
15352  39.889  -73.553  5.271 0.0000000000
15353  38.884  -73.556  5.390 0.0000000000
14556  37.447  -74.753  5.508 0.0000000000
12988  37.838  -76.829  6.050 0.0000000000
12973  39.285  -76.973  5.910 0.0000000000
12974  38.747  -77.198  6.103 0.0000000000
11469  37.611  -78.686  5.391 0.0000000000
11481  37.304  -78.730  4.553 0.0000000000
10722  43.124  -79.330  6.106 0.0000000000
8488  41.139  -82.613  8.397 0.0000000000
10723  42.491  -79.938  5.581 0.0000000000
10724  41.677  -79.422  5.440 0.0000000000
10725  41.018  -80.247  5.779 0.0000000000
9281  40.273  -81.688  5.887 0.0000000000
10007  39.331  -80.461  6.278 0.0000000000
10726  38.191  -79.690  5.745 0.0000000000
10727  37.905  -79.321  5.278 0.0000000000
10752  37.541  -79.129  4.170 0.0000000000
10751  37.923  -79.698  3.753 0.0000000000
19804  35.726  -68.395  12.155 0.0000000000
19803  36.601  -68.723  12.054 0.0000000000
18815  35.538  -69.386  12.389 0.0000000000
17856  37.097  -70.814  12.027 0.0000000000
16975  38.032  -71.349  11.920 0.0000000000
18827  41.568  -69.024  11.952 0.0000000000
18811  39.696  -69.762  11.865 0.0000000000
16973  39.755  -70.963  12.041 0.0000000000
16990  39.601  -71.704  11.795 0.0000000000
16131  39.445  -72.330  11.241 0.0000000000
16141  39.864  -72.664  10.643 0.0000000000
16146  41.037  -72.885  10.281 0.0000000000
15269  41.391  -72.997  10.250 0.0000000000
16138  42.588  -72.520  10.697 0.0000000000
15268  41.926  -73.139  10.271 0.0000000000
15276  42.142  -73.637  9.561 0.0000000000
15275  43.214  -73.627  9.494 0.0000000000
15287  44.770  -73.938  8.495 0.0000000000
15273  45.630  -73.511  9.188 0.0000000000
15286  45.850  -74.052  8.354 0.0000000000
15332  35.884  -73.971  6.954 0.0000000000
16186  34.153  -73.016  7.198 0.0000000000
16169  33.896  -72.470  7.515 0.0000000000
16202  33.276  -72.421  5.537 0.0000000000
17051  32.860  -71.772  6.333 0.0000000000
7777  40.255  -83.871  5.227 0.0000000000
9265  39.634  -81.185  6.081 0.0000000000
9266  38.936  -81.142  5.968 0.0000000000
9267  38.561  -80.949  5.700 0.0000000000
9279  41.506  -81.027  5.690 0.0000000000
10021  40.845  -80.969  5.812 0.0000000000
10739  37.651  -79.275  4.687 0.0000000000
11452  43.698  -78.701  6.597 0.0000000000
11453  41.170  -78.657  6.028 0.0000000000
11457  37.698  -78.278  5.927 0.0000000000
11465  43.961  -78.057  5.516 0.0000000000
11479  42.636  -78.329  4.474 0.0000000000
12217  41.163  -77.824  5.717 0.0000000000
12220  38.638  -77.888  6.389 0.0000000000
12221  37.945  -77.827  6.148 0.0000000000
12231  41.457  -77.314  5.014 0.0000000000
12236  35.569  -76.999  4.934 0.0000000000
12243  43.916  -77.015  4.325 0.0000000000
12261  43.679  -76.741  4.054 0.0000000000
12262  43.480  -76.916  3.941 0.0000000000
12263  43.137  -77.113  3.885 0.0000000000
12971  45.915  -75.702  6.691 0.0000000000
12984  41.374  -76.784  4.758 0.0000000000
12997  44.220  -76.541  4.688 0.0000000000
12998  43.874  -76.323  4.249 0.0000000000
12999  42.517  -76.454  3.996 0.0000000000
13003  34.433  -76.016  4.744 0.0000000000
13016  43.579  -76.439  3.920 0.0000000000
13018  34.861  -76.488  3.971 0.0000000000
13749  46.018  -75.437  6.917 0.0000000000
13753  43.563  -75.371  5.531 0.0000000000
13754  35.075  -75.203  6.283 0.0000000000
13765  44.388  -75.979  5.120 0.0000000000
13783  44.007  -76.184  4.540 0.0000000000
13784  43.615  -76.015  4.203 0.0000000000
13788  40.135  -75.315  4.821 0.0000000000
13800  43.393  -76.192  3.789 0.0000000000
13801  43.235  -76.002  3.778 0.0000000000
13803  34.372  -75.222  3.928 0.0000000000
14515  45.512  -74.884  6.984 0.0000000000
14520  35.012  -74.087  7.061 0.0000000000
14521  34.520  -73.925  6.939 0.0000000000
14533  45.899  -75.339  6.732 0.0000000000
14535  44.969  -75.260  6.367 0.0000000000
14538  41.988  -74.554  6.556 0.0000000000
14559  33.817  -74.133  5.678 0.0000000000
14560  33.628  -73.678  5.430 0.0000000000
14574  40.126  -74.835  4.779 0.0000000000
15266  44.665  -72.995  10.013 0.0000000000
15279  39.514  -72.951  8.998 0.0000000000
15308  36.299  -73.070  7.225 0.0000000000
15310  34.656  -73.460  7.203 0.0000000000
15334  33.745  -73.393  6.402 0.0000000000
15350  41.266  -74.157  6.292 0.0000000000
15356  33.898  -73.802  6.256 0.0000000000
15367  40.535  -73.996  5.153 0.0000000000
15368  40.196  -74.222  4.952 0.0000000000
15369  33.942  -73.570  4.311 0.0000000000
15370  33.605  -73.292  5.013 0.0000000000
16145  43.677  -73.134  9.945 0.0000000000
16166  36.374  -72.384  7.277 0.0000000000
16201  38.031  -72.926  5.856 0.0000000000
16221  34.500  -72.482  3.785 0.0000000000
16972  40.112  -70.798  11.973 0.0000000000
16974  38.925  -71.253  12.073 0.0000000000
16991  38.556  -72.023  11.428 0.0000000000
17066  32.888  -71.391  5.448 0.0000000000
17088  35.234  -71.652  3.406 0.0000000000
17853  40.015  -70.412  11.965 0.0000000000
17854  39.259  -70.426  12.097 0.0000000000
17866  44.091  -70.917  11.920 0.0000000000
18810  40.172  -69.870  11.842 0.0000000000
18829  39.434  -69.085  11.676 0.0000000000
18954  35.091  -70.220  3.816 0.0000000000
19805  35.213  -68.182  12.148 0.0000000000
