#!ascii label  , from subject sub.01.dh.02t2 vox2ras=TkReg
2026
6489  36.600  -85.975  1.056 0.2000000030
5852  36.971  -86.850  1.270 0.2000000030
7140  36.498  -84.756  1.039 0.2000000030
5193  35.178  -87.189  2.187 0.2000000030
8576  35.800  -82.756  1.085 0.1000000015
5206  37.053  -87.299  1.814 0.3000000119
6507  37.249  -85.394  0.499 0.2000000030
7141  35.421  -84.464  1.708 0.1000000015
6490  35.735  -85.599  1.572 0.2000000030
7860  36.880  -83.667  0.520 0.1000000015
7835  35.970  -83.478  1.269 0.1000000015
9357  36.876  -81.815  0.365 0.1000000015
10088  37.165  -81.349  0.158 0.1000000015
9358  36.037  -81.626  0.571 0.1000000015
10852  38.298  -79.257  -1.039 0.1000000015
10105  36.645  -80.232  -0.110 0.1000000015
11573  38.930  -78.712  -1.660 0.2000000030
10853  37.250  -78.979  -1.134 0.1000000015
7881  38.565  -83.598  -0.715 0.1000000015
8617  39.443  -82.207  -1.382 0.1000000015
7159  37.230  -84.566  0.277 0.2000000030
9375  38.184  -82.012  -0.517 0.1000000015
7859  37.756  -83.871  -0.252 0.1000000015
8595  37.412  -82.673  0.077 0.1000000015
10103  38.731  -81.099  -0.503 0.1000000015
11572  39.983  -78.850  -1.701 0.1000000015
12383  40.234  -77.103  -4.009 0.2000000030
11595  40.177  -78.256  -2.440 0.2000000030
13148  40.432  -76.485  -4.682 0.1000000015
11623  39.285  -77.874  -3.099 0.2000000030
13931  40.159  -75.741  -5.413 0.2000000030
13158  39.407  -76.608  -5.172 0.1000000015
13922  39.275  -75.504  -5.019 0.1000000015
9374  39.148  -81.871  -0.906 0.1000000015
10119  39.831  -81.158  -1.549 0.1000000015
10829  38.502  -80.193  -0.594 0.1000000015
13920  40.871  -75.627  -4.808 0.2000000030
15529  40.776  -74.126  -4.920 0.2000000030
15520  40.658  -73.297  -4.555 0.2000000030
14708  40.290  -74.473  -4.836 0.2000000030
15521  40.072  -74.152  -4.310 0.1000000015
14701  39.468  -74.643  -3.849 0.2000000030
10102  39.373  -81.074  -1.019 0.1000000015
10118  40.532  -80.413  -1.702 0.1000000015
10850  40.283  -79.637  -1.691 0.1000000015
11594  40.783  -78.171  -2.691 0.2000000030
12403  41.619  -76.835  -3.416 0.2000000030
13136  40.709  -76.675  -4.025 0.3000000119
15510  40.427  -73.012  -4.056 0.3000000119
15511  39.909  -73.256  -3.564 0.2000000030
15512  39.094  -74.103  -3.345 0.2000000030
13138  37.837  -76.124  -3.528 0.2000000030
14707  41.374  -75.023  -4.556 0.3000000119
12355  40.712  -77.541  -3.284 0.2000000030
17222  40.877  -71.816  -4.377 0.3000000119
17207  40.016  -71.311  -3.380 0.3000000119
18061  39.349  -70.466  -2.973 0.3000000119
16320  39.602  -72.359  -3.039 0.3000000119
16321  38.998  -72.294  -2.654 0.2000000030
14691  38.490  -74.614  -2.881 0.2000000030
13118  37.501  -75.922  -2.718 0.2000000030
19046  41.430  -69.679  -3.947 0.4000000060
17221  41.348  -71.749  -4.726 0.3000000119
18072  41.018  -70.448  -3.912 0.3000000119
14715  41.505  -73.899  -4.637 0.2000000030
15519  41.026  -73.104  -4.895 0.2000000030
17191  39.419  -71.358  -2.938 0.3000000119
15493  38.833  -73.308  -2.817 0.2000000030
17192  38.553  -71.503  -2.360 0.2000000030
15494  37.980  -73.688  -2.176 0.2000000030
20015  40.433  -69.006  -3.209 0.3000000119
18073  40.046  -70.485  -3.310 0.3000000119
18049  38.057  -70.400  -2.224 0.2000000030
16310  37.433  -72.319  -1.623 0.2000000030
17193  38.050  -71.586  -2.010 0.2000000030
16311  36.789  -72.315  -1.184 0.1000000015
16322  38.099  -72.407  -2.080 0.2000000030
15475  36.778  -73.510  -1.165 0.2000000030
15474  37.433  -73.054  -1.584 0.2000000030
14693  37.124  -74.679  -1.828 0.2000000030
20016  40.083  -68.579  -3.007 0.3000000119
20017  38.904  -68.406  -2.468 0.3000000119
19034  39.443  -69.603  -2.885 0.3000000119
20004  38.518  -67.861  -1.997 0.2000000030
19035  38.518  -69.438  -2.493 0.3000000119
20005  37.999  -68.308  -1.811 0.2000000030
18062  38.648  -70.446  -2.565 0.3000000119
19021  37.666  -69.298  -1.976 0.1000000015
19022  37.068  -69.662  -1.543 0.1000000015
17159  36.142  -71.427  -0.750 0.1000000015
17178  36.751  -71.460  -1.262 0.1000000015
19007  36.442  -69.469  -1.000 0.1000000015
15456  36.232  -72.988  -0.637 0.1000000015
21053  39.905  -67.384  -2.835 0.3000000119
21054  38.816  -67.197  -2.199 0.2000000030
22090  38.867  -66.323  -2.000 0.2000000030
23145  38.115  -65.935  -1.104 0.2000000030
23109  37.947  -65.314  -0.176 0.1000000015
21040  38.215  -67.496  -1.684 0.1000000015
22077  37.686  -66.498  -0.950 0.1000000015
21041  37.319  -67.430  -1.137 0.1000000015
20006  37.046  -68.645  -1.401 0.1000000015
18032  36.163  -70.363  -0.777 0.1000000015
18033  35.569  -70.573  -0.349 0.1000000015
23157  39.270  -65.818  -2.076 0.2000000030
23110  37.283  -65.552  0.385 0.1000000015
22046  36.682  -66.430  0.156 0.1000000015
21025  36.899  -67.230  -0.639 0.1000000015
21026  36.360  -67.608  -0.323 0.1000000015
21042  36.728  -68.007  -1.007 0.1000000015
21027  35.839  -68.219  0.063 0.1000000015
19008  35.882  -69.767  -0.499 0.1000000015
19991  35.953  -68.825  -0.355 0.1000000015
23087  36.503  -65.516  1.125 0.1000000015
19978  35.548  -68.685  0.256 0.1000000015
18992  35.383  -69.643  0.103 0.1000000015
24083  37.168  -64.767  1.211 0.1000000015
10104  37.657  -80.873  -0.063 0.1000000015
8619  38.197  -83.011  -0.534 0.1000000015
12406  39.444  -77.108  -4.692 0.1000000015
16148  39.443  -72.819  9.652 0.5000000000
16146  41.037  -72.885  10.281 0.5000000000
16149  38.592  -72.310  9.438 0.5000000000
16999  37.876  -71.789  9.055 0.5000000000
16987  42.868  -70.941  11.509 0.2000000030
16127  43.227  -71.813  11.107 0.2000000030
16128  42.229  -71.783  11.230 0.3000000119
16140  40.739  -72.574  10.778 0.5000000000
16141  39.864  -72.664  10.643 0.5000000000
16131  39.445  -72.330  11.241 0.5000000000
16142  38.941  -72.455  10.460 0.5000000000
16992  37.407  -71.593  11.250 0.5000000000
16995  37.884  -72.026  10.211 0.5000000000
17007  37.978  -71.619  8.190 0.5000000000
17901  36.863  -71.082  8.975 0.5000000000
17025  38.137  -71.784  7.399 0.5000000000
16200  38.443  -72.902  5.790 0.5000000000
16988  41.799  -70.935  11.751 0.3000000119
16130  40.274  -72.144  11.411 0.5000000000
16993  36.655  -71.371  10.886 0.5000000000
17001  36.833  -71.424  9.882 0.5000000000
17912  36.877  -70.988  8.362 0.5000000000
17026  37.275  -71.280  7.671 0.5000000000
13769  39.409  -75.423  5.070 0.4000000060
13770  38.212  -75.563  5.673 0.5000000000
14555  38.487  -74.490  5.237 0.5000000000
15354  37.748  -73.473  5.701 0.5000000000
16184  37.900  -72.535  6.198 0.5000000000
12973  39.285  -76.973  5.910 0.4000000060
17867  43.531  -70.516  11.991 0.3000000119
17869  41.242  -70.007  11.885 0.4000000060
17870  40.494  -70.094  11.885 0.4000000060
16990  39.601  -71.704  11.795 0.5000000000
17855  38.311  -70.577  12.160 0.5000000000
16975  38.032  -71.349  11.920 0.5000000000
17871  36.774  -71.264  11.463 0.5000000000
17856  37.097  -70.814  12.027 0.5000000000
17872  36.049  -70.999  11.428 0.5000000000
17882  36.116  -71.118  10.401 0.5000000000
17902  36.226  -71.049  8.786 0.5000000000
17050  37.027  -71.611  7.063 0.6000000238
15330  37.325  -72.938  6.246 0.5000000000
16185  36.932  -72.377  6.786 0.5000000000
11454  40.269  -78.622  6.521 0.4000000060
12233  40.219  -77.299  5.962 0.4000000060
12987  38.910  -76.388  5.813 0.5000000000
16919  44.374  -71.676  14.789 0.1000000015
16939  42.816  -70.724  14.526 0.1000000015
17827  42.357  -69.805  14.359 0.1000000015
17826  43.240  -69.900  13.932 0.1000000015
18789  42.723  -69.086  13.821 0.1000000015
18800  43.095  -69.345  13.531 0.1000000015
19769  42.162  -68.323  13.771 0.1000000015
17851  43.348  -69.831  12.769 0.1000000015
17868  42.474  -69.866  12.040 0.3000000119
16973  39.755  -70.963  12.041 0.5000000000
18827  41.568  -69.024  11.952 0.4000000060
18812  38.803  -69.575  11.905 0.4000000060
18813  37.793  -69.848  12.144 0.5000000000
18814  36.753  -69.722  12.255 0.5000000000
17857  35.925  -70.309  12.178 0.5000000000
17873  34.981  -70.307  11.684 0.5000000000
17009  35.760  -71.267  8.244 0.5000000000
14556  37.447  -74.753  5.508 0.5000000000
12219  39.617  -77.579  6.308 0.4000000060
10712  39.805  -79.598  6.460 0.5000000000
15207  43.538  -73.619  17.978 0.1000000015
16051  44.007  -73.034  17.117 0.1000000015
16071  43.414  -72.670  16.307 0.1000000015
16087  42.823  -72.245  15.547 0.1000000015
16920  43.334  -71.579  14.891 0.1000000015
16940  41.770  -70.684  14.732 0.1000000015
16921  42.219  -71.558  15.039 0.1000000015
18790  41.870  -68.977  14.309 0.1000000015
21801  39.631  -66.436  12.784 0.2000000030
21802  39.092  -65.998  12.307 0.2000000030
17841  43.498  -69.881  13.412 0.1000000015
18808  43.091  -69.305  13.245 0.1000000015
19784  42.578  -68.356  13.329 0.1000000015
19785  42.093  -67.853  13.254 0.1000000015
20780  40.542  -67.291  12.499 0.2000000030
18809  42.743  -68.809  12.944 0.2000000030
19818  42.290  -68.313  12.640 0.1000000015
19820  40.906  -68.151  11.857 0.2000000030
20795  40.227  -67.740  11.926 0.2000000030
21818  39.354  -66.460  12.106 0.2000000030
21819  38.670  -66.005  11.554 0.2000000030
18826  42.286  -68.886  12.412 0.2000000030
18828  40.447  -69.265  11.761 0.3000000119
19822  38.691  -68.558  11.550 0.3000000119
19802  37.573  -69.067  11.845 0.4000000060
16167  35.803  -72.514  7.561 0.5000000000
18815  35.538  -69.386  12.389 0.4000000060
15333  34.102  -73.564  6.766 0.5000000000
16186  34.153  -73.016  7.198 0.5000000000
16168  34.786  -72.684  7.606 0.5000000000
14540  35.293  -74.791  6.469 0.5000000000
15332  35.884  -73.971  6.954 0.5000000000
15309  35.419  -73.340  7.374 0.5000000000
17883  35.258  -70.771  10.644 0.5000000000
14557  36.566  -75.029  5.783 0.5000000000
14558  35.867  -75.164  6.073 0.5000000000
14539  36.218  -74.480  6.299 0.5000000000
17029  34.268  -71.989  8.058 0.5000000000
12974  38.747  -77.198  6.103 0.5000000000
15331  36.746  -73.495  6.425 0.5000000000
17028  35.330  -71.908  7.941 0.6000000238
15355  36.881  -74.213  5.830 0.5000000000
15208  42.377  -73.520  18.033 0.1000000015
16052  42.919  -73.146  17.134 0.1000000015
16053  41.874  -73.142  17.130 0.1000000015
16073  41.412  -72.674  16.397 0.1000000015
16075  39.586  -72.396  16.838 0.1000000015
16072  42.362  -72.726  16.346 0.1000000015
16088  41.784  -72.256  15.685 0.1000000015
16941  40.935  -70.559  14.798 0.1000000015
17829  40.550  -69.882  14.819 0.1000000015
18791  40.901  -69.035  14.637 0.1000000015
20747  40.551  -67.341  14.176 0.1000000015
20746  41.440  -67.658  13.684 0.1000000015
21782  40.257  -66.863  13.859 0.2000000030
22859  39.321  -66.094  13.235 0.2000000030
20763  41.420  -67.480  13.024 0.1000000015
21800  40.183  -66.792  13.275 0.2000000030
20797  38.216  -67.172  11.225 0.3000000119
19823  37.428  -68.114  11.403 0.3000000119
21820  37.669  -66.082  10.979 0.2000000030
19803  36.601  -68.723  12.054 0.4000000060
20798  37.042  -67.093  10.933 0.3000000119
19804  35.726  -68.395  12.155 0.4000000060
19824  36.409  -67.812  11.645 0.4000000060
17051  32.860  -71.772  6.333 0.5000000000
17052  32.599  -71.078  6.743 0.5000000000
17030  33.149  -71.565  7.551 0.5000000000
19906  33.244  -68.832  5.257 0.5000000000
19907  32.653  -68.993  5.939 0.5000000000
18878  32.421  -69.805  7.362 0.5000000000
17031  32.636  -70.955  7.245 0.5000000000
17012  33.315  -71.119  8.192 0.6000000238
17874  34.236  -70.079  11.422 0.5000000000
18832  34.182  -69.279  11.946 0.5000000000
19884  32.743  -68.429  6.198 0.5000000000
18877  32.463  -69.306  7.565 0.5000000000
17906  32.749  -70.406  8.138 0.6000000238
17010  34.806  -71.475  8.498 0.5000000000
17893  34.457  -70.685  9.831 0.5000000000
17905  33.279  -70.679  8.710 0.5000000000
17903  35.217  -71.107  9.005 0.5000000000
9281  40.273  -81.688  5.887 0.4000000060
10007  39.331  -80.461  6.278 0.4000000060
10711  40.850  -79.505  6.120 0.4000000060
16888  37.143  -71.430  17.444 0.1000000015
16904  38.756  -71.827  16.614 0.1000000015
17796  37.992  -71.087  16.269 0.1000000015
16089  41.102  -72.325  15.857 0.1000000015
16074  40.464  -72.412  16.314 0.1000000015
16923  39.596  -71.386  15.620 0.1000000015
16924  38.655  -71.027  15.792 0.1000000015
16902  40.128  -71.931  15.793 0.1000000015
17811  39.216  -70.151  15.271 0.1000000015
18773  38.494  -69.292  15.503 0.1000000015
18792  39.940  -69.284  14.906 0.1000000015
19752  39.568  -68.579  15.006 0.1000000015
20748  39.720  -67.404  14.627 0.1000000015
21768  38.873  -66.667  14.654 0.2000000030
22860  38.842  -65.854  13.522 0.2000000030
22881  38.515  -65.440  12.329 0.2000000030
22902  38.263  -65.185  11.488 0.2000000030
26011  38.509  -62.412  7.152 0.2000000030
25012  38.076  -63.030  6.886 0.2000000030
26034  36.887  -62.878  6.857 0.2000000030
26035  36.608  -62.875  6.913 0.2000000030
25014  35.294  -63.213  7.472 0.2000000030
24007  37.870  -64.234  6.727 0.2000000030
23996  36.091  -64.206  7.138 0.2000000030
23997  35.488  -64.153  7.306 0.2000000030
22976  33.596  -64.936  8.033 0.2000000030
23973  33.694  -64.245  8.309 0.3000000119
22977  32.964  -65.556  8.589 0.2000000030
22951  32.954  -65.503  9.652 0.4000000060
23008  36.546  -65.332  6.774 0.2000000030
22993  35.963  -64.766  7.150 0.3000000119
22995  34.263  -65.480  7.343 0.3000000119
22996  33.418  -65.719  7.819 0.4000000060
21865  32.769  -66.427  9.273 0.4000000060
21848  33.051  -66.521  10.357 0.5000000000
20801  34.015  -67.078  11.820 0.4000000060
19826  34.620  -67.974  12.099 0.5000000000
21958  34.306  -66.848  5.637 0.5000000000
21930  33.722  -66.612  6.242 0.4000000060
21910  33.533  -66.292  7.141 0.4000000060
20878  32.634  -67.324  7.812 0.4000000060
20858  32.751  -67.348  8.979 0.5000000000
20836  32.837  -67.212  9.819 0.5000000000
18833  33.576  -68.657  11.412 0.5000000000
20898  32.954  -67.364  6.535 0.5000000000
19870  32.521  -68.600  7.370 0.5000000000
19856  32.515  -68.484  8.754 0.5000000000
18864  32.559  -69.667  8.249 0.5000000000
17894  33.767  -70.652  9.384 0.5000000000
18858  33.282  -69.805  9.722 0.5000000000
18857  33.918  -70.283  10.326 0.5000000000
16889  36.470  -71.294  17.711 0.1000000015
16870  36.802  -71.671  18.176 0.1000000015
17784  36.614  -71.063  17.274 0.1000000015
18757  36.295  -69.615  16.577 0.1000000015
17813  37.394  -70.020  16.051 0.1000000015
18756  37.046  -69.700  16.170 0.1000000015
18774  37.643  -69.423  15.835 0.1000000015
19736  37.011  -68.782  15.992 0.1000000015
19754  37.997  -68.463  15.703 0.1000000015
20735  37.328  -67.603  15.843 0.1000000015
19753  38.928  -68.327  15.297 0.1000000015
21769  38.188  -66.369  14.910 0.2000000030
22822  37.684  -66.279  15.118 0.2000000030
22843  38.041  -65.940  14.386 0.2000000030
22903  37.974  -65.134  10.993 0.2000000030
27034  39.162  -61.539  7.512 0.1000000015
27035  38.100  -61.573  7.309 0.2000000030
26012  37.484  -62.435  6.945 0.2000000030
26013  36.318  -62.511  7.126 0.2000000030
21821  36.537  -65.961  10.847 0.2000000030
27940  39.394  -60.513  8.102 0.1000000015
27955  38.572  -60.908  7.685 0.1000000015
27036  37.079  -61.506  7.356 0.1000000015
26014  35.182  -62.032  7.989 0.1000000015
23974  33.309  -64.612  8.942 0.2000000030
20799  35.992  -66.954  11.298 0.3000000119
24985  33.841  -63.460  8.852 0.1000000015
23947  33.315  -64.632  9.922 0.1000000015
22932  33.447  -65.446  10.647 0.3000000119
21823  34.502  -66.242  11.464 0.2000000030
19849  32.920  -68.229  9.966 0.5000000000
19838  33.276  -68.135  10.956 0.5000000000
18846  33.402  -69.044  10.866 0.5000000000
16872  35.464  -71.328  18.820 0.1000000015
18735  34.513  -69.808  18.127 0.1000000015
18749  34.685  -69.040  17.596 0.1000000015
18748  35.379  -69.746  17.337 0.1000000015
18758  35.724  -68.956  16.757 0.1000000015
19726  35.156  -68.658  17.128 0.1000000015
20720  36.401  -67.556  16.265 0.1000000015
20721  35.487  -67.329  16.594 0.1000000015
20736  36.871  -67.173  16.042 0.1000000015
21753  37.022  -66.640  15.712 0.2000000030
22861  37.822  -65.470  13.260 0.2000000030
22862  36.919  -65.043  13.033 0.2000000030
22882  37.627  -64.953  12.310 0.2000000030
23882  37.958  -64.847  11.606 0.2000000030
23902  37.615  -64.447  11.056 0.2000000030
22904  37.293  -65.338  10.742 0.2000000030
28943  39.093  -59.809  8.765 0.1000000015
27941  38.402  -60.328  8.206 0.1000000015
27037  36.120  -61.218  7.886 0.1000000015
26015  34.739  -62.475  8.170 0.1000000015
22930  35.561  -65.224  10.874 0.1000000015
21847  35.930  -65.685  10.851 0.2000000030
22929  36.595  -64.985  10.680 0.2000000030
25965  34.528  -62.579  9.400 0.1000000015
24963  33.715  -63.882  9.924 0.1000000015
22907  34.036  -65.578  11.302 0.2000000030
21822  35.462  -66.036  11.132 0.2000000030
18736  33.810  -69.252  18.538 0.1000000015
19705  34.033  -68.827  17.993 0.1000000015
20683  32.538  -67.336  18.809 0.1000000015
19727  34.362  -68.116  17.439 0.1000000015
21695  32.962  -66.941  18.047 0.1000000015
20703  34.133  -67.230  17.407 0.1000000015
21734  34.997  -66.392  16.565 0.1000000015
20722  34.704  -67.285  16.974 0.1000000015
21733  36.079  -66.656  16.154 0.1000000015
22824  35.915  -65.379  15.002 0.1000000015
22845  35.979  -65.095  14.223 0.1000000015
23837  36.271  -64.923  13.626 0.2000000030
22883  36.942  -64.528  12.307 0.2000000030
23883  37.349  -64.385  11.655 0.2000000030
23903  37.093  -63.868  11.188 0.2000000030
24941  36.808  -63.636  10.938 0.1000000015
23927  36.967  -64.141  10.786 0.2000000030
27900  40.656  -60.115  10.405 0.1000000015
28920  38.819  -59.578  9.606 0.1000000015
27923  37.216  -59.834  9.068 0.1000000015
27016  35.653  -61.035  8.634 0.1000000015
23928  35.925  -64.240  10.677 0.2000000030
27924  36.464  -60.047  9.386 0.1000000015
27944  36.036  -60.436  8.981 0.1000000015
25984  34.907  -61.783  9.025 0.1000000015
24944  34.300  -63.820  10.477 0.1000000015
23929  34.856  -64.417  10.869 0.2000000030
21696  32.471  -66.287  18.397 0.1000000015
21716  32.928  -66.137  17.794 0.1000000015
22787  33.273  -65.293  17.316 0.1000000015
22804  34.662  -65.170  16.221 0.1000000015
22825  35.245  -65.231  15.544 0.1000000015
23838  35.509  -64.571  13.884 0.1000000015
23861  35.338  -63.817  13.080 0.1000000015
23860  36.165  -64.420  12.855 0.1000000015
23885  35.892  -63.867  12.440 0.2000000030
23884  36.523  -63.867  11.871 0.2000000030
24905  35.668  -63.250  12.157 0.1000000015
28882  37.263  -59.675  11.506 0.1000000015
28901  37.098  -59.536  10.926 0.1000000015
27882  36.619  -60.032  11.558 0.1000000015
27883  35.890  -60.898  11.514 0.1000000015
26956  35.600  -61.640  11.558 0.1000000015
24921  35.895  -63.130  11.352 0.1000000015
28898  39.315  -59.659  10.396 0.1000000015
28899  38.590  -59.496  10.379 0.1000000015
27902  36.424  -59.941  10.350 0.1000000015
27903  35.897  -60.611  10.589 0.1000000015
26977  35.561  -61.456  10.685 0.1000000015
25964  35.062  -61.992  9.974 0.1000000015
25948  35.510  -62.500  10.814 0.1000000015
24942  36.175  -63.464  10.870 0.1000000015
26996  35.423  -61.176  9.753 0.1000000015
25949  34.881  -62.717  10.121 0.1000000015
24943  35.108  -63.421  10.598 0.1000000015
23788  32.394  -64.394  17.874 0.1000000015
23802  33.725  -64.297  16.575 0.1000000015
23801  34.414  -64.346  15.920 0.1000000015
23816  34.894  -64.537  15.028 0.1000000015
23862  34.858  -63.399  13.496 0.1000000015
27834  37.089  -59.977  13.525 0.1000000015
27835  36.341  -60.619  13.443 0.1000000015
26904  35.531  -61.423  13.480 0.1000000015
25893  35.067  -62.091  13.165 0.1000000015
24885  34.975  -62.968  13.020 0.1000000015
27833  38.193  -59.874  13.126 0.1000000015
27859  36.225  -60.686  12.590 0.1000000015
26903  35.879  -61.017  13.104 0.1000000015
25915  35.250  -62.436  12.484 0.1000000015
27857  38.417  -60.014  12.535 0.1000000015
27881  37.665  -59.808  11.969 0.1000000015
27858  37.336  -59.988  12.599 0.1000000015
27860  35.773  -61.167  12.059 0.1000000015
25932  35.537  -62.402  11.794 0.1000000015
24836  34.242  -63.414  15.701 0.1000000015
25857  34.537  -62.375  15.147 0.1000000015
25874  34.728  -62.498  14.355 0.1000000015
26887  35.065  -61.704  14.739 0.1000000015
24866  34.662  -63.145  13.938 0.1000000015
28849  38.029  -59.240  13.515 0.1000000015
27815  36.813  -59.975  13.966 0.1000000015
27816  36.382  -60.259  14.137 0.1000000015
25894  34.805  -62.598  13.653 0.1000000015
26885  35.958  -60.889  13.712 0.1000000015
16129  41.216  -71.861  11.336 0.4000000060
17892  35.640  -70.973  9.677 0.5000000000
16989  40.535  -71.024  11.897 0.4000000060
18811  39.696  -69.762  11.865 0.4000000060
16938  43.880  -70.915  14.403 0.1000000015
19770  41.259  -68.186  14.282 0.1000000015
17852  42.730  -69.301  12.572 0.2000000030
18830  38.985  -69.073  11.667 0.4000000060
19801  38.210  -69.296  11.811 0.4000000060
20781  39.778  -66.824  12.266 0.3000000119
20779  41.336  -67.582  12.631 0.2000000030
19821  39.894  -68.315  11.718 0.2000000030
20796  39.481  -67.251  11.760 0.3000000119
16169  33.896  -72.470  7.515 0.5000000000
16054  40.944  -73.006  17.120 0.1000000015
16055  40.145  -72.809  17.297 0.1000000015
16903  39.686  -72.033  16.203 0.1000000015
16922  40.865  -71.631  15.277 0.1000000015
17830  39.965  -69.988  15.017 0.1000000015
17810  40.157  -70.635  15.048 0.1000000015
19771  40.224  -68.232  14.663 0.1000000015
21767  39.919  -66.875  14.227 0.1000000015
21783  39.576  -66.371  13.734 0.2000000030
19825  35.512  -67.702  11.886 0.4000000060
17947  32.700  -70.516  5.558 0.5000000000
18895  32.399  -69.905  6.617 0.5000000000
18912  32.951  -69.874  5.135 0.5000000000
20925  33.207  -67.854  5.711 0.5000000000
16905  37.740  -71.424  16.851 0.1000000015
17797  37.013  -70.602  16.631 0.1000000015
17812  38.000  -70.273  15.793 0.1000000015
18772  39.227  -69.123  15.203 0.1000000015
26010  39.416  -62.573  7.363 0.2000000030
25026  37.413  -63.382  6.786 0.2000000030
25013  36.085  -63.601  7.089 0.2000000030
23998  34.437  -64.155  7.762 0.2000000030
25015  34.598  -62.942  8.062 0.1000000015
24008  36.781  -64.247  6.856 0.2000000030
22994  35.100  -64.928  7.227 0.2000000030
21929  34.657  -66.092  6.556 0.5000000000
23010  34.898  -65.499  6.984 0.4000000060
21891  32.864  -66.402  8.218 0.5000000000
20802  33.357  -67.266  11.152 0.5000000000
21824  33.637  -66.337  11.221 0.3000000119
21957  35.358  -66.701  5.604 0.5000000000
21928  35.988  -66.060  6.261 0.5000000000
17786  35.328  -70.411  17.735 0.1000000015
17785  35.927  -70.726  17.483 0.1000000015
19737  36.296  -68.530  16.363 0.1000000015
20719  36.755  -68.110  16.105 0.1000000015
20734  38.426  -67.436  15.347 0.1000000015
21752  38.029  -66.801  15.302 0.2000000030
22823  37.002  -65.896  15.033 0.2000000030
27956  37.741  -60.849  7.712 0.1000000015
17772  35.091  -70.801  18.422 0.1000000015
18713  33.953  -69.934  18.898 0.1000000015
19738  35.681  -68.161  16.659 0.1000000015
21754  36.317  -66.073  15.569 0.2000000030
22844  36.870  -65.359  14.115 0.2000000030
28918  40.198  -59.836  9.203 0.1000000015
28944  38.144  -59.778  8.881 0.1000000015
27942  37.459  -60.324  8.334 0.1000000015
22931  34.908  -65.031  11.045 0.2000000030
23930  33.831  -64.504  10.732 0.1000000015
19728  33.781  -68.234  17.939 0.1000000015
18714  33.395  -69.248  19.191 0.1000000015
19706  33.249  -68.336  18.551 0.1000000015
21680  31.960  -66.283  19.276 0.1000000015
20682  33.039  -67.577  18.286 0.1000000015
20704  33.571  -67.582  17.862 0.1000000015
21715  33.638  -66.520  17.535 0.1000000015
21714  34.359  -66.644  17.144 0.1000000015
22803  35.559  -65.790  15.888 0.1000000015
24920  36.543  -63.484  11.234 0.2000000030
28919  39.809  -59.715  9.599 0.1000000015
28922  37.069  -59.478  9.975 0.1000000015
22788  32.561  -65.522  17.950 0.1000000015
22805  33.979  -65.135  16.820 0.1000000015
22786  34.217  -65.820  17.041 0.1000000015
23839  34.794  -63.896  13.966 0.1000000015
27880  38.576  -59.888  11.824 0.1000000015
28880  38.580  -59.563  11.105 0.1000000015
28900  37.838  -59.388  10.592 0.1000000015
23787  33.014  -64.405  17.170 0.1000000015
24837  33.488  -62.979  16.444 0.1000000015
24848  34.557  -63.329  14.684 0.1000000015
25873  35.110  -61.893  13.959 0.1000000015
26931  35.552  -61.512  12.549 0.1000000015
26886  35.660  -61.093  14.311 0.1000000015
25845  33.864  -62.069  15.867 0.1000000015
26870  35.347  -60.945  14.999 0.1000000015
28850  37.412  -59.066  13.912 0.1000000015
15264  46.302  -73.132  10.015 0.1000000015
15273  45.630  -73.511  9.188 0.1000000015
15265  45.287  -73.051  9.972 0.1000000015
16144  44.222  -72.922  10.080 0.1000000015
16137  43.644  -72.564  10.500 0.1000000015
16125  45.165  -72.081  11.271 0.1000000015
16126  44.195  -71.920  11.107 0.1000000015
15274  44.401  -73.377  9.471 0.1000000015
15286  45.850  -74.052  8.354 0.2000000030
16138  42.588  -72.520  10.697 0.1000000015
14494  46.002  -74.536  7.739 0.2000000030
15287  44.770  -73.938  8.495 0.2000000030
15267  42.878  -73.178  10.156 0.2000000030
15288  43.609  -74.038  8.739 0.2000000030
15275  43.214  -73.627  9.494 0.2000000030
15268  41.926  -73.139  10.271 0.3000000119
16139  41.591  -72.578  10.746 0.3000000119
15276  42.142  -73.637  9.561 0.3000000119
15269  41.391  -72.997  10.250 0.3000000119
15289  42.503  -74.060  8.818 0.2000000030
14516  44.756  -74.955  6.813 0.2000000030
15290  41.360  -73.892  8.603 0.2000000030
14517  43.932  -74.929  6.986 0.2000000030
12207  44.879  -77.609  7.255 0.1000000015
14514  46.134  -75.019  7.168 0.2000000030
14496  43.855  -74.452  7.855 0.2000000030
14495  45.016  -74.565  7.614 0.2000000030
15277  41.072  -73.284  9.600 0.3000000119
16147  40.362  -72.965  10.044 0.4000000060
12972  45.724  -76.132  6.450 0.1000000015
14534  45.642  -75.305  6.597 0.1000000015
14497  42.794  -74.452  8.080 0.2000000030
14498  41.947  -74.302  8.149 0.2000000030
12206  45.246  -76.984  7.505 0.1000000015
15278  40.036  -73.193  9.231 0.4000000060
13750  45.711  -75.628  6.455 0.2000000030
13751  45.110  -75.629  6.005 0.2000000030
12216  44.628  -77.684  6.442 0.1000000015
11451  44.110  -78.112  6.091 0.2000000030
12215  45.117  -76.920  6.497 0.1000000015
12228  44.886  -76.774  5.802 0.1000000015
14536  44.086  -75.250  6.239 0.2000000030
14518  42.884  -74.791  7.193 0.2000000030
15305  41.288  -74.128  7.599 0.2000000030
15306  40.581  -73.678  7.679 0.4000000060
12982  45.217  -76.440  5.962 0.1000000015
15328  40.748  -73.820  6.784 0.4000000060
15292  39.650  -73.031  8.455 0.4000000060
13752  44.309  -75.543  5.679 0.3000000119
14537  42.873  -75.101  6.033 0.3000000119
13764  45.300  -76.005  5.791 0.2000000030
13766  43.594  -75.611  4.896 0.4000000060
15329  40.092  -73.414  6.996 0.4000000060
17006  38.655  -72.051  7.942 0.4000000060
14538  41.988  -74.554  6.556 0.3000000119
14571  42.473  -75.243  4.771 0.4000000060
13767  42.951  -75.240  5.019 0.3000000119
27011  42.171  -61.646  8.292 0.1000000015
27033  40.057  -61.872  7.596 0.1000000015
16165  39.308  -72.548  7.734 0.4000000060
15351  40.653  -73.765  5.784 0.4000000060
16182  39.534  -72.697  6.665 0.5000000000
14572  41.931  -75.050  4.796 0.4000000060
14551  42.373  -74.979  5.177 0.3000000119
14552  41.604  -74.523  5.555 0.4000000060
14553  40.931  -74.176  5.281 0.4000000060
27032  40.759  -62.027  7.639 0.1000000015
25982  42.531  -62.247  8.041 0.1000000015
26009  40.308  -62.709  7.483 0.1000000015
17024  38.881  -72.106  7.140 0.4000000060
17048  38.395  -72.048  6.688 0.5000000000
16183  38.795  -72.363  6.153 0.5000000000
17049  37.619  -71.867  6.923 0.5000000000
25010  39.703  -63.524  7.308 0.1000000015
23992  41.037  -64.550  7.570 0.1000000015
25009  40.649  -63.600  7.481 0.1000000015
23994  39.031  -64.355  7.132 0.1000000015
16134  46.644  -72.702  10.868 0.1000000015
16136  44.716  -72.582  10.505 0.1000000015
16135  45.755  -72.631  10.668 0.1000000015
16986  43.786  -71.169  11.491 0.1000000015
16156  38.420  -72.061  8.637 0.4000000060
25011  38.756  -63.366  7.099 0.1000000015
15271  47.141  -73.869  9.760 0.1000000015
15291  40.371  -73.475  8.541 0.3000000119
15307  39.850  -73.199  7.652 0.4000000060
15327  41.402  -74.285  6.923 0.3000000119
16181  40.200  -73.312  6.391 0.4000000060
26008  41.249  -62.660  7.607 0.1000000015
16983  46.438  -71.673  12.011 0.1000000015
10615  35.626  -79.639  12.985 0.1000000015
9913  35.849  -80.612  13.329 0.1000000015
9132  37.245  -81.498  14.846 0.1000000015
9936  35.217  -80.575  12.748 0.1000000015
10598  37.266  -79.966  14.470 0.1000000015
10636  34.838  -79.653  12.427 0.1000000015
10652  33.508  -79.835  11.780 0.1000000015
9937  34.304  -80.627  12.329 0.1000000015
3797  30.917  -89.283  16.734 0.1000000015
10617  30.650  -79.423  13.132 0.1000000015
11402  30.493  -79.050  11.879 0.1000000015
10614  36.481  -79.736  13.815 0.1000000015
11401  30.984  -78.843  11.752 0.1000000015
11399  32.704  -78.851  11.610 0.1000000015
10613  37.215  -79.238  14.211 0.1000000015
10653  32.928  -79.697  11.585 0.1000000015
9898  37.767  -80.640  15.161 0.1000000015
3782  32.047  -89.769  17.618 0.1000000015
4388  31.287  -88.936  16.138 0.1000000015
5014  31.667  -87.919  15.826 0.1000000015
4354  33.042  -88.612  18.536 0.1000000015
3760  32.503  -89.185  18.081 0.1000000015
3796  31.685  -89.711  16.790 0.1000000015
5661  31.616  -86.081  15.080 0.1000000015
9135  30.880  -81.479  14.322 0.1000000015
9902  30.664  -80.441  13.812 0.1000000015
11359  35.782  -78.476  13.307 0.1000000015
11381  35.129  -78.852  12.746 0.1000000015
11382  34.276  -78.600  12.336 0.1000000015
9897  38.375  -80.024  15.163 0.1000000015
9888  38.320  -81.041  15.538 0.1000000015
4387  32.287  -88.972  16.358 0.1000000015
3759  33.584  -89.110  18.642 0.1000000015
5013  32.794  -87.845  16.214 0.1000000015
5647  32.110  -86.643  15.591 0.1000000015
6287  32.629  -85.416  15.856 0.1000000015
7645  31.933  -83.623  14.999 0.1000000015
7654  31.177  -83.591  14.578 0.1000000015
8385  32.273  -83.022  15.098 0.1000000015
8401  31.743  -82.508  14.711 0.1000000015
9134  31.759  -81.374  14.664 0.1000000015
9901  31.349  -80.546  14.296 0.1000000015
10601  31.172  -79.875  13.811 0.1000000015
11361  31.438  -78.708  13.285 0.1000000015
12153  32.870  -77.587  12.562 0.1000000015
11358  36.767  -78.493  13.759 0.1000000015
11360  34.888  -78.007  12.909 0.1000000015
11383  33.284  -78.264  12.065 0.1000000015
11357  37.802  -78.631  13.880 0.1000000015
10597  37.974  -79.567  14.635 0.1000000015
5646  33.412  -86.523  16.416 0.1000000015
4340  33.633  -88.626  19.465 0.1000000015
3781  32.992  -89.460  17.748 0.1000000015
3794  33.352  -89.388  17.359 0.1000000015
5012  33.673  -87.798  16.685 0.1000000015
6944  32.762  -84.306  16.058 0.1000000015
8384  32.760  -82.360  15.378 0.1000000015
9118  32.977  -81.243  15.349 0.1000000015
3758  34.382  -89.247  18.612 0.1000000015
3780  33.892  -89.313  17.866 0.1000000015
4371  33.763  -89.147  17.352 0.1000000015
4385  33.959  -88.341  16.976 0.1000000015
8400  32.212  -81.900  14.854 0.1000000015
9133  32.414  -81.314  14.967 0.1000000015
9900  32.000  -80.508  14.721 0.1000000015
11342  32.013  -78.917  14.629 0.1000000015
10616  31.367  -79.287  13.674 0.1000000015
12115  32.112  -77.862  14.262 0.1000000015
11343  31.720  -78.775  13.983 0.1000000015
12154  32.181  -77.830  12.718 0.1000000015
12138  31.858  -78.019  13.303 0.1000000015
12135  34.339  -77.150  13.141 0.1000000015
11385  31.527  -78.415  12.460 0.1000000015
12133  36.311  -77.431  13.240 0.1000000015
12151  34.329  -77.837  12.744 0.1000000015
10596  38.994  -79.577  14.958 0.1000000015
11341  38.575  -79.018  14.316 0.1000000015
11339  39.975  -78.911  14.352 0.1000000015
5633  33.932  -85.569  16.901 0.1000000015
6286  33.319  -85.072  16.476 0.1000000015
3739  33.828  -89.079  19.419 0.1000000015
3737  34.842  -88.971  19.166 0.1000000015
3757  34.976  -89.007  18.446 0.1000000015
4369  35.209  -88.674  17.991 0.1000000015
5011  34.343  -87.774  16.998 0.1000000015
5645  33.998  -87.183  16.827 0.1000000015
6943  33.328  -84.027  16.579 0.1000000015
7627  33.018  -83.350  16.020 0.1000000015
8383  33.207  -81.720  15.656 0.1000000015
3738  34.219  -89.143  19.515 0.1000000015
3779  34.705  -89.177  18.006 0.1000000015
9117  33.402  -81.141  15.864 0.1000000015
9890  32.586  -80.474  15.121 0.1000000015
10599  32.226  -79.719  14.878 0.1000000015
10585  32.681  -79.684  15.339 0.1000000015
11328  32.375  -79.126  15.085 0.1000000015
11327  32.696  -78.852  15.475 0.1000000015
12106  32.305  -78.474  15.011 0.1000000015
12895  32.838  -76.837  13.868 0.1000000015
12879  32.549  -77.163  14.286 0.1000000015
12903  36.487  -76.458  12.888 0.1000000015
12134  35.333  -77.294  13.270 0.1000000015
12893  34.976  -76.233  13.454 0.1000000015
12894  33.841  -76.344  13.950 0.1000000015
12136  33.294  -76.962  13.123 0.1000000015
12150  36.962  -77.072  12.798 0.1000000015
12132  37.264  -77.773  13.265 0.1000000015
12149  37.733  -77.285  12.489 0.1000000015
11356  38.845  -78.621  13.466 0.1000000015
11354  40.494  -78.811  13.534 0.1000000015
4298  35.004  -88.151  20.791 0.1000000015
4319  34.549  -88.562  20.221 0.1000000015
3720  34.126  -88.907  20.084 0.1000000015
4353  35.511  -88.395  18.930 0.1000000015
6272  33.831  -84.575  17.042 0.1000000015
4339  34.669  -88.865  19.681 0.1000000015
5000  35.100  -87.734  17.488 0.1000000015
5632  34.495  -86.535  17.263 0.1000000015
6271  34.494  -85.114  17.422 0.1000000015
6934  33.785  -83.754  16.994 0.1000000015
7612  34.005  -83.199  17.059 0.1000000015
8372  33.520  -82.086  16.191 0.1000000015
6933  34.367  -83.853  17.565 0.1000000015
8371  34.073  -81.859  16.932 0.1000000015
9877  33.573  -80.287  16.114 0.1000000015
10584  33.138  -79.537  15.844 0.1000000015
10580  33.757  -79.375  16.311 0.1000000015
11319  33.215  -78.585  16.022 0.1000000015
12094  33.499  -77.633  16.121 0.1000000015
12114  32.550  -77.338  14.657 0.1000000015
12878  32.991  -76.790  14.687 0.1000000015
12892  35.786  -76.582  13.194 0.1000000015
13667  34.613  -75.689  13.996 0.1000000015
13665  36.051  -75.661  13.409 0.1000000015
12902  37.330  -76.447  12.495 0.1000000015
12131  38.154  -78.033  12.983 0.1000000015
11355  39.998  -78.691  13.699 0.1000000015
6259  35.953  -85.715  18.624 0.1000000015
6922  35.653  -84.503  18.703 0.1000000015
4954  35.488  -88.006  20.457 0.1000000015
4971  35.865  -87.830  19.739 0.1000000015
4986  36.101  -87.314  19.172 0.1000000015
4999  35.641  -87.618  18.366 0.1000000015
6270  35.185  -85.536  17.993 0.1000000015
6923  34.930  -83.874  18.315 0.1000000015
7598  35.386  -83.255  18.726 0.1000000015
4338  35.182  -88.544  19.807 0.1000000015
5631  35.420  -86.660  18.089 0.1000000015
7599  34.745  -83.012  18.143 0.1000000015
8364  34.806  -81.564  18.102 0.1000000015
9865  34.638  -80.030  17.452 0.1000000015
7611  34.335  -82.645  17.424 0.1000000015
8365  34.493  -81.716  17.543 0.1000000015
10579  34.315  -79.231  16.897 0.1000000015
12863  33.905  -76.899  16.202 0.1000000015
12869  33.419  -76.862  15.563 0.1000000015
13649  35.031  -75.281  14.463 0.1000000015
12877  33.769  -76.234  14.998 0.1000000015
13666  35.240  -75.493  13.825 0.1000000015
13679  36.899  -75.798  12.858 0.1000000015
6257  37.362  -85.887  19.428 0.1000000015
4953  36.243  -87.306  20.481 0.1000000015
5597  37.005  -86.628  19.999 0.1000000015
6258  36.864  -85.727  19.053 0.1000000015
6903  36.509  -84.293  19.222 0.1000000015
4936  35.382  -87.475  21.582 0.1000000015
4970  36.439  -87.132  19.670 0.1000000015
5616  36.114  -86.621  18.789 0.1000000015
9085  35.158  -81.225  18.496 0.1000000015
8352  35.196  -82.177  18.503 0.1000000015
10571  35.121  -79.354  18.078 0.1000000015
10572  34.714  -79.046  17.484 0.1000000015
11309  34.518  -78.314  17.114 0.1000000015
12093  34.214  -77.504  16.657 0.1000000015
12862  34.642  -76.457  16.569 0.1000000015
12868  34.050  -76.302  15.780 0.1000000015
13627  35.789  -75.124  15.117 0.1000000015
13664  37.159  -75.120  13.522 0.1000000015
13648  35.760  -75.095  14.148 0.1000000015
13678  37.761  -75.704  12.589 0.1000000015
12901  38.464  -76.583  11.944 0.1000000015
5580  36.771  -86.590  20.724 0.1000000015
6240  37.561  -85.309  19.408 0.1000000015
6921  36.462  -85.029  19.026 0.1000000015
8338  35.816  -82.425  19.201 0.1000000015
9064  36.180  -81.610  19.591 0.1000000015
9065  35.631  -81.483  19.015 0.1000000015
9850  35.515  -80.640  18.854 0.1000000015
11308  35.085  -78.304  17.815 0.1000000015
12850  35.325  -76.689  17.244 0.1000000015
12076  34.867  -77.387  17.295 0.1000000015
13609  36.226  -75.491  16.194 0.1000000015
13626  36.726  -74.911  15.250 0.1000000015
13610  35.206  -75.583  16.051 0.1000000015
13646  38.053  -75.070  14.270 0.1000000015
14437  36.328  -74.898  14.537 0.1000000015
14448  36.388  -75.023  13.906 0.1000000015
13677  38.752  -75.672  12.427 0.1000000015
13699  39.918  -75.858  11.512 0.1000000015
12928  40.382  -76.871  10.542 0.1000000015
5596  37.497  -86.141  19.936 0.1000000015
6239  37.923  -85.498  19.877 0.1000000015
7580  38.021  -83.736  19.435 0.1000000015
8337  36.644  -82.499  19.738 0.1000000015
9037  36.797  -81.527  20.054 0.1000000015
5559  37.198  -86.048  21.009 0.1000000015
7581  37.051  -83.585  19.510 0.1000000015
9835  35.976  -80.806  19.392 0.1000000015
11298  35.767  -78.552  18.751 0.1000000015
12075  35.756  -77.236  17.988 0.1000000015
12849  35.942  -76.475  17.353 0.1000000015
13625  37.719  -75.068  15.243 0.1000000015
13663  38.337  -75.266  13.267 0.1000000015
13676  39.642  -75.526  12.279 0.1000000015
13711  41.613  -76.014  10.385 0.1000000015
13718  42.849  -76.423  9.617 0.1000000015
6220  38.222  -85.164  20.350 0.1000000015
6221  37.791  -85.585  20.590 0.1000000015
6900  38.704  -84.574  19.901 0.1000000015
9035  37.819  -81.678  19.890 0.1000000015
6901  38.154  -84.653  19.471 0.1000000015
10549  36.390  -80.087  19.727 0.1000000015
11287  35.927  -79.471  19.264 0.1000000015
11286  36.577  -79.008  19.478 0.1000000015
12074  36.531  -77.019  18.354 0.1000000015
13590  37.623  -75.704  16.977 0.1000000015
13591  36.825  -75.751  16.829 0.1000000015
14444  44.024  -74.784  13.520 0.1000000015
14445  43.017  -74.722  13.344 0.1000000015
13643  41.144  -74.980  13.927 0.1000000015
13623  40.017  -75.345  14.909 0.1000000015
13607  38.227  -75.435  16.087 0.1000000015
13608  37.231  -75.328  16.131 0.1000000015
14456  43.745  -75.035  12.503 0.1000000015
13624  38.743  -75.273  15.107 0.1000000015
14455  44.797  -74.989  12.590 0.1000000015
13672  44.423  -75.183  11.815 0.1000000015
13673  43.845  -75.204  11.867 0.1000000015
14458  41.974  -74.928  12.229 0.1000000015
13661  40.286  -75.186  12.955 0.1000000015
13645  39.063  -75.311  14.064 0.1000000015
13671  45.342  -74.981  11.601 0.1000000015
13693  45.647  -75.037  10.788 0.1000000015
14473  43.314  -75.061  11.797 0.1000000015
13696  43.074  -75.292  11.027 0.1000000015
13675  40.515  -75.301  12.006 0.1000000015
13716  44.884  -75.777  9.215 0.1000000015
13710  42.737  -75.772  10.155 0.1000000015
13717  43.690  -76.144  9.491 0.1000000015
6884  39.047  -84.267  20.476 0.1000000015
7578  39.341  -83.835  19.963 0.1000000015
7579  38.864  -83.829  19.550 0.1000000015
8335  38.706  -82.872  19.621 0.1000000015
9062  38.289  -81.894  19.791 0.1000000015
9815  37.866  -81.252  19.936 0.1000000015
10534  36.974  -80.400  20.121 0.1000000015
10548  37.260  -79.638  19.908 0.1000000015
11297  36.740  -78.077  19.142 0.1000000015
12057  37.004  -77.286  18.814 0.1000000015
12847  37.990  -75.966  17.888 0.1000000015
13606  39.323  -75.537  16.053 0.1000000015
14434  43.137  -74.792  14.514 0.1000000015
13622  41.363  -75.248  15.271 0.1000000015
14478  46.837  -74.540  10.394 0.1000000015
14472  46.276  -74.765  11.065 0.1000000015
7551  39.413  -83.561  21.020 0.1000000015
8334  39.696  -82.981  19.677 0.1000000015
9061  39.371  -81.953  19.603 0.1000000015
9833  38.723  -80.879  19.688 0.1000000015
10533  37.738  -80.460  20.017 0.1000000015
10547  38.328  -79.672  19.870 0.1000000015
11285  37.687  -78.462  19.641 0.1000000015
11296  37.309  -77.761  19.228 0.1000000015
12827  37.485  -76.631  18.508 0.1000000015
13588  39.749  -75.662  17.098 0.1000000015
12846  39.072  -75.891  17.924 0.1000000015
13621  42.692  -75.129  15.509 0.1000000015
13605  40.510  -75.533  16.187 0.1000000015
14443  45.098  -74.684  13.582 0.1000000015
14433  44.291  -74.688  14.562 0.1000000015
14454  45.964  -74.620  12.408 0.1000000015
8333  40.508  -82.750  19.902 0.1000000015
9060  40.484  -81.953  19.641 0.1000000015
10546  39.463  -79.918  19.568 0.1000000015
11284  38.966  -78.820  19.657 0.1000000015
12035  38.629  -77.931  19.478 0.1000000015
12056  37.908  -77.295  19.216 0.1000000015
12845  40.066  -75.780  18.020 0.1000000015
14481  47.229  -74.012  10.183 0.1000000015
9831  41.049  -80.955  19.389 0.1000000015
9832  39.994  -80.992  19.441 0.1000000015
10545  40.594  -80.051  19.461 0.1000000015
11283  40.084  -79.020  19.633 0.1000000015
12034  39.576  -78.014  19.481 0.1000000015
12055  39.037  -77.149  19.205 0.1000000015
12825  39.570  -76.365  18.665 0.1000000015
13587  40.886  -75.643  17.505 0.1000000015
13604  41.739  -75.420  16.436 0.1000000015
14416  43.569  -74.879  15.278 0.1000000015
14477  47.273  -73.872  11.038 0.1000000015
15263  47.137  -73.327  10.588 0.1000000015
11282  41.192  -79.123  19.663 0.1000000015
12033  40.678  -78.093  19.555 0.1000000015
12054  40.133  -77.112  19.214 0.1000000015
12844  40.571  -75.768  18.064 0.1000000015
15250  47.241  -73.589  12.907 0.1000000015
14442  46.118  -74.366  13.741 0.1000000015
15261  47.565  -73.251  11.699 0.1000000015
12032  41.767  -78.219  19.424 0.1000000015
12052  42.342  -77.313  19.231 0.1000000015
13570  42.524  -75.881  18.342 0.1000000015
12823  41.946  -76.375  18.874 0.1000000015
12053  41.279  -77.185  19.233 0.1000000015
13585  43.241  -75.784  17.850 0.1000000015
12824  40.746  -76.105  18.625 0.1000000015
13571  41.641  -75.784  18.237 0.1000000015
14441  46.692  -73.845  13.688 0.1000000015
14430  46.474  -74.043  14.372 0.1000000015
14432  45.330  -74.585  14.671 0.1000000015
13620  43.658  -75.169  16.110 0.1000000015
13603  42.891  -75.440  16.717 0.1000000015
16122  47.401  -72.572  11.737 0.1000000015
13584  44.335  -75.806  17.670 0.1000000015
13602  43.884  -75.454  16.977 0.1000000015
13586  42.153  -75.583  17.512 0.1000000015
14414  45.767  -74.675  15.594 0.1000000015
13619  44.353  -75.178  16.463 0.1000000015
14415  44.626  -74.820  15.731 0.1000000015
9914  29.914  -80.362  13.322 0.1000000015
11386  30.777  -78.909  12.347 0.1000000015
9912  36.374  -80.880  13.855 0.1000000015
11400  31.810  -78.733  11.618 0.1000000015
11398  33.522  -79.116  11.766 0.1000000015
11384  32.375  -78.140  12.050 0.1000000015
10637  34.087  -79.678  12.001 0.1000000015
9952  33.742  -80.288  11.957 0.1000000015
3783  30.963  -89.623  17.585 0.1000000015
10638  30.067  -79.341  12.163 0.1000000015
10618  29.748  -79.731  12.747 0.1000000015
3795  32.708  -89.697  17.015 0.1000000015
6306  31.924  -85.467  15.191 0.1000000015
4386  33.422  -88.869  16.813 0.1000000015
6964  32.190  -84.480  15.445 0.1000000015
6965  31.554  -84.557  14.858 0.1000000015
7644  32.464  -83.520  15.530 0.1000000015
10600  31.709  -79.657  14.279 0.1000000015
12152  33.748  -77.689  12.626 0.1000000015
7626  33.569  -83.118  16.511 0.1000000015
8373  33.243  -82.742  16.003 0.1000000015
4370  34.353  -88.723  17.381 0.1000000015
12896  32.426  -77.248  13.943 0.1000000015
12137  32.441  -77.381  13.370 0.1000000015
9104  33.841  -81.092  16.484 0.1000000015
12105  32.693  -77.721  15.335 0.1000000015
6932  34.943  -84.586  17.984 0.1000000015
7625  33.912  -82.590  16.819 0.1000000015
9103  34.325  -80.980  17.132 0.1000000015
9876  34.138  -80.173  16.681 0.1000000015
11318  33.959  -78.437  16.486 0.1000000015
13650  34.365  -75.753  14.652 0.1000000015
12148  38.689  -77.741  12.049 0.1000000015
11380  38.727  -78.273  12.685 0.1000000015
4985  36.423  -86.990  19.398 0.1000000015
8353  34.695  -82.230  17.955 0.1000000015
9097  34.858  -81.042  18.195 0.1000000015
9864  35.045  -80.430  18.239 0.1000000015
13628  34.813  -75.452  15.256 0.1000000015
12916  38.896  -76.769  11.535 0.1000000015
5615  36.726  -86.556  19.388 0.1000000015
7582  36.124  -83.461  19.284 0.1000000015
10560  35.515  -79.759  18.740 0.1000000015
12861  35.581  -76.073  16.777 0.1000000015
12915  39.398  -76.686  11.312 0.1000000015
6902  37.288  -84.661  19.272 0.1000000015
9834  36.437  -80.902  19.836 0.1000000015
12860  36.274  -76.031  16.981 0.1000000015
14436  36.722  -74.785  14.660 0.1000000015
12914  40.171  -76.302  10.905 0.1000000015
13712  40.816  -76.289  10.493 0.1000000015
6238  38.435  -85.000  20.119 0.1000000015
8314  37.193  -82.084  20.000 0.1000000015
12058  36.311  -77.592  18.671 0.1000000015
12848  36.785  -76.331  17.756 0.1000000015
13662  39.325  -75.325  13.108 0.1000000015
13698  40.851  -75.613  11.057 0.1000000015
13697  41.995  -75.347  11.070 0.1000000015
8336  37.656  -82.615  19.790 0.1000000015
12828  36.927  -76.788  18.388 0.1000000015
14435  42.286  -74.711  13.942 0.1000000015
14446  42.056  -74.750  13.099 0.1000000015
13644  39.963  -75.240  13.791 0.1000000015
14457  42.775  -74.819  12.439 0.1000000015
13660  41.209  -74.978  12.662 0.1000000015
13695  43.915  -75.272  11.291 0.1000000015
13674  41.402  -75.177  11.779 0.1000000015
14474  42.506  -75.054  11.704 0.1000000015
14471  46.880  -74.301  11.592 0.1000000015
13709  44.036  -75.394  10.244 0.1000000015
13589  38.669  -75.688  17.000 0.1000000015
13642  42.104  -74.860  14.682 0.1000000015
12826  38.488  -76.468  18.648 0.1000000015
14453  46.962  -73.913  12.742 0.1000000015
14470  47.380  -73.761  12.011 0.1000000015
16198  39.976  -73.099  5.904 0.4000000060
13785  42.677  -75.692  4.225 0.3000000119
13786  41.506  -75.495  4.605 0.3000000119
14573  40.934  -74.645  4.883 0.3000000119
15352  39.889  -73.553  5.271 0.4000000060
16199  39.278  -72.915  5.777 0.4000000060
13787  40.668  -75.305  4.739 0.3000000119
15353  38.884  -73.556  5.390 0.4000000060
6421  39.023  -85.704  6.279 0.1000000015
5775  39.621  -85.858  5.960 0.1000000015
7080  40.381  -84.241  5.367 0.2000000030
8520  39.795  -82.670  5.393 0.3000000119
13772  36.143  -75.818  5.762 0.4000000060
10713  38.822  -79.633  6.391 0.4000000060
11455  39.194  -78.664  6.649 0.4000000060
7768  40.280  -83.304  5.312 0.2000000030
9282  39.351  -81.828  5.711 0.3000000119
12975  38.284  -77.448  6.172 0.4000000060
13771  37.117  -75.789  5.792 0.4000000060
7064  38.580  -85.200  6.566 0.1000000015
7778  39.630  -83.643  5.050 0.3000000119
11456  38.232  -78.729  6.105 0.4000000060
12988  37.838  -76.829  6.050 0.4000000060
12989  36.634  -76.749  5.722 0.4000000060
6430  38.466  -85.760  5.582 0.1000000015
13755  34.800  -75.117  6.243 0.5000000000
7081  39.898  -84.488  5.087 0.2000000030
8530  39.107  -83.044  5.130 0.3000000119
10008  38.612  -80.449  6.027 0.3000000119
12234  37.170  -77.788  5.750 0.4000000060
14541  34.389  -74.418  6.474 0.4000000060
16187  33.478  -72.763  6.689 0.4000000060
10726  38.191  -79.690  5.745 0.4000000060
11468  38.031  -79.088  5.620 0.4000000060
12990  35.631  -76.533  5.422 0.4000000060
5789  38.137  -85.988  4.982 0.2000000030
5788  38.881  -85.997  5.390 0.2000000030
5801  39.204  -85.792  4.942 0.2000000030
7779  38.768  -83.539  4.734 0.2000000030
6429  39.976  -85.274  5.443 0.2000000030
9283  38.511  -81.564  5.247 0.3000000119
10022  38.307  -80.569  5.387 0.3000000119
11469  37.611  -78.686  5.391 0.4000000060
8521  38.990  -82.421  5.356 0.3000000119
10727  37.905  -79.321  5.278 0.4000000060
11470  36.991  -78.208  5.015 0.4000000060
13773  35.198  -75.577  5.992 0.5000000000
13774  34.269  -75.220  5.560 0.5000000000
15357  33.595  -73.370  5.855 0.4000000060
11481  37.304  -78.730  4.553 0.4000000060
12248  35.508  -77.149  4.396 0.4000000060
12991  34.834  -76.101  5.398 0.5000000000
13789  34.146  -75.203  4.479 0.5000000000
14576  33.635  -73.874  5.227 0.4000000060
5802  38.201  -86.094  4.252 0.2000000030
7082  38.993  -84.418  4.606 0.2000000030
7800  38.333  -83.937  4.281 0.2000000030
8531  38.429  -82.678  4.751 0.4000000060
7780  38.189  -83.335  4.351 0.2000000030
9300  37.828  -81.935  4.181 0.4000000060
10036  38.157  -80.791  4.498 0.3000000119
13002  35.086  -76.611  4.834 0.5000000000
14575  33.777  -74.307  4.835 0.5000000000
16213  33.520  -72.497  4.856 0.4000000060
16202  33.276  -72.421  5.537 0.4000000060
10046  38.224  -81.126  3.541 0.4000000060
10752  37.541  -79.129  4.170 0.4000000060
11482  36.730  -78.233  4.307 0.4000000060
13019  34.402  -75.737  4.060 0.5000000000
6442  38.681  -85.324  4.340 0.2000000030
7103  38.179  -84.570  3.711 0.2000000030
17079  33.448  -71.727  4.717 0.4000000060
7801  37.883  -83.610  3.671 0.2000000030
10738  37.991  -79.898  4.905 0.3000000119
11496  37.388  -78.751  3.720 0.4000000060
12247  36.024  -77.791  4.007 0.4000000060
5803  37.282  -86.073  4.320 0.2000000030
7120  38.089  -84.768  2.520 0.2000000030
8551  37.692  -82.679  3.423 0.3000000119
9318  37.888  -82.081  3.306 0.4000000060
17967  33.157  -70.689  4.850 0.4000000060
12265  35.553  -77.182  3.563 0.5000000000
14589  34.358  -74.425  3.880 0.5000000000
20924  33.861  -67.684  5.113 0.4000000060
5818  37.332  -86.847  3.405 0.2000000030
6460  38.139  -85.568  3.427 0.2000000030
11495  37.712  -79.115  3.531 0.4000000060
12264  36.227  -77.611  3.225 0.4000000060
15385  34.453  -73.225  3.807 0.5000000000
17078  33.962  -71.678  4.237 0.4000000060
5177  36.785  -87.299  3.240 0.2000000030
6474  38.047  -85.893  2.582 0.2000000030
7814  37.885  -83.968  3.007 0.2000000030
8559  37.964  -82.603  2.770 0.2000000030
10770  38.439  -79.395  2.696 0.4000000060
13815  35.541  -75.609  2.660 0.5000000000
14588  34.941  -74.539  3.352 0.5000000000
5819  36.540  -86.939  3.701 0.2000000030
10751  37.923  -79.698  3.753 0.3000000119
12282  35.918  -77.063  2.877 0.5000000000
13802  34.863  -75.396  3.417 0.5000000000
16212  33.923  -72.522  4.254 0.5000000000
5207  36.466  -87.256  1.920 0.2000000030
19905  34.008  -68.398  4.700 0.4000000060
18935  33.669  -69.819  4.670 0.4000000060
5817  37.797  -86.353  3.066 0.2000000030
9328  38.527  -81.710  2.608 0.4000000060
17089  34.586  -71.638  3.804 0.4000000060
17966  34.031  -70.834  4.313 0.4000000060
5850  37.975  -86.527  1.737 0.2000000030
7813  38.145  -83.547  2.470 0.2000000030
6488  38.137  -85.875  1.738 0.2000000030
20948  34.487  -67.971  4.668 0.4000000060
18934  34.701  -69.691  4.124 0.4000000060
18933  35.189  -69.433  3.912 0.4000000060
11514  36.657  -77.893  2.968 0.3000000119
14603  35.548  -74.508  2.748 0.5000000000
15384  35.038  -73.764  3.366 0.5000000000
17984  34.752  -70.631  3.892 0.4000000060
10058  38.658  -80.528  2.820 0.4000000060
11512  37.815  -78.903  3.122 0.4000000060
11530  37.541  -77.887  2.284 0.3000000119
12281  36.673  -77.399  2.478 0.4000000060
14602  36.175  -74.447  2.196 0.5000000000
7139  38.631  -84.871  1.214 0.2000000030
20947  35.155  -67.954  4.412 0.4000000060
16220  35.138  -72.527  3.367 0.5000000000
16237  35.779  -72.508  2.929 0.5000000000
12300  36.765  -76.679  1.816 0.4000000060
13034  36.082  -76.378  2.315 0.5000000000
15405  35.692  -73.279  2.870 0.5000000000
14615  36.811  -74.295  1.748 0.5000000000
13049  36.561  -75.961  1.705 0.5000000000
14554  39.486  -74.305  5.011 0.4000000060
20923  34.794  -67.313  4.950 0.4000000060
19930  34.016  -69.055  4.543 0.4000000060
15404  36.220  -73.741  2.320 0.5000000000
11480  42.011  -78.136  4.754 0.3000000119
12246  41.951  -77.303  4.524 0.3000000119
12985  40.968  -76.550  5.001 0.2000000030
13768  40.357  -75.805  4.930 0.2000000030
10723  42.491  -79.938  5.581 0.2000000030
10737  42.148  -78.884  4.626 0.3000000119
10710  41.270  -79.216  5.883 0.3000000119
12218  40.587  -77.812  6.169 0.3000000119
10019  41.850  -80.633  5.500 0.2000000030
10020  41.369  -80.655  5.700 0.2000000030
10725  41.018  -80.247  5.779 0.2000000030
7767  40.747  -83.605  5.604 0.2000000030
5180  34.761  -87.094  2.678 0.1000000015
6461  33.951  -85.857  3.009 0.1000000015
9370  41.453  -80.169  -0.794 0.1000000015
12229  44.365  -77.375  5.364 0.1000000015
13017  43.084  -76.479  3.747 0.2000000030
13000  41.766  -76.508  4.439 0.2000000030
11478  43.219  -78.603  4.818 0.2000000030
12245  42.546  -77.254  4.158 0.2000000030
11442  44.424  -78.287  6.967 0.1000000015
10722  43.124  -79.330  6.106 0.1000000015
10735  43.046  -79.214  5.294 0.2000000030
10708  43.270  -79.359  7.141 0.1000000015
5820  35.519  -86.908  3.607 0.1000000015
7173  39.520  -84.442  -0.011 0.1000000015
7858  39.943  -83.753  0.240 0.1000000015
8594  40.099  -83.013  0.679 0.1000000015
9355  40.525  -81.613  0.597 0.1000000015
7174  39.081  -84.684  -0.384 0.1000000015
7878  40.311  -83.217  -0.302 0.1000000015
9372  40.870  -81.617  -0.274 0.1000000015
10788  40.316  -80.005  1.074 0.1000000015
9371  41.330  -80.965  -0.775 0.1000000015
11527  41.385  -78.446  -0.075 0.1000000015
12315  40.431  -77.394  0.012 0.1000000015
12314  41.284  -77.543  -0.341 0.1000000015
13865  41.299  -75.468  -0.582 0.1000000015
12230  43.756  -78.107  5.072 0.2000000030
11466  43.540  -78.582  5.621 0.1000000015
9327  38.909  -81.152  2.445 0.1000000015
11529  38.144  -78.312  2.194 0.3000000119
5867  37.992  -86.368  1.366 0.1000000015
6505  38.299  -85.703  0.808 0.1000000015
7834  38.765  -83.978  1.782 0.1000000015
9339  39.253  -81.631  2.030 0.1000000015
10789  39.552  -79.401  1.455 0.2000000030
12298  38.510  -77.568  1.243 0.3000000119
13071  37.856  -76.074  0.802 0.3000000119
14633  37.894  -74.622  1.060 0.3000000119
5836  35.095  -86.253  2.047 0.1000000015
5869  37.310  -86.136  0.741 0.1000000015
9338  40.082  -81.608  1.354 0.1000000015
10811  40.019  -79.235  0.784 0.1000000015
11528  38.996  -78.340  1.361 0.2000000030
13070  38.353  -76.098  0.610 0.3000000119
6526  38.433  -85.108  -0.237 0.1000000015
11543  40.190  -78.441  0.510 0.1000000015
13068  39.941  -76.258  -0.019 0.2000000030
14631  39.296  -74.404  0.379 0.3000000119
13089  40.436  -76.077  -0.291 0.1000000015
13866  40.513  -75.342  -0.308 0.2000000030
15435  40.038  -73.530  0.211 0.4000000060
13844  41.887  -75.676  -0.780 0.1000000015
14649  41.215  -74.525  -0.448 0.1000000015
15454  41.150  -73.596  -0.278 0.3000000119
15272  46.695  -73.803  9.115 0.1000000015
14493  46.471  -74.628  8.252 0.1000000015
16236  36.438  -72.592  2.529 0.4000000060
15423  36.789  -73.341  2.060 0.4000000060
13048  37.262  -76.080  1.181 0.3000000119
13826  37.419  -74.951  1.264 0.4000000060
15422  37.358  -73.333  1.671 0.4000000060
14632  38.385  -74.140  0.820 0.4000000060
16280  38.871  -72.464  0.925 0.4000000060
15436  39.159  -73.410  0.634 0.4000000060
16279  39.684  -72.630  0.553 0.5000000000
15455  40.624  -73.498  -0.078 0.3000000119
16278  40.187  -72.719  0.299 0.5000000000
14628  42.272  -75.031  -1.074 0.2000000030
14629  41.845  -74.741  -0.759 0.1000000015
16298  40.729  -72.674  -0.095 0.4000000060
13087  42.438  -76.575  -1.432 0.1000000015
14648  42.823  -74.447  -1.473 0.1000000015
16276  42.524  -73.492  -0.805 0.2000000030
15434  41.840  -73.848  -0.552 0.2000000030
11571  42.194  -78.043  -2.063 0.1000000015
13100  42.637  -76.501  -2.004 0.1000000015
15453  43.008  -73.516  -1.238 0.2000000030
11621  41.864  -77.724  -2.664 0.1000000015
13117  42.508  -76.411  -2.386 0.1000000015
17996  35.918  -70.867  3.188 0.4000000060
17983  35.369  -70.825  3.506 0.3000000119
17097  36.721  -71.473  2.581 0.4000000060
16259  37.602  -72.406  1.731 0.4000000060
16260  37.101  -72.738  2.072 0.4000000060
15421  38.129  -73.184  1.244 0.4000000060
17112  37.625  -71.273  1.823 0.4000000060
18007  40.067  -71.013  0.192 0.4000000060
17132  39.502  -71.615  0.638 0.4000000060
17158  40.534  -71.561  -0.188 0.5000000000
17156  42.259  -71.676  -1.489 0.3000000119
16297  41.798  -72.823  -0.569 0.4000000060
17157  41.195  -71.607  -0.742 0.4000000060
15509  42.742  -73.465  -3.032 0.2000000030
15490  43.251  -73.361  -2.273 0.2000000030
16309  43.130  -72.624  -1.607 0.2000000030
13912  42.266  -75.230  -3.270 0.1000000015
14690  42.816  -74.334  -2.567 0.2000000030
11575  37.043  -78.678  -1.924 0.1000000015
17995  36.364  -70.759  2.887 0.4000000060
17982  35.982  -70.262  3.284 0.4000000060
17999  37.583  -70.481  1.887 0.4000000060
18009  38.679  -70.120  0.925 0.4000000060
17998  38.107  -70.352  1.502 0.4000000060
18008  39.335  -70.411  0.492 0.4000000060
18031  39.878  -70.145  -0.064 0.4000000060
18030  40.526  -70.438  -0.621 0.3000000119
18029  41.369  -70.379  -1.428 0.4000000060
17175  43.032  -71.573  -2.166 0.3000000119
15518  42.345  -73.375  -3.789 0.2000000030
17205  42.718  -71.936  -3.894 0.2000000030
16318  43.256  -72.544  -2.389 0.2000000030
17174  43.232  -72.072  -2.271 0.2000000030
10891  37.013  -80.220  -3.164 0.1000000015
11599  36.998  -78.884  -2.506 0.1000000015
11624  38.731  -77.955  -3.279 0.1000000015
19928  35.363  -68.875  3.932 0.3000000119
19955  36.741  -68.799  2.629 0.4000000060
19943  36.221  -68.985  3.146 0.3000000119
18983  37.513  -69.756  1.942 0.4000000060
19977  38.654  -68.502  1.121 0.4000000060
18982  37.981  -69.426  1.610 0.4000000060
18990  39.060  -69.252  0.692 0.4000000060
18991  38.452  -69.401  1.240 0.4000000060
19005  39.966  -69.292  -0.522 0.4000000060
19006  39.528  -69.529  0.124 0.4000000060
19019  40.842  -69.314  -1.451 0.4000000060
19020  40.495  -69.508  -1.006 0.3000000119
20024  43.627  -68.522  -3.700 0.3000000119
20013  43.288  -68.671  -3.246 0.3000000119
20014  42.790  -68.756  -2.769 0.3000000119
19003  41.820  -69.569  -2.008 0.3000000119
19987  41.571  -69.121  -2.082 0.3000000119
18101  41.867  -71.508  -4.845 0.2000000030
17220  42.622  -71.474  -4.263 0.2000000030
19045  43.396  -69.628  -3.873 0.3000000119
18059  43.386  -70.665  -3.105 0.2000000030
19032  42.955  -69.762  -2.868 0.3000000119
18028  42.187  -70.385  -1.868 0.3000000119
16351  42.393  -72.455  -4.271 0.2000000030
18070  43.305  -70.565  -3.456 0.2000000030
15527  41.851  -73.338  -4.444 0.2000000030
21980  36.459  -67.019  4.185 0.3000000119
21979  37.305  -66.417  4.330 0.3000000119
21993  36.463  -67.485  3.661 0.3000000119
20965  36.495  -68.072  3.214 0.4000000060
19927  35.975  -68.583  3.559 0.3000000119
22025  38.429  -66.965  1.726 0.3000000119
20982  37.852  -67.602  1.927 0.4000000060
22044  39.525  -66.651  0.658 0.4000000060
22045  38.952  -66.762  1.231 0.4000000060
21000  38.272  -67.899  1.500 0.4000000060
22058  40.117  -66.680  0.032 0.4000000060
19976  39.090  -68.264  0.685 0.4000000060
21023  40.292  -67.602  -0.915 0.3000000119
19988  39.912  -68.247  -0.618 0.4000000060
19989  39.484  -68.504  0.061 0.4000000060
22085  44.695  -66.774  -3.149 0.3000000119
22087  43.941  -67.191  -2.668 0.2000000030
22073  43.157  -66.818  -2.235 0.2000000030
22074  41.946  -66.713  -1.689 0.2000000030
21039  41.012  -67.415  -1.532 0.3000000119
20003  40.437  -68.560  -1.217 0.3000000119
21082  43.868  -67.777  -4.088 0.3000000119
21050  43.962  -67.554  -3.252 0.3000000119
21051  43.297  -67.743  -2.905 0.2000000030
21037  42.604  -67.889  -2.645 0.2000000030
21038  41.883  -67.596  -2.280 0.2000000030
18071  41.430  -70.223  -4.135 0.2000000030
20043  42.414  -68.995  -4.472 0.3000000119
20042  42.948  -68.867  -4.561 0.3000000119
20041  43.432  -68.737  -4.221 0.3000000119
21955  37.662  -66.111  5.330 0.3000000119
20922  35.700  -67.181  4.712 0.3000000119
22042  41.696  -66.388  0.142 0.3000000119
23141  43.565  -66.323  -1.390 0.2000000030
23125  44.138  -66.353  -0.818 0.2000000030
22056  41.890  -66.422  -0.832 0.2000000030
22057  40.733  -66.684  -0.615 0.2000000030
23139  44.646  -66.016  -2.143 0.2000000030
23140  44.191  -66.430  -1.611 0.2000000030
22055  42.812  -66.307  -1.253 0.2000000030
21927  37.088  -65.854  6.105 0.2000000030
11622  41.329  -77.777  -2.904 0.1000000015
12381  41.986  -76.948  -2.953 0.1000000015
20025  41.899  -68.792  -4.092 0.3000000119
16360  41.837  -72.653  -4.796 0.2000000030
12986  39.958  -76.583  5.656 0.3000000119
12232  40.743  -77.205  5.627 0.3000000119
10006  40.285  -80.555  6.114 0.2000000030
15285  46.352  -74.252  8.335 0.1000000015
13015  43.850  -76.601  4.204 0.2000000030
13001  41.033  -75.908  4.652 0.2000000030
8575  38.751  -82.666  1.954 0.1000000015
21956  36.532  -66.504  5.258 0.3000000119
8574  39.690  -82.480  1.352 0.1000000015
18952  36.024  -69.585  3.323 0.3000000119
10769  39.128  -79.941  2.211 0.3000000119
12299  37.497  -77.328  1.776 0.2000000030
10790  38.843  -79.085  1.975 0.2000000030
7156  39.318  -84.369  0.643 0.1000000015
10736  42.542  -79.153  4.898 0.2000000030
11467  41.525  -78.281  5.380 0.3000000119
10724  41.677  -79.422  5.440 0.2000000030
10100  41.208  -80.549  -0.247 0.1000000015
12244  43.406  -77.643  4.391 0.2000000030
6525  38.609  -85.350  0.076 0.1000000015
7879  39.835  -83.853  -0.623 0.1000000015
7833  39.462  -83.554  1.144 0.1000000015
10072  40.374  -80.897  1.064 0.1000000015
10087  40.838  -80.613  0.323 0.1000000015
11542  40.975  -78.349  0.270 0.1000000015
10073  39.799  -80.599  1.743 0.2000000030
11544  39.569  -78.635  0.879 0.2000000030
12317  38.645  -76.852  0.734 0.3000000119
13847  38.740  -75.264  0.471 0.4000000060
14613  38.078  -73.788  1.089 0.4000000060
12316  39.346  -77.533  0.646 0.3000000119
13069  39.080  -76.240  0.408 0.3000000119
14630  39.945  -74.698  -0.037 0.3000000119
17096  37.176  -71.315  2.259 0.4000000060
17133  38.669  -71.160  0.999 0.4000000060
14674  42.920  -74.812  -1.992 0.2000000030
15472  43.357  -73.262  -1.821 0.2000000030
17994  37.070  -70.551  2.322 0.4000000060
17111  38.147  -71.183  1.412 0.4000000060
16336  43.140  -72.150  -2.986 0.2000000030
19954  37.194  -69.014  2.157 0.4000000060
19031  43.313  -69.817  -3.331 0.3000000119
17190  43.263  -71.484  -2.524 0.2000000030
17204  43.029  -71.412  -3.609 0.2000000030
20983  37.286  -68.080  2.312 0.4000000060
20984  36.848  -68.163  2.736 0.4000000060
21001  37.813  -68.228  1.788 0.4000000060
21064  44.384  -67.169  -3.435 0.3000000119
19061  42.524  -69.678  -4.506 0.2000000030
19060  43.114  -69.659  -4.356 0.2000000030
22008  37.238  -67.479  2.758 0.4000000060
23151  44.588  -65.932  -3.112 0.2000000030
22071  44.668  -66.487  -2.705 0.2000000030
22072  44.285  -66.684  -2.337 0.2000000030
22007  37.726  -67.055  2.548 0.3000000119
21991  38.015  -66.415  3.480 0.2000000030
22006  38.691  -66.333  2.591 0.3000000119
21978  38.364  -66.158  4.521 0.2000000030
9263  41.663  -81.265  5.873 0.1000000015
9264  41.344  -81.809  6.576 0.1000000015
9280  41.139  -81.602  5.766 0.1000000015
12983  44.779  -76.489  5.416 0.1000000015
7766  41.096  -83.355  6.127 0.1000000015
8519  40.606  -82.611  5.609 0.1000000015
8518  41.112  -82.653  5.926 0.1000000015
23005  39.108  -66.025  6.886 0.1000000015
21925  38.886  -66.232  6.406 0.1000000015
21954  38.641  -66.214  5.531 0.1000000015
21953  39.492  -66.546  5.830 0.1000000015
21977  39.426  -66.323  4.777 0.1000000015
21990  39.166  -66.107  3.649 0.2000000030
20945  41.025  -67.229  4.809 0.2000000030
22024  39.241  -66.305  1.681 0.2000000030
20963  41.281  -67.187  4.214 0.2000000030
21989  40.615  -66.590  3.867 0.2000000030
21988  41.363  -66.778  3.257 0.2000000030
22005  39.886  -66.081  2.624 0.2000000030
20944  41.860  -67.670  4.505 0.2000000030
20962  41.672  -67.245  3.678 0.2000000030
22023  40.317  -66.140  1.488 0.2000000030
22043  40.620  -66.398  0.471 0.2000000030
19926  42.260  -68.126  5.091 0.2000000030
22004  41.273  -66.469  2.452 0.2000000030
22003  42.140  -66.613  1.725 0.2000000030
22022  41.442  -66.304  1.192 0.1000000015
20999  42.827  -67.041  1.627 0.1000000015
22021  42.605  -66.564  0.885 0.1000000015
21926  38.073  -65.928  6.190 0.1000000015
23007  37.700  -65.132  6.642 0.1000000015
23006  38.605  -65.658  6.746 0.1000000015
22990  39.418  -65.475  7.157 0.1000000015
21924  39.724  -66.474  6.845 0.1000000015
21923  40.486  -66.970  6.763 0.1000000015
21066  41.765  -67.829  -3.990 0.2000000030
22121  43.650  -67.183  -4.304 0.2000000030
22123  42.309  -67.480  -4.281 0.2000000030
20026  40.865  -68.568  -3.535 0.2000000030
21067  40.884  -67.346  -3.498 0.2000000030
22103  44.072  -66.555  -4.095 0.2000000030
22105  42.084  -66.712  -3.910 0.2000000030
22104  43.282  -66.466  -4.179 0.2000000030
21068  40.379  -68.040  -3.300 0.2000000030
22102  44.450  -66.728  -3.658 0.2000000030
23172  41.819  -65.736  -3.337 0.1000000015
23173  41.239  -65.598  -3.163 0.2000000030
23171  42.881  -65.590  -3.546 0.2000000030
23152  43.756  -65.260  -3.208 0.2000000030
23155  40.738  -65.421  -2.827 0.1000000015
24156  41.313  -64.610  -2.410 0.1000000015
24155  42.287  -64.590  -2.653 0.1000000015
23143  39.591  -65.214  -1.776 0.1000000015
23144  38.765  -65.669  -1.533 0.1000000015
20920  41.623  -67.632  5.569 0.1000000015
24140  44.300  -64.383  -1.986 0.1000000015
24142  42.209  -63.930  -1.901 0.1000000015
24154  43.324  -64.476  -2.658 0.1000000015
24144  40.024  -64.465  -1.405 0.1000000015
24143  40.986  -64.180  -1.603 0.1000000015
24123  38.906  -64.483  -0.558 0.1000000015
24122  39.626  -64.138  -0.735 0.1000000015
24101  38.270  -64.603  0.120 0.1000000015
19882  43.621  -69.030  6.264 0.1000000015
19904  42.283  -68.075  5.562 0.1000000015
24139  44.784  -65.239  -1.892 0.1000000015
25156  42.838  -63.859  -2.129 0.1000000015
24141  43.270  -63.857  -1.924 0.1000000015
24121  40.528  -63.869  -0.837 0.1000000015
25124  38.759  -63.639  0.626 0.1000000015
25123  39.670  -63.370  0.566 0.1000000015
19902  43.542  -69.222  5.553 0.1000000015
20943  42.379  -67.856  3.795 0.1000000015
24097  44.473  -64.495  -0.427 0.1000000015
23106  45.002  -65.136  -0.147 0.1000000015
24081  42.669  -63.721  1.182 0.1000000015
24098  43.655  -64.170  -0.176 0.1000000015
24118  44.040  -64.044  -1.098 0.1000000015
24117  44.893  -64.729  -1.113 0.1000000015
25120  42.176  -63.722  0.803 0.1000000015
24119  42.919  -63.758  -0.935 0.1000000015
25106  41.157  -63.375  1.345 0.1000000015
25121  41.572  -63.695  0.511 0.1000000015
25135  41.499  -63.721  -0.084 0.1000000015
24100  41.807  -63.726  -0.022 0.1000000015
26069  40.431  -61.938  3.124 0.1000000015
25090  41.025  -62.805  2.151 0.1000000015
25136  40.977  -63.704  -0.112 0.1000000015
26115  40.188  -62.571  1.932 0.1000000015
18911  43.549  -69.357  5.031 0.1000000015
19925  42.724  -68.453  4.336 0.1000000015
23124  44.827  -65.884  -0.836 0.1000000015
25052  41.374  -62.568  3.508 0.1000000015
25069  41.766  -63.234  2.571 0.1000000015
26093  40.938  -62.427  2.709 0.1000000015
22052  45.071  -66.365  -0.344 0.1000000015
21052  40.491  -66.805  -3.126 0.1000000015
23156  39.895  -65.632  -2.397 0.1000000015
25137  40.071  -63.646  -0.146 0.1000000015
25108  39.246  -62.941  1.168 0.1000000015
11647  36.541  -78.233  -5.198 0.1000000015
12410  36.133  -77.924  -4.508 0.1000000015
10923  35.872  -79.836  -5.390 0.1000000015
10194  36.407  -80.737  -5.447 0.1000000015
8716  36.075  -82.483  -5.566 0.1000000015
7259  35.573  -84.194  -4.963 0.1000000015
5958  34.789  -86.151  -4.571 0.1000000015
12423  36.954  -77.970  -5.246 0.1000000015
12409  36.597  -77.847  -4.859 0.1000000015
9460  35.909  -81.548  -5.530 0.1000000015
9459  36.572  -81.709  -5.533 0.1000000015
12358  36.279  -77.180  -3.297 0.1000000015
13139  37.018  -76.905  -3.840 0.1000000015
13150  38.253  -76.130  -4.246 0.1000000015
12422  37.652  -77.689  -5.185 0.1000000015
10921  36.993  -79.825  -5.454 0.1000000015
11626  35.514  -78.350  -4.139 0.1000000015
13914  38.587  -75.494  -3.623 0.1000000015
13923  38.780  -75.828  -4.655 0.1000000015
12387  35.710  -77.902  -3.903 0.1000000015
13119  36.941  -76.437  -2.715 0.1000000015
13888  36.454  -75.119  -1.637 0.1000000015
12359  35.486  -77.407  -2.945 0.1000000015
13120  35.889  -76.554  -2.289 0.1000000015
13889  35.841  -75.361  -1.425 0.1000000015
13151  37.675  -76.845  -4.491 0.1000000015
5327  34.197  -86.916  -4.564 0.1000000015
3721  33.914  -88.988  19.866 0.1000000015
3778  35.003  -89.038  18.121 0.1000000015
4318  35.073  -88.411  20.338 0.1000000015
5178  36.168  -87.391  3.134 0.2000000030
5179  35.275  -87.237  2.927 0.1000000015
5191  36.944  -87.401  2.546 0.2000000030
5192  35.982  -87.365  2.459 0.2000000030
5194  34.735  -87.149  2.377 0.1000000015
5208  35.886  -87.184  2.040 0.2000000030
5579  37.444  -86.134  20.334 0.1000000015
5614  37.363  -86.170  19.685 0.1000000015
5776  39.394  -85.885  5.917 0.1000000015
5787  39.508  -85.818  5.667 0.1000000015
5821  34.439  -86.452  3.247 0.1000000015
5834  37.931  -86.531  2.230 0.2000000030
5835  37.588  -86.937  2.602 0.2000000030
5837  34.656  -86.721  2.460 0.1000000015
5851  37.657  -86.999  1.754 0.3000000119
5853  35.961  -86.682  1.670 0.2000000030
5868  37.723  -86.350  1.005 0.1000000015
6203  38.059  -85.001  20.828 0.1000000015
6420  39.850  -85.737  6.257 0.1000000015
6431  37.685  -85.452  5.270 0.1000000015
6441  39.460  -85.148  4.789 0.2000000030
6476  34.360  -85.794  2.526 0.1000000015
6506  37.954  -85.637  0.337 0.1000000015
6885  38.671  -84.645  20.465 0.1000000015
6899  39.082  -84.288  20.219 0.1000000015
7052  39.012  -85.136  7.268 0.1000000015
7069  40.545  -84.580  5.757 0.2000000030
7070  40.244  -84.656  5.371 0.2000000030
7104  37.946  -84.143  3.374 0.2000000030
7121  37.984  -84.384  3.142 0.2000000030
7138  39.093  -84.238  1.184 0.1000000015
7157  38.965  -85.000  0.320 0.1000000015
7158  37.839  -84.917  -0.105 0.2000000030
7568  39.317  -83.887  20.449 0.1000000015
7758  41.028  -83.454  6.674 0.1000000015
7777  40.255  -83.871  5.227 0.3000000119
7857  40.262  -83.175  0.190 0.1000000015
7900  39.415  -83.148  -1.547 0.1000000015
8313  37.491  -82.071  19.924 0.1000000015
8532  37.806  -82.798  4.103 0.2000000030
8550  37.775  -82.434  3.136 0.3000000119
8560  37.708  -83.290  3.003 0.2000000030
8573  40.265  -82.287  0.872 0.1000000015
8593  40.493  -82.537  0.158 0.1000000015
8596  36.378  -82.591  0.730 0.1000000015
8597  35.549  -82.236  0.916 0.1000000015
8618  38.972  -82.825  -1.238 0.1000000015
8635  39.710  -82.596  -1.595 0.1000000015
8636  39.338  -82.899  -1.601 0.1000000015
9036  37.440  -81.650  20.022 0.1000000015
9063  37.734  -81.973  19.886 0.1000000015
9098  34.663  -80.962  17.790 0.1000000015
9265  39.634  -81.185  6.081 0.4000000060
9266  38.936  -81.142  5.968 0.3000000119
9267  38.561  -80.949  5.700 0.3000000119
9279  41.506  -81.027  5.690 0.1000000015
9301  37.713  -82.413  3.849 0.4000000060
9319  37.729  -82.256  3.672 0.3000000119
9340  38.847  -82.004  2.207 0.1000000015
9353  41.422  -79.975  -0.442 0.1000000015
9354  41.356  -80.308  -0.462 0.1000000015
9356  37.471  -81.732  0.038 0.1000000015
9373  39.528  -81.681  -1.328 0.1000000015
9390  39.756  -81.908  -1.596 0.1000000015
9816  37.257  -81.018  20.183 0.1000000015
9817  36.778  -80.869  20.121 0.1000000015
9889  33.082  -80.393  15.583 0.1000000015
9953  33.195  -80.444  11.714 0.1000000015
10021  40.845  -80.969  5.812 0.2000000030
10057  39.162  -80.762  2.264 0.3000000119
10086  41.348  -79.787  -0.034 0.1000000015
10089  36.689  -81.068  0.226 0.1000000015
10101  41.079  -80.969  -0.258 0.1000000015
10139  40.948  -79.881  -2.058 0.1000000015
10195  35.657  -80.533  -5.297 0.1000000015
10535  36.628  -80.553  19.972 0.1000000015
10550  35.808  -80.141  19.240 0.1000000015
10611  40.788  -78.988  13.921 0.1000000015
10612  40.264  -78.926  14.260 0.1000000015
10701  42.938  -80.090  7.753 0.1000000015
10739  37.651  -79.275  4.687 0.4000000060
10787  41.498  -79.055  -0.109 0.1000000015
10809  41.286  -79.003  0.224 0.1000000015
10810  40.782  -79.349  0.546 0.1000000015
10828  39.094  -80.556  -0.755 0.1000000015
10830  37.499  -79.734  -0.489 0.1000000015
10851  39.518  -79.959  -1.207 0.1000000015
10873  36.798  -79.613  -2.644 0.1000000015
10888  41.627  -78.185  -2.544 0.1000000015
10922  36.287  -79.818  -5.498 0.1000000015
11340  39.416  -78.968  14.333 0.1000000015
11362  31.110  -78.846  12.785 0.1000000015
11452  43.698  -78.701  6.597 0.1000000015
11453  41.170  -78.657  6.028 0.3000000119
11457  37.698  -78.278  5.927 0.4000000060
11465  43.961  -78.057  5.516 0.2000000030
11479  42.636  -78.329  4.474 0.2000000030
11497  36.679  -78.123  3.497 0.4000000060
11513  37.224  -78.189  2.786 0.3000000119
11574  37.893  -78.554  -1.715 0.1000000015
11576  36.735  -79.048  -2.208 0.1000000015
11593  42.072  -77.907  -2.380 0.1000000015
11596  39.319  -78.186  -2.482 0.2000000030
11597  38.353  -78.257  -2.478 0.2000000030
11598  37.537  -78.554  -2.519 0.1000000015
11643  41.671  -77.304  -3.053 0.1000000015
11644  41.407  -77.162  -3.337 0.1000000015
11648  35.861  -78.549  -4.781 0.1000000015
11649  35.219  -79.268  -4.507 0.1000000015
11666  36.766  -78.719  -5.512 0.1000000015
11667  36.035  -79.311  -5.379 0.1000000015
12116  31.769  -78.316  13.712 0.1000000015
12164  38.906  -77.108  11.504 0.1000000015
12217  41.163  -77.824  5.717 0.3000000119
12220  38.638  -77.888  6.389 0.4000000060
12221  37.945  -77.827  6.148 0.4000000060
12231  41.457  -77.314  5.014 0.3000000119
12235  36.234  -77.488  4.980 0.4000000060
12236  35.569  -76.999  4.934 0.4000000060
12243  43.916  -77.015  4.325 0.1000000015
12261  43.679  -76.741  4.054 0.2000000030
12262  43.480  -76.916  3.941 0.2000000030
12263  43.137  -77.113  3.885 0.2000000030
12280  37.240  -77.713  2.332 0.3000000119
12297  38.959  -77.816  1.093 0.3000000119
12329  40.877  -76.831  -0.393 0.1000000015
12330  40.490  -76.555  -0.272 0.1000000015
12354  42.267  -77.173  -2.377 0.1000000015
12356  40.182  -77.699  -3.150 0.2000000030
12357  39.682  -77.862  -2.944 0.2000000030
12382  40.957  -76.997  -3.633 0.2000000030
12386  36.450  -77.517  -4.205 0.1000000015
12404  41.307  -76.844  -3.592 0.2000000030
12405  40.031  -76.900  -4.707 0.1000000015
12408  37.272  -77.483  -4.955 0.1000000015
12900  39.203  -76.042  11.846 0.1000000015
12984  41.374  -76.784  4.758 0.2000000030
12997  44.220  -76.541  4.688 0.1000000015
12998  43.874  -76.323  4.249 0.2000000030
12999  42.517  -76.454  3.996 0.2000000030
13003  34.433  -76.016  4.744 0.5000000000
13016  43.579  -76.439  3.920 0.2000000030
13018  34.861  -76.488  3.971 0.5000000000
13035  35.375  -76.411  3.070 0.5000000000
13047  37.952  -76.738  0.914 0.3000000119
13067  41.391  -76.393  -0.573 0.1000000015
13088  40.832  -76.121  -0.456 0.1000000015
13134  42.310  -76.289  -2.804 0.1000000015
13135  40.917  -76.649  -3.884 0.3000000119
13137  38.207  -75.906  -3.845 0.2000000030
13146  41.932  -76.248  -3.494 0.1000000015
13147  41.166  -76.424  -3.982 0.3000000119
13149  39.916  -76.754  -5.052 0.1000000015
13152  36.988  -77.313  -4.548 0.1000000015
13157  40.105  -76.377  -5.279 0.2000000030
13160  37.784  -77.174  -4.964 0.1000000015
13569  43.004  -75.970  18.382 0.1000000015
13611  34.537  -75.836  15.844 0.1000000015
13629  34.278  -75.859  15.314 0.1000000015
13647  37.216  -74.798  14.512 0.1000000015
13753  43.563  -75.371  5.531 0.3000000119
13754  35.075  -75.203  6.283 0.5000000000
13765  44.388  -75.979  5.120 0.4000000060
13783  44.007  -76.184  4.540 0.2000000030
13784  43.615  -76.015  4.203 0.2000000030
13788  40.135  -75.315  4.821 0.3000000119
13800  43.393  -76.192  3.789 0.2000000030
13801  43.235  -76.002  3.778 0.3000000119
13803  34.372  -75.222  3.928 0.5000000000
13814  36.186  -75.226  2.085 0.5000000000
13827  36.833  -75.311  1.562 0.4000000060
13845  39.959  -75.420  -0.077 0.2000000030
13846  39.481  -75.382  0.157 0.3000000119
13848  37.987  -75.324  0.867 0.3000000119
13887  42.798  -75.627  -1.711 0.1000000015
13901  42.694  -75.620  -2.386 0.2000000030
13902  38.408  -75.223  -3.085 0.2000000030
13903  38.025  -75.461  -2.848 0.2000000030
13904  36.985  -75.398  -2.028 0.1000000015
13905  36.426  -75.970  -2.072 0.1000000015
13913  39.228  -75.341  -4.396 0.2000000030
13915  38.153  -75.707  -3.336 0.2000000030
13919  41.622  -75.507  -4.104 0.3000000119
13921  40.420  -76.073  -5.162 0.2000000030
13930  40.650  -75.207  -5.155 0.2000000030
13932  39.331  -75.932  -5.336 0.1000000015
14417  43.118  -74.919  15.115 0.1000000015
14418  36.558  -74.828  14.841 0.1000000015
14419  36.350  -74.908  14.942 0.1000000015
14447  36.752  -74.805  14.191 0.1000000015
14452  47.334  -73.665  12.456 0.1000000015
14475  41.959  -75.112  11.697 0.1000000015
14515  45.512  -74.884  6.984 0.2000000030
14519  42.003  -74.505  7.434 0.2000000030
14520  35.012  -74.087  7.061 0.5000000000
14521  34.520  -73.925  6.939 0.5000000000
14533  45.899  -75.339  6.732 0.1000000015
14535  44.969  -75.260  6.367 0.2000000030
14559  33.817  -74.133  5.678 0.4000000060
14560  33.628  -73.678  5.430 0.4000000060
14574  40.126  -74.835  4.779 0.3000000119
14614  37.723  -74.045  1.253 0.4000000060
14647  43.184  -73.861  -1.656 0.2000000030
14650  40.566  -74.187  -0.201 0.2000000030
14673  43.181  -74.010  -1.981 0.2000000030
14675  37.290  -74.047  -1.676 0.2000000030
14676  36.560  -74.585  -1.476 0.2000000030
14689  43.124  -73.824  -2.307 0.2000000030
14692  37.678  -74.669  -2.187 0.2000000030
14700  42.369  -74.146  -3.321 0.2000000030
14702  38.946  -74.743  -3.394 0.2000000030
14706  41.783  -74.377  -4.132 0.2000000030
14709  39.693  -74.891  -4.688 0.1000000015
14716  41.135  -74.562  -4.931 0.2000000030
14717  40.472  -74.898  -5.156 0.2000000030
14718  39.850  -75.223  -5.218 0.2000000030
15249  47.507  -73.334  12.708 0.1000000015
15266  44.665  -72.995  10.013 0.1000000015
15279  39.514  -72.951  8.998 0.5000000000
15308  36.299  -73.070  7.225 0.5000000000
15310  34.656  -73.460  7.203 0.5000000000
15334  33.745  -73.393  6.402 0.5000000000
15350  41.266  -74.157  6.292 0.3000000119
15356  33.898  -73.802  6.256 0.4000000060
15367  40.535  -73.996  5.153 0.4000000060
15368  40.196  -74.222  4.952 0.3000000119
15369  33.942  -73.570  4.311 0.5000000000
15370  33.605  -73.292  5.013 0.4000000060
15433  42.500  -73.960  -0.849 0.2000000030
15437  38.633  -73.296  0.887 0.4000000060
15452  43.152  -73.670  -1.504 0.2000000030
15473  43.254  -73.280  -1.488 0.2000000030
15491  43.047  -73.581  -2.552 0.2000000030
15492  39.357  -72.814  -2.981 0.2000000030
15528  41.288  -73.365  -4.867 0.2000000030
16145  43.677  -73.134  9.945 0.1000000015
16155  39.098  -72.509  8.681 0.4000000060
16166  36.374  -72.384  7.277 0.5000000000
16201  38.031  -72.926  5.856 0.5000000000
16221  34.500  -72.482  3.785 0.5000000000
16235  37.171  -71.975  2.230 0.4000000060
16258  38.194  -71.946  1.375 0.4000000060
16277  42.301  -73.440  -0.707 0.2000000030
16296  42.632  -73.053  -0.903 0.2000000030
16299  36.225  -72.262  -0.710 0.1000000015
16308  43.369  -72.626  -1.987 0.2000000030
16319  43.035  -72.915  -2.726 0.2000000030
16337  42.773  -72.503  -3.443 0.2000000030
16338  40.547  -72.459  -4.047 0.3000000119
16339  40.094  -72.030  -3.381 0.3000000119
16352  41.208  -72.674  -4.863 0.2000000030
16353  40.895  -72.380  -4.616 0.3000000119
16361  41.509  -72.707  -4.917 0.2000000030
16871  35.948  -71.365  18.314 0.1000000015
16972  40.112  -70.798  11.973 0.5000000000
16974  38.925  -71.253  12.073 0.5000000000
16991  38.556  -72.023  11.428 0.5000000000
16996  37.057  -71.619  10.332 0.5000000000
16997  36.634  -71.359  10.217 0.5000000000
17000  37.162  -71.425  9.461 0.5000000000
17008  37.388  -71.219  8.595 0.5000000000
17011  33.824  -71.356  8.400 0.6000000238
17027  36.386  -71.705  7.525 0.6000000238
17047  38.956  -72.173  6.602 0.5000000000
17066  32.888  -71.391  5.448 0.4000000060
17067  32.628  -71.055  6.047 0.5000000000
17088  35.234  -71.652  3.406 0.5000000000
17098  35.865  -71.641  3.022 0.4000000060
17131  40.171  -72.032  0.314 0.5000000000
17176  38.073  -70.948  -2.067 0.2000000030
17177  37.429  -71.494  -1.680 0.2000000030
17189  43.329  -71.460  -2.881 0.2000000030
17206  40.553  -71.389  -3.820 0.3000000119
17219  42.930  -70.966  -4.084 0.2000000030
17231  42.214  -71.910  -4.835 0.2000000030
17232  41.676  -72.190  -5.006 0.2000000030
17771  35.629  -71.012  18.037 0.1000000015
17773  34.438  -70.349  18.706 0.1000000015
17798  36.264  -70.302  16.879 0.1000000015
17828  41.413  -69.808  14.611 0.1000000015
17853  40.015  -70.412  11.965 0.5000000000
17854  39.259  -70.426  12.097 0.5000000000
17858  35.308  -70.030  12.243 0.5000000000
17866  44.091  -70.917  11.920 0.1000000015
17884  34.379  -70.440  10.833 0.5000000000
17890  36.852  -71.206  9.287 0.5000000000
17891  36.539  -71.184  9.554 0.5000000000
17904  34.237  -71.035  9.002 0.5000000000
17913  36.499  -71.005  8.002 0.5000000000
17914  33.005  -70.885  8.063 0.6000000238
17915  32.644  -70.613  7.624 0.5000000000
17931  32.460  -70.470  6.984 0.5000000000
17948  32.482  -70.448  6.280 0.5000000000
18046  42.753  -70.655  -2.246 0.3000000119
18047  41.088  -69.763  -1.426 0.4000000060
18048  40.849  -69.890  -1.180 0.4000000060
18050  37.548  -70.327  -1.911 0.1000000015
18051  36.765  -70.598  -1.303 0.1000000015
18060  43.247  -70.789  -2.739 0.3000000119
18063  38.034  -69.881  -2.304 0.1000000015
18084  43.206  -70.475  -4.025 0.2000000030
18085  42.664  -70.558  -4.366 0.2000000030
18086  41.775  -70.559  -4.475 0.2000000030
18087  41.107  -71.179  -4.335 0.3000000119
18100  42.234  -71.200  -4.597 0.2000000030
18734  35.033  -70.231  17.858 0.1000000015
18747  35.920  -70.136  17.009 0.1000000015
18788  43.027  -69.403  13.721 0.1000000015
18801  42.823  -68.882  13.405 0.1000000015
18810  40.172  -69.870  11.842 0.4000000060
18816  35.017  -68.646  12.314 0.5000000000
18829  39.434  -69.085  11.676 0.4000000060
18831  34.928  -69.816  12.202 0.5000000000
18845  33.790  -69.899  10.903 0.5000000000
18865  32.544  -70.119  7.859 0.6000000238
18913  32.580  -69.658  5.862 0.5000000000
18932  43.307  -69.106  4.539 0.1000000015
18953  35.468  -69.753  3.697 0.3000000119
18954  35.091  -70.220  3.816 0.4000000060
18970  36.973  -69.580  2.333 0.4000000060
18971  36.476  -69.784  2.831 0.4000000060
19004  41.306  -69.460  -1.720 0.3000000119
19018  42.463  -69.661  -2.351 0.3000000119
19033  40.147  -69.307  -3.027 0.3000000119
19036  38.063  -69.384  -2.304 0.3000000119
19047  40.579  -69.602  -3.416 0.3000000119
19048  40.071  -69.756  -3.087 0.3000000119
19062  42.029  -69.526  -4.381 0.3000000119
19707  32.690  -68.061  19.091 0.1000000015
19739  35.054  -67.926  16.917 0.1000000015
19768  42.609  -68.628  13.556 0.1000000015
19772  39.524  -67.989  14.944 0.1000000015
19798  42.443  -68.116  12.952 0.1000000015
19799  41.909  -67.806  12.682 0.1000000015
19800  41.347  -67.767  12.330 0.2000000030
19805  35.213  -68.182  12.148 0.4000000060
19819  41.779  -68.265  12.247 0.1000000015
19827  33.714  -68.073  11.692 0.5000000000
19871  32.492  -69.222  7.238 0.5000000000
19885  32.522  -69.215  6.650 0.5000000000
19903  42.889  -68.679  5.464 0.1000000015
19929  34.644  -68.656  4.407 0.4000000060
19944  35.820  -69.153  3.533 0.3000000119
19968  38.141  -68.725  1.519 0.4000000060
19969  37.632  -68.872  1.843 0.4000000060
19986  41.791  -69.163  -2.189 0.3000000119
19990  36.457  -68.491  -0.865 0.1000000015
20001  41.985  -68.794  -2.377 0.2000000030
20002  41.214  -68.598  -1.904 0.2000000030
20018  38.183  -68.949  -2.269 0.3000000119
20027  40.426  -68.381  -3.293 0.3000000119
20749  39.110  -67.536  14.998 0.1000000015
20764  40.761  -67.208  13.430 0.1000000015
20800  35.035  -66.959  11.733 0.2000000030
20817  33.044  -67.477  10.465 0.5000000000
20946  35.920  -67.846  3.926 0.3000000119
20964  36.947  -67.751  2.850 0.4000000060
21013  39.294  -67.619  0.408 0.4000000060
21014  38.838  -67.481  1.011 0.4000000060
21015  35.969  -67.428  0.222 0.1000000015
21024  39.801  -67.363  -0.219 0.4000000060
21049  44.509  -67.154  -3.157 0.3000000119
21065  44.040  -67.601  -3.669 0.3000000119
21081  44.246  -67.266  -3.793 0.3000000119
21083  43.279  -67.996  -4.455 0.2000000030
21084  42.519  -68.163  -4.417 0.2000000030
21732  36.622  -66.976  16.121 0.1000000015
21751  38.461  -66.933  15.126 0.1000000015
21766  40.269  -66.994  14.107 0.2000000030
21784  39.056  -66.173  14.050 0.2000000030
21846  36.169  -65.463  10.768 0.2000000030
21909  34.153  -65.940  6.978 0.4000000060
21959  33.511  -67.161  5.736 0.5000000000
21992  37.046  -67.145  3.357 0.2000000030
22053  44.754  -66.493  -0.405 0.1000000015
22059  37.062  -66.684  -0.395 0.1000000015
22060  36.521  -66.888  -0.089 0.1000000015
22075  41.339  -66.714  -1.231 0.2000000030
22076  38.244  -66.639  -1.528 0.1000000015
22086  44.483  -67.008  -2.842 0.3000000119
22088  40.244  -66.310  -2.806 0.1000000015
22089  39.458  -66.421  -2.430 0.2000000030
22106  41.002  -66.226  -3.343 0.2000000030
22120  44.148  -67.101  -4.048 0.3000000119
22122  42.875  -67.290  -4.450 0.2000000030
22842  38.745  -66.098  14.175 0.2000000030
22880  39.130  -65.894  12.838 0.2000000030
22905  35.295  -65.605  11.046 0.2000000030
22906  34.873  -65.527  11.179 0.2000000030
22928  37.379  -64.672  10.777 0.2000000030
23009  35.543  -65.474  6.856 0.2000000030
23086  36.982  -65.265  0.892 0.1000000015
23123  45.251  -66.267  -0.203 0.1000000015
23126  43.447  -66.296  -0.850 0.2000000030
23127  39.246  -64.880  -1.098 0.1000000015
23129  37.747  -65.859  -0.505 0.1000000015
23142  40.363  -64.842  -2.142 0.1000000015
23153  43.186  -64.993  -3.185 0.2000000030
23154  41.577  -65.169  -2.931 0.1000000015
23169  44.351  -66.238  -3.734 0.2000000030
23170  43.948  -65.840  -3.849 0.2000000030
23815  35.542  -64.925  14.541 0.1000000015
23901  37.988  -64.865  11.245 0.2000000030
23904  34.365  -64.979  11.162 0.1000000015
23905  33.819  -65.090  11.082 0.2000000030
23926  37.391  -64.352  10.798 0.2000000030
24006  38.458  -64.015  6.881 0.1000000015
24079  44.415  -64.614  0.423 0.1000000015
24099  42.497  -63.856  0.191 0.1000000015
24120  41.669  -63.784  -0.679 0.1000000015
24152  44.643  -65.550  -2.443 0.1000000015
24153  44.359  -65.062  -2.615 0.1000000015
24168  42.765  -64.891  -3.099 0.2000000030
24169  42.249  -65.181  -3.113 0.1000000015
24886  34.769  -63.043  13.519 0.1000000015
24904  36.182  -63.431  11.586 0.2000000030
24962  34.302  -63.233  9.926 0.1000000015
24986  33.517  -64.139  9.405 0.1000000015
25025  38.128  -63.605  6.826 0.1000000015
25027  36.665  -63.250  6.880 0.2000000030
25070  41.352  -62.682  2.961 0.1000000015
25089  41.658  -63.291  1.862 0.1000000015
25091  40.454  -62.641  2.007 0.1000000015
25105  41.928  -63.585  1.291 0.1000000015
25107  40.261  -62.951  1.438 0.1000000015
25122  40.599  -63.521  0.621 0.1000000015
25138  39.143  -63.841  -0.115 0.1000000015
25155  43.073  -63.785  -2.090 0.1000000015
25167  43.047  -63.955  -2.268 0.1000000015
25168  42.722  -64.108  -2.354 0.1000000015
25983  41.911  -62.185  7.844 0.1000000015
25985  34.565  -62.510  8.552 0.1000000015
26068  40.903  -62.154  3.296 0.1000000015
26094  40.304  -62.254  2.525 0.1000000015
26116  39.697  -62.492  1.812 0.1000000015
26930  35.849  -61.060  12.757 0.1000000015
27010  42.776  -61.737  8.566 0.1000000015
27012  41.428  -61.681  7.978 0.1000000015
27015  36.035  -60.896  8.285 0.1000000015
27038  35.610  -61.394  8.126 0.1000000015
27901  40.045  -59.891  10.523 0.1000000015
27921  40.603  -60.021  9.522 0.1000000015
27922  40.301  -59.875  10.034 0.1000000015
27925  35.912  -60.481  9.611 0.1000000015
27943  36.446  -60.553  8.458 0.1000000015
27957  36.856  -60.808  7.877 0.1000000015
27958  36.454  -60.833  8.038 0.1000000015
28879  39.021  -59.611  10.831 0.1000000015
28881  37.830  -59.559  11.376 0.1000000015
28921  37.934  -59.460  9.714 0.1000000015
28941  40.359  -59.983  8.973 0.1000000015
28942  39.928  -59.915  8.773 0.1000000015
