#!ascii label  , from subject sub.01.dh.02t2 vox2ras=TkReg
677
54731  21.583  -36.526  -10.325 0.1428571492
54732  20.745  -36.638  -10.341 0.1428571492
55929  21.229  -35.281  -11.372 0.1428571492
54730  22.068  -36.483  -9.814 0.1428571492
55928  21.844  -35.406  -11.238 0.2857142985
55913  21.371  -35.942  -10.911 0.1428571492
55912  22.240  -35.642  -10.521 0.1428571492
57190  22.344  -34.260  -12.392 0.5714285970
57153  23.087  -34.633  -10.850 0.1428571492
58401  24.490  -33.774  -11.457 0.2857142985
57152  24.283  -34.149  -10.786 0.2857142985
58420  24.765  -33.334  -11.976 0.1428571492
60919  25.048  -31.021  -13.282 0.2857142985
60901  25.283  -31.379  -12.615 0.1428571492
60902  24.872  -31.705  -13.312 0.2857142985
63311  25.748  -28.921  -13.300 0.2857142985
63296  25.462  -29.615  -13.265 0.2857142985
64544  26.108  -28.336  -14.960 0.2857142985
66857  27.271  -26.554  -15.709 0.2857142985
68134  28.447  -25.493  -18.327 0.8571428657
68114  27.815  -26.119  -17.181 0.4285714328
66843  26.746  -26.986  -15.168 0.2857142985
70509  29.265  -24.003  -19.269 0.7142857313
70510  29.185  -24.161  -18.642 0.7142857313
69299  28.985  -24.741  -18.876 0.7142857313
68125  27.928  -25.993  -17.988 0.7142857313
71731  30.004  -22.307  -20.382 0.8571428657
71732  29.486  -23.104  -19.897 0.5714285970
69309  29.061  -24.487  -19.543 0.7142857313
72989  31.447  -21.338  -21.461 0.4285714328
75530  32.167  -19.763  -22.422 0.2857142985
76603  31.402  -19.412  -22.279 0.5714285970
73021  30.911  -20.815  -22.079 0.8571428657
74297  31.576  -20.448  -22.271 0.7142857313
71741  29.909  -21.793  -21.115 0.8571428657
76571  32.548  -18.346  -21.645 0.1428571492
75512  33.185  -19.250  -22.540 0.1428571492
76587  32.180  -19.061  -21.954 0.4285714328
75531  31.075  -19.865  -22.648 0.5714285970
74298  30.607  -20.442  -22.238 0.8571428657
78678  31.096  -15.761  -20.149 0.1428571492
77605  32.140  -17.594  -21.100 0.1428571492
77606  31.077  -17.541  -20.764 0.1428571492
76572  31.638  -18.354  -21.303 0.4285714328
75532  30.045  -19.718  -22.467 0.8571428657
80915  29.893  -14.064  -19.705 0.1428571492
79827  31.351  -14.855  -20.252 0.1428571492
79828  30.413  -15.134  -19.884 0.1428571492
78699  30.428  -16.474  -20.257 0.1428571492
78700  29.287  -16.580  -20.489 0.4285714328
76573  30.718  -18.217  -21.261 0.5714285970
76589  29.969  -18.548  -21.726 0.7142857313
75533  29.055  -19.496  -22.922 0.8571428657
82898  28.669  -12.500  -19.786 0.1428571492
79829  29.348  -14.937  -19.703 0.1428571492
79847  28.532  -15.509  -20.286 0.5714285970
77625  29.126  -18.011  -21.404 0.8571428657
76605  29.517  -19.076  -22.414 0.8571428657
76590  28.992  -18.497  -22.009 0.8571428657
82897  29.443  -12.259  -19.677 0.1428571492
84003  28.228  -11.817  -20.071 0.2857142985
81917  28.458  -13.415  -19.917 0.1428571492
81934  27.699  -13.636  -20.351 0.8571428657
77607  29.899  -17.613  -20.864 0.7142857313
79864  28.035  -15.938  -20.884 0.8571428657
86190  27.428  -10.502  -20.429 0.1428571492
87252  27.552  -9.109  -20.755 0.1428571492
84004  27.535  -11.867  -20.413 0.4285714328
82931  26.603  -12.939  -21.253 0.8571428657
81935  26.915  -13.791  -20.974 0.8571428657
79848  27.885  -15.506  -20.768 0.8571428657
79865  27.551  -15.728  -21.323 0.8571428657
85095  27.147  -11.067  -20.591 0.4285714328
81952  26.653  -13.504  -21.299 0.8571428657
80934  27.041  -14.530  -21.213 0.8571428657
81936  26.769  -14.235  -21.371 0.8571428657
86176  27.266  -9.514  -20.728 0.1428571492
88379  26.840  -7.701  -21.531 0.2857142985
86191  26.889  -10.121  -20.810 0.5714285970
86192  26.423  -9.740  -21.463 0.8571428657
85096  26.574  -11.071  -21.177 0.8571428657
84022  26.289  -11.948  -21.552 0.8571428657
81953  26.501  -13.818  -21.710 0.8571428657
89451  26.849  -7.048  -22.282 0.2857142985
87278  26.307  -8.486  -21.873 0.7142857313
87264  26.830  -8.994  -21.178 0.5714285970
87265  26.167  -9.215  -21.779 0.8571428657
85111  26.034  -11.048  -21.845 0.8571428657
85112  25.672  -11.009  -22.694 0.8571428657
82932  26.231  -12.834  -22.088 0.8571428657
87279  25.889  -8.969  -22.624 0.8571428657
88395  25.890  -8.278  -23.307 0.8571428657
87298  25.725  -9.146  -23.741 0.7142857313
86220  25.624  -10.075  -23.193 0.7142857313
88410  26.261  -7.521  -23.567 0.8571428657
88411  25.848  -8.226  -24.141 0.8571428657
88426  25.831  -8.122  -25.047 0.8571428657
90480  26.807  -5.974  -25.025 0.7142857313
89492  26.550  -6.728  -24.819 0.8571428657
89501  26.384  -6.754  -25.763 0.8571428657
90497  25.847  -5.726  -26.908 0.7142857313
88438  26.219  -7.387  -25.232 0.8571428657
93756  26.132  -2.322  -25.742 0.1428571492
90491  26.647  -5.564  -25.970 0.8571428657
91571  26.077  -4.785  -26.496 0.7142857313
91572  25.610  -4.842  -27.527 0.7142857313
89510  26.087  -6.424  -26.481 0.8571428657
95802  24.874  -0.606  -28.178 0.1428571492
92668  25.683  -3.870  -26.996 0.5714285970
92674  25.364  -3.864  -28.149 0.5714285970
93789  25.102  -3.164  -29.482 0.5714285970
94839  25.315  -2.247  -28.095 0.1428571492
96747  24.823  0.293  -29.407 0.1428571492
93790  24.863  -2.635  -29.924 0.5714285970
96755  24.782  0.935  -30.710 0.1428571492
97674  25.627  1.583  -31.273 0.1428571492
94850  24.515  -1.541  -29.574 0.1428571492
97680  25.151  1.554  -32.117 0.1428571492
96758  24.146  0.739  -31.800 0.1428571492
97683  26.153  1.523  -32.940 0.1428571492
97685  24.199  1.076  -33.308 0.1428571492
53478  21.812  -37.385  -9.489 0.1428571492
53479  21.143  -37.766  -9.757 0.1428571492
57154  22.382  -35.027  -11.260 0.2857142985
55911  22.973  -35.182  -9.972 0.1428571492
59716  25.345  -32.006  -12.143 0.2857142985
59701  25.242  -32.614  -11.997 0.1428571492
66858  26.849  -27.306  -16.053 0.2857142985
65660  26.471  -27.791  -15.479 0.2857142985
68124  28.300  -25.460  -17.422 0.4285714328
66867  27.324  -26.911  -16.815 0.5714285970
72990  30.805  -21.927  -20.983 0.2857142985
68147  28.435  -25.482  -19.100 0.7142857313
74277  32.051  -20.835  -21.873 0.1428571492
71760  29.740  -21.293  -21.573 0.8571428657
76604  30.521  -19.262  -22.302 0.7142857313
81916  29.276  -13.220  -19.764 0.1428571492
80932  28.316  -14.365  -20.112 0.8571428657
78720  27.936  -16.486  -21.376 0.8571428657
79866  27.083  -15.448  -21.713 0.8571428657
88394  26.280  -7.776  -22.557 0.8571428657
90468  26.775  -6.189  -24.422 0.8571428657
93771  25.491  -2.882  -27.626 0.2857142985
97678  27.206  1.886  -31.426 0.1428571492
53480  20.535  -37.660  -9.551 0.1428571492
57171  22.791  -34.520  -11.792 0.4285714328
58440  24.188  -33.593  -12.876 0.2857142985
57189  23.147  -34.147  -12.487 0.4285714328
62106  25.777  -30.716  -12.191 0.2857142985
62141  25.063  -30.376  -13.822 0.2857142985
63312  25.420  -29.348  -14.108 0.2857142985
79844  31.991  -15.567  -20.672 0.1428571492
81915  30.214  -12.967  -20.025 0.1428571492
85064  28.639  -10.788  -19.904 0.1428571492
85080  27.897  -10.962  -20.159 0.2857142985
86159  28.332  -10.302  -20.036 0.1428571492
82915  27.087  -12.811  -20.457 0.8571428657
77626  28.241  -17.474  -21.963 0.8571428657
76606  28.585  -18.653  -22.889 1.0000000000
88367  27.549  -8.274  -20.890 0.1428571492
89450  27.407  -6.777  -21.852 0.1428571492
89465  27.350  -6.410  -22.670 0.2857142985
85124  25.519  -11.132  -23.667 0.8571428657
89466  26.738  -6.925  -23.046 0.5714285970
90479  27.208  -5.170  -25.108 0.5714285970
93764  26.351  -3.387  -25.797 0.2857142985
93765  25.820  -2.821  -26.295 0.2857142985
94830  25.462  -1.717  -27.412 0.1428571492
94840  24.892  -1.634  -28.485 0.1428571492
94861  24.012  -0.982  -31.539 0.2857142985
96738  24.813  -0.127  -28.725 0.1428571492
95821  23.839  -0.338  -31.925 0.1428571492
96759  23.765  0.550  -32.529 0.1428571492
97684  25.140  1.415  -33.230 0.1428571492
97688  24.543  1.628  -34.155 0.1428571492
97687  25.829  1.862  -33.536 0.1428571492
89480  27.088  -6.287  -23.341 0.4285714328
90467  27.264  -5.571  -23.925 0.4285714328
91561  27.291  -4.464  -25.332 0.4285714328
91562  26.774  -4.619  -25.873 0.5714285970
92667  26.242  -3.924  -26.135 0.5714285970
53492  21.677  -36.934  -9.946 0.1428571492
54718  20.506  -37.176  -9.958 0.1428571492
55914  20.503  -35.469  -10.818 0.2857142985
57134  23.661  -34.717  -10.041 0.1428571492
57170  23.824  -34.052  -11.879 0.1428571492
62125  25.479  -30.338  -12.802 0.2857142985
69310  28.485  -24.875  -19.764 0.7142857313
76588  31.071  -18.815  -21.854 0.5714285970
79846  29.695  -15.754  -20.049 0.2857142985
78698  31.611  -16.615  -20.618 0.1428571492
82914  27.935  -12.664  -20.134 0.5714285970
77608  28.930  -17.320  -21.034 0.8571428657
80933  27.645  -14.756  -20.794 0.8571428657
84021  26.764  -11.936  -20.805 0.8571428657
86204  25.920  -10.041  -22.106 0.8571428657
84036  25.897  -11.912  -22.347 0.8571428657
88425  26.254  -7.432  -24.460 0.8571428657
93779  25.277  -2.787  -28.830 0.5714285970
96746  25.847  1.160  -29.732 0.1428571492
94857  24.157  -1.569  -30.823 0.4285714328
95819  24.381  -0.448  -30.108 0.1428571492
96754  25.627  1.418  -30.635 0.1428571492
95811  24.489  -0.644  -29.012 0.1428571492
95820  24.156  -0.290  -31.165 0.1428571492
97681  24.413  1.191  -32.650 0.1428571492
60886  25.781  -31.346  -11.857 0.1428571492
89481  26.670  -6.635  -23.931 0.5714285970
63330  25.526  -29.455  -14.927 0.5714285970
95822  23.418  -0.352  -32.456 0.1428571492
62161  25.194  -30.285  -14.936 0.5714285970
62182  24.622  -30.802  -15.581 0.5714285970
60957  23.616  -31.326  -15.407 0.2857142985
63359  25.461  -29.908  -16.291 0.5714285970
62199  24.788  -30.461  -16.237 0.5714285970
60936  23.401  -31.855  -14.999 0.4285714328
62181  25.224  -30.345  -15.856 0.5714285970
62184  22.797  -30.877  -15.555 0.2857142985
63345  23.720  -30.432  -16.206 0.4285714328
65669  26.583  -28.081  -16.332 0.4285714328
64566  26.233  -28.779  -16.657 0.5714285970
64568  24.736  -29.429  -17.208 0.5714285970
65679  26.704  -28.316  -17.221 0.5714285970
65690  26.418  -28.199  -18.384 0.5714285970
64581  25.446  -28.776  -17.792 0.4285714328
65689  27.064  -27.671  -18.244 0.7142857313
66877  27.373  -26.881  -18.170 0.4285714328
63361  24.055  -30.163  -16.530 0.4285714328
63362  23.009  -29.518  -16.416 0.2857142985
63346  23.234  -30.270  -16.081 0.2857142985
65678  27.109  -27.708  -17.628 0.7142857313
68136  27.330  -26.260  -19.188 0.7142857313
66900  26.295  -26.139  -19.357 0.4285714328
69312  26.643  -24.871  -19.836 0.7142857313
69328  26.365  -24.012  -20.002 0.5714285970
69329  25.631  -23.743  -19.989 0.2857142985
68135  27.842  -26.091  -18.767 0.5714285970
68148  27.804  -25.656  -19.439 0.5714285970
69311  27.541  -25.054  -19.864 0.7142857313
70534  27.959  -23.691  -20.335 0.7142857313
71744  27.160  -22.775  -20.811 0.7142857313
71763  27.412  -22.041  -21.385 0.7142857313
71764  26.409  -21.881  -21.247 0.7142857313
71745  26.124  -22.651  -20.767 0.4285714328
73007  26.687  -21.277  -21.867 0.4285714328
70520  29.036  -24.015  -20.302 0.5714285970
69326  27.968  -24.494  -20.082 0.5714285970
70533  28.622  -23.318  -20.540 0.5714285970
71743  28.146  -22.735  -20.805 0.5714285970
73006  27.596  -21.365  -22.067 0.7142857313
74301  27.794  -20.141  -23.789 0.7142857313
73025  26.824  -20.668  -22.429 0.7142857313
74302  26.977  -20.006  -23.025 0.5714285970
75552  26.515  -19.182  -23.759 0.5714285970
74278  30.429  -20.658  -21.978 0.7142857313
73005  28.489  -21.238  -22.233 0.5714285970
71762  28.367  -22.030  -21.532 0.5714285970
73023  28.493  -20.497  -22.894 0.7142857313
74315  28.414  -19.643  -24.146 0.8571428657
73008  25.663  -20.860  -21.853 0.4285714328
76621  27.971  -18.499  -23.709 0.7142857313
76622  27.226  -18.596  -23.901 0.7142857313
77643  27.444  -17.746  -23.531 0.7142857313
76623  26.281  -18.655  -24.427 0.5714285970
77644  26.902  -17.626  -24.331 0.7142857313
73004  29.366  -20.822  -22.139 0.5714285970
73024  27.714  -20.679  -22.782 0.7142857313
75550  28.518  -19.261  -23.754 0.8571428657
77634  27.916  -17.999  -23.089 0.8571428657
78738  27.371  -17.039  -23.186 0.7142857313
79894  25.890  -15.625  -24.286 0.2857142985
77635  27.640  -17.305  -22.801 0.7142857313
80973  25.777  -14.688  -23.804 0.7142857313
78729  27.299  -16.512  -22.662 0.8571428657
78739  27.014  -16.608  -23.612 0.8571428657
81968  26.068  -13.747  -22.705 0.8571428657
78730  26.916  -16.080  -22.974 0.8571428657
79886  26.236  -15.263  -23.758 0.5714285970
80972  26.189  -14.647  -23.257 0.8571428657
81969  25.673  -13.428  -23.245 0.8571428657
81983  25.333  -13.785  -23.806 0.7142857313
79877  27.254  -15.979  -21.985 0.8571428657
80963  26.449  -14.703  -22.484 0.8571428657
82946  25.443  -12.815  -23.533 0.8571428657
82945  25.759  -12.775  -22.819 0.8571428657
84037  25.565  -11.941  -23.160 0.8571428657
84051  25.375  -12.085  -23.976 0.7142857313
87314  25.609  -9.107  -24.756 0.7142857313
87327  25.505  -8.898  -25.661 0.7142857313
86248  25.104  -9.977  -25.471 0.7142857313
88439  25.913  -7.911  -26.004 0.7142857313
89502  25.913  -7.186  -26.531 0.8571428657
89511  25.567  -6.799  -27.295 0.7142857313
87341  25.263  -8.771  -26.452 0.7142857313
88457  25.027  -7.446  -27.662 0.7142857313
89517  24.986  -6.756  -28.384 0.7142857313
90498  25.458  -5.840  -27.997 0.7142857313
88458  24.410  -7.375  -27.986 0.5714285970
90504  25.177  -5.862  -29.078 0.4285714328
89525  24.656  -6.415  -29.365 0.5714285970
91587  25.151  -4.929  -29.787 0.5714285970
90511  25.015  -5.960  -29.969 0.5714285970
89536  24.546  -6.323  -29.984 0.5714285970
89518  24.221  -6.878  -28.819 0.4285714328
89519  23.849  -6.794  -28.391 0.5714285970
88459  23.933  -7.223  -28.108 0.4285714328
90513  23.827  -5.979  -29.478 0.5714285970
90512  23.955  -6.637  -29.293 0.5714285970
91599  24.715  -4.536  -30.307 0.5714285970
90506  23.792  -6.010  -28.350 0.4285714328
88440  22.448  -7.799  -26.319 0.4285714328
90505  23.848  -6.579  -28.920 0.5714285970
91581  23.595  -4.847  -27.994 0.4285714328
69290  28.721  -24.818  -17.735 0.2857142985
71761  29.216  -21.711  -21.626 0.5714285970
91574  22.746  -5.279  -26.203 0.2857142985
60935  24.327  -31.495  -14.868 0.5714285970
59744  23.832  -32.388  -14.504 0.5714285970
64545  25.779  -29.017  -15.348 0.2857142985
60956  24.129  -31.136  -15.474 0.5714285970
64553  26.199  -28.562  -15.806 0.2857142985
60958  23.055  -31.481  -15.297 0.2857142985
64569  23.715  -29.109  -17.008 0.4285714328
65691  25.556  -28.420  -18.387 0.5714285970
66889  26.653  -26.964  -19.136 0.5714285970
70501  29.230  -23.601  -18.365 0.2857142985
69314  24.905  -24.595  -19.566 0.2857142985
70535  26.804  -23.481  -20.391 0.7142857313
77627  27.680  -16.970  -22.332 0.8571428657
79893  26.496  -15.913  -23.938 0.7142857313
86233  25.457  -10.282  -24.390 0.7142857313
85145  24.968  -11.075  -25.209 0.7142857313
88450  25.434  -7.952  -27.052 0.7142857313
89512  23.458  -6.922  -27.629 0.2857142985
91580  25.342  -4.889  -28.666 0.5714285970
90523  24.197  -5.892  -30.345 0.5714285970
91606  23.733  -4.722  -30.429 0.2857142985
65704  25.196  -27.962  -18.834 0.4285714328
64528  25.709  -28.848  -14.653 0.2857142985
71742  29.152  -22.690  -20.807 0.7142857313
74299  29.478  -20.103  -22.488 0.7142857313
73022  28.935  -20.274  -22.730 0.7142857313
79878  26.848  -15.606  -22.371 0.7142857313
66888  27.330  -26.595  -18.870 0.5714285970
70521  28.413  -24.321  -20.148 0.5714285970
63344  25.513  -29.732  -15.592 0.5714285970
62162  24.763  -30.894  -14.997 0.4285714328
62183  23.835  -30.757  -15.917 0.5714285970
62200  24.354  -30.596  -16.098 0.4285714328
64554  25.825  -29.258  -16.118 0.5714285970
63360  25.054  -30.109  -16.740 0.5714285970
64567  25.649  -29.407  -16.965 0.5714285970
59745  23.019  -32.418  -14.548 0.5714285970
64580  26.162  -28.795  -17.455 0.5714285970
64582  24.380  -28.544  -17.693 0.4285714328
65703  25.983  -27.681  -19.044 0.4285714328
68149  26.903  -25.790  -19.489 0.7142857313
68150  25.882  -25.400  -19.507 0.4285714328
66901  25.653  -26.298  -19.317 0.4285714328
69327  27.242  -24.295  -20.076 0.7142857313
69313  25.776  -24.417  -19.736 0.2857142985
74300  28.603  -19.934  -23.488 0.5714285970
75534  27.534  -19.672  -24.030 0.7142857313
75553  25.838  -19.266  -23.752 0.2857142985
78748  26.412  -16.642  -24.399 0.5714285970
78749  25.606  -16.639  -24.570 0.2857142985
79885  26.586  -15.549  -23.217 0.8571428657
91604  24.511  -5.485  -30.371 0.7142857313
91600  23.328  -4.695  -29.994 0.5714285970
90499  23.246  -5.833  -27.120 0.4285714328
64583  23.251  -28.377  -17.506 0.1428571492
65705  24.122  -27.498  -18.579 0.4285714328
57173  21.058  -34.684  -11.718 0.4285714328
64506  26.305  -28.484  -12.997 0.1428571492
64527  26.120  -28.315  -13.927 0.1428571492
65643  26.504  -27.592  -14.601 0.1428571492
68100  27.787  -26.049  -16.182 0.1428571492
68113  28.223  -25.440  -16.514 0.1428571492
66823  26.927  -26.899  -14.403 0.1428571492
64526  26.701  -27.899  -13.173 0.1428571492
68099  28.223  -25.390  -15.675 0.1428571492
71723  29.421  -23.007  -18.945 0.2857142985
72979  29.904  -22.336  -19.442 0.1428571492
99425  24.149  3.801  -33.257 0.1428571492
84064  25.093  -12.267  -24.606 0.4285714328
99426  23.125  3.716  -33.019 0.1428571492
96763  23.464  0.834  -34.085 0.1428571492
86249  24.434  -10.057  -26.081 0.4285714328
129187  21.620  -0.743  -31.375 0.2857142985
93802  22.963  -3.185  -31.318 0.2857142985
92701  23.987  -3.773  -31.089 0.2857142985
93801  23.575  -2.835  -31.442 0.2857142985
84080  22.900  -11.598  -25.548 0.1428571492
86263  25.087  -9.482  -26.130 0.5714285970
93799  22.524  -2.836  -30.902 0.2857142985
91588  24.891  -4.458  -30.037 0.4285714328
86250  23.709  -9.872  -26.381 0.4285714328
87342  24.625  -8.749  -27.041 0.5714285970
92700  22.844  -3.738  -30.801 0.2857142985
86251  22.938  -9.285  -26.314 0.4285714328
86266  23.462  -8.857  -26.767 0.2857142985
92694  22.904  -3.981  -29.543 0.1428571492
91601  22.965  -4.120  -30.431 0.1428571492
92695  22.724  -3.758  -30.298 0.1428571492
86252  21.987  -9.090  -25.882 0.1428571492
87344  23.146  -8.361  -26.770 0.4285714328
92684  23.258  -3.950  -28.754 0.1428571492
93791  22.993  -3.380  -29.290 0.1428571492
93782  22.686  -2.206  -29.388 0.1428571492
87328  22.490  -8.560  -26.236 0.2857142985
91573  23.454  -4.602  -26.896 0.2857142985
91564  22.219  -4.948  -25.351 0.1428571492
92675  23.551  -3.693  -27.770 0.1428571492
93781  23.163  -2.723  -28.770 0.1428571492
92669  23.543  -3.471  -26.621 0.1428571492
92661  23.511  -3.283  -25.511 0.1428571492
57191  21.509  -34.174  -12.251 0.4285714328
58468  21.240  -32.908  -13.267 0.2857142985
66842  27.300  -26.374  -14.797 0.1428571492
69276  28.524  -24.799  -16.796 0.1428571492
93797  24.304  -2.842  -31.038 0.2857142985
94859  22.167  -1.636  -30.877 0.2857142985
94863  22.383  -1.616  -31.924 0.2857142985
94842  22.627  -1.665  -28.917 0.2857142985
58444  20.952  -33.344  -12.661 0.2857142985
58419  25.514  -32.945  -11.483 0.1428571492
62124  26.061  -30.095  -12.207 0.1428571492
63295  26.096  -29.261  -12.515 0.1428571492
70502  29.048  -24.166  -17.992 0.1428571492
85148  22.883  -10.405  -25.979 0.2857142985
88451  24.550  -8.073  -27.505 0.5714285970
92692  24.957  -3.357  -29.738 0.4285714328
93798  23.763  -2.349  -31.396 0.2857142985
94865  22.593  -0.934  -32.609 0.2857142985
129179  21.837  0.280  -32.483 0.2857142985
129186  21.019  1.016  -33.816 0.1428571492
129189  21.971  1.887  -32.260 0.1428571492
96771  23.179  1.299  -34.860 0.1428571492
93772  23.468  -2.554  -27.460 0.2857142985
94851  22.354  -1.625  -29.803 0.2857142985
96773  21.478  1.041  -34.661 0.1428571492
98556  22.553  2.775  -34.551 0.1428571492
96761  22.883  0.071  -32.959 0.1428571492
96768  22.384  0.924  -34.066 0.1428571492
72978  30.631  -21.834  -19.963 0.2857142985
94858  23.852  -2.102  -31.249 0.4285714328
129188  21.911  0.094  -30.991 0.2857142985
94864  23.139  -0.851  -32.492 0.2857142985
95824  22.560  -0.312  -32.963 0.1428571492
58443  21.966  -33.771  -12.946 0.4285714328
57172  21.886  -34.799  -11.752 0.4285714328
92682  24.998  -3.889  -29.315 0.4285714328
94862  23.456  -1.435  -31.811 0.2857142985
85146  24.463  -10.929  -25.851 0.4285714328
86264  24.523  -9.392  -26.549 0.5714285970
92699  24.399  -3.867  -30.818 0.2857142985
91589  23.460  -4.936  -29.044 0.4285714328
85132  25.249  -11.465  -24.519 0.5714285970
87343  23.843  -8.619  -27.245 0.5714285970
91609  23.709  -4.203  -30.778 0.2857142985
92703  23.259  -3.918  -30.910 0.2857142985
68078  27.725  -25.829  -15.283 0.1428571492
65642  26.825  -27.373  -13.798 0.1428571492
69257  28.597  -24.794  -15.893 0.1428571492
92702  23.565  -3.684  -31.125 0.2857142985
93800  24.115  -3.382  -31.220 0.2857142985
93792  22.610  -2.799  -29.892 0.1428571492
86265  23.816  -9.221  -26.875 0.4285714328
70462  28.798  -24.295  -16.251 0.1428571492
82980  24.599  -12.367  -25.436 0.2857142985
129180  22.206  -1.138  -32.687 0.2857142985
95827  21.565  0.411  -33.540 0.2857142985
98560  21.107  2.025  -33.918 0.1428571492
75536  26.429  -19.489  -23.268 0.4285714328
77654  26.120  -17.553  -24.861 0.2857142985
129201  23.264  -0.557  -27.781 0.1428571492
95812  22.043  -0.712  -30.382 0.1428571492
129198  22.826  0.263  -28.036 0.1428571492
93766  23.566  -2.335  -26.299 0.1428571492
129183  23.559  -0.259  -27.441 0.1428571492
95803  22.722  -0.957  -28.424 0.1428571492
129196  22.365  -0.628  -29.195 0.1428571492
94832  23.589  -1.464  -27.145 0.1428571492
94824  23.977  -1.165  -26.050 0.1428571492
129200  23.586  0.284  -27.469 0.1428571492
94841  23.184  -1.646  -28.115 0.1428571492
94813  24.381  -0.664  -25.381 0.1428571492
95788  24.219  -0.262  -26.429 0.1428571492
94814  24.206  -1.325  -25.082 0.1428571492
95778  24.502  0.016  -25.795 0.1428571492
97658  22.758  1.406  -27.905 0.1428571492
129192  22.141  0.359  -29.856 0.1428571492
129195  22.455  0.429  -28.658 0.1428571492
94823  24.298  -0.545  -25.917 0.1428571492
66868  26.957  -27.691  -16.801 0.4285714328
58482  24.070  -32.946  -14.105 0.4285714328
58464  24.310  -33.008  -13.520 0.2857142985
59717  24.804  -32.503  -12.799 0.1428571492
59732  24.454  -32.230  -13.892 0.2857142985
60920  24.764  -31.304  -13.956 0.2857142985
58465  23.749  -33.437  -13.690 0.2857142985
88452  23.718  -7.837  -27.590 0.4285714328
58483  23.403  -32.926  -14.135 0.4285714328
62142  24.814  -30.882  -14.526 0.2857142985
58466  22.686  -33.266  -13.586 0.2857142985
59733  22.037  -32.849  -13.674 0.2857142985
58484  22.847  -32.792  -14.109 0.2857142985
66890  25.473  -27.112  -19.165 0.2857142985
66902  24.714  -26.428  -19.274 0.2857142985
70536  25.855  -23.307  -20.370 0.1428571492
71746  25.135  -22.583  -20.725 0.1428571492
71765  25.326  -21.784  -21.218 0.2857142985
74303  25.726  -19.983  -22.699 0.1428571492
77655  25.313  -17.560  -24.669 0.1428571492
78750  24.800  -16.655  -24.342 0.1428571492
80979  25.258  -14.709  -24.291 0.1428571492
79895  25.047  -15.686  -24.407 0.1428571492
81991  24.809  -13.798  -24.468 0.1428571492
80980  24.552  -14.717  -24.615 0.1428571492
84079  23.919  -11.831  -26.203 0.1428571492
88453  23.069  -7.581  -27.024 0.1428571492
89513  22.754  -6.891  -26.702 0.1428571492
90500  22.555  -6.193  -26.261 0.1428571492
57192  20.820  -34.085  -11.955 0.2857142985
58441  23.389  -33.820  -13.099 0.1428571492
82958  25.110  -12.930  -24.242 0.2857142985
81992  24.319  -13.808  -25.053 0.1428571492
85147  23.715  -10.795  -26.129 0.1428571492
57174  20.221  -34.499  -11.317 0.2857142985
64591  25.030  -28.426  -18.264 0.2857142985
66891  24.519  -27.073  -19.076 0.2857142985
74317  25.266  -19.411  -23.624 0.1428571492
74330  25.009  -19.383  -23.740 0.1428571492
76624  25.625  -18.985  -24.299 0.1428571492
77656  24.552  -17.588  -24.180 0.1428571492
79896  24.185  -15.675  -24.487 0.1428571492
82968  24.697  -12.895  -25.041 0.1428571492
82983  22.752  -12.694  -25.247 0.1428571492
88441  21.811  -7.883  -25.824 0.1428571492
58442  22.719  -33.887  -12.927 0.2857142985
87329  21.996  -8.363  -25.950 0.1428571492
65692  23.708  -27.926  -18.060 0.1428571492
84078  24.519  -11.826  -25.656 0.1428571492
58467  21.714  -33.156  -13.357 0.2857142985
68151  24.815  -25.575  -19.401 0.1428571492
77657  23.897  -17.298  -23.858 0.1428571492
58422  19.494  -33.750  -11.406 0.1428571492
58421  20.286  -33.755  -11.898 0.1428571492
58423  18.563  -33.164  -11.279 0.1428571492
58445  19.899  -33.161  -12.238 0.1428571492
59746  22.209  -32.412  -14.040 0.1428571492
72977  31.348  -21.285  -20.537 0.1428571492
90466  27.811  -5.096  -23.471 0.1428571492
57155  19.945  -34.938  -10.783 0.1428571492
59718  20.230  -32.547  -12.804 0.1428571492
59734  21.529  -32.464  -13.607 0.1428571492
59735  20.854  -32.527  -13.247 0.1428571492
62163  22.212  -30.937  -15.238 0.1428571492
90452  27.435  -5.961  -23.176 0.1428571492
91553  27.737  -4.509  -24.442 0.1428571492
62185  22.144  -30.539  -15.357 0.1428571492
55930  20.750  -35.011  -11.336 0.1428571492
74262  32.160  -20.820  -21.097 0.1428571492
60937  22.422  -31.589  -14.895 0.1428571492
57175  19.724  -34.226  -11.132 0.1428571492
58446  19.069  -32.941  -11.963 0.1428571492
60938  21.357  -31.629  -13.942 0.1428571492
52230  20.963  -38.115  -9.525 0.1428571492
53493  21.303  -37.165  -10.022 0.1428571492
53494  20.851  -37.355  -9.984 0.1428571492
59747  21.719  -32.160  -13.844 0.1428571492
62198  25.188  -30.274  -16.317 0.5714285970
64592  24.503  -28.086  -18.307 0.2857142985
66878  27.006  -27.544  -18.597 0.7142857313
69298  29.147  -24.456  -19.267 0.7142857313
73002  31.293  -20.934  -21.994 0.7142857313
73003  30.493  -21.038  -21.719 0.8571428657
73020  31.115  -20.711  -22.201 0.7142857313
73026  26.219  -20.693  -22.194 0.4285714328
74279  30.082  -20.506  -21.978 0.7142857313
74280  25.480  -20.377  -22.217 0.1428571492
74316  28.255  -19.981  -24.314 0.8571428657
74329  25.094  -19.298  -23.930 0.1428571492
75513  32.867  -19.331  -22.412 0.1428571492
75514  27.485  -19.762  -23.804 0.7142857313
75515  27.308  -19.592  -23.725 0.7142857313
75535  27.117  -19.484  -23.556 0.7142857313
75551  27.893  -19.366  -24.281 0.7142857313
75568  25.269  -19.184  -24.089 0.1428571492
76586  33.338  -18.676  -22.303 0.1428571492
76591  27.389  -19.519  -23.905 0.7142857313
76592  27.242  -19.359  -23.787 0.7142857313
76607  27.398  -19.250  -23.955 0.7142857313
76608  26.969  -19.033  -23.825 0.5714285970
77642  27.766  -18.109  -23.493 0.8571428657
78679  30.545  -15.797  -20.032 0.1428571492
78701  28.452  -16.585  -20.957 0.8571428657
78721  27.625  -16.542  -21.923 0.8571428657
79830  28.726  -14.759  -19.819 0.8571428657
79845  30.259  -15.791  -20.028 0.2857142985
80916  28.967  -14.124  -19.679 0.1428571492
80949  27.211  -15.049  -21.342 0.8571428657
80950  26.756  -14.800  -21.692 0.8571428657
81982  25.803  -14.054  -23.369 0.8571428657
83991  28.775  -11.646  -19.703 0.1428571492
84077  24.877  -11.981  -25.118 0.2857142985
85065  28.166  -10.487  -20.063 0.1428571492
85079  28.387  -11.300  -19.958 0.1428571492
86175  27.858  -9.898  -20.255 0.1428571492
86203  26.362  -10.391  -21.477 0.8571428657
87251  28.187  -8.868  -20.569 0.1428571492
89464  27.808  -6.249  -22.221 0.1428571492
89526  24.186  -6.540  -29.684 0.5714285970
89527  23.997  -6.234  -30.058 0.5714285970
89537  24.247  -6.248  -30.171 0.5714285970
89538  24.085  -6.095  -30.254 0.5714285970
90490  27.099  -4.964  -25.647 0.5714285970
90522  24.544  -5.932  -30.305 0.5714285970
90524  23.923  -5.633  -30.183 0.5714285970
90527  24.500  -5.743  -30.358 0.7142857313
90528  24.313  -5.580  -30.387 0.7142857313
90529  24.090  -5.360  -30.438 0.5714285970
91541  27.745  -4.862  -23.800 0.1428571492
91598  24.771  -5.313  -30.324 0.5714285970
91605  24.229  -4.701  -30.583 0.7142857313
91607  23.053  -4.270  -30.358 0.2857142985
91608  24.112  -3.939  -31.021 0.2857142985
91610  23.474  -4.255  -30.652 0.2857142985
92660  26.876  -3.839  -25.609 0.2857142985
92683  24.916  -4.296  -29.853 0.4285714328
92693  24.771  -3.753  -30.163 0.4285714328
93780  24.993  -2.117  -29.238 0.1428571492
94831  25.084  -1.208  -27.902 0.1428571492
94860  21.786  -1.243  -31.541 0.2857142985
94866  22.357  -0.628  -33.007 0.1428571492
94867  22.131  -0.750  -33.015 0.2857142985
95795  25.335  -0.889  -27.717 0.1428571492
95823  22.999  -0.332  -32.731 0.1428571492
95825  22.148  -0.146  -33.132 0.1428571492
95826  21.826  0.216  -33.370 0.2857142985
96725  24.083  0.043  -26.976 0.1428571492
96760  23.362  0.502  -33.112 0.1428571492
96762  23.767  1.161  -34.649 0.1428571492
96764  22.586  0.383  -33.427 0.1428571492
96765  22.050  0.283  -33.456 0.2857142985
96766  23.535  1.107  -34.946 0.1428571492
96767  23.167  0.953  -34.708 0.1428571492
96769  21.717  0.614  -33.829 0.2857142985
96770  23.490  1.342  -34.893 0.1428571492
96772  22.469  1.387  -34.563 0.1428571492
96774  20.733  1.000  -34.746 0.1428571492
97689  23.999  0.887  -33.780 0.1428571492
97690  22.292  0.619  -33.713 0.1428571492
97691  22.162  0.446  -33.610 0.1428571492
97692  23.559  1.720  -34.694 0.1428571492
97693  23.138  2.026  -34.680 0.1428571492
97694  22.040  0.661  -33.769 0.1428571492
97695  21.991  0.665  -33.858 0.2857142985
97696  20.733  1.159  -34.355 0.1428571492
97697  23.320  1.492  -34.804 0.1428571492
97698  22.846  1.757  -34.761 0.1428571492
97699  21.812  1.723  -35.014 0.1428571492
97700  20.826  1.603  -35.130 0.1428571492
97701  20.659  1.394  -34.624 0.1428571492
98555  23.122  2.508  -34.598 0.1428571492
98557  22.866  2.155  -34.665 0.1428571492
98558  22.297  2.322  -34.734 0.1428571492
98559  21.334  2.335  -34.983 0.1428571492
99421  23.593  3.395  -32.049 0.1428571492
99433  21.987  2.791  -34.461 0.1428571492
129178  21.910  -0.811  -32.789 0.2857142985
129181  21.892  -0.195  -32.933 0.2857142985
129182  22.591  0.169  -28.320 0.1428571492
129184  21.773  -0.867  -31.863 0.2857142985
129185  21.263  0.667  -33.977 0.2857142985
129199  22.629  -0.216  -28.358 0.1428571492
129202  23.794  -0.498  -27.063 0.1428571492
