#!ascii label  , from subject sub.01.dh.02t2 vox2ras=TkReg
259
74300  28.603  -19.934  -23.488 0.0000000000
64566  26.233  -28.779  -16.657 0.0000000000
80973  25.777  -14.688  -23.804 0.0000000000
89536  24.546  -6.323  -29.984 0.0000000000
62182  24.622  -30.802  -15.581 0.0000000000
85111  26.034  -11.048  -21.845 0.0000000000
88411  25.848  -8.226  -24.141 0.0000000000
71764  26.409  -21.881  -21.247 0.0000000000
69311  27.541  -25.054  -19.864 0.0000000000
71742  29.152  -22.690  -20.807 0.0000000000
77625  29.126  -18.011  -21.404 0.0000000000
74297  31.576  -20.448  -22.271 0.0000000000
78738  27.371  -17.039  -23.186 0.0000000000
80934  27.041  -14.530  -21.213 0.0000000000
88457  25.027  -7.446  -27.662 0.0000000000
89510  26.087  -6.424  -26.481 0.0000000000
66867  27.324  -26.911  -16.815 0.0000000000
86233  25.457  -10.282  -24.390 0.0000000000
87327  25.505  -8.898  -25.661 0.0000000000
73006  27.596  -21.365  -22.067 0.0000000000
71743  28.146  -22.735  -20.805 0.0000000000
73005  28.489  -21.238  -22.233 0.0000000000
63359  25.461  -29.908  -16.291 0.0000000000
79893  26.496  -15.913  -23.938 0.0000000000
79877  27.254  -15.979  -21.985 0.0000000000
80963  26.449  -14.703  -22.484 0.0000000000
87265  26.167  -9.215  -21.779 0.0000000000
85096  26.574  -11.071  -21.177 0.0000000000
90505  23.848  -6.579  -28.920 0.0000000000
87343  23.843  -8.619  -27.245 0.0000000000
88458  24.410  -7.375  -27.986 0.0000000000
93790  24.863  -2.635  -29.924 0.0000000000
92674  25.364  -3.864  -28.149 0.0000000000
91572  25.610  -4.842  -27.527 0.0000000000
91571  26.077  -4.785  -26.496 0.0000000000
90491  26.647  -5.564  -25.970 0.0000000000
69299  28.985  -24.741  -18.876 0.0000000000
68135  27.842  -26.091  -18.767 0.0000000000
60956  24.129  -31.136  -15.474 0.0000000000
82945  25.759  -12.775  -22.819 0.0000000000
85124  25.519  -11.132  -23.667 0.0000000000
86220  25.624  -10.075  -23.193 0.0000000000
88410  26.261  -7.521  -23.567 0.0000000000
69328  26.365  -24.012  -20.002 0.0000000000
70535  26.804  -23.481  -20.391 0.0000000000
70521  28.413  -24.321  -20.148 0.0000000000
70509  29.265  -24.003  -19.269 0.0000000000
75533  29.055  -19.496  -22.922 0.0000000000
74299  29.478  -20.103  -22.488 0.0000000000
76604  30.521  -19.262  -22.302 0.0000000000
74302  26.977  -20.006  -23.025 0.0000000000
76623  26.281  -18.655  -24.427 0.0000000000
76621  27.971  -18.499  -23.709 0.0000000000
77626  28.241  -17.474  -21.963 0.0000000000
79864  28.035  -15.938  -20.884 0.0000000000
80932  28.316  -14.365  -20.112 0.0000000000
82931  26.603  -12.939  -21.253 0.0000000000
82915  27.087  -12.811  -20.457 0.0000000000
86264  24.523  -9.392  -26.549 0.0000000000
91587  25.151  -4.929  -29.787 0.0000000000
90498  25.458  -5.840  -27.997 0.0000000000
89511  25.567  -6.799  -27.295 0.0000000000
88439  25.913  -7.911  -26.004 0.0000000000
88438  26.219  -7.387  -25.232 0.0000000000
90468  26.775  -6.189  -24.422 0.0000000000
65690  26.418  -28.199  -18.384 0.0000000000
68149  26.903  -25.790  -19.489 0.0000000000
71741  29.909  -21.793  -21.115 0.0000000000
71731  30.004  -22.307  -20.382 0.0000000000
86248  25.104  -9.977  -25.471 0.0000000000
73024  27.714  -20.679  -22.782 0.0000000000
73023  28.493  -20.497  -22.894 0.0000000000
59745  23.019  -32.418  -14.548 0.0000000000
59744  23.832  -32.388  -14.504 0.0000000000
64554  25.825  -29.258  -16.118 0.0000000000
79886  26.236  -15.263  -23.758 0.0000000000
79885  26.586  -15.549  -23.217 0.0000000000
80972  26.189  -14.647  -23.257 0.0000000000
87278  26.307  -8.486  -21.873 0.0000000000
87264  26.830  -8.994  -21.178 0.0000000000
90512  23.955  -6.637  -29.293 0.0000000000
89519  23.849  -6.794  -28.391 0.0000000000
89525  24.656  -6.415  -29.365 0.0000000000
92668  25.683  -3.870  -26.996 0.0000000000
92667  26.242  -3.924  -26.135 0.0000000000
68134  28.447  -25.493  -18.327 0.0000000000
64568  24.736  -29.429  -17.208 0.0000000000
84051  25.375  -12.085  -23.976 0.0000000000
87298  25.725  -9.146  -23.741 0.0000000000
88395  25.890  -8.278  -23.307 0.0000000000
91600  23.328  -4.695  -29.994 0.0000000000
71744  27.160  -22.775  -20.811 0.0000000000
70533  28.622  -23.318  -20.540 0.0000000000
70520  29.036  -24.015  -20.302 0.0000000000
71732  29.486  -23.104  -19.897 0.0000000000
60935  24.327  -31.495  -14.868 0.0000000000
76590  28.992  -18.497  -22.009 0.0000000000
76605  29.517  -19.076  -22.414 0.0000000000
76589  29.969  -18.548  -21.726 0.0000000000
77644  26.902  -17.626  -24.331 0.0000000000
76622  27.226  -18.596  -23.901 0.0000000000
77643  27.444  -17.746  -23.531 0.0000000000
77634  27.916  -17.999  -23.089 0.0000000000
77635  27.640  -17.305  -22.801 0.0000000000
79866  27.083  -15.448  -21.713 0.0000000000
79865  27.551  -15.728  -21.323 0.0000000000
79848  27.885  -15.506  -20.768 0.0000000000
79847  28.532  -15.509  -20.286 0.0000000000
80933  27.645  -14.756  -20.794 0.0000000000
84036  25.897  -11.912  -22.347 0.0000000000
82932  26.231  -12.834  -22.088 0.0000000000
84022  26.289  -11.948  -21.552 0.0000000000
84021  26.764  -11.936  -20.805 0.0000000000
82914  27.935  -12.664  -20.134 0.0000000000
88451  24.550  -8.073  -27.505 0.0000000000
86266  23.462  -8.857  -26.767 0.0000000000
87342  24.625  -8.749  -27.041 0.0000000000
93789  25.102  -3.164  -29.482 0.0000000000
91580  25.342  -4.889  -28.666 0.0000000000
90497  25.847  -5.726  -26.908 0.0000000000
89502  25.913  -7.186  -26.531 0.0000000000
89501  26.384  -6.754  -25.763 0.0000000000
90479  27.208  -5.170  -25.108 0.0000000000
90480  26.807  -5.974  -25.025 0.0000000000
89481  26.670  -6.635  -23.931 0.0000000000
65691  25.556  -28.420  -18.387 0.0000000000
69312  26.643  -24.871  -19.836 0.0000000000
68125  27.928  -25.993  -17.988 0.0000000000
66888  27.330  -26.595  -18.870 0.0000000000
66877  27.373  -26.881  -18.170 0.0000000000
65678  27.109  -27.708  -17.628 0.0000000000
74298  30.607  -20.442  -22.238 0.0000000000
74278  30.429  -20.658  -21.978 0.0000000000
73021  30.911  -20.815  -22.079 0.0000000000
85132  25.249  -11.465  -24.519 0.0000000000
85145  24.968  -11.075  -25.209 0.0000000000
87314  25.609  -9.107  -24.756 0.0000000000
73007  26.687  -21.277  -21.867 0.0000000000
71763  27.412  -22.041  -21.385 0.0000000000
71762  28.367  -22.030  -21.532 0.0000000000
71761  29.216  -21.711  -21.626 0.0000000000
62181  25.224  -30.345  -15.856 0.0000000000
62161  25.194  -30.285  -14.936 0.0000000000
63344  25.513  -29.732  -15.592 0.0000000000
63330  25.526  -29.455  -14.927 0.0000000000
77607  29.899  -17.613  -20.864 0.0000000000
76573  30.718  -18.217  -21.261 0.0000000000
78748  26.412  -16.642  -24.399 0.0000000000
78739  27.014  -16.608  -23.612 0.0000000000
78729  27.299  -16.512  -22.662 0.0000000000
78730  26.916  -16.080  -22.974 0.0000000000
79878  26.848  -15.606  -22.371 0.0000000000
81936  26.769  -14.235  -21.371 0.0000000000
86204  25.920  -10.041  -22.106 0.0000000000
86192  26.423  -9.740  -21.463 0.0000000000
86191  26.889  -10.121  -20.810 0.0000000000
93779  25.277  -2.787  -28.830 0.0000000000
91562  26.774  -4.619  -25.873 0.0000000000
69310  28.485  -24.875  -19.764 0.0000000000
68148  27.804  -25.656  -19.439 0.0000000000
68147  28.435  -25.482  -19.100 0.0000000000
60936  23.401  -31.855  -14.999 0.0000000000
62183  23.835  -30.757  -15.917 0.0000000000
62199  24.788  -30.461  -16.237 0.0000000000
63360  25.054  -30.109  -16.740 0.0000000000
64567  25.649  -29.407  -16.965 0.0000000000
81983  25.333  -13.785  -23.806 0.0000000000
81969  25.673  -13.428  -23.245 0.0000000000
82946  25.443  -12.815  -23.533 0.0000000000
84037  25.565  -11.941  -23.160 0.0000000000
85112  25.672  -11.009  -22.694 0.0000000000
87279  25.889  -8.969  -22.624 0.0000000000
88394  26.280  -7.776  -22.557 0.0000000000
90506  23.792  -6.010  -28.350 0.0000000000
90513  23.827  -5.979  -29.478 0.0000000000
90523  24.197  -5.892  -30.345 0.0000000000
69327  27.242  -24.295  -20.076 0.0000000000
70534  27.959  -23.691  -20.335 0.0000000000
69326  27.968  -24.494  -20.082 0.0000000000
69309  29.061  -24.487  -19.543 0.0000000000
70510  29.185  -24.161  -18.642 0.0000000000
73022  28.935  -20.274  -22.730 0.0000000000
75532  30.045  -19.718  -22.467 0.0000000000
75531  31.075  -19.865  -22.648 0.0000000000
76588  31.071  -18.815  -21.854 0.0000000000
76603  31.402  -19.412  -22.279 0.0000000000
75530  32.167  -19.763  -22.422 0.0000000000
73025  26.824  -20.668  -22.429 0.0000000000
74301  27.794  -20.141  -23.789 0.0000000000
75552  26.515  -19.182  -23.759 0.0000000000
75534  27.534  -19.672  -24.030 0.0000000000
74315  28.414  -19.643  -24.146 0.0000000000
75550  28.518  -19.261  -23.754 0.0000000000
76606  28.585  -18.653  -22.889 0.0000000000
77627  27.680  -16.970  -22.332 0.0000000000
78720  27.936  -16.486  -21.376 0.0000000000
77608  28.930  -17.320  -21.034 0.0000000000
78700  29.287  -16.580  -20.489 0.0000000000
81968  26.068  -13.747  -22.705 0.0000000000
81953  26.501  -13.818  -21.710 0.0000000000
81952  26.653  -13.504  -21.299 0.0000000000
81935  26.915  -13.791  -20.974 0.0000000000
81934  27.699  -13.636  -20.351 0.0000000000
86263  25.087  -9.482  -26.130 0.0000000000
91604  24.511  -5.485  -30.371 0.0000000000
91599  24.715  -4.536  -30.307 0.0000000000
90511  25.015  -5.960  -29.969 0.0000000000
90504  25.177  -5.862  -29.078 0.0000000000
89517  24.986  -6.756  -28.384 0.0000000000
88450  25.434  -7.952  -27.052 0.0000000000
87341  25.263  -8.771  -26.452 0.0000000000
88426  25.831  -8.122  -25.047 0.0000000000
89492  26.550  -6.728  -24.819 0.0000000000
88425  26.254  -7.432  -24.460 0.0000000000
89466  26.738  -6.925  -23.046 0.0000000000
64580  26.162  -28.795  -17.455 0.0000000000
65679  26.704  -28.316  -17.221 0.0000000000
66889  26.653  -26.964  -19.136 0.0000000000
68136  27.330  -26.260  -19.188 0.0000000000
65689  27.064  -27.671  -18.244 0.0000000000
73004  29.366  -20.822  -22.139 0.0000000000
71760  29.740  -21.293  -21.573 0.0000000000
72990  30.805  -21.927  -20.983 0.0000000000
62198  25.188  -30.274  -16.317 0.0000000000
66878  27.006  -27.544  -18.597 0.0000000000
69298  29.147  -24.456  -19.267 0.0000000000
73002  31.293  -20.934  -21.994 0.0000000000
73003  30.493  -21.038  -21.719 0.0000000000
73020  31.115  -20.711  -22.201 0.0000000000
74279  30.082  -20.506  -21.978 0.0000000000
74316  28.255  -19.981  -24.314 0.0000000000
75514  27.485  -19.762  -23.804 0.0000000000
75515  27.308  -19.592  -23.725 0.0000000000
75535  27.117  -19.484  -23.556 0.0000000000
75551  27.893  -19.366  -24.281 0.0000000000
76591  27.389  -19.519  -23.905 0.0000000000
76592  27.242  -19.359  -23.787 0.0000000000
76607  27.398  -19.250  -23.955 0.0000000000
76608  26.969  -19.033  -23.825 0.0000000000
77642  27.766  -18.109  -23.493 0.0000000000
78701  28.452  -16.585  -20.957 0.0000000000
78721  27.625  -16.542  -21.923 0.0000000000
79830  28.726  -14.759  -19.819 0.0000000000
80949  27.211  -15.049  -21.342 0.0000000000
80950  26.756  -14.800  -21.692 0.0000000000
81982  25.803  -14.054  -23.369 0.0000000000
86203  26.362  -10.391  -21.477 0.0000000000
89526  24.186  -6.540  -29.684 0.0000000000
89527  23.997  -6.234  -30.058 0.0000000000
89537  24.247  -6.248  -30.171 0.0000000000
89538  24.085  -6.095  -30.254 0.0000000000
90490  27.099  -4.964  -25.647 0.0000000000
90522  24.544  -5.932  -30.305 0.0000000000
90524  23.923  -5.633  -30.183 0.0000000000
90527  24.500  -5.743  -30.358 0.0000000000
90528  24.313  -5.580  -30.387 0.0000000000
90529  24.090  -5.360  -30.438 0.0000000000
91598  24.771  -5.313  -30.324 0.0000000000
91605  24.229  -4.701  -30.583 0.0000000000
